    2   1.0249
    7   1.0427
   16   0.9669
   25   0.9693
   37   0.9529
   49   0.9238
   58   0.9255
   67   0.9054
   75   0.8808
   83   0.8991
   92   0.9135
   99   0.8874
  108   0.8816
  114   0.9115
  122   0.9123
  128   0.8910
  135   0.9069
  141   0.9224
  153   0.8952
  165   0.8827
  178   0.8817
  189   0.8621
  194   0.8609
  203   0.8631
  210   0.8559
  222   0.8511
  230   0.8581
  243   0.8624
  252   0.8565
  261   0.8623
  274   0.8771
  283   0.8786
  292   0.8779
  301   0.8964
  309   0.9120
  317   0.8992
  326   0.9010
  338   0.9306
  345   0.9018
  354   0.8838
  362   0.9033
  370   0.9295
  380   0.9435
  386   0.9371
  394   0.9329
  403   0.9410
  415   0.9272
  420   0.9035
  432   0.9006
  440   0.9103
  445   0.8998
  457   0.8824
  466   0.8866
  475   0.8979
  487   0.8868
  494   0.8767
  503   0.8955
  510   0.8978
  519   0.8839
  527   0.8943
  534   0.9188
  543   0.9128
  550   0.9060
  562   0.9366
  571   0.9561
  580   0.9451
  589   0.9542
  601   0.9978
  610   1.0183
  619   0.9934
  631   0.9661
  643   0.9286
  652   1.0096
  660   0.9816
  672   0.9930
  679   0.9579
  687   0.9189
  696   0.9399
  705   0.9511
  710   0.9088
  719   0.8996
  731   0.9342
  740   0.9315
  746   0.8990
  753   0.9139
  762   0.9495
  770   0.9345
  779   0.9091
  795   0.9417
  804   0.9723
  812   0.9456
  819   0.9319
  831   0.9499
  839   1.3319
  848   1.2947
  860   1.2521
  872   1.2252
  884   1.2119
  890   1.1726
  897   1.1351
  905   1.1268
  911   1.1081
  918   1.0626
  928   1.0434
  937   1.0427
  947   1.0038
  957   0.9712
  969   0.9743
  978   0.9607
  983   0.9110
  994   0.9097
 1003   0.9235
 1012   0.8839
 1020   0.8550
 1028   0.8836
 1034   0.8804
 1039   0.8863
 1049   0.8664
 1057   0.8341
 1065   0.8374
 1073   0.8331
 1081   0.8129
 1090   0.8075
 1099   0.8121
 1108   0.8000
 1113   0.7998
 1120   0.8136
 1127   0.8115
 1132   0.7995
 1141   0.8124
 1150   0.8182
 1158   0.8235
 1166   0.8308
 1173   0.8438
 1182   0.8376
 1190   0.8318
 1197   0.8393
 1203   0.8427
 1211   0.8287
 1224   0.8196
 1236   0.8273
 1248   0.8268
 1256   0.8037
 1268   0.8035
 1277   0.8186
 1282   0.8040
 1291   0.7844
 1298   0.7989
 1306   0.8085
 1322   0.7872
 1338   0.7761
 1345   0.8137
 1361   0.8493
 1368   0.8679
 1380   0.9234
 1388   0.8978
 1400   0.8905
 1408   0.8820
 1416   0.8852
 1425   0.8774
 1434   0.8591
 1446   0.8624
 1451   0.8700
 1458   0.8530
 1467   0.8460
 1474   0.8573
 1482   0.8542
 1491   0.8392
 1500   0.8438
 1506   0.8538
 1515   0.8423
 1527   0.8349
 1535   0.8469
 1541   0.8486
 1546   0.8377
 1558   0.8406
 1567   0.8481
 1576   0.8456
 1581   0.8422
 1590   0.8472
 1603   0.8414
 1612   0.8565
 1625   0.9566
 1637   1.0005
 1649   0.9851
 1661   1.0277
 1673   1.0473
 1685   1.0690
 1697   1.1187
 1707   1.1171
 1713   1.0826
 1720   1.1280
 1727   1.0620
 1735   1.0265
 1746   0.9983
 1755   1.0099
 1768   1.0567
 1781   0.8176
 1797   0.8270
 1810   0.8330
 1822   0.8298
 1834   0.8239
 1840   0.8207
 1850   0.8270
 1858   0.8223
 1867   0.8153
 1876   0.8206
 1885   0.8258
 1894   0.8226
 1902   0.8221
 1911   0.8289
 1924   0.8342
 1937   0.8364
 1945   0.8375
 1954   0.8468
 1960   0.8539
 1968   0.8519
 1977   0.8625
 1986   0.8747
 1998   0.8773
 2007   0.8819
 2023   0.9020
 2032   0.9386
 2044   0.9573
 2054   0.7748
 2060   0.7506
 2068   0.7157
 2080   0.7193
 2092   0.7209
 2104   0.6982
 2113   0.6876
 2122   0.7021
 2132   0.6984
 2144   0.6816
 2151   0.6899
 2164   0.6977
 2173   0.6927
 2180   0.6945
 2186   0.7017
 2195   0.6983
 2204   0.7015
 2210   0.7099
 2219   0.7086
 2228   0.7071
 2234   0.7149
 2250   0.7212
 2257   0.7186
 2266   0.7221
 2274   0.7450
 2287   0.7822
 2299   0.7986
 2306   0.8018
 2322   0.7861
 2331   0.7561
 2339   0.7549
 2351   0.7652
 2359   0.7439
 2368   0.7266
 2377   0.7426
 2386   0.7443
 2402   0.7186
 2409   0.7100
 2416   0.7322
 2424   0.7250
 2433   0.6910
 2449   0.6978
 2458   0.7238
 2467   0.7367
 2479   0.7637
 2490   0.7623
 2502   0.7647
 2514   0.7773
 2524   0.7610
 2537   0.7490
 2543   0.7663
 2552   0.7721
 2561   0.7519
 2568   0.7562
 2574   0.7740
 2582   0.7713
 2594   0.7618
 2603   0.7763
 2611   0.7905
 2619   0.7765
 2632   0.7768
 2638   0.7990
 2649   0.8020
 2658   0.7945
 2667   0.8076
 2676   0.8164
 2684   0.8140
 2693   0.8235
 2705   0.8390
 2718   0.8425
 2727   0.8487
 2743   0.8360
 2750   0.8568
 2762   0.8529
 2772   0.8937
 2780   0.9177
 2788   0.9102
 2798   0.8984
 2807   0.9502
 2817   0.9436
 2827   0.8744
 2834   0.8462
 2842   0.8269
 2847   0.7900
 2859   0.8209
 2868   0.8135
 2878   0.8262
 2888   0.8203
 2898   0.8049
 2907   0.7698
 2915   0.7691
 2920   0.7535
 2930   0.7572
 2939   0.7802
 2945   0.7612
 2952   0.7645
 2962   0.7724
 2971   0.7555
 2980   0.7454
 2992   0.7620
 3000   0.7618
 3009   0.7468
 3017   0.7526
 3029   0.7680
 3045   0.7593
 3054   0.7519
 3063   0.7686
 3072   0.7743
 3084   0.7656
 3096   0.7719
 3108   0.7884
 3117   0.7869
 3125   0.7816
 3135   0.7959
 3147   0.8087
 3157   0.8040
 3163   0.8111
 3172   0.8280
 3184   0.8340
 3194   0.8346
 3204   0.8531
 3214   0.8720
 3220   0.8769
 3229   0.8868
 3238   0.9487
 3245   0.6448
 3254   0.6644
 3263   0.6895
 3273   0.6785
 3281   0.6341
 3290   0.6439
 3295   0.6649
 3306   0.6315
 3315   0.6108
 3323   0.6410
 3331   0.6428
 3337   0.6046
 3346   0.6155
 3358   0.6466
 3367   0.6230
 3377   0.6011
 3390   0.6183
 3406   0.6104
 3415   0.5753
 3428   0.5874
 3436   0.6068
 3443   0.5892
 3448   0.5787
 3453   0.6038
 3462   0.6139
 3474   0.5969
 3486   0.6056
 3498   0.6363
 3506   0.6288
 3513   0.6220
 3525   0.6329
 3535   0.6738
 3540   0.7485
 3550   0.7553
 3559   0.7513
 3567   0.7471
 3576   0.7473
 3589   0.7134
 3599   0.6990
 3608   0.7109
 3617   0.6976
 3630   0.6629
 3639   0.6610
 3647   0.6816
 3656   0.6531
 3668   0.6237
 3677   0.6430
 3689   0.6582
 3696   0.6265
 3704   0.6155
 3710   0.6516
 3719   0.6501
 3732   0.6259
 3744   0.6446
 3752   0.6573
 3764   0.6458
 3777   0.6802
 3787   0.6721
 3803   0.6588
 3819   0.6960
 3831   0.7231
 3841   0.7044
 3850   0.6883
 3859   0.7202
 3869   0.7274
 3882   0.6981
 3894   0.7063
 3910   0.7395
 3919   0.7268
 3926   0.7096
 3934   0.7364
 3942   0.7563
 3951   0.7323
 3964   0.7362
 3972   0.7731
 3981   0.7668
 3990   0.7528
 3998   0.7858
 4007   0.8067
 4016   0.7894
 4028   0.8016
 4037   0.8502
 4050   0.8370
 4058   0.8258
 4071   0.8475
 4083   0.8937
 4095   0.9010
 4105   0.9023
 4116   0.8563
 4127   0.8955
 4135   0.9157
 4140   0.8608
 4149   0.8481
 4165   0.9055
 4177   0.8932
 4188   0.8454
 4197   0.8493
 4205   0.9168
 4210   0.9108
 4219   0.9509
 4229   0.9231
 4239   0.9357
 4249   0.9148
 4259   0.8719
 4268   0.8711
 4278   0.8986
 4287   0.8664
 4296   0.8271
 4301   0.8051
 4310   0.8030
 4320   0.7761
 4332   0.7388
 4344   0.7282
 4352   0.7444
 4360   0.7212
 4366   0.6925
 4376   0.7074
 4385   0.7160
 4397   0.6832
 4405   0.6778
 4417   0.7057
 4426   0.6909
 4438   0.6635
 4446   0.6771
 4454   0.6861
 4462   0.6619
 4469   0.6543
 4481   0.6809
 4490   0.6652
 4499   0.6463
 4507   0.6680
 4514   0.6883
 4523   0.6575
 4532   0.6555
 4544   0.6968
 4553   0.6967
 4565   0.6771
 4578   0.6404
 4590   0.6578
 4602   0.6779
 4611   0.6387
 4623   0.6213
 4635   0.6594
 4644   0.6483
 4654   0.6084
 4663   0.6306
 4671   0.7138
 4680   0.6998
 4689   0.8010
 4699   0.6596
 4707   0.6511
 4715   0.6869
 4724   0.6702
 4736   0.6466
 4745   0.6316
 4755   0.6226
 4767   0.6043
 4776   0.5814
 4786   0.5717
 4799   0.5614
 4811   0.5424
 4823   0.5296
 4833   0.5246
 4842   0.5062
 4854   0.4911
 4862   0.4895
 4874   0.4793
 4883   0.4536
 4899   0.4418
 4915   0.4471
 4924   0.4314
 4933   0.4056
 4943   0.4167
 4952   0.4231
 4964   0.4388
 4973   0.4445
 4982   0.4391
 4992   0.4462
 5001   0.4654
 5009   0.4717
 5016   0.4681
 5023   0.4803
 5036   0.4975
 5045   0.5032
 5054   0.4988
 5070   0.5133
 5078   0.5179
 5086   0.5173
 5094   0.5301
 5104   0.5458
 5114   0.5245
 5122   0.5137
 5129   0.4934
 5138   0.5077
 5150   0.5183
 5161   0.5060
 5174   0.5121
 5182   0.4950
 5194   0.4876
 5203   0.4997
 5212   0.4878
 5219   0.4703
 5235   0.4761
 5241   0.4830
 5253   0.4618
 5259   0.4527
 5267   0.4665
 5275   0.5039
 5288   0.5207
 5294   0.5217
 5304   0.4973
 5313   0.4888
 5325   0.5056
 5337   0.5071
 5343   0.4909
 5349   0.4925
 5356   0.5094
 5363   0.5104
 5371   0.4992
 5378   0.5158
 5386   0.5214
 5394   0.5115
 5410   0.5249
 5418   0.5408
 5425   0.5310
 5433   0.5366
 5442   0.5627
 5451   0.5574
 5459   0.5453
 5466   0.5721
 5476   0.5881
 5485   0.5643
 5494   0.5641
 5507   0.5959
 5519   0.5971
 5528   0.6183
 5540   0.6282
 5548   0.6040
 5557   0.5793
 5566   0.5596
 5574   0.5620
 5584   0.5533
 5595   0.5304
 5607   0.5240
 5614   0.5053
 5622   0.5310
 5633   0.5226
 5640   0.5472
 5647   0.5590
 5655   0.6127
 5663   0.6848
 5674   0.8005
 5684   0.7375
 5695   0.7130
 5707   0.7901
 5715   0.7772
 5726   0.7266
 5734   0.7551
 5742   0.7083
 5751   0.7269
 5763   0.7908
 5773   0.7690
 5782   0.7311
 5793   0.6759
 5803   0.6391
 5810   0.6106
 5819   0.5866
 5828   0.5638
 5841   0.5661
 5848   0.5508
 5853   0.5342
 5861   0.5228
 5869   0.5307
 5877   0.5136
 5885   0.5425
 5893   0.5759
 5903   0.5290
 5919   0.5073
 5927   0.5587
 5932   0.5755
 5941   0.6140
 5953   0.5855
 5963   0.7364
 5970   0.7011
 5976   0.7128
 5984   0.6742
 5993   0.6675
 6002   0.6797
 6010   0.6329
 6023   0.5962
 6032   0.4933
 6044   0.4991
 6055   0.5567
 6066   0.5102
 6075   0.4274
 6084   0.4940
 6093   0.5383
 6102   0.4521
 6108   0.4445
 6117   0.5498
 6126   0.5262
 6132   0.4418
 6144   0.5199
 6154   0.5756
 6162   0.4909
 6170   0.4654
 6178   0.5806
 6191   0.5623
 6203   0.4447
 6215   0.5182
 6227   0.5995
 6237   0.4963
 6250   0.4750
 6263   0.5995
 6275   0.5844
 6280   0.4787
 6292   0.5865
 6303   0.5880
 6314   0.5260
 6323   0.4977
 6331   0.3959
 6336   0.4002
 6344   0.3486
 6352   0.3474
 6359   0.3581
 6369   0.3665
 6377   0.3715
 6386   0.3436
 6398   0.3515
 6410   0.3517
 6419   0.3423
 6428   0.3562
 6436   0.3474
 6448   0.3742
 6457   0.3722
 6469   0.3431
 6478   0.3598
 6487   0.3734
 6496   0.3444
 6501   0.3221
 6510   0.3363
 6519   0.3335
 6530   0.3122
 6537   0.3196
 6543   0.3324
 6553   0.3214
 6566   0.3144
 6578   0.3371
 6586   0.3349
 6597   0.3176
 6610   0.3379
 6622   0.3629
 6634   0.3682
 6647   0.3649
 6657   0.3594
 6669   0.3867
 6674   0.3808
 6683   0.3812
 6693   0.3642
 6701   0.3619
 6708   0.3621
 6720   0.3481
 6729   0.3477
 6738   0.3484
 6745   0.3299
 6753   0.3204
 6764   0.3366
 6772   0.3308
 6781   0.3136
 6786   0.3252
 6798   0.3446
 6810   0.3999
 6819   0.4893
 6828   0.6278
 6840   0.5688
 6853   0.4719
 6859   0.5524
 6868   0.5689
 6877   0.4654
 6889   0.4598
 6895   0.5359
 6902   0.4812
 6918   0.4069
 6927   0.4541
 6936   0.4653
 6941   0.3963
 6949   0.3882
 6958   0.4325
 6971   0.4081
 6983   0.3840
 6995   0.4105
 7007   0.3993
 7019   0.4295
 7029   0.4257
 7035   0.4054
 7044   0.4087
 7050   0.4205
 7060   0.4315
 7068   0.4135
 7083   0.4221
 7091   0.4459
 7101   0.4366
 7114   0.4247
 7121   0.4497
 7128   0.4608
 7140   0.4543
 7149   0.4587
 7155   0.4784
 7162   0.4831
 7171   0.4807
 7180   0.4922
 7188   0.5112
 7200   0.5093
 7212   0.5109
 7225   0.5262
 7237   0.5379
 7245   0.5395
 7252   0.5478
 7261   0.5560
 7266   0.5260
 7274   0.5218
 7281   0.5075
 7289   0.5080
 7294   0.5059
 7302   0.5302
 7309   0.5349
 7321   0.5456
 7330   0.5279
 7342   0.5165
 7350   0.5225
 7366   0.5426
 7378   0.5577
 7390   0.5964
 7400   0.6096
 7405   0.5641
 7411   0.5470
 7424   0.5223
 7436   0.5047
 7447   0.4875
 7456   0.4677
 7467   0.4660
 7476   0.4656
 7485   0.4492
 7495   0.4462
 7511   0.4548
 7520   0.4470
 7533   0.4492
 7544   0.4633
 7552   0.4790
 7561   0.5050
 7573   0.4665
 7582   0.4280
 7590   0.4773
 7601   0.4417
 7609   0.4855
 7619   0.4653
 7627   0.4781
 7635   0.4663
 7647   0.4574
 7656   0.4415
 7664   0.4285
 7677   0.4347
 7686   0.4275
 7698   0.4097
 7707   0.4056
 7716   0.4078
 7725   0.3967
 7734   0.3837
 7741   0.3866
 7747   0.3911
 7754   0.3778
 7763   0.3735
 7775   0.3752
 7787   0.3706
 7799   0.3626
 7808   0.3659
 7820   0.3682
 7830   0.3662
 7839   0.3666
 7849   0.3749
 7860   0.3797
 7870   0.3769
 7876   0.3908
 7882   0.3868
 7890   0.3856
 7902   0.4003
 7911   0.4278
 7920   0.4145
 7926   0.3622
 7931   0.3576
 7940   0.3717
 7951   0.3441
 7959   0.3477
 7969   0.3460
 7978   0.3461
 7985   0.3440
 7994   0.3449
 8005   0.3475
 8014   0.3340
 8023   0.3214
 8029   0.3314
 8035   0.3319
 8042   0.3273
 8054   0.3284
 8061   0.3375
 8073   0.3573
 8085   0.3449
 8095   0.3407
 8103   0.3441
 8110   0.3561
 8118   0.3662
 8127   0.3916
 8139   0.4332
 8148   0.3672
 8160   0.3586
 8167   0.3362
 8179   0.3290
 8186   0.3220
 8199   0.3316
 8208   0.3124
 8217   0.2729
 8226   0.2885
 8233   0.3061
 8243   0.2721
 8251   0.2565
 8260   0.2893
 8269   0.2925
 8281   0.2789
 8288   0.2887
 8301   0.3010
 8310   0.3121
 8322   0.2898
 8338   0.2712
 8350   0.2895
 8358   0.2852
 8367   0.2625
 8375   0.2690
 8384   0.2785
 8393   0.2657
 8405   0.2576
 8414   0.2775
 8422   0.2857
 8427   0.2639
 8435   0.2742
 8443   0.3116
 8455   0.2912
 8464   0.2762
 8471   0.2889
 8480   0.2860
 8492   0.2901
 8499   0.2951
 8508   0.3055
 8513   0.2891
 8526   0.2753
 8535   0.2941
 8543   0.3030
 8549   0.2833
 8556   0.2938
 8568   0.3219
 8581   0.3194
 8593   0.3241
 8602   0.3530
 8611   0.3130
 8623   0.3335
 8628   0.4015
 8633   0.3710
 8642   0.3839
 8651   0.3478
 8660   0.3110
 8669   0.3456
 8678   0.3565
 8686   0.3518
 8695   0.3677
 8705   0.3666
 8712   0.3549
 8721   0.3584
 8730   0.3710
 8742   0.3602
 8755   0.3403
 8771   0.3586
 8780   0.3625
 8796   0.3396
 8805   0.3388
 8814   0.3408
 8820   0.3239
 8833   0.3125
 8844   0.3269
 8852   0.3331
 8864   0.3264
 8872   0.3266
 8881   0.3301
 8889   0.3300
 8898   0.3212
 8908   0.3349
 8919   0.3387
 8928   0.3231
 8937   0.3292
 8944   0.3576
 8953   0.3531
 8958   0.3338
 8964   0.3924
 8971   0.4328
 8976   0.3942
 8989   0.3631
 8998   0.3577
 9003   0.3694
 9009   0.3905
 9018   0.4014
 9026   0.4120
 9038   0.4275
 9049   0.4011
 9056   0.3659
 9063   0.3165
 9079   0.2987
 9088   0.2986
 9097   0.3015
 9109   0.2911
 9115   0.2863
 9127   0.2818
 9134   0.3019
 9143   0.3101
 9149   0.3070
 9156   0.3350
 9164   0.2788
 9172   0.3304
 9182   0.4413
 9187   0.3966
 9200   0.4126
 9212   0.4209
 9220   0.4500
 9228   0.5491
 9238   0.5506
 9247   0.6232
 9256   0.5801
 9263   0.4802
 9275   0.4324
 9282   0.4006
 9292   0.3592
 9300   0.3607
 9308   0.2862
 9315   0.2917
 9320   0.2849
 9330   0.2912
 9336   0.2958
 9341   0.2925
 9350   0.2912
 9359   0.2877
 9375   0.3096
 9384   0.3137
 9391   0.2953
 9400   0.3071
 9407   0.3343
 9419   0.3186
 9425   0.2993
 9437   0.3313
 9446   0.3471
 9455   0.3170
 9464   0.3143
 9476   0.3386
 9488   0.3381
 9500   0.3196
 9508   0.3394
 9520   0.3721
 9529   0.3480
 9536   0.3216
 9549   0.3077
 9562   0.3151
 9574   0.3088
 9583   0.3171
 9595   0.3117
 9603   0.3137
 9611   0.3247
 9617   0.3318
 9626   0.3172
 9635   0.3314
 9645   0.3572
 9651   0.3707
 9658   0.3664
 9670   0.3733
 9679   0.3828
 9688   0.3851
 9694   0.3754
 9701   0.3266
 9713   0.3054
 9718   0.3073
 9724   0.3090
 9734   0.2924
 9743   0.3108
 9755   0.3073
 9767   0.2992
 9773   0.3172
 9781   0.3173
 9790   0.2976
 9798   0.3236
 9808   0.3325
 9814   0.2959
 9822   0.3012
 9832   0.3346
 9838   0.3079
 9850   0.2816
 9859   0.3176
 9869   0.3215
 9879   0.2812
 9889   0.2940
 9899   0.3249
 9909   0.2987
 9916   0.2874
 9925   0.3195
 9934   0.3069
 9946   0.2859
 9955   0.3208
 9965   0.3260
 9977   0.2943
 9989   0.3239
 9998   0.3612
10007   0.3311
10019   0.3317
10028   0.3894
10038   0.3935
10044   0.3715
10056   0.4145
10068   0.4541
10080   0.4410
10090   0.4561
10103   0.5122
10113   0.5284
10123   0.5335
10128   0.5756
10138   0.6195
10148   0.6348
10160   0.6139
10169   0.6324
10178   0.6799
10185   0.7966
10194   0.8528
10202   0.8887
10214   0.9201
10224   0.8923
10231   0.8903
10236   0.9407
10246   1.0169
10251   0.9700
10263   0.9031
10272   0.8914
10281   0.9627
10293   0.8521
10303   0.8721
10311   0.8975
10318   0.7910
10328   0.7900
10338   0.8928
10347   0.8477
10356   0.7797
10366   0.8800
10378   0.8821
10388   0.7665
10394   0.8705
10403   0.9646
10413   0.8672
10425   0.8343
10435   0.6900
10441   0.6461
10451   0.5250
10456   0.5843
10466   0.5964
10476   0.7210
10486   0.6522
10498   0.5242
10514   0.5921
10530   0.5541
10541   0.5242
10549   0.4176
10565   0.3447
10573   0.2831
10582   0.2974
10594   0.2840
10600   0.3037
10607   0.3069
10616   0.2822
10624   0.2675
10636   0.2590
10643   0.2566
10648   0.2674
10657   0.2713
10670   0.2940
10683   0.2857
10692   0.2823
10704   0.3259
10714   0.3895
10722   0.3470
10731   0.4395
10738   0.4490
10748   0.5176
10758   0.6361
10770   0.4863
10778   0.4033
10794   0.3927
10802   0.3862
10811   0.3664
10823   0.3488
10832   0.3489
10838   0.3423
10846   0.3208
10854   0.3145
10863   0.3199
10870   0.3072
10882   0.2921
10890   0.2943
10898   0.2969
10914   0.2820
10923   0.2774
10934   0.2858
10941   0.2825
10950   0.2727
10957   0.2790
10969   0.2854
10979   0.2789
10991   0.2761
11000   0.2855
11009   0.2895
11018   0.2869
11025   0.2935
11033   0.3037
11041   0.3121
11050   0.3165
11062   0.3211
11071   0.3380
11081   0.3526
11093   0.3578
11100   0.3676
11109   0.3902
11118   0.4079
11126   0.4177
11138   0.4405
11148   0.4656
11157   0.4839
11167   0.5000
11177   0.5593
11182   0.5992
11193   0.6361
11200   0.7559
11208   0.8881
11216   1.0258
11228   1.2071
11238   1.1361
11245   1.0714
11254   1.2729
11266   1.3865
11275   1.2844
11288   1.3421
11301   1.5309
11313   1.6241
11324   1.7190
11336   0.5613
11345   0.4625
11353   0.4757
11359   0.4286
11366   0.4091
11375   0.4024
11384   0.4078
11393   0.4147
11402   0.4061
11409   0.3794
11419   0.3879
11428   0.3880
11440   0.4154
11452   0.4129
11461   0.4335
11470   0.4549
11480   0.3987
11489   0.3663
11499   0.3992
11509   0.4110
11516   0.3669
11526   0.3529
11536   0.3948
11548   0.4071
11561   0.3747
11569   0.3517
11578   0.3020
11589   0.3138
11597   0.3115
11609   0.3242
11621   0.3153
11630   0.2893
11639   0.2953
11648   0.2924
11660   0.2747
11673   0.2688
11679   0.2735
11688   0.2668
11701   0.2589
11712   0.2620
11720   0.2624
11729   0.2602
11737   0.2592
11743   0.2597
11755   0.2602
11762   0.2584
11772   0.2477
11781   0.2501
11789   0.2558
11796   0.2483
11809   0.2414
11821   0.2555
11829   0.2593
11838   0.2423
11847   0.2428
11856   0.2646
11867   0.2574
11879   0.2427
11888   0.2536
11896   0.2610
11903   0.2581
11909   0.2669
11916   0.2709
11925   0.2719
11934   0.2623
11942   0.2573
11951   0.2658
11960   0.2675
11968   0.2599
11976   0.2502
11985   0.2595
11994   0.2644
12003   0.2556
12015   0.2556
12024   0.2656
12040   0.2618
12046   0.2609
12055   0.2699
12064   0.2771
12071   0.2866
12078   0.2856
12086   0.2758
12097   0.2770
12105   0.2842
12112   0.2911
12124   0.3037
12136   0.2891
12148   0.2823
12164   0.2988
12173   0.2958
12182   0.2783
12188   0.2805
12197   0.2907
12205   0.2835
12218   0.2746
12226   0.2796
12236   0.2836
12244   0.2770
12250   0.2708
12259   0.2769
12267   0.2754
12275   0.2670
12285   0.2718
12298   0.2819
12310   0.2783
12322   0.2847
12334   0.3019
12346   0.3071
12351   0.3113
12363   0.3050
12374   0.3245
12382   0.3204
12398   0.3312
12409   0.4406
12419   0.3990
12428   0.3702
12437   0.3327
12447   0.3048
12456   0.2872
12469   0.2914
12479   0.2814
12489   0.2737
12500   0.2631
12508   0.2772
12521   0.2739
12532   0.2780
12539   0.2770
12547   0.2682
12558   0.2702
12567   0.2743
12576   0.2796
12581   0.2925
12589   0.3094
12599   0.3318
12609   0.3393
12619   0.2919
12629   0.2347
12634   0.2206
12647   0.2320
12655   0.2333
12664   0.2339
12677   0.2309
12686   0.2490
12695   0.2543
12704   0.2511
12716   0.2661
12725   0.2747
12734   0.2611
12740   0.2687
12749   0.2842
12761   0.2720
12773   0.2628
12785   0.2838
12797   0.2860
12804   0.2649
12813   0.2743
12822   0.2935
12832   0.2713
12839   0.2529
12851   0.2903
12856   0.3038
12865   0.3421
12881   0.3879
12890   0.3980
12900   0.4057
12912   0.3795
12921   0.3417
12934   0.3298
12941   0.3139
12949   0.3041
12958   0.3086
12970   0.2979
12982   0.2863
12994   0.2975
13006   0.3029
13019   0.2973
13028   0.3000
13037   0.3080
13046   0.2982
13057   0.3064
13065   0.3096
13074   0.2907
13087   0.2838
13094   0.2788
13100   0.2499
13108   0.2468
13116   0.2582
13125   0.2554
13133   0.2543
13146   0.2552
13154   0.2482
13163   0.2456
13172   0.2504
13184   0.2487
13193   0.2463
13199   0.2557
13208   0.2548
13216   0.2475
13224   0.2488
13233   0.2492
13245   0.2488
13254   0.2432
13263   0.2447
13272   0.2496
13280   0.2455
13292   0.2370
13297   0.2436
13309   0.2339
13325   0.2378
13331   0.2370
13343   0.2358
13348   0.2426
13358   0.2484
13370   0.2498
13377   0.2575
13383   0.2664
13389   0.2686
13395   0.2494
13404   0.2437
13413   0.2414
13421   0.2430
13428   0.2334
13435   0.2718
13444   0.3001
13451   0.2711
13461   0.2447
13470   0.2386
13482   0.2390
13489   0.2381
13497   0.2540
13501   0.2374
13509   0.2305
13521   0.2370
13530   0.2270
13538   0.2181
13547   0.2296
13555   0.2301
13564   0.2202
13573   0.2245
13585   0.2335
13597   0.2308
13602   0.2283
13610   0.2354
13619   0.2388
13627   0.2429
13635   0.2417
13644   0.2422
13656   0.2483
13662   0.2546
13671   0.2539
13684   0.2556
13693   0.2674
13705   0.2914
13715   0.2875
13723   0.2946
13731   0.2921
13740   0.2913
13745   0.2839
13755   0.2786
13763   0.2764
13772   0.2728
13784   0.2646
13796   0.2613
13804   0.2639
13813   0.2608
13822   0.2513
13830   0.2513
13842   0.2569
13847   0.2504
13856   0.2449
13868   0.2513
13880   0.2513
13896   0.2466
13905   0.2463
13917   0.2518
13929   0.2511
13938   0.2530
13946   0.2578
13954   0.2586
13959   0.2583
13967   0.2544
13975   0.2506
13985   0.2590
13997   0.2597
14007   0.2520
14019   0.2635
14026   0.2724
14038   0.2601
14049   0.2594
14058   0.2519
14066   0.2500
14072   0.2500
14084   0.2469
14093   0.2409
14109   0.2437
14122   0.2406
14134   0.2366
14142   0.2342
14152   0.2381
14159   0.2358
14167   0.2342
14180   0.2415
14192   0.2471
14197   0.2424
14206   0.2418
14213   0.2506
14219   0.2487
14232   0.2504
14244   0.2619
14253   0.2648
14265   0.2618
14272   0.2667
14277   0.2456
14289   0.2539
14297   0.2436
14305   0.2422
14317   0.2359
14325   0.2332
14334   0.2493
14339   0.2585
14350   0.2713
14362   0.2829
14371   0.3038
14379   0.3144
14389   0.3035
14396   0.3981
14409   0.3439
14420   0.2790
14433   0.2674
14441   0.2799
14452   0.2622
14461   0.2379
14473   0.2544
14482   0.2590
14494   0.2310
14506   0.2279
14511   0.2375
14523   0.2309
14535   0.2244
14544   0.2231
14551   0.2242
14559   0.2335
14571   0.2241
14580   0.2252
14588   0.2219
14598   0.2279
14607   0.2281
14619   0.2245
14625   0.2340
14633   0.2391
14642   0.2397
14651   0.2468
14667   0.2598
14675   0.2600
14691   0.2685
14699   0.2707
14708   0.2741
14716   0.2843
14724   0.2718
14733   0.2573
14740   0.2353
14749   0.2219
14756   0.2213
14763   0.2248
14779   0.2197
14788   0.2101
14795   0.2177
14803   0.2150
14813   0.2106
14822   0.2086
14831   0.2156
14844   0.2132
14850   0.2148
14862   0.2163
14871   0.2191
14883   0.2240
14892   0.2307
14901   0.2338
14911   0.2326
14918   0.2418
14934   0.2499
14946   0.2523
14956   0.2534
14963   0.2615
14973   0.2740
14983   0.2808
14995   0.2801
15007   0.2686
15015   0.2635
15026   0.2634
15034   0.2636
15046   0.2893
15051   0.2548
15063   0.2404
15073   0.2528
15083   0.2555
15093   0.2304
15103   0.2374
15109   0.2293
15117   0.2129
15127   0.2174
15140   0.2201
15145   0.2133
15154   0.2102
15159   0.2127
15164   0.2132
15173   0.2089
15182   0.2094
15191   0.2102
15199   0.2150
15208   0.2134
15217   0.2135
15226   0.2154
15233   0.2236
15242   0.2252
15250   0.2215
15266   0.2248
15277   0.2257
15285   0.2274
15294   0.2205
15303   0.2212
15315   0.2280
15324   0.2313
15331   0.2283
15340   0.2338
15349   0.2307
15359   0.2332
15366   0.2500
15374   0.2938
15380   0.4014
15385   0.2634
15393   0.2536
15402   0.2424
15413   0.2582
15424   0.2526
15432   0.2562
15441   0.2608
15450   0.2585
15458   0.2624
15465   0.2619
15473   0.2614
15481   0.2666
15490   0.2591
15498   0.2666
15507   0.2652
15512   0.3000
15517   0.2615
15530   0.2817
15541   0.2739
15549   0.2815
15558   0.2757
15570   0.2675
15578   0.2687
15587   0.2671
15594   0.2719
15600   0.2733
15612   0.2736
15624   0.2864
15631   0.2823
15643   0.2815
15652   0.2994
15662   0.3017
15670   0.3070
15679   0.3525
15688   0.3861
15699   0.4039
15706   0.3613
15716   0.3589
15729   0.3792
15740   0.3715
15750   0.3551
15762   0.3753
15771   0.3916
15781   0.3917
15788   0.3940
15800   0.4130
15804   0.5111
15812   0.5289
15823   0.4899
15830   0.4288
15835   0.3963
15841   0.3738
15850   0.3607
15862   0.3432
15874   0.3546
15883   0.3669
15893   0.3616
15904   0.3628
15917   0.3772
15927   0.3525
15939   0.3254
15949   0.2892
15958   0.2722
15966   0.2757
15974   0.2828
15982   0.2757
15988   0.2795
15998   0.2825
16007   0.2916
16017   0.2935
16022   0.2999
16033   0.3248
16040   0.2784
16051   0.2854
16058   0.2994
16067   0.2898
16083   0.2939
16091   0.2876
16100   0.2929
16106   0.3028
16113   0.2932
16121   0.2861
16128   0.2951
16138   0.3023
16150   0.2924
16160   0.2808
16169   0.3013
16178   0.3089
16190   0.2967
16200   0.3034
16209   0.3294
16217   0.3438
16225   0.3831
16233   0.3812
16244   0.3346
16251   0.3114
16258   0.2895
16270   0.2749
16277   0.2705
16285   0.2605
16293   0.2619
16305   0.2593
16312   0.2543
16328   0.2496
16335   0.2460
16344   0.2438
16356   0.2449
16368   0.2458
16379   0.2724
16388   0.2874
16396   0.2376
16405   0.2171
16410   0.2227
16416   0.2259
16426   0.2373
16432   0.2465
16442   0.2410
16451   0.2408
16457   0.2437
16465   0.2469
16474   0.2500
16484   0.2608
16493   0.2657
16500   0.2853
16511   0.2953
16519   0.3088
16528   0.3403
16534   0.3423
16542   0.3532
16548   0.3368
16556   0.3214
16568   0.3370
16579   0.3391
16586   0.3170
16595   0.3281
16601   0.3491
16611   0.3397
16620   0.3509
16629   0.3892
16635   0.4698
16640   0.4266
16651   0.4410
16660   0.4912
16668   0.5091
16678   0.4941
16685   0.4962
16692   0.4213
16703   0.3716
16710   0.3347
16718   0.3223
16726   0.3253
16734   0.3257
16743   0.3379
16753   0.3253
16763   0.3040
16772   0.2864
16784   0.2758
16792   0.2855
16805   0.2756
16818   0.2607
16826   0.2514
16836   0.2426
16841   0.2375
16849   0.2296
16856   0.2312
16865   0.2497
16872   0.2517
16883   0.2483
16890   0.2576
16899   0.2783
16907   0.2945
16916   0.3347
16926   0.3522
16938   0.3512
16947   0.3636
16956   0.3712
16963   0.3606
16973   0.3344
16984   0.2865
16995   0.2918
17007   0.3037
17016   0.3168
17027   0.3104
17036   0.3129
17044   0.3031
17053   0.3064
17062   0.3066
17071   0.3242
17083   0.3393
17095   0.3764
17104   0.4347
17115   0.5183
17123   0.4791
17131   0.4263
17141   0.3674
17148   0.3412
17159   0.3189
17166   0.3034
17176   0.2891
17192   0.2796
17208   0.2881
17216   0.2946
17225   0.3101
17236   0.3121
17245   0.3023
17253   0.3181
17258   0.3373
17265   0.3580
17277   0.3891
17286   0.4276
17298   0.4605
17309   0.4074
17321   0.3616
17326   0.3583
17333   0.3275
17345   0.2998
17351   0.2926
17360   0.2883
17370   0.2769
17379   0.2746
17387   0.2613
17395   0.2568
17407   0.2576
17418   0.2501
17427   0.2374
17437   0.2234
17445   0.2115
17451   0.2264
17458   0.2082
17466   0.2193
17473   0.2460
17482   0.2421
17487   0.2423
17499   0.2393
17508   0.2349
17514   0.2322
17519   0.2211
17532   0.2254
17537   0.2324
17546   0.2257
17555   0.2149
17560   0.2151
17569   0.2169
17582   0.2150
17588   0.2086
17595   0.2106
17603   0.2138
17611   0.2080
17620   0.2042
17628   0.2068
17637   0.2100
17642   0.2082
17652   0.2052
17664   0.2049
17672   0.2047
17684   0.2044
17694   0.2054
17706   0.2029
17718   0.2064
17725   0.2004
17730   0.2034
17739   0.2085
17746   0.2059
17758   0.2046
17765   0.2019
17774   0.1969
17783   0.2000
17795   0.2105
17805   0.2084
17815   0.2225
17823   0.2230
17831   0.2287
17842   0.2443
17850   0.2651
17859   0.2431
17871   0.2414
17880   0.2550
17889   0.2508
17899   0.2369
17908   0.2508
17915   0.2613
17923   0.2495
17932   0.2473
17941   0.2639
17953   0.2587
17962   0.2529
17970   0.2626
17982   0.2713
17992   0.2691
18000   0.2847
18005   0.2992
18015   0.2982
18024   0.2971
18034   0.2778
18043   0.2733
18053   0.2763
18063   0.2652
18072   0.2597
18081   0.2557
18094   0.2441
18100   0.2347
18110   0.2277
18119   0.2263
18128   0.2241
18140   0.2118
18149   0.2094
18162   0.2123
18174   0.2032
18180   0.2026
18188   0.2030
18198   0.2083
18206   0.2072
18215   0.2076
18224   0.2093
18234   0.2107
18250   0.2098
18258   0.2136
18270   0.2513
18280   0.2585
18290   0.3971
18298   0.5222
18309   0.7855
18314   0.7335
18323   0.7126
18332   0.6924
18344   0.6631
18356   0.6505
18365   0.6648
18374   0.6556
18382   0.6304
18390   0.6491
18399   0.6743
18406   0.6496
18415   0.6401
18421   0.6739
18429   0.6759
18435   0.6499
18442   0.6709
18448   0.7013
18460   0.7390
18472   0.7214
18485   0.6817
18496   0.6888
18501   0.7015
18510   0.6717
18517   0.6533
18529   0.6684
18537   0.6521
18550   0.6268
18559   0.6357
18568   0.6390
18581   0.6169
18590   0.6083
18599   0.6234
18608   0.6191
18616   0.6090
18624   0.6132
18633   0.6185
18645   0.6125
18652   0.6191
18661   0.6444
18669   0.6647
18677   0.6890
18687   0.6852
18693   0.7067
18701   0.6801
18710   0.6549
18722   0.6834
18727   0.6947
18739   0.6628
18747   0.6721
18752   0.7067
18764   0.6906
18773   0.6802
18782   0.7166
18794   0.7328
18801   0.7058
18810   0.7283
18817   0.7711
18826   0.7574
18834   0.7486
18841   0.7996
18850   0.8226
18857   0.7966
18869   0.8206
18878   0.8735
18887   0.8642
18896   0.8532
18908   0.9126
18917   0.9473
18926   0.9285
18938   0.9543
18950   1.0831
18959   0.7508
18967   0.7303
18979   0.7476
18986   0.7123
18994   0.7016
19003   0.7471
19012   0.7442
19017   0.7028
19026   0.7338
19038   0.7767
19047   0.7454
19053   0.7278
19060   0.7883
19069   0.8086
19077   0.7671
19086   0.7942
19102   0.8565
19111   0.8499
19119   0.8241
19126   0.8671
19138   0.9161
19146   1.0659
19155   1.0175
19167   0.9685
19179   0.8885
19191   0.8609
19197   0.8490
19204   0.7889
19212   0.7534
19218   0.7621
19225   0.7436
19235   0.6952
19244   0.6948
19254   0.7064
19264   0.6977
19276   0.6833
19285   0.6973
19290   0.7312
19301   0.7448
19310   0.7310
19319   0.6997
19327   0.7140
19335   0.7303
19341   0.6985
19346   0.6548
19356   0.6753
19364   0.6817
19372   0.6397
19380   0.6337
19388   0.6673
19397   0.6614
19406   0.6304
19415   0.6413
19420   0.6721
19427   0.6603
19434   0.6426
19439   0.6810
19448   0.7039
19457   0.6935
19465   0.6647
19473   0.6651
19480   0.6352
19489   0.6525
19497   0.6536
19504   0.6250
19510   0.6084
19518   0.6155
19531   0.6034
19543   0.5850
19555   0.5950
19563   0.5997
19575   0.5780
19584   0.5813
19589   0.5980
19598   0.5897
19605   0.5780
19613   0.5994
19629   0.6081
19645   0.5903
19652   0.5970
19668   0.6133
19675   0.6110
19687   0.6380
19695   0.6540
19707   0.6530
19715   0.6657
19723   0.6628
19732   0.6376
19741   0.6347
19753   0.6517
19758   0.6393
19765   0.6231
19774   0.6401
19781   0.6465
19789   0.6273
19798   0.6377
19807   0.6607
19813   0.6483
19822   0.6414
19834   0.6768
19842   0.6876
19848   0.6691
19853   0.6875
19865   0.7291
19874   0.7287
19883   0.7132
19888   0.7457
19897   0.7561
19910   0.7672
19919   0.8790
19932   0.8459
19944   0.7542
19956   0.7433
19968   0.7136
19980   0.6911
19992   0.7052
20004   0.6918
20014   0.7207
20020   0.6746
20027   0.6539
20034   0.6118
20042   0.6017
20053   0.6208
20062   0.6597
20075   0.7882
20088   0.8791
20104   0.7871
20117   0.6907
20129   0.6327
20141   0.6120
20147   0.5959
20157   0.6040
20165   0.5977
20174   0.5837
20183   0.5903
20192   0.5957
20201   0.5830
20209   0.5847
20218   0.5923
20231   0.5887
20244   0.5819
20252   0.5929
20261   0.5960
20267   0.5874
20275   0.5971
20284   0.6068
20293   0.6038
20305   0.6063
20314   0.6217
20330   0.6398
20339   0.6543
20351   0.6943
20361   0.6922
20367   0.6764
20375   0.6387
20387   0.6390
20399   0.6293
20411   0.6213
20420   0.6360
20429   0.6366
20439   0.6259
20451   0.6228
20458   0.6199
20471   0.6167
20480   0.6128
20487   0.6074
20493   0.6059
20502   0.6078
20511   0.6040
20517   0.5925
20526   0.5959
20535   0.6068
20541   0.5901
20557   0.5767
20564   0.5912
20573   0.5985
20581   0.5717
20594   0.5768
20606   0.5245
20613   0.5423
20629   0.5796
20638   0.5260
20646   0.4801
20658   0.5053
20666   0.5251
20675   0.4835
20684   0.4872
20693   0.5282
20709   0.5022
20716   0.4812
20723   0.5278
20731   0.5413
20740   0.5095
20756   0.5577
20765   0.5862
20774   0.6162
20786   0.5987
20797   0.5730
20809   0.5805
20821   0.5974
20831   0.5750
20844   0.5497
20850   0.5662
20859   0.5955
20868   0.5630
20875   0.5461
20881   0.5504
20889   0.5423
20901   0.5341
20910   0.5352
20918   0.5327
20926   0.5235
20939   0.5291
20945   0.5332
20956   0.5296
20965   0.5274
20974   0.5430
20983   0.5469
20991   0.5425
21000   0.5523
21012   0.5676
21025   0.5697
21034   0.5703
21050   0.5842
21057   0.5723
21069   0.5827
21079   0.5923
21087   0.6470
21095   0.6741
21105   0.7034
21114   0.7053
21124   0.6852
21134   0.6645
21141   0.7032
21149   0.7586
21154   0.7288
21166   0.7123
21175   0.6235
21185   0.6262
21195   0.5920
21205   0.6029
21214   0.6038
21222   0.6078
21227   0.5979
21237   0.5901
21246   0.5937
21252   0.5850
21259   0.5689
21269   0.5723
21278   0.5788
21287   0.5707
21299   0.5595
21307   0.5688
21316   0.5695
21324   0.5607
21336   0.5717
21352   0.5813
21361   0.5746
21370   0.5757
21379   0.5935
21391   0.5979
21403   0.5870
21415   0.6014
21424   0.6215
21432   0.6160
21442   0.6182
21454   0.6412
21464   0.6571
21470   0.6533
21479   0.6674
21491   0.6958
21501   0.7039
21511   0.7083
21521   0.7376
21527   0.7621
21536   0.7718
21545   0.8352
21552   0.6949
21561   0.6093
21570   0.6069
21580   0.5952
21588   0.5724
21597   0.5688
21602   0.5706
21613   0.5528
21622   0.5391
21630   0.5477
21638   0.5468
21644   0.5204
21653   0.5237
21665   0.5407
21674   0.5266
21684   0.4987
21697   0.4968
21713   0.4897
21722   0.4781
21735   0.4804
21743   0.4739
21750   0.4685
21755   0.4660
21760   0.4687
21769   0.4633
21781   0.4683
21793   0.4741
21805   0.4792
21813   0.4897
21820   0.4776
21832   0.4505
21842   0.4348
21847   0.4542
21857   0.4689
21866   0.4657
21874   0.4575
21883   0.4707
21896   0.4615
21906   0.4440
21915   0.4468
21924   0.4552
21937   0.4460
21946   0.4400
21954   0.4476
21963   0.4497
21975   0.4354
21984   0.4322
21996   0.4447
22003   0.4432
22011   0.4303
22017   0.4418
22026   0.4545
22039   0.4459
22051   0.4480
22059   0.4719
22071   0.4909
22084   0.5268
22094   0.5370
22110   0.5215
22126   0.5330
22138   0.5683
22148   0.5505
22157   0.5669
22166   0.5713
22176   0.5524
22189   0.5437
22201   0.5559
22217   0.5545
22226   0.5356
22233   0.5331
22241   0.5477
22249   0.5436
22258   0.5310
22271   0.5246
22279   0.5447
22288   0.5491
22297   0.5307
22305   0.5365
22314   0.5660
22323   0.5572
22335   0.5409
22344   0.5710
22357   0.5922
22365   0.5716
22378   0.5812
22390   0.6015
22402   0.6379
22412   0.6639
22423   0.6314
22434   0.6319
22442   0.6689
22447   0.6677
22456   0.6557
22472   0.6850
22484   0.7126
22495   0.7008
22504   0.6950
22512   0.6835
22517   0.6143
22526   0.5908
22536   0.5855
22546   0.5744
22556   0.5611
22566   0.5644
22575   0.5726
22585   0.5671
22594   0.5572
22603   0.5513
22608   0.5851
22617   0.5887
22627   0.5738
22639   0.5353
22651   0.5358
22659   0.5368
22667   0.5255
22673   0.5052
22683   0.5143
22692   0.5266
22704   0.5068
22712   0.4934
22724   0.5099
22733   0.5193
22745   0.5081
22753   0.5042
22761   0.5129
22769   0.5125
22776   0.5012
22788   0.5066
22797   0.5130
22806   0.5030
22814   0.5069
22821   0.5138
22830   0.5107
22839   0.5124
22851   0.5159
22860   0.5198
22872   0.5324
22885   0.5131
22897   0.4993
22909   0.5179
22918   0.5389
22930   0.5179
22942   0.5197
22951   0.5558
22961   0.5706
22970   0.5702
22978   0.5809
22987   0.5831
22996   0.6905
23006   0.6663
23014   0.6131
23022   0.5701
23031   0.5516
23043   0.5540
23052   0.5237
23062   0.5025
23074   0.5054
23083   0.4906
23093   0.4668
23106   0.4659
23118   0.4661
23130   0.4430
23140   0.4325
23149   0.4397
23161   0.4242
23169   0.4055
23181   0.4060
23190   0.4049
23206   0.3870
23222   0.3823
23231   0.3937
23240   0.3842
23250   0.3732
23259   0.3804
23271   0.3784
23280   0.3870
23289   0.3758
23299   0.3698
23308   0.3777
23316   0.3738
23323   0.3649
23330   0.3710
23343   0.3768
23352   0.3695
23361   0.3687
23377   0.3767
23385   0.3743
23393   0.3676
23401   0.3718
23411   0.3785
23421   0.3754
23429   0.3764
23436   0.3724
23445   0.3844
23457   0.3839
23468   0.3742
23481   0.3841
23489   0.3836
23501   0.3747
23510   0.3754
23519   0.3898
23526   0.3798
23542   0.3649
23548   0.3797
23560   0.3963
23566   0.4088
23574   0.4154
23582   0.4116
23595   0.4004
23601   0.4114
23611   0.4105
23620   0.3967
23632   0.4049
23644   0.4219
23650   0.4194
23656   0.4078
23663   0.4116
23670   0.4082
23678   0.4054
23685   0.4162
23693   0.4101
23701   0.4017
23717   0.4065
23725   0.4113
23732   0.4071
23740   0.4075
23749   0.4140
23758   0.4132
23766   0.4077
23773   0.4084
23783   0.4204
23792   0.4327
23801   0.4336
23814   0.4732
23826   0.5353
23835   0.6101
23847   0.5881
23855   0.5568
23864   0.5128
23873   0.4810
23881   0.4787
23891   0.4681
23902   0.4584
23914   0.4732
23921   0.4522
23929   0.4341
23940   0.4142
23947   0.4181
23954   0.4063
23962   0.3942
23970   0.4083
23981   0.4242
23991   0.4437
24002   0.4389
24014   0.4088
24022   0.4069
24033   0.3919
24041   0.4000
24049   0.3955
24058   0.4013
24070   0.4019
24080   0.3843
24089   0.3834
24100   0.3716
24110   0.3640
24117   0.3769
24126   0.3833
24135   0.3825
24148   0.3917
24155   0.3954
24160   0.4071
24168   0.4273
24176   0.4073
24184   0.4033
24192   0.4006
24200   0.4049
24210   0.4021
24226   0.3977
24234   0.4064
24239   0.4099
24248   0.4206
24260   0.4464
24270   0.4464
24277   0.4599
24283   0.4419
24291   0.4516
24300   0.4464
24309   0.4369
24317   0.4366
24330   0.4358
24339   0.4346
24351   0.4142
24362   0.4036
24373   0.4202
24382   0.4145
24391   0.3975
24400   0.4085
24409   0.4232
24415   0.4108
24424   0.4053
24433   0.4268
24439   0.4304
24451   0.4199
24461   0.4288
24469   0.4460
24477   0.4487
24485   0.4442
24498   0.4533
24510   0.4700
24522   0.4734
24534   0.4643
24544   0.4761
24557   0.4993
24570   0.5037
24582   0.5019
24587   0.5137
24599   0.5168
24610   0.5202
24621   0.5399
24630   0.5847
24638   0.5865
24643   0.6009
24651   0.5484
24659   0.5959
24666   0.5379
24676   0.5481
24684   0.5235
24693   0.4508
24705   0.5348
24717   0.5795
24726   0.4922
24735   0.4833
24743   0.4080
24755   0.4677
24764   0.5319
24776   0.4588
24785   0.3956
24794   0.4191
24803   0.4028
24808   0.3994
24817   0.3979
24826   0.3919
24837   0.3853
24844   0.3924
24850   0.3876
24860   0.3726
24873   0.3765
24885   0.3870
24893   0.3654
24904   0.3604
24917   0.3489
24929   0.3439
24941   0.3575
24954   0.3558
24964   0.3534
24976   0.3436
24981   0.3329
24990   0.3185
25000   0.3290
25008   0.3324
25015   0.3138
25027   0.3064
25036   0.3138
25045   0.3119
25052   0.3036
25060   0.3023
25071   0.3141
25079   0.3288
25088   0.3296
25093   0.3137
25105   0.3177
25117   0.3101
25126   0.3218
25135   0.3336
25147   0.3458
25160   0.3345
25166   0.3316
25175   0.3388
25184   0.3345
25196   0.3290
25202   0.3269
25209   0.3287
25225   0.3240
25234   0.3200
25243   0.3251
25248   0.3281
25256   0.3184
25265   0.3234
25278   0.3371
25290   0.3319
25302   0.3594
25314   0.3548
25326   0.3701
25336   0.3704
25342   0.3671
25351   0.3730
25357   0.3924
25367   0.3930
25375   0.3764
25390   0.3758
25398   0.3775
25408   0.3652
25421   0.3617
25428   0.3652
25435   0.3582
25447   0.3522
25456   0.3581
25462   0.3606
25469   0.3526
25478   0.3542
25487   0.3640
25495   0.3613
25507   0.3609
25519   0.3658
25532   0.3636
25544   0.3593
25552   0.3665
25559   0.3691
25568   0.3759
25573   0.3719
25581   0.4149
25588   0.4466
25596   0.4107
25601   0.3869
25609   0.3757
25616   0.3970
25628   0.4064
25637   0.4042
25649   0.4591
25657   0.4302
25673   0.4711
25685   0.4951
25697   0.5029
25707   0.5207
25712   0.4656
25718   0.4298
25731   0.3946
25743   0.3690
25754   0.3558
25763   0.3386
25774   0.3479
25783   0.3583
25792   0.3424
25802   0.3334
25818   0.3440
25827   0.3504
25840   0.3570
25851   0.3662
25859   0.3585
25868   0.3618
25880   0.3657
25889   0.3646
25897   0.3694
25908   0.3584
25916   0.3483
25926   0.3479
25934   0.3401
25942   0.3343
25954   0.3458
25963   0.3378
25971   0.3283
25984   0.3367
25993   0.3444
26005   0.3403
26014   0.3378
26023   0.3469
26032   0.3503
26041   0.3507
26048   0.3527
26054   0.3676
26061   0.3647
26070   0.3577
26082   0.3707
26094   0.3829
26106   0.3750
26115   0.3758
26127   0.3985
26137   0.4070
26146   0.3997
26156   0.4217
26167   0.4469
26177   0.4425
26183   0.4343
26189   0.4032
26197   0.4183
26209   0.4462
26218   0.4319
26227   0.4137
26233   0.4430
26238   0.4174
26247   0.3857
26258   0.3623
26266   0.3256
26276   0.3102
26285   0.3133
26292   0.3092
26301   0.3118
26312   0.2980
26321   0.2940
26330   0.2861
26336   0.2797
26342   0.2943
26349   0.3123
26361   0.4468
26368   0.4159
26380   0.4328
26392   0.4912
26402   0.5116
26410   0.4351
26417   0.4236
26425   0.4157
26434   0.3676
26446   0.3846
26455   0.4245
26467   0.4443
26474   0.4293
26486   0.3806
26493   0.3724
26506   0.3334
26515   0.3095
26524   0.3069
26533   0.2865
26540   0.2926
26550   0.2840
26558   0.2711
26567   0.2691
26576   0.2741
26588   0.2655
26595   0.2635
26608   0.2697
26617   0.2584
26629   0.2555
26645   0.2695
26657   0.2722
26665   0.2592
26674   0.2660
26682   0.2776
26691   0.2728
26700   0.2687
26712   0.2841
26721   0.2730
26729   0.2642
26734   0.2773
26742   0.2868
26750   0.3288
26762   0.3153
26771   0.3093
26778   0.3010
26787   0.2917
26799   0.3059
26806   0.3007
26815   0.2942
26820   0.2833
26833   0.2807
26842   0.2895
26850   0.2806
26856   0.2698
26863   0.2830
26875   0.2895
26888   0.2790
26900   0.2943
26909   0.3040
26918   0.2898
26930   0.2882
26935   0.2876
26940   0.2929
26949   0.2842
26958   0.2914
26967   0.2882
26976   0.2936
26985   0.2958
26993   0.2885
27002   0.2971
27012   0.2936
27019   0.2875
27028   0.2934
27037   0.2990
27049   0.2937
27062   0.2894
27078   0.3010
27087   0.3018
27103   0.2960
27112   0.3009
27121   0.3060
27127   0.3043
27140   0.3047
27151   0.3108
27159   0.3113
27171   0.3028
27179   0.3102
27188   0.3212
27196   0.3157
27205   0.3099
27215   0.3217
27226   0.3306
27235   0.3194
27244   0.3176
27251   0.3243
27260   0.3287
27265   0.3235
27271   0.3329
27278   0.3470
27283   0.3549
27296   0.3474
27305   0.3340
27310   0.3287
27316   0.3411
27325   0.3557
27333   0.3513
27345   0.3477
27356   0.3557
27363   0.3380
27370   0.3346
27386   0.3212
27395   0.3131
27404   0.3120
27416   0.3159
27422   0.3076
27434   0.2982
27441   0.3101
27450   0.3246
27456   0.3277
27463   0.3450
27471   0.3692
27479   0.3833
27489   0.4186
27494   0.4179
27507   0.4098
27519   0.3867
27527   0.3781
27535   0.4023
27545   0.3946
27554   0.3999
27563   0.3805
27570   0.3603
27582   0.3603
27589   0.3530
27599   0.3527
27607   0.3321
27615   0.3441
27622   0.3052
27627   0.3131
27637   0.3195
27643   0.2994
27648   0.3314
27657   0.3978
27666   0.3396
27682   0.2497
27691   0.2659
27698   0.2703
27707   0.2725
27714   0.2734
27726   0.2799
27732   0.2846
27744   0.2811
27753   0.2884
27762   0.2960
27771   0.2913
27783   0.2882
27795   0.3030
27807   0.3074
27815   0.2926
27827   0.2987
27836   0.3036
27843   0.2943
27856   0.2875
27869   0.2775
27881   0.2816
27890   0.2867
27902   0.2783
27910   0.2753
27918   0.2831
27924   0.2857
27933   0.2789
27942   0.2861
27952   0.2878
27958   0.2875
27965   0.2853
27977   0.2922
27986   0.2897
27995   0.2879
28001   0.2922
28008   0.2983
28020   0.2983
28025   0.2986
28031   0.3011
28041   0.3145
28050   0.3168
28062   0.3098
28074   0.3176
28080   0.3330
28088   0.3323
28097   0.3283
28105   0.3387
28115   0.3467
28121   0.3323
28129   0.3310
28139   0.3437
28145   0.3433
28157   0.3331
28166   0.3353
28176   0.3457
28186   0.3410
28196   0.3277
28206   0.3322
28216   0.3318
28223   0.3208
28232   0.3204
28241   0.3211
28253   0.3083
28262   0.3106
28272   0.3207
28284   0.3125
28296   0.3065
28305   0.3296
28314   0.3295
28326   0.3102
28335   0.3238
28345   0.3501
28351   0.3353
28363   0.3271
28375   0.3634
28387   0.3784
28397   0.3572
28410   0.3724
28420   0.4217
28430   0.4202
28435   0.4016
28445   0.4857
28455   0.5713
28467   0.6382
28476   0.7356
28485   0.8482
28492   0.8840
28501   1.0181
28509   1.1322
28521   1.2080
28531   1.2071
28538   1.3321
28543   1.2421
28553   1.2321
28558   1.4335
28570   1.5470
28579   1.4968
28588   1.6133
28600   1.6425
28610   1.5799
28618   1.6045
28625   1.6093
28635   1.5772
28645   1.4368
28654   1.4033
28663   1.3135
28673   1.2660
28685   1.3401
28695   1.3585
28701   1.4402
28710   1.5120
28720   1.3964
28732   1.3117
28742   1.2237
28748   1.2724
28758   1.1507
28763   1.1478
28773   1.1874
28783   1.2109
28793   1.1353
28805   0.8968
28821   0.8114
28837   0.6175
28848   0.4858
28856   0.3632
28872   0.3143
28880   0.3063
28889   0.2535
28901   0.2517
28907   0.2419
28914   0.2345
28923   0.2356
28931   0.2261
28943   0.2337
28950   0.2430
28955   0.2527
28964   0.2430
28977   0.2604
28990   0.2600
28999   0.2380
29011   0.2614
29021   0.3618
29029   0.3582
29038   0.3893
29045   0.4303
29055   0.4580
29065   0.7726
29077   0.7019
29085   0.6234
29101   0.6050
29109   0.5896
29118   0.5484
29130   0.5251
29139   0.5193
29145   0.4923
29153   0.4544
29161   0.4502
29170   0.4405
29177   0.4028
29189   0.3840
29197   0.3876
29205   0.3707
29221   0.3376
29230   0.3411
29241   0.3413
29248   0.3174
29257   0.3046
29264   0.3121
29276   0.3109
29286   0.2928
29298   0.2937
29307   0.3027
29316   0.3035
29325   0.2972
29332   0.3102
29340   0.3225
29348   0.3130
29357   0.3200
29369   0.3411
29378   0.3385
29388   0.3351
29400   0.3603
29407   0.3745
29416   0.3674
29425   0.3793
29433   0.3961
29445   0.4092
29455   0.4269
29464   0.4450
29474   0.4565
29484   0.4912
29489   0.4769
29500   0.4694
29507   0.4105
29515   0.4220
29523   0.3950
29535   0.4308
29545   0.4520
29552   0.4055
29561   0.4052
29573   0.4615
29582   0.4590
29595   0.4247
29608   0.4319
29620   0.4774
29631   0.5990
29643   0.4579
29652   0.5148
29660   0.5040
29666   0.4664
29673   0.5143
29682   0.5149
29691   0.4591
29700   0.4696
29709   0.5294
29716   0.5483
29726   0.5106
29735   0.4456
29747   0.4197
29759   0.4172
29768   0.4179
29777   0.4177
29787   0.3656
29796   0.3532
29806   0.3772
29816   0.3571
29823   0.3220
29833   0.3389
29843   0.3446
29855   0.3144
29868   0.3136
29876   0.3343
29885   0.3211
29896   0.3298
29904   0.3379
29916   0.3368
29928   0.3178
29937   0.3081
29946   0.3079
29955   0.2907
29967   0.2787
29980   0.2844
29986   0.2806
29995   0.2677
30008   0.2650
30019   0.2659
30027   0.2597
30036   0.2566
30044   0.2593
30050   0.2590
30062   0.2608
30069   0.2631
30079   0.2560
30088   0.2615
30096   0.2672
30103   0.2619
30116   0.2563
30128   0.2675
30136   0.2704
30145   0.2688
30154   0.2679
30163   0.2729
30174   0.2741
30186   0.2796
30195   0.2732
30203   0.2787
30210   0.2795
30216   0.2845
30223   0.2909
30232   0.3281
30241   0.3522
30249   0.3244
30258   0.3156
30267   0.3095
30275   0.2910
30283   0.2910
30292   0.2978
30301   0.2865
30310   0.2752
30322   0.2756
30331   0.2789
30347   0.2779
30353   0.2795
30362   0.2840
30371   0.2836
30378   0.2814
30385   0.2536
30393   0.2921
30404   0.3064
30412   0.3098
30419   0.3176
30431   0.3231
30443   0.3029
30455   0.2905
30471   0.3052
30480   0.3055
30489   0.2878
30495   0.2891
30504   0.3015
30512   0.2927
30525   0.2815
30533   0.2904
30543   0.2931
30551   0.2871
30557   0.2872
30566   0.2902
30574   0.2886
30582   0.2877
30592   0.2933
30605   0.2959
30617   0.3035
30629   0.3018
30641   0.3001
30653   0.3147
30658   0.2999
30670   0.3125
30681   0.3528
30689   0.3609
30705   0.4195
30716   0.4345
30726   0.4327
30735   0.4318
30744   0.4284
30754   0.4415
30763   0.4554
30776   0.4387
30786   0.4789
30796   0.4765
30807   0.4852
30815   0.4822
30828   0.4401
30839   0.3749
30846   0.3532
30854   0.3642
30865   0.3356
30874   0.3163
30883   0.3140
30888   0.3516
30896   0.3740
30906   0.3551
30916   0.3603
30926   0.3328
30936   0.3456
30941   0.2984
30954   0.2682
30962   0.2657
30971   0.2656
30984   0.2687
30993   0.2700
31002   0.2706
31011   0.2740
31023   0.2743
31032   0.2719
31041   0.2682
31047   0.2685
31056   0.2674
31068   0.2648
31080   0.2627
31092   0.2692
31104   0.2700
31111   0.2636
31120   0.2720
31129   0.2824
31139   0.2784
31146   0.2796
31158   0.2954
31163   0.2925
31172   0.2966
31188   0.3080
31197   0.3630
31207   0.4592
31219   0.4346
31228   0.3754
31241   0.3635
31248   0.3580
31256   0.3356
31265   0.3216
31277   0.3232
31289   0.3151
31301   0.2967
31313   0.2981
31326   0.3004
31335   0.2933
31344   0.2886
31353   0.2832
31364   0.2838
31372   0.3090
31381   0.3090
31394   0.3012
31401   0.2956
31407   0.2765
31415   0.2678
31423   0.2529
31432   0.2575
31440   0.2676
31453   0.2463
31461   0.2615
31470   0.2583
31479   0.2386
31491   0.2401
31500   0.2456
31506   0.2374
31515   0.2396
31523   0.2400
31531   0.2334
31540   0.2401
31552   0.2450
31561   0.2349
31570   0.2337
31579   0.2486
31587   0.2525
31599   0.2326
31604   0.2365
31616   0.2598
31632   0.2592
31638   0.2530
31650   0.2678
31655   0.2630
31665   0.2655
31677   0.2905
31684   0.3343
31690   0.3486
31696   0.3301
31702   0.3460
31711   0.3344
31720   0.3511
31728   0.3609
31735   0.3298
31742   0.2929
31751   0.2802
31758   0.2735
31768   0.3140
31777   0.2740
31789   0.2815
31796   0.2543
31804   0.2579
31808   0.2586
31816   0.2362
31828   0.2301
31837   0.2390
31845   0.2327
31854   0.2206
31862   0.2262
31871   0.2340
31880   0.2244
31892   0.2186
31904   0.2308
31909   0.2370
31917   0.2257
31926   0.2269
31934   0.2403
31942   0.2413
31951   0.2334
31963   0.2468
31969   0.2486
31978   0.2472
31991   0.2613
32000   0.2576
32012   0.2473
32022   0.2356
32030   0.2365
32038   0.2320
32047   0.2595
32052   0.2556
32062   0.2306
32070   0.2439
32079   0.2648
32091   0.2437
32103   0.2408
32111   0.2678
32120   0.2613
32129   0.2445
32137   0.2608
32149   0.2651
32154   0.2514
32163   0.2477
32175   0.2613
32187   0.2593
32203   0.2549
32212   0.2690
32224   0.2793
32236   0.2751
32245   0.2611
32253   0.2800
32261   0.3106
32266   0.2907
32274   0.3134
32282   0.3254
32292   0.3079
32304   0.3088
32314   0.3046
32326   0.3568
32333   0.3371
32345   0.2857
32356   0.2779
32365   0.2731
32373   0.2793
32379   0.2620
32391   0.2444
32400   0.2482
32416   0.2516
32429   0.2374
32441   0.2341
32449   0.2400
32459   0.2354
32466   0.2311
32474   0.2355
32487   0.2409
32499   0.2373
32504   0.2395
32513   0.2474
32520   0.2498
32526   0.2513
32539   0.2609
32551   0.2664
32560   0.2667
32572   0.2684
32579   0.2742
32584   0.2761
32596   0.2810
32604   0.2746
32612   0.2546
32624   0.2322
32632   0.2321
32641   0.2242
32646   0.2193
32657   0.2461
32669   0.2067
32678   0.2227
32686   0.2425
32696   0.2503
32703   0.2223
32716   0.2339
32727   0.2393
32740   0.2373
32748   0.2275
32759   0.2184
32768   0.2227
32780   0.2210
32789   0.2099
32801   0.2087
32813   0.2148
32818   0.2140
32830   0.2110
32842   0.2138
32851   0.2216
32858   0.2244
32866   0.2118
32878   0.2116
32887   0.2086
32895   0.2046
32905   0.2064
32914   0.2057
32926   0.2026
32932   0.2037
32940   0.2069
32949   0.2074
32958   0.2085
32974   0.2124
32982   0.2141
32998   0.2097
33006   0.2152
33015   0.2197
33023   0.2183
33031   0.2065
33040   0.2058
33047   0.2073
33056   0.2052
33063   0.2122
33070   0.2097
33086   0.2039
33095   0.2039
33102   0.2090
33110   0.2093
33120   0.2069
33129   0.2081
33138   0.2144
33151   0.2086
33157   0.2057
33169   0.2113
33178   0.2180
33190   0.2108
33199   0.2093
33208   0.2150
33218   0.2160
33225   0.2104
33241   0.2086
33253   0.2158
33263   0.2180
33270   0.2131
33280   0.2215
33290   0.2376
33302   0.2525
33314   0.2465
33322   0.2476
33333   0.2701
33341   0.2951
33353   0.3243
33358   0.3045
33370   0.2730
33380   0.2420
33390   0.2459
33400   0.2488
33410   0.2493
33416   0.2397
33424   0.2295
33434   0.2288
33447   0.2286
33452   0.2209
33461   0.2169
33466   0.2196
33471   0.2188
33480   0.2108
33489   0.2093
33498   0.2181
33506   0.2160
33515   0.2069
33524   0.2127
33533   0.2206
33540   0.2181
33549   0.2186
33557   0.2268
33573   0.2220
33584   0.2228
33592   0.2326
33601   0.2371
33610   0.2268
33622   0.2345
33631   0.2464
33638   0.2412
33647   0.2308
33656   0.2371
33666   0.2465
33673   0.2463
33681   0.2457
33687   0.2512
33692   0.2476
33700   0.2507
33709   0.2395
33720   0.2409
33731   0.2395
33739   0.2454
33748   0.2468
33757   0.2446
33765   0.2529
33772   0.2614
33780   0.2686
33788   0.2782
33797   0.2844
33805   0.2885
33814   0.2939
33819   0.2979
33824   0.2935
33837   0.2887
33848   0.2843
33856   0.2885
33865   0.2824
33877   0.2737
33885   0.2708
33894   0.2593
33901   0.2629
33907   0.2822
33919   0.2682
33931   0.2693
33938   0.2623
33950   0.2489
33959   0.2532
33969   0.2495
33977   0.2565
33986   0.2758
33995   0.2833
34006   0.2906
34013   0.2763
34023   0.2670
34036   0.2789
34047   0.2878
34057   0.2724
34069   0.2665
34078   0.2845
34088   0.2856
34095   0.2836
34107   0.3090
34111   0.3175
34119   0.3160
34130   0.3108
34137   0.3082
34142   0.2965
34148   0.3009
34157   0.2979
34169   0.2783
34181   0.2696
34190   0.2727
34200   0.2662
34211   0.2595
34224   0.2605
34234   0.2629
34246   0.2662
34256   0.2517
34265   0.2488
34273   0.2461
34281   0.2509
34289   0.2558
34295   0.2613
34305   0.2697
34314   0.2742
34324   0.2691
34329   0.2703
34340   0.2752
34347   0.2756
34358   0.2858
34365   0.2936
34374   0.2937
34390   0.2935
34398   0.2976
34407   0.3106
34413   0.3247
34420   0.3243
34428   0.3094
34435   0.3126
34445   0.3293
34457   0.3251
34467   0.3094
34476   0.3182
34485   0.3319
34497   0.3249
34507   0.3158
34516   0.3307
34524   0.3454
34532   0.3674
34540   0.3631
34551   0.3415
34558   0.3359
34565   0.3244
34577   0.3007
34584   0.2929
34592   0.2823
34600   0.2727
34612   0.2629
34619   0.2531
34635   0.2466
34642   0.2412
34651   0.2396
34663   0.2349
34675   0.2358
34686   0.2405
34695   0.2321
34703   0.2285
34712   0.2338
34717   0.2269
34723   0.2384
34733   0.2366
34739   0.2351
34749   0.2318
34758   0.2379
34764   0.2454
34772   0.2546
34781   0.2679
34791   0.2762
34800   0.2847
34807   0.2853
34818   0.2948
34826   0.3028
34835   0.3088
34841   0.3194
34849   0.3197
34855   0.3038
34863   0.3068
34875   0.3190
34886   0.3101
34893   0.3017
34902   0.3141
34908   0.3256
34918   0.3149
34927   0.3156
34936   0.3345
34942   0.3555
34947   0.3897
34958   0.4193
34967   0.5038
34975   0.4888
34985   0.5567
34992   0.5045
34999   0.4031
35010   0.3359
35017   0.3038
35025   0.2977
35033   0.2934
35041   0.2863
35050   0.2844
35060   0.2795
35070   0.2720
35079   0.2665
35091   0.2644
35099   0.2602
35112   0.2538
35125   0.2496
35133   0.2483
35143   0.2410
35148   0.2351
35156   0.2295
35163   0.2450
35172   0.2516
35179   0.2542
35190   0.2483
35197   0.2543
35206   0.2571
35214   0.2622
35223   0.2752
35233   0.2899
35245   0.2818
35254   0.2804
35263   0.3053
35270   0.2994
35280   0.2886
35291   0.2754
35302   0.2717
35314   0.2703
35323   0.2768
35334   0.2807
35343   0.2864
35351   0.2877
35360   0.2935
35369   0.2953
35378   0.3082
35390   0.3347
35402   0.3925
35411   0.4421
35422   0.5002
35430   0.4779
35438   0.4482
35448   0.4114
35455   0.3871
35466   0.3499
35473   0.3045
35483   0.2945
35499   0.2858
35515   0.2812
35523   0.2749
35532   0.2789
35543   0.2712
35552   0.2816
35560   0.2779
35565   0.2782
35572   0.2960
35584   0.3056
35593   0.3206
35605   0.3372
35616   0.3059
35628   0.3057
35633   0.2808
35640   0.2812
35652   0.2804
35658   0.2705
35667   0.2618
35677   0.2556
35686   0.2507
35694   0.2460
35702   0.2438
35714   0.2421
35725   0.2363
35734   0.2465
35744   0.2387
35752   0.2435
35758   0.2426
35765   0.2329
35773   0.2347
35780   0.2230
35789   0.2245
35794   0.2181
35806   0.2138
35815   0.2199
35821   0.2528
35826   0.2348
35839   0.2233
35844   0.2153
35853   0.2133
35862   0.2158
35867   0.2122
35876   0.2093
35889   0.2095
35895   0.2063
35902   0.2044
35910   0.2008
35918   0.1995
35927   0.1974
35935   0.2007
35944   0.1981
35949   0.1940
35959   0.1960
35971   0.1983
35979   0.1919
35991   0.1937
36001   0.1988
36013   0.1951
36025   0.1944
36032   0.2025
36037   0.2060
36046   0.2038
36053   0.2039
36065   0.2069
36072   0.2059
36081   0.2054
36090   0.2027
36102   0.2041
36112   0.2075
36122   0.2278
36130   0.2552
36138   0.2594
36149   0.2558
36157   0.2566
36166   0.2306
36178   0.2316
36187   0.2359
36196   0.2309
36206   0.2246
36215   0.2305
36222   0.2278
36230   0.2316
36239   0.2382
36248   0.2358
36260   0.2423
36269   0.2485
36277   0.2468
36289   0.2541
36299   0.2636
36307   0.2708
36312   0.2668
36322   0.2650
36331   0.2695
36341   0.2561
36350   0.2409
36360   0.2408
36370   0.2341
36379   0.2238
36388   0.2160
36401   0.2208
36407   0.2165
36417   0.2063
36426   0.2070
36435   0.2123
36447   0.2068
36456   0.2026
36469   0.2022
36481   0.2033
36487   0.2019
36495   0.2072
36505   0.2096
36513   0.2059
36522   0.2056
36531   0.2118
36541   0.2142
36557   0.2164
36565   0.2166
36577   0.3603
36587   0.3949
36597   0.4356
36605   0.4951
36616   1.0650
36621   0.9868
36630   1.0609
36639   1.1096
36651   1.0245
36663   0.9727
36672   0.9744
36681   0.9585
36689   0.9554
36697   0.9718
36706   0.9749
36713   0.9618
36722   0.9671
36728   0.9815
36736   0.9803
36742   0.9800
36749   0.9863
36755   1.0020
36767   0.9962
36779   0.9915
36792   1.0054
36803   1.0097
36808   1.0053
36817   0.9877
36824   0.9744
36836   0.9833
36844   0.9717
36857   0.9490
36866   0.9544
36875   0.9607
36888   0.9391
36897   0.9247
36906   0.9430
36915   0.9439
36923   0.9251
36931   0.9309
36940   0.9594
36952   0.9820
36959   1.0636
36968   1.1542
36976   1.1472
36984   1.1128
36994   1.0568
37000   1.0626
37008   1.0330
37017   1.0238
37029   1.0603
37034   1.0656
37046   1.0318
37054   1.0455
37059   1.0795
37071   1.0696
37080   1.0492
37089   1.0865
37101   1.1110
37108   1.0836
37117   1.0931
37124   1.1385
37133   1.1392
37141   1.1174
37148   1.1524
37157   1.1905
37164   1.1727
37176   1.1759
37185   1.2258
37194   1.2407
37203   1.2257
37215   1.2584
37224   1.3023
37233   1.3120
37245   1.3109
37257   1.3129
37266   0.9057
37274   0.9500
37286   1.0594
37293   1.0214
37301   1.0243
37310   1.0453
37319   1.0334
37324   1.0181
37333   1.0291
37345   1.0459
37354   1.0349
37360   1.0354
37367   1.0577
37376   1.0654
37384   1.0605
37393   1.0743
37409   1.0975
37418   1.1004
37426   1.1010
37433   1.1192
37445   1.1415
37453   0.7888
37462   0.7661
37474   0.7210
37486   0.7113
37498   0.7736
37504   0.7351
37511   0.7006
37519   0.7171
37525   0.7333
37532   0.6971
37542   0.6831
37551   0.7206
37561   0.7186
37571   0.6832
37583   0.6952
37592   0.7373
37597   0.7221
37608   0.6967
37617   0.7355
37626   0.7658
37634   0.7405
37642   0.7377
37648   0.7859
37653   0.7925
37663   0.7660
37671   0.7730
37679   0.7856
37687   0.7516
37695   0.7276
37704   0.7408
37713   0.7411
37722   0.7060
37727   0.6989
37734   0.7183
37741   0.7046
37746   0.6777
37755   0.6887
37764   0.7071
37772   0.7008
37780   0.7341
37787   0.7677
37796   0.7916
37804   0.7546
37811   0.7331
37817   0.7718
37825   0.7613
37838   0.7234
37850   0.7505
37862   0.7837
37870   0.7517
37882   0.7412
37891   0.7889
37896   0.7949
37905   0.7727
37912   0.7954
37920   0.8320
37936   0.8227
37952   0.8200
37959   0.8668
37975   0.9379
37982   1.0040
37994   1.0698
38002   1.0658
38014   1.0285
38022   1.2049
38030   1.1790
38039   1.0586
38048   1.0498
38060   1.1256
38065   1.0505
38072   0.9634
38081   1.0378
38088   1.0515
38096   0.9390
38105   0.9509
38114   1.0310
38120   0.9586
38129   0.8913
38141   0.9783
38149   0.9944
38155   0.8931
38160   0.9223
38172   1.0138
38181   0.9500
38190   0.9021
38195   1.0053
38204   1.0295
38217   1.0581
38226   1.0040
38239   1.0511
38251   1.1336
38263   1.1679
38275   1.1368
38287   1.0462
38299   0.9961
38311   0.9291
38321   0.8635
38327   0.8267
38334   0.7946
38341   0.7645
38349   0.7748
38360   0.7861
38369   0.8432
38382   0.8602
38395   1.1880
38411   1.1009
38424   0.9231
38436   0.8721
38448   0.8584
38454   0.8465
38464   0.8797
38472   0.8697
38481   0.8348
38490   0.8569
38499   0.8806
38508   0.8500
38516   0.8412
38525   0.8809
38538   0.8796
38551   0.8460
38559   0.8732
38568   0.9079
38574   0.8746
38582   0.8686
38591   0.9271
38600   0.9295
38612   0.8934
38621   0.9268
38637   0.9768
38646   1.0490
38658   1.0278
38668   0.7100
38674   0.6257
38682   0.5737
38694   0.6017
38706   0.5513
38718   0.5389
38727   0.5951
38736   0.5884
38746   0.5488
38758   0.5557
38765   0.5597
38778   0.5383
38787   0.5308
38794   0.5451
38800   0.5457
38809   0.5280
38818   0.5337
38824   0.5434
38833   0.5396
38842   0.5403
38848   0.5532
38864   0.5693
38871   0.5886
38880   0.5985
38888   0.6112
38901   0.6386
38913   0.6193
38920   0.6064
38936   0.5911
38945   0.5661
38953   0.5698
38965   0.5832
38973   0.5630
38982   0.5491
38991   0.5682
39000   0.5765
39016   0.5526
39023   0.5503
39030   0.5842
39038   0.5881
39047   0.5646
39063   0.5736
39072   0.5953
39081   0.6145
39093   0.6436
39104   0.6143
39116   0.6131
39128   0.6507
39138   0.6443
39151   0.6142
39157   0.6326
39166   0.6659
39175   0.6403
39182   0.6323
39188   0.6556
39196   0.6552
39208   0.6431
39217   0.6502
39225   0.6680
39233   0.6574
39246   0.6484
39252   0.6701
39263   0.6790
39272   0.6671
39281   0.6642
39290   0.6983
39298   0.6965
39307   0.6832
39319   0.7010
39332   0.7265
39341   0.7166
39357   0.7077
39364   0.7402
39376   0.7305
39386   0.7158
39394   0.7126
39402   0.7254
39412   0.7643
39421   0.8106
39431   0.8042
39441   0.7763
39448   0.7597
39456   0.7605
39461   0.7195
39473   0.7002
39482   0.6862
39492   0.6592
39502   0.6619
39512   0.6518
39521   0.6380
39529   0.5930
39534   0.5911
39544   0.6043
39553   0.5878
39559   0.5688
39566   0.5823
39576   0.5946
39585   0.5768
39594   0.5720
39606   0.5969
39614   0.6005
39623   0.5868
39631   0.5906
39643   0.6090
39659   0.5980
39668   0.5905
39677   0.6162
39686   0.6214
39698   0.6030
39710   0.6197
39722   0.6445
39731   0.6406
39739   0.6349
39749   0.6669
39761   0.6883
39771   0.6810
39777   0.6942
39786   0.7323
39798   0.7425
39808   0.7441
39818   0.7770
39828   0.8070
39834   0.8132
39843   0.8303
39852   0.8998
39859   0.6724
39868   0.5679
39877   0.5632
39887   0.5389
39895   0.5148
39904   0.5256
39909   0.5259
39920   0.4964
39929   0.4899
39937   0.5082
39945   0.4984
39951   0.4772
39960   0.4875
39972   0.5026
39981   0.4878
39991   0.4730
40004   0.4823
40020   0.4745
40029   0.4632
40042   0.4652
40050   0.4776
40057   0.4632
40062   0.4449
40067   0.4566
40076   0.4649
40088   0.4407
40100   0.4336
40112   0.4521
40120   0.4503
40127   0.4235
40139   0.4493
40149   0.4806
40154   0.4711
40164   0.4587
40173   0.4668
40181   0.4723
40190   0.4723
40203   0.4581
40213   0.4543
40222   0.4671
40231   0.4597
40244   0.4451
40253   0.4563
40261   0.4654
40270   0.4450
40282   0.4401
40291   0.4636
40303   0.4569
40310   0.4354
40318   0.4511
40324   0.4757
40333   0.4577
40346   0.4511
40358   0.4790
40366   0.4957
40378   0.4841
40391   0.5028
40401   0.5147
40417   0.4928
40433   0.5012
40445   0.5246
40455   0.5108
40464   0.4940
40473   0.5053
40483   0.5008
40496   0.4847
40508   0.4884
40524   0.5021
40533   0.4901
40540   0.4796
40548   0.4969
40556   0.5024
40565   0.4845
40578   0.4874
40586   0.5066
40595   0.4967
40604   0.4830
40612   0.5007
40621   0.5133
40630   0.4943
40642   0.4937
40651   0.5185
40664   0.5150
40672   0.5021
40685   0.5154
40697   0.5289
40709   0.5187
40719   0.5241
40730   0.5039
40741   0.5018
40749   0.5214
40754   0.5097
40763   0.4874
40779   0.5042
40791   0.5191
40802   0.4929
40811   0.4727
40819   0.4770
40824   0.4732
40833   0.5013
40843   0.5097
40853   0.5520
40863   0.5343
40873   0.4963
40882   0.5189
40892   0.5730
40901   0.5582
40910   0.5242
40915   0.4882
40924   0.5094
40934   0.4974
40946   0.5247
40958   0.5535
40966   0.5829
40974   0.5485
40980   0.5207
40990   0.5268
40999   0.5307
41011   0.5068
41019   0.5020
41031   0.5153
41040   0.5110
41052   0.4973
41060   0.4950
41068   0.5061
41076   0.5049
41083   0.4947
41095   0.5009
41104   0.5113
41113   0.5062
41121   0.5003
41128   0.5130
41137   0.5206
41146   0.5093
41158   0.5212
41167   0.5427
41179   0.5353
41192   0.5154
41204   0.5035
41216   0.5191
41225   0.5196
41237   0.4970
41249   0.5026
41258   0.5185
41268   0.5231
41277   0.5087
41285   0.5068
41294   0.4639
41303   0.5309
41313   0.5827
41321   0.5255
41329   0.5059
41338   0.4840
41350   0.4677
41359   0.4461
41369   0.4344
41381   0.4329
41390   0.4174
41400   0.3969
41413   0.3962
41425   0.3988
41437   0.3837
41447   0.3742
41456   0.3848
41468   0.3828
41476   0.3635
41488   0.3684
41497   0.3855
41513   0.3710
41529   0.3631
41538   0.3750
41547   0.3851
41557   0.3664
41566   0.3550
41578   0.3391
41587   0.3334
41596   0.3162
41606   0.3147
41615   0.3266
41623   0.3254
41630   0.3182
41637   0.3238
41650   0.3381
41659   0.3456
41668   0.3398
41684   0.3484
41692   0.3876
41700   0.3973
41708   0.3680
41718   0.3388
41728   0.3537
41736   0.3748
41743   0.3885
41752   0.4114
41764   0.3724
41775   0.3533
41788   0.3655
41796   0.3558
41808   0.3400
41817   0.3426
41826   0.3440
41833   0.3386
41849   0.3302
41855   0.3398
41867   0.3495
41873   0.3477
41881   0.3484
41889   0.3533
41902   0.3572
41908   0.3714
41918   0.3575
41927   0.3532
41939   0.3723
41951   0.3813
41957   0.3699
41963   0.3786
41970   0.3967
41977   0.3975
41985   0.3884
41992   0.4029
42000   0.4250
42008   0.4140
42024   0.4084
42032   0.4313
42039   0.4409
42047   0.4176
42056   0.4197
42065   0.4491
42073   0.4393
42080   0.4171
42090   0.4431
42099   0.4630
42108   0.4417
42121   0.4426
42133   0.4592
42142   0.4535
42154   0.4900
42162   0.4787
42171   0.4568
42180   0.4998
42188   0.5170
42198   0.5534
42209   0.4785
42221   0.4450
42228   0.4373
42236   0.4587
42247   0.5004
42254   0.5170
42261   0.5077
42269   0.5148
42277   0.5226
42288   0.5546
42298   0.5792
42309   0.5789
42321   0.5679
42329   0.5589
42340   0.5229
42348   0.4955
42356   0.4897
42365   0.4870
42377   0.4950
42387   0.4911
42396   0.5475
42407   0.5926
42417   0.5532
42424   0.4998
42433   0.4866
42442   0.4533
42455   0.4468
42462   0.4464
42467   0.4517
42475   0.4509
42483   0.4452
42491   0.4248
42499   0.4351
42507   0.4117
42517   0.3943
42533   0.4057
42541   0.3931
42546   0.4263
42555   0.4322
42567   0.4654
42577   0.5095
42584   0.4569
42590   0.4472
42598   0.4315
42607   0.4169
42616   0.4272
42624   0.3907
42637   0.3805
42646   0.3835
42658   0.3578
42669   0.3631
42680   0.3942
42689   0.3856
42698   0.3654
42707   0.3856
42716   0.4101
42722   0.3832
42731   0.3707
42740   0.3927
42746   0.3929
42758   0.3749
42768   0.3895
42776   0.4034
42784   0.3977
42792   0.3968
42805   0.4161
42817   0.4227
42829   0.4229
42841   0.4362
42851   0.4475
42864   0.4549
42877   0.4647
42889   0.4794
42894   0.4991
42906   0.5973
42917   0.6144
42928   0.5088
42937   0.5487
42945   0.5992
42950   0.6558
42958   0.6589
42966   0.5956
42973   0.5805
42983   0.5137
42991   0.5081
43000   0.4597
43012   0.5779
43024   0.5143
43033   0.4269
43042   0.4250
43050   0.4234
43062   0.4510
43071   0.4201
43083   0.3823
43092   0.4159
43101   0.4393
43110   0.3787
43115   0.3584
43124   0.3538
43133   0.3657
43144   0.3624
43151   0.3436
43157   0.3585
43167   0.3730
43180   0.3540
43192   0.3513
43200   0.3596
43211   0.3495
43224   0.3338
43236   0.3180
43248   0.3364
43261   0.3407
43271   0.3189
43283   0.3143
43288   0.3122
43297   0.3087
43307   0.3052
43315   0.3064
43322   0.3046
43334   0.2996
43343   0.2993
43352   0.3001
43359   0.2968
43367   0.2954
43378   0.3014
43386   0.3039
43395   0.3027
43400   0.2970
43412   0.3071
43424   0.3220
43433   0.3212
43442   0.3240
43454   0.3176
43467   0.3105
43473   0.3165
43482   0.3190
43491   0.3109
43503   0.3105
43509   0.3225
43516   0.3237
43532   0.3153
43541   0.3288
43550   0.3379
43555   0.3358
43563   0.3443
43572   0.3585
43585   0.3485
43597   0.3624
43609   0.3383
43621   0.3271
43633   0.3383
43643   0.3407
43649   0.3289
43658   0.3306
43664   0.3492
43674   0.3426
43682   0.3309
43697   0.3402
43705   0.3421
43715   0.3272
43728   0.3267
43735   0.3323
43742   0.3290
43754   0.3260
43763   0.3284
43769   0.3332
43776   0.3356
43785   0.3361
43794   0.3337
43802   0.3368
43814   0.3455
43826   0.3494
43839   0.3523
43851   0.3565
43859   0.3652
43866   0.3756
43875   0.3855
43880   0.4026
43888   0.4233
43895   0.4390
43903   0.4750
43908   0.4459
43916   0.4460
43923   0.4161
43935   0.3740
43944   0.3805
43956   0.3881
43964   0.3751
43980   0.3796
43992   0.4149
44004   0.4742
44014   0.4909
44019   0.4277
44025   0.3898
44038   0.3643
44050   0.3663
44061   0.3661
44070   0.3513
44081   0.3370
44090   0.3388
44099   0.3405
44109   0.3302
44125   0.3354
44134   0.3418
44147   0.3572
44158   0.3679
44166   0.3723
44175   0.3927
44187   0.3990
44196   0.4115
44204   0.3718
44215   0.3488
44223   0.3411
44233   0.3450
44241   0.3334
44249   0.3607
44261   0.3837
44270   0.3391
44278   0.3143
44291   0.3228
44300   0.3251
44312   0.3120
44321   0.3090
44330   0.3168
44339   0.3140
44348   0.3061
44355   0.3107
44361   0.3169
44368   0.3122
44377   0.3072
44389   0.3205
44401   0.3260
44413   0.3136
44422   0.3195
44434   0.3371
44444   0.3401
44453   0.3492
44463   0.3663
44474   0.3763
44484   0.3948
44490   0.3807
44496   0.4106
44504   0.4703
44516   0.4523
44525   0.4784
44534   0.6012
44540   0.6182
44545   0.4308
44554   0.3708
44565   0.3784
44573   0.3762
44583   0.4022
44592   0.4179
44599   0.3567
44608   0.3623
44619   0.3479
44628   0.3501
44637   0.3341
44643   0.3401
44649   0.3601
44656   0.3589
44668   0.4051
44675   0.4257
44687   0.4237
44699   0.4477
44709   0.4326
44717   0.3866
44724   0.3803
44732   0.3969
44741   0.4707
44753   0.5618
44762   0.5084
44774   0.4874
44781   0.4111
44793   0.3670
44800   0.3541
44813   0.3376
44822   0.3403
44831   0.3386
44840   0.3622
44847   0.3343
44857   0.3123
44865   0.3467
44874   0.3845
44883   0.3722
44895   0.3342
44902   0.3285
44915   0.3171
44924   0.3128
44936   0.3139
44952   0.3138
44964   0.3096
44972   0.3127
44981   0.3162
44989   0.3126
44998   0.3135
45007   0.3183
45019   0.3169
45028   0.3240
45036   0.3260
45041   0.3163
45049   0.4046
45057   0.4438
45069   0.4281
45078   0.4160
45085   0.4207
45094   0.3350
45106   0.3153
45113   0.3141
45122   0.3215
45127   0.3220
45140   0.3225
45149   0.3357
45157   0.3280
45163   0.3212
45170   0.3295
45182   0.3381
45195   0.3285
45207   0.3314
45216   0.3622
45225   0.3606
45237   0.3101
45242   0.3275
45247   0.3439
45256   0.3619
45265   0.3420
45274   0.3648
45283   0.3676
45292   0.3390
45300   0.3175
45309   0.3220
45319   0.3269
45326   0.3160
45335   0.3175
45344   0.3262
45356   0.3222
45369   0.3162
45385   0.3209
45394   0.3252
45410   0.3182
45419   0.3159
45428   0.3236
45434   0.3186
45447   0.3151
45458   0.3333
45466   0.3364
45478   0.3097
45486   0.3076
45495   0.3291
45503   0.3238
45512   0.3064
45522   0.3154
45533   0.3316
45542   0.3232
45551   0.3124
45558   0.3301
45567   0.3416
45572   0.3240
45578   0.3279
45585   0.3492
45590   0.3450
45603   0.3612
45612   0.3712
45617   0.3705
45623   0.3839
45632   0.4263
45640   0.4388
45652   0.4562
45663   0.4835
45670   0.4080
45677   0.4199
45693   0.4089
45702   0.3978
45711   0.3865
45723   0.3404
45729   0.3407
45741   0.3504
45748   0.3595
45757   0.3493
45763   0.3455
45770   0.3531
45778   0.3920
45786   0.4253
45796   0.4473
45801   0.3986
45814   0.4287
45826   0.4080
45834   0.4308
45842   0.4776
45852   0.5505
45861   0.6137
45870   0.6011
45877   0.5037
45889   0.4153
45896   0.3881
45906   0.3449
45914   0.3302
45922   0.3432
45929   0.3584
45934   0.3898
45944   0.3663
45950   0.3424
45955   0.3229
45964   0.3121
45973   0.3096
45989   0.3045
45998   0.3036
46005   0.3003
46014   0.2971
46021   0.3033
46033   0.3029
46039   0.3032
46051   0.3059
46060   0.3080
46069   0.3078
46078   0.3091
46090   0.3116
46102   0.3146
46114   0.3116
46122   0.3157
46134   0.3239
46143   0.3173
46150   0.3170
46163   0.3214
46176   0.3217
46188   0.3264
46197   0.3323
46209   0.3300
46217   0.3277
46225   0.3318
46231   0.3414
46240   0.3380
46249   0.3329
46259   0.3403
46265   0.3428
46272   0.3342
46284   0.3243
46293   0.3295
46302   0.3315
46308   0.3183
46315   0.3082
46327   0.3141
46332   0.3145
46338   0.3048
46348   0.3055
46357   0.3221
46369   0.3222
46381   0.3238
46387   0.3414
46395   0.3487
46404   0.3512
46412   0.3673
46422   0.3825
46428   0.3813
46436   0.3858
46446   0.4112
46452   0.4138
46464   0.4011
46473   0.4147
46483   0.4341
46493   0.4241
46503   0.4113
46513   0.4347
46523   0.4447
46530   0.4169
46539   0.4156
46548   0.4446
46560   0.4335
46569   0.3996
46579   0.4130
46591   0.4379
46603   0.4041
46612   0.3745
46621   0.4006
46633   0.4122
46642   0.3753
46652   0.3690
46658   0.4040
46670   0.4042
46682   0.3796
46694   0.3918
46704   0.4306
46717   0.4369
46727   0.4238
46737   0.4500
46742   0.5381
46752   0.5894
46762   0.5784
46774   0.6706
46783   0.7045
46792   0.7144
46799   0.7826
46808   0.8579
46816   0.9299
46828   0.9791
46838   1.0133
46845   1.0786
46850   1.0063
46860   0.9478
46865   1.0219
46877   0.9338
46886   0.9133
46895   0.9135
46907   0.9592
46917   0.9002
46925   0.8114
46932   0.8825
46942   0.9534
46952   0.8805
46961   0.8507
46970   0.8107
46980   0.8638
46992   0.8427
47002   0.8635
47008   0.8652
47017   0.6996
47027   0.5926
47039   0.5533
47049   0.4394
47055   0.4896
47065   0.6114
47070   0.5108
47080   0.5775
47090   0.6531
47100   0.5243
47112   0.4144
47128   0.3616
47144   0.3757
47155   0.3387
47163   0.2764
47179   0.2825
47187   0.3043
47196   0.3126
47208   0.2530
47214   0.2657
47221   0.2759
47230   0.2338
47238   0.2181
47250   0.2216
47257   0.2188
47262   0.2386
47271   0.2553
47284   0.2707
47297   0.2464
47306   0.2500
47318   0.2730
47328   0.2868
47336   0.3317
47345   0.4369
47352   0.5375
47362   0.7056
47372   0.6260
47384   0.5051
47392   0.4587
47408   0.4552
47416   0.4543
47425   0.4227
47437   0.4067
47446   0.4131
47452   0.3991
47460   0.3719
47468   0.3709
47477   0.3716
47484   0.3508
47496   0.3359
47504   0.3420
47512   0.3336
47528   0.3145
47537   0.3151
47548   0.3158
47555   0.3050
47564   0.2983
47571   0.3031
47583   0.3064
47593   0.3175
47605   0.3267
47614   0.3377
47623   0.3546
47632   0.3690
47639   0.3767
47647   0.4036
47655   0.4231
47664   0.4378
47676   0.4609
47685   0.4873
47695   0.5089
47707   0.5313
47714   0.5620
47723   0.5860
47732   0.6164
47740   0.6466
47752   0.6770
47762   0.7044
47771   0.7382
47781   0.7720
47791   0.8104
47796   0.8043
47807   0.7473
47814   0.6561
47822   0.6905
47830   0.6326
47842   0.7553
47852   0.8245
47859   0.8570
47868   0.9064
47880   0.9620
47889   1.0049
47902   1.0604
47915   1.1379
47927   1.2610
47938   1.4184
47950   0.6883
47959   0.6084
47967   0.5143
47973   0.5204
47980   0.5050
47989   0.4262
47998   0.4291
48007   0.5321
48016   0.5342
48023   0.5428
48033   0.4996
48042   0.4447
48054   0.4734
48066   0.5057
48075   0.5447
48084   0.5031
48094   0.4189
48103   0.4468
48113   0.4720
48123   0.3957
48130   0.3794
48140   0.4394
48150   0.4034
48162   0.3534
48175   0.4130
48183   0.4365
48192   0.3866
48203   0.3772
48211   0.3729
48223   0.3545
48235   0.3455
48244   0.3433
48253   0.3369
48262   0.3251
48274   0.3217
48287   0.3194
48293   0.3106
48302   0.3043
48315   0.3033
48326   0.2978
48334   0.2917
48343   0.2928
48351   0.2903
48357   0.2852
48369   0.2788
48376   0.2750
48386   0.2742
48395   0.2690
48403   0.2586
48410   0.2557
48423   0.2578
48435   0.2575
48443   0.2546
48452   0.2518
48461   0.2583
48470   0.2597
48481   0.2551
48493   0.2606
48502   0.2797
48510   0.2748
48517   0.2612
48523   0.2579
48530   0.2665
48539   0.2799
48548   0.2824
48556   0.2834
48565   0.2847
48574   0.2871
48582   0.2760
48590   0.2694
48599   0.2736
48608   0.2710
48617   0.2646
48629   0.2640
48638   0.2674
48654   0.2649
48660   0.2579
48669   0.2593
48678   0.2668
48685   0.2741
48692   0.2917
48700   0.2915
48711   0.2797
48719   0.2804
48726   0.2899
48738   0.2869
48750   0.2768
48762   0.2736
48778   0.2738
48787   0.2609
48796   0.2572
48802   0.2619
48811   0.2596
48819   0.2491
48832   0.2504
48840   0.2567
48850   0.2553
48858   0.2482
48864   0.2512
48873   0.2591
48881   0.2544
48889   0.2469
48899   0.2416
48912   0.2537
48924   0.2598
48936   0.2516
48948   0.2585
48960   0.2768
48965   0.2741
48977   0.2777
48988   0.2862
48996   0.2797
49012   0.2930
49023   0.2730
49033   0.2697
49042   0.2853
49051   0.2938
49061   0.2738
49070   0.2698
49083   0.2910
49093   0.2925
49103   0.2817
49114   0.2926
49122   0.2894
49135   0.2796
49146   0.2755
49153   0.2606
49161   0.2756
49172   0.2872
49181   0.2663
49190   0.2576
49195   0.2590
49203   0.2839
49213   0.2978
49223   0.3195
49233   0.2980
49243   0.2959
49248   0.3102
49261   0.2774
49269   0.2648
49278   0.2649
49291   0.2627
49300   0.2606
49309   0.2589
49318   0.2619
49330   0.2616
49339   0.2653
49348   0.2667
49354   0.2653
49363   0.2725
49375   0.2786
49387   0.2718
49399   0.2771
49411   0.2939
49418   0.2931
49427   0.2900
49436   0.3085
49446   0.3315
49453   0.3361
49465   0.3410
49470   0.3178
49479   0.3030
49495   0.3365
49504   0.4389
49514   0.4147
49526   0.3862
49535   0.3554
49548   0.3492
49555   0.3455
49563   0.3323
49572   0.3247
49584   0.3234
49596   0.3186
49608   0.3161
49620   0.3183
49633   0.3156
49642   0.3097
49651   0.3170
49660   0.3222
49671   0.3072
49679   0.3647
49688   0.3684
49701   0.3599
49708   0.3101
49714   0.2662
49722   0.2962
49730   0.3088
49739   0.4320
49747   0.3878
49760   0.3661
49768   0.3225
49777   0.3125
49786   0.3157
49798   0.2710
49807   0.2471
49813   0.2589
49822   0.2593
49830   0.2318
49838   0.2271
49847   0.2440
49859   0.2393
49868   0.2262
49877   0.2359
49886   0.2503
49894   0.2427
49906   0.2363
49911   0.2486
49923   0.2593
49939   0.2612
49945   0.2600
49957   0.2993
49962   0.2753
49972   0.2964
49984   0.3692
49991   0.4385
49997   0.4243
50003   0.4185
50009   0.4154
50018   0.4197
50027   0.3862
50035   0.3702
50042   0.3859
50049   0.3824
50058   0.3715
50065   0.3500
50075   0.2985
50084   0.3190
50096   0.2870
50103   0.2594
50111   0.2485
50115   0.2347
50123   0.2322
50135   0.2299
50144   0.2239
50152   0.2224
50161   0.2181
50169   0.2144
50178   0.2142
50187   0.2157
50199   0.2113
50211   0.2097
50216   0.2126
50224   0.2139
50233   0.2129
50241   0.2155
50249   0.2205
50258   0.2209
50270   0.2226
50276   0.2294
50285   0.2309
50298   0.2338
50307   0.2358
50319   0.2387
50329   0.2417
50337   0.2355
50345   0.2356
50354   0.2312
50359   0.2238
50369   0.2281
50377   0.2296
50386   0.2211
50398   0.2204
50410   0.2261
50418   0.2237
50427   0.2181
50436   0.2238
50444   0.2251
50456   0.2240
50461   0.2239
50470   0.2324
50482   0.2345
50494   0.2354
50510   0.2417
50519   0.2608
50531   0.2618
50543   0.2536
50552   0.2559
50560   0.2790
50568   0.2842
50573   0.2703
50581   0.2770
50589   0.2953
50599   0.3043
50611   0.3055
50621   0.3229
50633   0.3685
50640   0.4048
50652   0.3561
50663   0.2985
50672   0.2687
50680   0.2777
50686   0.2779
50698   0.2463
50707   0.2351
50723   0.2420
50736   0.2432
50748   0.2268
50756   0.2290
50766   0.2423
50773   0.2372
50781   0.2271
50794   0.2308
50806   0.2361
50811   0.2293
50820   0.2286
50827   0.2335
50833   0.2362
50846   0.2324
50858   0.2447
50867   0.2594
50879   0.2615
50886   0.2642
50891   0.2307
50903   0.2333
50911   0.2566
50919   0.2239
50931   0.2378
50939   0.2928
50948   0.2878
50953   0.3067
50964   0.2996
50976   0.2771
50985   0.2964
50993   0.2604
51003   0.2746
51010   0.2447
51023   0.2578
51034   0.2490
51047   0.2416
51055   0.2339
51066   0.2175
51075   0.2131
51087   0.2084
51096   0.2009
51108   0.2035
51120   0.2020
51125   0.1912
51137   0.1932
51149   0.1993
51158   0.2020
51165   0.2018
51173   0.2015
51185   0.1970
51194   0.1979
51202   0.1992
51212   0.2062
51221   0.2080
51233   0.2086
51239   0.2131
51247   0.2197
51256   0.2176
51265   0.2245
51281   0.2368
51289   0.2394
51305   0.2524
51313   0.2702
51322   0.2455
51330   0.2484
51338   0.2344
51347   0.2195
51354   0.2142
51363   0.2075
51370   0.2093
51377   0.2150
51393   0.2105
51402   0.2064
51409   0.2160
51417   0.2225
51427   0.2198
51436   0.2177
51445   0.2256
51458   0.2386
51464   0.2341
51476   0.2324
51485   0.2377
51497   0.2391
51506   0.2424
51515   0.2417
51525   0.2331
51532   0.2353
51548   0.2474
51560   0.2480
51570   0.2545
51577   0.2616
51587   0.2789
51597   0.2772
51609   0.2758
51621   0.3017
51629   0.2738
51640   0.2808
51648   0.3137
51660   0.3508
51665   0.3678
51677   0.3733
51687   0.3224
51697   0.2879
51707   0.2868
51717   0.2795
51723   0.2604
51731   0.2607
51741   0.2687
51754   0.2546
51759   0.2475
51768   0.2571
51773   0.2531
51778   0.2386
51787   0.2470
51796   0.2473
51805   0.2362
51813   0.2351
51822   0.2408
51831   0.2385
51840   0.2357
51847   0.2425
51856   0.2368
51864   0.2381
51880   0.2431
51891   0.2436
51899   0.2400
51908   0.2472
51917   0.2490
51929   0.2452
51938   0.2548
51945   0.2592
51954   0.2514
51963   0.2561
51973   0.2840
51980   0.3204
51988   0.2941
51994   0.3002
51999   0.4362
52007   0.4066
52016   0.3193
52027   0.3224
52038   0.3076
52046   0.2941
52055   0.3021
52064   0.2785
52072   0.2808
52079   0.2825
52087   0.2843
52095   0.2903
52104   0.2914
52112   0.2977
52121   0.3094
52126   0.3079
52131   0.3044
52144   0.2937
52155   0.2874
52163   0.2926
52172   0.2931
52184   0.2916
52192   0.2924
52201   0.2866
52208   0.2890
52214   0.2899
52226   0.3003
52238   0.3053
52245   0.3015
52257   0.2979
52266   0.3072
52276   0.3156
52284   0.3244
52293   0.3481
52302   0.3794
52313   0.3929
52320   0.3674
52330   0.3502
52343   0.3651
52354   0.3544
52364   0.3408
52376   0.3692
52385   0.4323
52395   0.4087
52402   0.3613
52414   0.4187
52418   0.4942
52426   0.5713
52437   0.5284
52444   0.5193
52449   0.3911
52455   0.3535
52464   0.3313
52476   0.3436
52488   0.3548
52497   0.3297
52507   0.3481
52518   0.3361
52531   0.3426
52541   0.3396
52553   0.3416
52563   0.3227
52572   0.3154
52580   0.3028
52588   0.3010
52596   0.2934
52602   0.2996
52612   0.2976
52621   0.3017
52631   0.3075
52636   0.3036
52647   0.2960
52654   0.3098
52665   0.3015
52672   0.3080
52681   0.3080
52697   0.3105
52705   0.3103
52714   0.3124
52720   0.3613
52727   0.3473
52735   0.3092
52742   0.3412
52752   0.3631
52764   0.3320
52774   0.3137
52783   0.3429
52792   0.3486
52804   0.3287
52814   0.3096
52823   0.3281
52831   0.3775
52839   0.4440
52847   0.6111
52858   0.5593
52865   0.4132
52872   0.3384
52884   0.3229
52891   0.3095
52899   0.3019
52907   0.2933
52919   0.2843
52926   0.2848
52942   0.2753
52949   0.2737
52958   0.2679
52970   0.2684
52982   0.2536
52993   0.2515
53002   0.2521
53010   0.2763
53019   0.2601
53024   0.2593
53030   0.2636
53040   0.2554
53046   0.2601
53056   0.2652
53065   0.2674
53071   0.2707
53079   0.2780
53088   0.2848
53098   0.3056
53107   0.3201
53114   0.3159
53125   0.3280
53133   0.3235
53142   0.4024
53148   0.4865
53156   0.6003
53162   0.5455
53170   0.4993
53182   0.4655
53193   0.4340
53200   0.3852
53209   0.3442
53215   0.3823
53225   0.3824
53234   0.3354
53243   0.3448
53249   0.3763
53254   0.3811
53265   0.3815
53274   0.4028
53282   0.4122
53292   0.3951
53299   0.3924
53306   0.4022
53317   0.3699
53324   0.3374
53332   0.3403
53340   0.3365
53348   0.3313
53357   0.3583
53367   0.3114
53377   0.3073
53386   0.3057
53398   0.3125
53406   0.3058
53419   0.2991
53432   0.2878
53440   0.2834
53450   0.2745
53455   0.2848
53463   0.2753
53470   0.2716
53479   0.2680
53486   0.2707
53497   0.2706
53504   0.2949
53513   0.2922
53521   0.2936
53530   0.2953
53540   0.2948
53552   0.3027
53561   0.3410
53570   0.4377
53577   0.3070
53587   0.4293
53598   0.4256
53609   0.3224
53621   0.3118
53630   0.3262
53641   0.3186
53650   0.3175
53658   0.3089
53667   0.3179
53676   0.3231
53685   0.3270
53697   0.3389
53709   0.3752
53718   0.3896
53729   0.4274
53737   0.4297
53745   0.4259
53755   0.4228
53762   0.3616
53773   0.3274
53780   0.3163
53790   0.3116
53806   0.3086
53822   0.3124
53830   0.3127
53839   0.3210
53850   0.3229
53859   0.3375
53867   0.3808
53872   0.4736
53879   0.6617
53891   0.6610
53900   0.4531
53912   0.5751
53923   0.6036
53935   0.4325
53940   0.3503
53947   0.3250
53959   0.3706
53965   0.3169
53974   0.3109
53984   0.2928
53993   0.2963
54001   0.2894
54009   0.2927
54021   0.2803
54032   0.2875
54041   0.3221
54051   0.2908
54059   0.2942
54065   0.3057
54072   0.2740
54080   0.2552
54087   0.2766
54096   0.2976
54101   0.2553
54113   0.2530
54122   0.2363
54128   0.2390
54133   0.2254
54146   0.2297
54151   0.2293
54160   0.2218
54169   0.2197
54174   0.2240
54183   0.2256
54196   0.2199
54202   0.2191
54209   0.2262
54217   0.2210
54225   0.2100
54234   0.2156
54242   0.2229
54251   0.2102
54256   0.2047
54266   0.2111
54278   0.2129
54286   0.2041
54298   0.2057
54308   0.2116
54320   0.2098
54332   0.2079
54339   0.2137
54344   0.2197
54353   0.2189
54360   0.2161
54372   0.2195
54379   0.2137
54388   0.2235
54397   0.2492
54409   0.2319
54419   0.2340
54429   0.2405
54437   0.2493
54445   0.2595
54456   0.2449
54464   0.2685
54473   0.2534
54485   0.2502
54494   0.2619
54503   0.2568
54513   0.2450
54522   0.2657
54529   0.2677
54537   0.2484
54546   0.2508
54555   0.2668
54567   0.2541
54576   0.2450
54584   0.2550
54596   0.2641
54606   0.2592
54614   0.2591
54619   0.2401
54629   0.2274
54638   0.2391
54648   0.2256
54657   0.2203
54667   0.2199
54677   0.2196
54686   0.2139
54695   0.2100
54708   0.2148
54714   0.2143
54724   0.2096
54733   0.2064
54742   0.2098
54754   0.2096
54763   0.2058
54776   0.2032
54788   0.2037
54794   0.2010
54802   0.2112
54812   0.2157
54820   0.2158
54829   0.2235
54838   0.2388
54848   0.2372
54864   0.2405
54872   0.2552
54884   0.2883
54894   0.3231
54904   0.4296
54912   0.4927
