    2   1.5275
    7   1.4928
   16   1.4868
   25   1.4877
   37   1.5284
   49   1.5207
   58   1.4980
   67   1.5489
   75   1.5872
   83   1.5534
   92   1.5554
   99   1.6181
  108   1.6189
  114   1.5776
  122   1.6309
  128   1.6861
  135   1.6408
  141   1.6240
  153   1.6610
  165   1.6901
  178   1.7990
  189   1.8675
  194   1.8672
  203   1.7795
  210   1.7488
  222   1.7903
  230   1.7559
  243   1.6864
  252   1.6928
  261   1.7057
  274   1.6492
  283   1.6048
  292   1.6335
  301   1.6164
  309   1.5529
  317   1.5734
  326   1.6219
  338   1.6010
  345   1.6699
  354   1.7216
  362   1.7945
  370   1.8041
  380   1.8778
  386   1.9657
  394   1.9903
  403   1.8968
  415   1.9074
  420   1.9936
  432   1.9491
  440   1.8742
  445   1.9474
  457   1.9885
  466   1.8925
  475   1.8913
  487   1.9896
  494   1.9580
  503   1.8710
  510   1.9454
  519   2.0068
  527   1.9162
  534   1.9005
  543   2.0037
  550   1.9885
  562   1.9023
  571   1.9689
  580   2.0414
  589   1.9634
  601   1.9441
  610   2.0502
  619   2.0915
  631   2.0785
  643   2.1011
  652   1.7602
  660   1.7090
  672   1.6584
  679   1.6546
  687   1.7274
  696   1.7207
  705   1.6607
  710   1.7012
  719   1.7623
  731   1.7196
  740   1.6902
  746   1.7584
  753   1.7756
  762   1.7180
  770   1.7353
  779   1.8022
  795   1.7758
  804   1.7371
  812   1.7966
  819   1.8477
  831   1.8604
  839   1.3963
  848   1.3877
  860   1.3369
  872   1.3602
  884   1.3858
  890   1.3586
  897   1.3365
  905   1.3675
  911   1.3783
  918   1.3465
  928   1.3525
  937   1.3868
  947   1.3697
  957   1.3488
  969   1.3798
  978   1.3942
  983   1.3672
  994   1.3712
 1003   1.4070
 1012   1.4018
 1020   1.3805
 1028   1.3992
 1034   1.4423
 1039   1.4241
 1049   1.3962
 1057   1.4354
 1065   1.4690
 1073   1.4317
 1081   1.4125
 1090   1.4641
 1099   1.4742
 1108   1.4256
 1113   1.4345
 1120   1.4851
 1127   1.4622
 1132   1.4246
 1141   1.4620
 1150   1.4955
 1158   1.4794
 1166   1.5428
 1173   1.5648
 1182   1.6014
 1190   1.5440
 1197   1.5028
 1203   1.5325
 1211   1.5152
 1224   1.4592
 1236   1.4734
 1248   1.4927
 1256   1.4438
 1268   1.4182
 1277   1.4545
 1282   1.4459
 1291   1.3958
 1298   1.4013
 1306   1.4341
 1322   1.3936
 1338   1.3531
 1345   1.3806
 1361   1.3213
 1368   1.3592
 1380   1.4042
 1388   1.4808
 1400   1.5778
 1408   1.6068
 1416   1.6925
 1425   1.6478
 1434   1.5847
 1446   1.6419
 1451   1.6715
 1458   1.6052
 1467   1.5931
 1474   1.6487
 1482   1.6416
 1491   1.5919
 1500   1.6191
 1506   1.6589
 1515   1.6285
 1527   1.6089
 1535   1.6467
 1541   1.6647
 1546   1.6360
 1558   1.6392
 1567   1.6780
 1576   1.6710
 1581   1.6411
 1590   1.6912
 1603   1.7572
 1612   1.7852
 1625   1.7787
 1637   1.7920
 1649   1.8037
 1661   1.8104
 1673   1.7657
 1685   1.7261
 1697   1.7027
 1707   1.6373
 1713   1.6535
 1720   1.6666
 1727   1.7318
 1735   1.7360
 1746   1.6944
 1755   1.6703
 1768   1.6929
 1781   1.6896
 1797   1.5835
 1810   1.5057
 1822   1.5147
 1834   1.4923
 1840   1.5027
 1850   1.5264
 1858   1.5199
 1867   1.5093
 1876   1.5212
 1885   1.5368
 1894   1.5241
 1902   1.5213
 1911   1.5444
 1924   1.5470
 1937   1.5296
 1945   1.5439
 1954   1.5651
 1960   1.5557
 1968   1.5486
 1977   1.5787
 1986   1.5863
 1998   1.5711
 2007   1.5750
 2023   1.5993
 2032   1.6623
 2044   1.6336
 2054   1.0782
 2060   1.0497
 2068   1.0831
 2080   1.0745
 2092   1.0443
 2104   1.0793
 2113   1.1099
 2122   1.0824
 2132   1.0751
 2144   1.1199
 2151   1.1269
 2164   1.0874
 2173   1.1009
 2180   1.1400
 2186   1.1163
 2195   1.0912
 2204   1.1320
 2210   1.1514
 2219   1.1147
 2228   1.1157
 2234   1.1643
 2250   1.1555
 2257   1.1209
 2266   1.1511
 2274   1.1930
 2287   1.2046
 2299   1.2511
 2306   1.2726
 2322   1.2749
 2331   1.2171
 2339   1.2067
 2351   1.2392
 2359   1.2072
 2368   1.1593
 2377   1.1833
 2386   1.1922
 2402   1.1385
 2409   1.1205
 2416   1.1553
 2424   1.1295
 2433   1.0813
 2449   1.0965
 2458   1.1259
 2467   1.1028
 2479   1.1323
 2490   1.1313
 2502   1.1366
 2514   1.1841
 2524   1.2017
 2537   1.1895
 2543   1.2186
 2552   1.2630
 2561   1.2579
 2568   1.2576
 2574   1.3110
 2582   1.3199
 2594   1.2896
 2603   1.3175
 2611   1.3621
 2619   1.3451
 2632   1.3301
 2638   1.3796
 2649   1.4038
 2658   1.3704
 2667   1.3833
 2676   1.4408
 2684   1.4339
 2693   1.4046
 2705   1.4545
 2718   1.4928
 2727   1.4591
 2743   1.4584
 2750   1.5172
 2762   1.5423
 2772   1.5715
 2780   1.5896
 2788   1.5571
 2798   1.5054
 2807   1.4600
 2817   1.4117
 2827   1.3712
 2834   1.3354
 2842   1.3230
 2847   1.3188
 2859   1.3609
 2868   1.3659
 2878   1.3932
 2888   1.3715
 2898   1.3973
 2907   1.3960
 2915   1.3809
 2920   1.3392
 2930   1.3440
 2939   1.3113
 2945   1.2634
 2952   1.2895
 2962   1.3093
 2971   1.2558
 2980   1.2399
 2992   1.2870
 3000   1.2710
 3009   1.2219
 3017   1.2529
 3029   1.2835
 3045   1.2385
 3054   1.2181
 3063   1.2691
 3072   1.2621
 3084   1.2068
 3096   1.2315
 3108   1.2682
 3117   1.2254
 3125   1.1989
 3135   1.2470
 3147   1.2484
 3157   1.1970
 3163   1.2115
 3172   1.2526
 3184   1.2220
 3194   1.1938
 3204   1.2393
 3214   1.2508
 3220   1.2086
 3229   1.2105
 3238   1.2586
 3245   0.8617
 3254   0.8302
 3263   0.8213
 3273   0.7664
 3281   0.7687
 3290   0.8039
 3295   0.7727
 3306   0.7318
 3315   0.7613
 3323   0.7824
 3331   0.7353
 3337   0.7240
 3346   0.7677
 3358   0.7669
 3367   0.7223
 3377   0.7398
 3390   0.7712
 3406   0.7845
 3415   0.7653
 3428   0.7826
 3436   0.8231
 3443   0.8160
 3448   0.8032
 3453   0.8323
 3462   0.8583
 3474   0.8460
 3486   0.8437
 3498   0.8812
 3506   0.9058
 3513   0.8902
 3525   0.8708
 3535   0.8727
 3540   0.8824
 3550   0.9080
 3559   0.9161
 3567   0.9184
 3576   0.9474
 3589   0.9197
 3599   0.8773
 3608   0.9036
 3617   0.9158
 3630   0.8634
 3639   0.8480
 3647   0.8784
 3656   0.8603
 3668   0.8095
 3677   0.8234
 3689   0.8439
 3696   0.8018
 3704   0.7740
 3710   0.8048
 3719   0.8018
 3732   0.7548
 3744   0.7542
 3752   0.7842
 3764   0.7988
 3777   0.8475
 3787   0.8476
 3803   0.8542
 3819   0.9040
 3831   0.9081
 3841   0.9025
 3850   0.8820
 3859   0.9193
 3869   0.9523
 3882   0.9282
 3894   0.9403
 3910   0.9909
 3919   0.9886
 3926   0.9703
 3934   1.0091
 3942   1.0381
 3951   1.0186
 3964   1.0271
 3972   1.0720
 3981   1.0827
 3990   1.0713
 3998   1.0970
 4007   1.1331
 4016   1.1234
 4028   1.1214
 4037   1.1644
 4050   1.1904
 4058   1.1826
 4071   1.1899
 4083   1.2237
 4095   1.2215
 4105   1.2652
 4116   1.2374
 4127   1.2178
 4135   1.2588
 4140   1.2627
 4149   1.2261
 4165   1.2466
 4177   1.2854
 4188   1.2759
 4197   1.2693
 4205   1.2488
 4210   1.1755
 4219   1.1170
 4229   1.1133
 4239   1.0816
 4249   1.0506
 4259   1.0564
 4268   1.0409
 4278   1.0163
 4287   1.0149
 4296   1.0182
 4301   1.0654
 4310   1.0512
 4320   1.0806
 4332   1.1317
 4344   1.1473
 4352   1.1332
 4360   1.1166
 4366   1.0785
 4376   1.0613
 4385   1.0710
 4397   1.0409
 4405   1.0060
 4417   1.0111
 4426   1.0314
 4438   0.9901
 4446   0.9454
 4454   0.9822
 4462   0.9834
 4469   0.9295
 4481   0.9242
 4490   0.9544
 4499   0.9221
 4507   0.8777
 4514   0.9017
 4523   0.9118
 4532   0.8585
 4544   0.8410
 4553   0.8693
 4565   0.8483
 4578   0.8116
 4590   0.8190
 4602   0.8287
 4611   0.7932
 4623   0.7702
 4635   0.7900
 4644   0.7789
 4654   0.7392
 4663   0.7377
 4671   0.7439
 4680   0.8292
 4689   0.9224
 4699   0.8066
 4707   0.7684
 4715   0.7315
 4724   0.7222
 4736   0.7005
 4745   0.6571
 4755   0.6542
 4767   0.6593
 4776   0.6196
 4786   0.5983
 4799   0.6137
 4811   0.6011
 4823   0.5620
 4833   0.5671
 4842   0.5825
 4854   0.5413
 4862   0.5218
 4874   0.5443
 4883   0.5367
 4899   0.4960
 4915   0.4939
 4924   0.5209
 4933   0.5043
 4943   0.4713
 4952   0.4778
 4964   0.5022
 4973   0.4904
 4982   0.4704
 4992   0.5067
 5001   0.5227
 5009   0.4942
 5016   0.4973
 5023   0.5356
 5036   0.5371
 5045   0.5160
 5054   0.5337
 5070   0.5629
 5078   0.5546
 5086   0.5440
 5094   0.5765
 5104   0.6038
 5114   0.6192
 5122   0.6509
 5129   0.6629
 5138   0.6834
 5150   0.6377
 5161   0.6184
 5174   0.6501
 5182   0.6314
 5194   0.5944
 5203   0.6132
 5212   0.6259
 5219   0.5887
 5235   0.5832
 5241   0.6139
 5253   0.6135
 5259   0.6052
 5267   0.6152
 5275   0.6275
 5288   0.6499
 5294   0.6587
 5304   0.6342
 5313   0.6344
 5325   0.6722
 5337   0.6668
 5343   0.6537
 5349   0.6655
 5356   0.6959
 5363   0.6910
 5371   0.6711
 5378   0.7060
 5386   0.7303
 5394   0.7041
 5410   0.7040
 5418   0.7484
 5425   0.7532
 5433   0.7227
 5442   0.7431
 5451   0.7870
 5459   0.7738
 5466   0.7571
 5476   0.8049
 5485   0.8323
 5494   0.8078
 5507   0.8332
 5519   0.8760
 5528   0.8787
 5540   0.8936
 5548   0.8514
 5557   0.8220
 5566   0.8060
 5574   0.8176
 5584   0.8429
 5595   0.8281
 5607   0.8038
 5614   0.7484
 5622   0.7476
 5633   0.7089
 5640   0.7122
 5647   0.6726
 5655   0.6553
 5663   0.6453
 5674   0.6822
 5684   0.7001
 5695   0.6977
 5707   0.6567
 5715   0.6240
 5726   0.5961
 5734   0.5758
 5742   0.6039
 5751   0.6009
 5763   0.6992
 5773   0.6764
 5782   0.7499
 5793   0.7376
 5803   0.6998
 5810   0.7351
 5819   0.7787
 5828   0.7574
 5841   0.7267
 5848   0.7020
 5853   0.6629
 5861   0.6687
 5869   0.6977
 5877   0.7237
 5885   0.7177
 5893   0.6843
 5903   0.6778
 5919   0.6894
 5927   0.6810
 5932   0.7193
 5941   0.7265
 5953   0.7080
 5963   0.7338
 5970   0.7295
 5976   0.7498
 5984   0.7533
 5993   0.7282
 6002   0.7100
 6010   0.7110
 6023   0.7088
 6032   0.6805
 6044   0.6641
 6055   0.6782
 6066   0.6622
 6075   0.6294
 6084   0.6357
 6093   0.6477
 6102   0.6172
 6108   0.5993
 6117   0.6231
 6126   0.6197
 6132   0.5833
 6144   0.5894
 6154   0.6208
 6162   0.6047
 6170   0.5756
 6178   0.5989
 6191   0.6161
 6203   0.5974
 6215   0.5909
 6227   0.6139
 6237   0.6168
 6250   0.6042
 6263   0.6160
 6275   0.6394
 6280   0.6488
 6292   0.6134
 6303   0.5876
 6314   0.5689
 6323   0.5338
 6331   0.5120
 6336   0.4622
 6344   0.4704
 6352   0.4506
 6359   0.4642
 6369   0.5129
 6377   0.4970
 6386   0.5353
 6398   0.6033
 6410   0.5069
 6419   0.4291
 6428   0.3637
 6436   0.3346
 6448   0.4110
 6457   0.4484
 6469   0.4204
 6478   0.4488
 6487   0.4081
 6496   0.4395
 6501   0.4383
 6510   0.4470
 6519   0.4474
 6530   0.4256
 6537   0.4175
 6543   0.4290
 6553   0.4215
 6566   0.3990
 6578   0.4031
 6586   0.4218
 6597   0.4064
 6610   0.3885
 6622   0.4071
 6634   0.4231
 6647   0.3982
 6657   0.3894
 6669   0.4171
 6674   0.4033
 6683   0.3962
 6693   0.3944
 6701   0.4044
 6708   0.4035
 6720   0.3921
 6729   0.3938
 6738   0.4070
 6745   0.3954
 6753   0.3848
 6764   0.4027
 6772   0.4118
 6781   0.3951
 6786   0.3961
 6798   0.4201
 6810   0.4236
 6819   0.4533
 6828   0.4859
 6840   0.4861
 6853   0.4477
 6859   0.4613
 6868   0.4949
 6877   0.4714
 6889   0.4497
 6895   0.4886
 6902   0.4999
 6918   0.4663
 6927   0.4766
 6936   0.5115
 6941   0.5003
 6949   0.4817
 6958   0.5121
 6971   0.5214
 6983   0.4875
 6995   0.5149
 7007   0.5258
 7019   0.5668
 7029   0.5527
 7035   0.5227
 7044   0.5529
 7050   0.5765
 7060   0.5476
 7068   0.5224
 7083   0.5591
 7091   0.5683
 7101   0.5265
 7114   0.5335
 7121   0.5707
 7128   0.5524
 7140   0.5266
 7149   0.5600
 7155   0.5822
 7162   0.5502
 7171   0.5463
 7180   0.5911
 7188   0.6027
 7200   0.5660
 7212   0.5861
 7225   0.6322
 7237   0.6132
 7245   0.5870
 7252   0.6355
 7261   0.6545
 7266   0.6926
 7274   0.7136
 7281   0.7129
 7289   0.7542
 7294   0.7495
 7302   0.7224
 7309   0.7454
 7321   0.7626
 7330   0.7423
 7342   0.7404
 7350   0.6901
 7366   0.6968
 7378   0.6883
 7390   0.7140
 7400   0.6891
 7405   0.6519
 7411   0.6177
 7424   0.5848
 7436   0.5526
 7447   0.5357
 7456   0.5047
 7467   0.5158
 7476   0.5348
 7485   0.5076
 7495   0.4882
 7511   0.5183
 7520   0.5264
 7533   0.5634
 7544   0.6114
 7552   0.6163
 7561   0.6280
 7573   0.5682
 7582   0.5440
 7590   0.5551
 7601   0.5348
 7609   0.5107
 7619   0.5063
 7627   0.4716
 7635   0.4786
 7647   0.5057
 7656   0.4867
 7664   0.4641
 7677   0.4922
 7686   0.5051
 7698   0.4704
 7707   0.4675
 7716   0.5016
 7725   0.4928
 7734   0.4691
 7741   0.4861
 7747   0.5077
 7754   0.4954
 7763   0.4904
 7775   0.5131
 7787   0.5182
 7799   0.4985
 7808   0.5100
 7820   0.5367
 7830   0.5209
 7839   0.5198
 7849   0.5384
 7860   0.4948
 7870   0.4744
 7876   0.4446
 7882   0.4293
 7890   0.4491
 7902   0.4351
 7911   0.4011
 7920   0.4135
 7926   0.4314
 7931   0.3966
 7940   0.4046
 7951   0.4053
 7959   0.4040
 7969   0.4372
 7978   0.5044
 7985   0.4739
 7994   0.4862
 8005   0.4433
 8014   0.3956
 8023   0.3796
 8029   0.3846
 8035   0.3855
 8042   0.3807
 8054   0.3876
 8061   0.3987
 8073   0.4327
 8085   0.4733
 8095   0.4916
 8103   0.4534
 8110   0.4504
 8118   0.4447
 8127   0.4437
 8139   0.4636
 8148   0.4889
 8160   0.4668
 8167   0.4251
 8179   0.4240
 8186   0.4072
 8199   0.3967
 8208   0.3840
 8217   0.3926
 8226   0.3811
 8233   0.3687
 8243   0.3755
 8251   0.3842
 8260   0.3748
 8269   0.3642
 8281   0.3675
 8288   0.3728
 8301   0.3632
 8310   0.3633
 8322   0.3573
 8338   0.3504
 8350   0.3513
 8358   0.3507
 8367   0.3415
 8375   0.3443
 8384   0.3499
 8393   0.3494
 8405   0.3465
 8414   0.3477
 8422   0.3510
 8427   0.3486
 8435   0.3520
 8443   0.3517
 8455   0.3628
 8464   0.3663
 8471   0.3750
 8480   0.3702
 8492   0.3588
 8499   0.3608
 8508   0.3690
 8513   0.3611
 8526   0.3595
 8535   0.3714
 8543   0.3748
 8549   0.3661
 8556   0.3758
 8568   0.3857
 8581   0.3861
 8593   0.3858
 8602   0.3946
 8611   0.4109
 8623   0.4224
 8628   0.4951
 8633   0.4793
 8642   0.4307
 8651   0.4452
 8660   0.4744
 8669   0.4565
 8678   0.4396
 8686   0.4057
 8695   0.4139
 8705   0.4321
 8712   0.4163
 8721   0.3985
 8730   0.4137
 8742   0.4018
 8755   0.3829
 8771   0.3945
 8780   0.3987
 8796   0.3801
 8805   0.3798
 8814   0.3982
 8820   0.3927
 8833   0.3776
 8844   0.3915
 8852   0.4047
 8864   0.3884
 8872   0.3914
 8881   0.4180
 8889   0.4168
 8898   0.4052
 8908   0.4228
 8919   0.4425
 8928   0.4250
 8937   0.4449
 8944   0.4666
 8953   0.4504
 8958   0.4423
 8964   0.4666
 8971   0.4579
 8976   0.4306
 8989   0.4412
 8998   0.4604
 9003   0.4425
 9009   0.4319
 9018   0.4534
 9026   0.4613
 9038   0.4435
 9049   0.4428
 9056   0.4210
 9063   0.4103
 9079   0.4017
 9088   0.3907
 9097   0.3811
 9109   0.3802
 9115   0.3722
 9127   0.3633
 9134   0.3745
 9143   0.3780
 9149   0.4054
 9156   0.4732
 9164   0.5933
 9172   0.5358
 9182   0.5031
 9187   0.6416
 9200   0.7535
 9212   0.6038
 9220   0.6229
 9228   0.7198
 9238   0.6998
 9247   0.7441
 9256   0.6436
 9263   0.5616
 9275   0.5728
 9282   0.5663
 9292   0.5092
 9300   0.4718
 9308   0.3988
 9315   0.4009
 9320   0.3700
 9330   0.3667
 9336   0.3565
 9341   0.3618
 9350   0.3670
 9359   0.3578
 9375   0.3559
 9384   0.3623
 9391   0.3570
 9400   0.3537
 9407   0.3599
 9419   0.3590
 9425   0.3543
 9437   0.3609
 9446   0.3650
 9455   0.3611
 9464   0.3639
 9476   0.3712
 9488   0.3705
 9500   0.3732
 9508   0.3821
 9520   0.3922
 9529   0.3892
 9536   0.3887
 9549   0.3787
 9562   0.3863
 9574   0.3959
 9583   0.3993
 9595   0.4003
 9603   0.4118
 9611   0.4183
 9617   0.4172
 9626   0.4053
 9635   0.4197
 9645   0.4411
 9651   0.4367
 9658   0.4226
 9670   0.4136
 9679   0.4020
 9688   0.3932
 9694   0.3884
 9701   0.3864
 9713   0.3828
 9718   0.3807
 9724   0.3781
 9734   0.3735
 9743   0.3742
 9755   0.3732
 9767   0.3706
 9773   0.3712
 9781   0.3693
 9790   0.3706
 9798   0.3690
 9808   0.3701
 9814   0.3658
 9822   0.3713
 9832   0.3754
 9838   0.3731
 9850   0.3727
 9859   0.3762
 9869   0.3792
 9879   0.3790
 9889   0.3786
 9899   0.3768
 9909   0.3671
 9916   0.3632
 9925   0.3599
 9934   0.3443
 9946   0.3278
 9955   0.3366
 9965   0.3321
 9977   0.3171
 9989   0.3243
 9998   0.3354
10007   0.3239
10019   0.3197
10028   0.3452
10038   0.3530
10044   0.3456
10056   0.3576
10068   0.4034
10080   0.4170
10090   0.4162
10103   0.4503
10113   0.4979
10123   0.5195
10128   0.5372
10138   0.5449
10148   0.5824
10160   0.5392
10169   0.5718
10178   0.6457
10185   0.6703
10194   0.7173
10202   0.8200
10214   0.8333
10224   0.7423
10231   0.7710
10236   0.7902
10246   0.8159
10251   0.7556
10263   0.7559
10272   0.6980
10281   0.7275
10293   0.6846
10303   0.6125
10311   0.5826
10318   0.5663
10328   0.5620
10338   0.5435
10347   0.5099
10356   0.5097
10366   0.5614
10378   0.6982
10388   0.8614
10394   1.0205
10403   0.9737
10413   0.9373
10425   0.7593
10435   0.5589
10441   0.4585
10451   0.4590
10456   0.4685
10466   0.4504
10476   0.4582
10486   0.4221
10498   0.3901
10514   0.4406
10530   0.3975
10541   0.3541
10549   0.3239
10565   0.3063
10573   0.2914
10582   0.2979
10594   0.2736
10600   0.2998
10607   0.3851
10616   0.3736
10624   0.2846
10636   0.2768
10643   0.2833
10648   0.2921
10657   0.2933
10670   0.2965
10683   0.2974
10692   0.3037
10704   0.3253
10714   0.3951
10722   0.4262
10731   0.5399
10738   0.6300
10748   0.7741
10758   0.6109
10770   0.5794
10778   0.5356
10794   0.5520
10802   0.5238
10811   0.4839
10823   0.4926
10832   0.4890
10838   0.4522
10846   0.4455
10854   0.4587
10863   0.4323
10870   0.4159
10882   0.4332
10890   0.4254
10898   0.4001
10914   0.4169
10923   0.4311
10934   0.4008
10941   0.4117
10950   0.4384
10957   0.4155
10969   0.4003
10979   0.4398
10991   0.4409
11000   0.4044
11009   0.4252
11018   0.4547
11025   0.4281
11033   0.4167
11041   0.4601
11050   0.4629
11062   0.4330
11071   0.4538
11081   0.4787
11093   0.4666
11100   0.4655
11109   0.4897
11118   0.5052
11126   0.4904
11138   0.5051
11148   0.5311
11157   0.5413
11167   0.5427
11177   0.5551
11182   0.5574
11193   0.5166
11200   0.4938
11208   0.4889
11216   0.5125
11228   0.5083
11238   0.5069
11245   0.5112
11254   0.5280
11266   0.5595
11275   0.5904
11288   0.6107
11301   0.6369
11313   0.6807
11324   0.7937
11336   1.3242
11345   1.2001
11353   1.0885
11359   1.0263
11366   1.0651
11375   0.9808
11384   0.8715
11393   0.8222
11402   0.7557
11409   0.6859
11419   0.6486
11428   0.5474
11440   0.5076
11452   0.5252
11461   0.5567
11470   0.5338
11480   0.4841
11489   0.4953
11499   0.5151
11509   0.4735
11516   0.4476
11526   0.4863
11536   0.4823
11548   0.4394
11561   0.4597
11569   0.5005
11578   0.4721
11589   0.4612
11597   0.4537
11609   0.4664
11621   0.4675
11630   0.4642
11639   0.4455
11648   0.4396
11660   0.4373
11673   0.4239
11679   0.4083
11688   0.4091
11701   0.4044
11712   0.3851
11720   0.3798
11729   0.3815
11737   0.3687
11743   0.3550
11755   0.3580
11762   0.3445
11772   0.3373
11781   0.3458
11789   0.3471
11796   0.3446
11809   0.3464
11821   0.3512
11829   0.3550
11838   0.3556
11847   0.3596
11856   0.3688
11867   0.3849
11879   0.3860
11888   0.3755
11896   0.3780
11903   0.4042
11909   0.3974
11916   0.4438
11925   0.4071
11934   0.3306
11942   0.3383
11951   0.3549
11960   0.3509
11968   0.3427
11976   0.3506
11985   0.3604
11994   0.3568
12003   0.3501
12015   0.3577
12024   0.3625
12040   0.3572
12046   0.3552
12055   0.3630
12064   0.3637
12071   0.3578
12078   0.3662
12086   0.3593
12097   0.3681
12105   0.3700
12112   0.3917
12124   0.3883
12136   0.3745
12148   0.3805
12164   0.3961
12173   0.3838
12182   0.3768
12188   0.3974
12197   0.3961
12205   0.3775
12218   0.3766
12226   0.3874
12236   0.3874
12244   0.3754
12250   0.3773
12259   0.3908
12267   0.3899
12275   0.3772
12285   0.3900
12298   0.4036
12310   0.3889
12322   0.3877
12334   0.4138
12346   0.4304
12351   0.4556
12363   0.4576
12374   0.5054
12382   0.5069
12398   0.5025
12409   0.5236
12419   0.5179
12428   0.5227
12437   0.5132
12447   0.5572
12456   0.5929
12469   0.7491
12479   0.7988
12489   0.7398
12500   0.7642
12508   0.5664
12521   0.5083
12532   0.4818
12539   0.4623
12547   0.4371
12558   0.4192
12567   0.4303
12576   0.4339
12581   0.4325
12589   0.4349
12599   0.4146
12609   0.4062
12619   0.4242
12629   0.4162
12634   0.3928
12647   0.4315
12655   0.4437
12664   0.3871
12677   0.4066
12686   0.4380
12695   0.4056
12704   0.3840
12716   0.4110
12725   0.4130
12734   0.3910
12740   0.3925
12749   0.4072
12761   0.3975
12773   0.3826
12785   0.3948
12797   0.4049
12804   0.3887
12813   0.3863
12822   0.4046
12832   0.4042
12839   0.3895
12851   0.3908
12856   0.3782
12865   0.3913
12881   0.4068
12890   0.4424
12900   0.5040
12912   0.4912
12921   0.4432
12934   0.4372
12941   0.4223
12949   0.4034
12958   0.4061
12970   0.3982
12982   0.3815
12994   0.3798
13006   0.3868
13019   0.3741
13028   0.3672
13037   0.3793
13046   0.3756
13057   0.3638
13065   0.3568
13074   0.3603
13087   0.3674
13094   0.3647
13100   0.3694
13108   0.3656
13116   0.3748
13125   0.3534
13133   0.3546
13146   0.3536
13154   0.3415
13163   0.3362
13172   0.3378
13184   0.3380
13193   0.3305
13199   0.3272
13208   0.3285
13216   0.3250
13224   0.3191
13233   0.3215
13245   0.3208
13254   0.3159
13263   0.3155
13272   0.3168
13280   0.3143
13292   0.3162
13297   0.3198
13309   0.3172
13325   0.3212
13331   0.3294
13343   0.3365
13348   0.3469
13358   0.3935
13370   0.4631
13377   0.5412
13383   0.5744
13389   0.5674
13395   0.5324
13404   0.4886
13413   0.4734
13421   0.4563
13428   0.3889
13435   0.3713
13444   0.3868
13451   0.3767
13461   0.3630
13470   0.3461
13482   0.3502
13489   0.3565
13497   0.3627
13501   0.3574
13509   0.3377
13521   0.3418
13530   0.3484
13538   0.3354
13547   0.3282
13555   0.3374
13564   0.3407
13573   0.3336
13585   0.3331
13597   0.3403
13602   0.3408
13610   0.3379
13619   0.3423
13627   0.3485
13635   0.3533
13644   0.3557
13656   0.3641
13662   0.3631
13671   0.3773
13684   0.3886
13693   0.3815
13705   0.3809
13715   0.3784
13723   0.3820
13731   0.3856
13740   0.3700
13745   0.3560
13755   0.3661
13763   0.3692
13772   0.3504
13784   0.3469
13796   0.3561
13804   0.3499
13813   0.3346
13822   0.3357
13830   0.3431
13842   0.3342
13847   0.3266
13856   0.3352
13868   0.3403
13880   0.3316
13896   0.3461
13905   0.3634
13917   0.3564
13929   0.3785
13938   0.4447
13946   0.4412
13954   0.4666
13959   0.5060
13967   0.5654
13975   0.4218
13985   0.4071
13997   0.5662
14007   0.5358
14019   0.4002
14026   0.4523
14038   0.3898
14049   0.3433
14058   0.3272
14066   0.3190
14072   0.3267
14084   0.3267
14093   0.3179
14109   0.3197
14122   0.3241
14134   0.3234
14142   0.3222
14152   0.3255
14159   0.3300
14167   0.3279
14180   0.3298
14192   0.3320
14197   0.3336
14206   0.3357
14213   0.3382
14219   0.3380
14232   0.3426
14244   0.3479
14253   0.3495
14265   0.3523
14272   0.3627
14277   0.3740
14289   0.3741
14297   0.3889
14305   0.3856
14317   0.3882
14325   0.3861
14334   0.3938
14339   0.3767
14350   0.3610
14362   0.3777
14371   0.3756
14379   0.3824
14389   0.3841
14396   0.4026
14409   0.3998
14420   0.3916
14433   0.4010
14441   0.3901
14452   0.3735
14461   0.3759
14473   0.3763
14482   0.3564
14494   0.3447
14506   0.3543
14511   0.3465
14523   0.3261
14535   0.3244
14544   0.3266
14551   0.3255
14559   0.3324
14571   0.3280
14580   0.3447
14588   0.3368
14598   0.3501
14607   0.3591
14619   0.3407
14625   0.3348
14633   0.3536
14642   0.3574
14651   0.3400
14667   0.3516
14675   0.3620
14691   0.3652
14699   0.3605
14708   0.3363
14716   0.3320
14724   0.3078
14733   0.3003
14740   0.3035
14749   0.2930
14756   0.2854
14763   0.2967
14779   0.2954
14788   0.2856
14795   0.2900
14803   0.3028
14813   0.2971
14822   0.2915
14831   0.3011
14844   0.3073
14850   0.3018
14862   0.3140
14871   0.3210
14883   0.3218
14892   0.3173
14901   0.3242
14911   0.3361
14918   0.3325
14934   0.3290
14946   0.3477
14956   0.3566
14963   0.3498
14973   0.3643
14983   0.3886
14995   0.3987
15007   0.4122
15015   0.4134
15026   0.3988
15034   0.4069
15046   0.4248
15051   0.3822
15063   0.3726
15073   0.3847
15083   0.3961
15093   0.3956
15103   0.4059
15109   0.4027
15117   0.3955
15127   0.4044
15140   0.4102
15145   0.4136
15154   0.4168
15159   0.4139
15164   0.4149
15173   0.4257
15182   0.4212
15191   0.4074
15199   0.4223
15208   0.4333
15217   0.4102
15226   0.4050
15233   0.4344
15242   0.4318
15250   0.4006
15266   0.4174
15277   0.4329
15285   0.4077
15294   0.3903
15303   0.4091
15315   0.4113
15324   0.3857
15331   0.3896
15340   0.4158
15349   0.4540
15359   0.4231
15366   0.4465
15374   0.4677
15380   0.4855
15385   0.5038
15393   0.5180
15402   0.5065
15413   0.5052
15424   0.4912
15432   0.4899
15441   0.4849
15450   0.4870
15458   0.4852
15465   0.5034
15473   0.5152
15481   0.5082
15490   0.5250
15498   0.5561
15507   0.5926
15512   0.5846
15517   0.5216
15530   0.5369
15541   0.5011
15549   0.5073
15558   0.4978
15570   0.4985
15578   0.4919
15587   0.4781
15594   0.4705
15600   0.4677
15612   0.4713
15624   0.4681
15631   0.4709
15643   0.4840
15652   0.4949
15662   0.5123
15670   0.5224
15679   0.5379
15688   0.5557
15699   0.5531
15706   0.5380
15716   0.5516
15729   0.5656
15740   0.5547
15750   0.5491
15762   0.5694
15771   0.5660
15781   0.5528
15788   0.5751
15800   0.5861
15804   0.5439
15812   0.5740
15823   0.5623
15830   0.5609
15835   0.5835
15841   0.5699
15850   0.5630
15862   0.5891
15874   0.5857
15883   0.5637
15893   0.5666
15904   0.5771
15917   0.5696
15927   0.5496
15939   0.5490
15949   0.5476
15958   0.5310
15966   0.5066
15974   0.5011
15982   0.4858
15988   0.4845
15998   0.4776
16007   0.4722
16017   0.5176
16022   0.5025
16033   0.5063
16040   0.5119
16051   0.5102
16058   0.5405
16067   0.5837
16083   0.6137
16091   0.6179
16100   0.5905
16106   0.5682
16113   0.5850
16121   0.6108
16128   0.6078
16138   0.5992
16150   0.6328
16160   0.6420
16169   0.6431
16178   0.6700
16190   0.6727
16200   0.6648
16209   0.6811
16217   0.6956
16225   0.6867
16233   0.6900
16244   0.6646
16251   0.6408
16258   0.6476
16270   0.6317
16277   0.5710
16285   0.5380
16293   0.5107
16305   0.5288
16312   0.5002
16328   0.4988
16335   0.5041
16344   0.4975
16356   0.4940
16368   0.4977
16379   0.5048
16388   0.5126
16396   0.5211
16405   0.5168
16410   0.5736
16416   0.6070
16426   0.5660
16432   0.4876
16442   0.5158
16451   0.5273
16457   0.5181
16465   0.5260
16474   0.5209
16484   0.5155
16493   0.5519
16500   0.5625
16511   0.5910
16519   0.5795
16528   0.6047
16534   0.6234
16542   0.6195
16548   0.6194
16556   0.6852
16568   0.7468
16579   0.7492
16586   0.7088
16595   0.7017
16601   0.7388
16611   0.6617
16620   0.6374
16629   0.6619
16635   0.7214
16640   0.8217
16651   0.7653
16660   0.7611
16668   0.6780
16678   0.6164
16685   0.6601
16692   0.6543
16703   0.5905
16710   0.5748
16718   0.5647
16726   0.5656
16734   0.5593
16743   0.5606
16753   0.5441
16763   0.5315
16772   0.5131
16784   0.5059
16792   0.5111
16805   0.5244
16818   0.5184
16826   0.5249
16836   0.5196
16841   0.5203
16849   0.5136
16856   0.5438
16865   0.5412
16872   0.5507
16883   0.5369
16890   0.5249
16899   0.5256
16907   0.5433
16916   0.5467
16926   0.5487
16938   0.5513
16947   0.5578
16956   0.5646
16963   0.5695
16973   0.5860
16984   0.5469
16995   0.5334
17007   0.5206
17016   0.5406
17027   0.5397
17036   0.5447
17044   0.5514
17053   0.5594
17062   0.5629
17071   0.5764
17083   0.5932
17095   0.6621
17104   0.6916
17115   0.7560
17123   0.7518
17131   0.6888
17141   0.6491
17148   0.6204
17159   0.5833
17166   0.6139
17176   0.5625
17192   0.5473
17208   0.5389
17216   0.5544
17225   0.5581
17236   0.5660
17245   0.5762
17253   0.5860
17258   0.6299
17265   0.6311
17277   0.6434
17286   0.6473
17298   0.5994
17309   0.5651
17321   0.5809
17326   0.5367
17333   0.5103
17345   0.4953
17351   0.4914
17360   0.5069
17370   0.5070
17379   0.5136
17387   0.5127
17395   0.5171
17407   0.5084
17418   0.4672
17427   0.4849
17437   0.4728
17445   0.4635
17451   0.4745
17458   0.4800
17466   0.5085
17473   0.5458
17482   0.5142
17487   0.4915
17499   0.4885
17508   0.5089
17514   0.4884
17519   0.4470
17532   0.4547
17537   0.4579
17546   0.4285
17555   0.4082
17560   0.4255
17569   0.4126
17582   0.3887
17588   0.3880
17595   0.3990
17603   0.3822
17611   0.3654
17620   0.3763
17628   0.3781
17637   0.3661
17642   0.3578
17652   0.3686
17664   0.3689
17672   0.3523
17684   0.3503
17694   0.3661
17706   0.3647
17718   0.3434
17725   0.3469
17730   0.4018
17739   0.4043
17746   0.3812
17758   0.3399
17765   0.3150
17774   0.3481
17783   0.3853
17795   0.4037
17805   0.3713
17815   0.3862
17823   0.3796
17831   0.3501
17842   0.3046
17850   0.3043
17859   0.2962
17871   0.2909
17880   0.2906
17889   0.2931
17899   0.2878
17908   0.2890
17915   0.2919
17923   0.2924
17932   0.2886
17941   0.2920
17953   0.2968
17962   0.3025
17970   0.3019
17982   0.3055
17992   0.3104
18000   0.3101
18005   0.3127
18015   0.2882
18024   0.2974
18034   0.2946
18043   0.2831
18053   0.2847
18063   0.2873
18072   0.2854
18081   0.2809
18094   0.2825
18100   0.2841
18110   0.2830
18119   0.2787
18128   0.2816
18140   0.2845
18149   0.2843
18162   0.2820
18174   0.2805
18180   0.2868
18188   0.2884
18198   0.2887
18206   0.2919
18215   0.2933
18224   0.2958
18234   0.2975
18250   0.3075
18258   0.3231
18270   0.3678
18280   0.4333
18290   0.4708
18298   0.5915
18309   0.9125
18314   0.8939
18323   0.8789
18332   0.8329
18344   0.8061
18356   0.8262
18365   0.8491
18374   0.8509
18382   0.8376
18390   0.8378
18399   0.8506
18406   0.8432
18415   0.8338
18421   0.8386
18429   0.8489
18435   0.8433
18442   0.8389
18448   0.8504
18460   0.8616
18472   0.8808
18485   0.8773
18496   0.8780
18501   0.8728
18510   0.8585
18517   0.8559
18529   0.8568
18537   0.8469
18550   0.8395
18559   0.8428
18568   0.8400
18581   0.8316
18590   0.8310
18599   0.8357
18608   0.8339
18616   0.8266
18624   0.8311
18633   0.8353
18645   0.8394
18652   0.8504
18661   0.8616
18669   0.8763
18677   0.8730
18687   0.8743
18693   0.8872
18701   0.8774
18710   0.8600
18722   0.8713
18727   0.8776
18739   0.8592
18747   0.8575
18752   0.8734
18764   0.8688
18773   0.8581
18782   0.8704
18794   0.8816
18801   0.8682
18810   0.8710
18817   0.8870
18826   0.8860
18834   0.8780
18841   0.8893
18850   0.9031
18857   0.8943
18869   0.8938
18878   0.9135
18887   0.9193
18896   0.9098
18908   0.9231
18917   0.9434
18926   0.9504
18938   0.9697
18950   1.0033
18959   0.8708
18967   0.8663
18979   0.8668
18986   0.8505
18994   0.8421
19003   0.8554
19012   0.8507
19017   0.8301
19026   0.8378
19038   0.8543
19047   0.8386
19053   0.8265
19060   0.8522
19069   0.8606
19077   0.8393
19086   0.8505
19102   0.8827
19111   0.8735
19119   0.8554
19126   0.8798
19138   0.9195
19146   0.7556
19155   0.7591
19167   0.7593
19179   0.7638
19191   0.7705
19197   0.7659
19204   0.7586
19212   0.7668
19218   0.7715
19225   0.7662
19235   0.7672
19244   0.7805
19254   0.7832
19264   0.7781
19276   0.7872
19285   0.8014
19290   0.7985
19301   0.7941
19310   0.8064
19319   0.8111
19327   0.7994
19335   0.8028
19341   0.8132
19346   0.8062
19356   0.8019
19364   0.8110
19372   0.8123
19380   0.8057
19388   0.8127
19397   0.8238
19406   0.8227
19415   0.8229
19420   0.8318
19427   0.8410
19434   0.8419
19439   0.8453
19448   0.8576
19457   0.8661
19465   0.8553
19473   0.8626
19480   0.8491
19489   0.8545
19497   0.8480
19504   0.8374
19510   0.8338
19518   0.8327
19531   0.8281
19543   0.8245
19555   0.8242
19563   0.8183
19575   0.8147
19584   0.8154
19589   0.8133
19598   0.8088
19605   0.8076
19613   0.8124
19629   0.8131
19645   0.8106
19652   0.8116
19668   0.8155
19675   0.8169
19687   0.8082
19695   0.8181
19707   0.8216
19715   0.8220
19723   0.8274
19732   0.8190
19741   0.8228
19753   0.8336
19758   0.8333
19765   0.8315
19774   0.8462
19781   0.8562
19789   0.8505
19798   0.8578
19807   0.8785
19813   0.8807
19822   0.8808
19834   0.9006
19842   0.9176
19848   0.9146
19853   0.9242
19865   0.9532
19874   0.9662
19883   0.9650
19888   0.9846
19897   1.0089
19910   1.0204
19919   1.0370
19932   1.0408
19944   1.0942
19956   1.1298
19968   1.0399
19980   1.0204
19992   1.0691
20004   1.1340
20014   1.1706
20020   1.1648
20027   1.2234
20034   1.2754
20042   1.3293
20053   1.2859
20062   1.1793
20075   1.2484
20088   1.1027
20104   1.0137
20117   0.9489
20129   0.8686
20141   0.8420
20147   0.8260
20157   0.8275
20165   0.8272
20174   0.8218
20183   0.8215
20192   0.8265
20201   0.8231
20209   0.8172
20218   0.8210
20231   0.8214
20244   0.8175
20252   0.8199
20261   0.8224
20267   0.8185
20275   0.8216
20284   0.8253
20293   0.8248
20305   0.8240
20314   0.8279
20330   0.8365
20339   0.8558
20351   0.8586
20361   0.7880
20367   0.7755
20375   0.7470
20387   0.7341
20399   0.7285
20411   0.7422
20420   0.7454
20429   0.7358
20439   0.7386
20451   0.7522
20458   0.7553
20471   0.7524
20480   0.7608
20487   0.7733
20493   0.7732
20502   0.7709
20511   0.7860
20517   0.8011
20526   0.7863
20535   0.7841
20541   0.8042
20557   0.8036
20564   0.7861
20573   0.7959
20581   0.8057
20594   0.8013
20606   0.8246
20613   0.8304
20629   0.8536
20638   0.8246
20646   0.8176
20658   0.8337
20666   0.8378
20675   0.8275
20684   0.8316
20693   0.8480
20709   0.8459
20716   0.8416
20723   0.8472
20731   0.8563
20740   0.8621
20756   0.8511
20765   0.8423
20774   0.8069
20786   0.8154
20797   0.7991
20809   0.7942
20821   0.8062
20831   0.8002
20844   0.7995
20850   0.8063
20859   0.8059
20868   0.7971
20875   0.8050
20881   0.8119
20889   0.7996
20901   0.7933
20910   0.8031
20918   0.8030
20926   0.7855
20939   0.7857
20945   0.8013
20956   0.8044
20965   0.7841
20974   0.7885
20983   0.8112
20991   0.8058
21000   0.7918
21012   0.8108
21025   0.8263
21034   0.8235
21050   0.8392
21057   0.8450
21069   0.8555
21079   0.8502
21087   0.8571
21095   0.8557
21105   0.8428
21114   0.8405
21124   0.8450
21134   0.8440
21141   0.8964
21149   0.9175
21154   0.8497
21166   0.8317
21175   0.8393
21185   0.8425
21195   0.8465
21205   0.8485
21214   0.8441
21222   0.8619
21227   0.8421
21237   0.8202
21246   0.8273
21252   0.8217
21259   0.8093
21269   0.8141
21278   0.8204
21287   0.8094
21299   0.8047
21307   0.8173
21316   0.8106
21324   0.7971
21336   0.8046
21352   0.8039
21361   0.7954
21370   0.7993
21379   0.8002
21391   0.7928
21403   0.7983
21415   0.8050
21424   0.7931
21432   0.7926
21442   0.8066
21454   0.8072
21464   0.7985
21470   0.8081
21479   0.8227
21491   0.8193
21501   0.8206
21511   0.8408
21521   0.8531
21527   0.8523
21536   0.8614
21545   0.9133
21552   0.6731
21561   0.6734
21570   0.6802
21580   0.6680
21588   0.6566
21597   0.6632
21602   0.6648
21613   0.6486
21622   0.6490
21630   0.6618
21638   0.6528
21644   0.6405
21653   0.6536
21665   0.6605
21674   0.6450
21684   0.6410
21697   0.6589
21713   0.6602
21722   0.6482
21735   0.6613
21743   0.6794
21750   0.6731
21755   0.6694
21760   0.6887
21769   0.6988
21781   0.6923
21793   0.6992
21805   0.7157
21813   0.7208
21820   0.7035
21832   0.6973
21842   0.6855
21847   0.6872
21857   0.6972
21866   0.7099
21874   0.7261
21883   0.7484
21896   0.7245
21906   0.7092
21915   0.7447
21924   0.7472
21937   0.7006
21946   0.7062
21954   0.7363
21963   0.7115
21975   0.6851
21984   0.7116
21996   0.7163
22003   0.6864
22011   0.6896
22017   0.7133
22026   0.7013
22039   0.6825
22051   0.7098
22059   0.7273
22071   0.7240
22084   0.7113
22094   0.7340
22110   0.7208
22126   0.7328
22138   0.7418
22148   0.7298
22157   0.7143
22166   0.7309
22176   0.7399
22189   0.7260
22201   0.7254
22217   0.7477
22226   0.7448
22233   0.7320
22241   0.7495
22249   0.7660
22258   0.7486
22271   0.7480
22279   0.7759
22288   0.7787
22297   0.7649
22305   0.7803
22314   0.8073
22323   0.7936
22335   0.7902
22344   0.8216
22357   0.8349
22365   0.8121
22378   0.8297
22390   0.8567
22402   0.8877
22412   0.8951
22423   0.8829
22434   0.8728
22442   0.8895
22447   0.9028
22456   0.8902
22472   0.8968
22484   0.9258
22495   0.9367
22504   0.9767
22512   0.9441
22517   0.8482
22526   0.8122
22536   0.7968
22546   0.7844
22556   0.7861
22566   0.7842
22575   0.7721
22585   0.7665
22594   0.7659
22603   0.7577
22608   0.7722
22617   0.7688
22627   0.7748
22639   0.7687
22651   0.7704
22659   0.7816
22667   0.7832
22673   0.7671
22683   0.7633
22692   0.7639
22704   0.7490
22712   0.7470
22724   0.7488
22733   0.7413
22745   0.7239
22753   0.7286
22761   0.7373
22769   0.7193
22776   0.7103
22788   0.7258
22797   0.7216
22806   0.7027
22814   0.7079
22821   0.7189
22830   0.7057
22839   0.6934
22851   0.7112
22860   0.7142
22872   0.7065
22885   0.6835
22897   0.6796
22909   0.6895
22918   0.6708
22930   0.6549
22942   0.6619
22951   0.6590
22961   0.6390
22970   0.6354
22978   0.6456
22987   0.6307
22996   0.6688
23006   0.8326
23014   0.7569
23022   0.6877
23031   0.6316
23043   0.6253
23052   0.5955
23062   0.5805
23074   0.5907
23083   0.5834
23093   0.5549
23106   0.5593
23118   0.5734
23130   0.5517
23140   0.5339
23149   0.5478
23161   0.5460
23169   0.5208
23181   0.5280
23190   0.5537
23206   0.5295
23222   0.5152
23231   0.5468
23240   0.5682
23250   0.5394
23259   0.5402
23271   0.5172
23280   0.5548
23289   0.5339
23299   0.5143
23308   0.5414
23316   0.5490
23323   0.5267
23330   0.5432
23343   0.5665
23352   0.5605
23361   0.5573
23377   0.5786
23385   0.5945
23393   0.5834
23401   0.5826
23411   0.5993
23421   0.6123
23429   0.6335
23436   0.6482
23445   0.6456
23457   0.6172
23468   0.6161
23481   0.6326
23489   0.6176
23501   0.6046
23510   0.6249
23519   0.6336
23526   0.6089
23542   0.6140
23548   0.6301
23560   0.5989
23566   0.5722
23574   0.5998
23582   0.6265
23595   0.6432
23601   0.6613
23611   0.6390
23620   0.6212
23632   0.6469
23644   0.6579
23650   0.6335
23656   0.6342
23663   0.6575
23670   0.6508
23678   0.6320
23685   0.6488
23693   0.6633
23701   0.6442
23717   0.6395
23725   0.6622
23732   0.6741
23740   0.6669
23749   0.6662
23758   0.6833
23766   0.6878
23773   0.6791
23783   0.6905
23792   0.7092
23801   0.7025
23814   0.7060
23826   0.7222
23835   0.7301
23847   0.7331
23855   0.7227
23864   0.7457
23873   0.7546
23881   0.7805
23891   0.8567
23902   0.8511
23914   0.8619
23921   0.8711
23929   0.9028
23940   0.8781
23947   0.8640
23954   0.8811
23962   0.8625
23970   0.9546
23981   1.0176
23991   0.9667
24002   0.9800
24014   0.8992
24022   0.8633
24033   0.7887
24041   0.8041
24049   0.8053
24058   0.7427
24070   0.6954
24080   0.6905
24089   0.6675
24100   0.6498
24110   0.6613
24117   0.6579
24126   0.6618
24135   0.6762
24148   0.6913
24155   0.6852
24160   0.6468
24168   0.6345
24176   0.6592
24184   0.7029
24192   0.6900
24200   0.6605
24210   0.6559
24226   0.6656
24234   0.6583
24239   0.6742
24248   0.6787
24260   0.6723
24270   0.6826
24277   0.6713
24283   0.6752
24291   0.6812
24300   0.6759
24309   0.6581
24317   0.6540
24330   0.6611
24339   0.6394
24351   0.6279
24362   0.6390
24373   0.6339
24382   0.6125
24391   0.6168
24400   0.6289
24409   0.6097
24415   0.5943
24424   0.6078
24433   0.6088
24439   0.5901
24451   0.5856
24461   0.6010
24469   0.5924
24477   0.5734
24485   0.5840
24498   0.5991
24510   0.5806
24522   0.5703
24534   0.5936
24544   0.5956
24557   0.5765
24570   0.5888
24582   0.6111
24587   0.6076
24599   0.6487
24610   0.6104
24621   0.5533
24630   0.5150
24638   0.5098
24643   0.5212
24651   0.4953
24659   0.5005
24666   0.5636
24676   0.5898
24684   0.5670
24693   0.5404
24705   0.5522
24717   0.5691
24726   0.5320
24735   0.5461
24743   0.5414
24755   0.5282
24764   0.4849
24776   0.4630
24785   0.4974
24794   0.4778
24803   0.4630
24808   0.4678
24817   0.4673
24826   0.4423
24837   0.4470
24844   0.4600
24850   0.4524
24860   0.4490
24873   0.4644
24885   0.4778
24893   0.4659
24904   0.4711
24917   0.4816
24929   0.4901
24941   0.4927
24954   0.4919
24964   0.4770
24976   0.4883
24981   0.4994
24990   0.4866
25000   0.4768
25008   0.4918
25015   0.5017
25027   0.4813
25036   0.4683
25045   0.4931
25052   0.4917
25060   0.4625
25071   0.4707
25079   0.4958
25088   0.4836
25093   0.4678
25105   0.4839
25117   0.4859
25126   0.5195
25135   0.5397
25147   0.5616
25160   0.5309
25166   0.5356
25175   0.5591
25184   0.5446
25196   0.5295
25202   0.5438
25209   0.5412
25225   0.5239
25234   0.5250
25243   0.5396
25248   0.5219
25256   0.5066
25265   0.5263
25278   0.5348
25290   0.5061
25302   0.5040
25314   0.5124
25326   0.5664
25336   0.5791
25342   0.5493
25351   0.5818
25357   0.6295
25367   0.5781
25375   0.5437
25390   0.6434
25398   0.6427
25408   0.5457
25421   0.5864
25428   0.6629
25435   0.6070
25447   0.5510
25456   0.6221
25462   0.6485
25469   0.5891
25478   0.5833
25487   0.6430
25495   0.6425
25507   0.6003
25519   0.6251
25532   0.6655
25544   0.6459
25552   0.6243
25559   0.6578
25568   0.6741
25573   0.6904
25581   0.6984
25588   0.6944
25596   0.7120
25601   0.6984
25609   0.6814
25616   0.6670
25628   0.6942
25637   0.6474
25649   0.6977
25657   0.6883
25673   0.6545
25685   0.6601
25697   0.6671
25707   0.7348
25712   0.7215
25718   0.6910
25731   0.6824
25743   0.6744
25754   0.6692
25763   0.6537
25774   0.6502
25783   0.6599
25792   0.6501
25802   0.6387
25818   0.6412
25827   0.6535
25840   0.6555
25851   0.6615
25859   0.6577
25868   0.6539
25880   0.6127
25889   0.5895
25897   0.5631
25908   0.5613
25916   0.5557
25926   0.5633
25934   0.5541
25942   0.5575
25954   0.5686
25963   0.5586
25971   0.5494
25984   0.5668
25993   0.5782
26005   0.5478
26014   0.5436
26023   0.5673
26032   0.5484
26041   0.5141
26048   0.5271
26054   0.5320
26061   0.5096
26070   0.4954
26082   0.5068
26094   0.5051
26106   0.4876
26115   0.4891
26127   0.5044
26137   0.4934
26146   0.4883
26156   0.5243
26167   0.5398
26177   0.5633
26183   0.5701
26189   0.5330
26197   0.5411
26209   0.6007
26218   0.6025
26227   0.5692
26233   0.5801
26238   0.5347
26247   0.5499
26258   0.4927
26266   0.4885
26276   0.4780
26285   0.4968
26292   0.4989
26301   0.5017
26312   0.4815
26321   0.4714
26330   0.4481
26336   0.4643
26342   0.4784
26349   0.4606
26361   0.4568
26368   0.5023
26380   0.5002
26392   0.4892
26402   0.4817
26410   0.4608
26417   0.4550
26425   0.4409
26434   0.4631
26446   0.4465
26455   0.3978
26467   0.4338
26474   0.4022
26486   0.3912
26493   0.3895
26506   0.4020
26515   0.4535
26524   0.4978
26533   0.4827
26540   0.4425
26550   0.4661
26558   0.4864
26567   0.4620
26576   0.4527
26588   0.4732
26595   0.4345
26608   0.4184
26617   0.4357
26629   0.4265
26645   0.3998
26657   0.4118
26665   0.4252
26674   0.4060
26682   0.3965
26691   0.4159
26700   0.4180
26712   0.4002
26721   0.4076
26729   0.4171
26734   0.4105
26742   0.4171
26750   0.4193
26762   0.4376
26771   0.4493
26778   0.4634
26787   0.4528
26799   0.4337
26806   0.4446
26815   0.4585
26820   0.4394
26833   0.4362
26842   0.4674
26850   0.4641
26856   0.4422
26863   0.4582
26875   0.4796
26888   0.4534
26900   0.4430
26909   0.4751
26918   0.4820
26930   0.4483
26935   0.4676
26940   0.4825
26949   0.4744
26958   0.4524
26967   0.4567
26976   0.4772
26985   0.4891
26993   0.4805
27002   0.5023
27012   0.4981
27019   0.4753
27028   0.4815
27037   0.4978
27049   0.4845
27062   0.4663
27078   0.4801
27087   0.4882
27103   0.4726
27112   0.4709
27121   0.4766
27127   0.4738
27140   0.4643
27151   0.4610
27159   0.4688
27171   0.4518
27179   0.4458
27188   0.4888
27196   0.4934
27205   0.4671
27215   0.4990
27226   0.5377
27235   0.5233
27244   0.5180
27251   0.5647
27260   0.5827
27265   0.5619
27271   0.5860
27278   0.6411
27283   0.6667
27296   0.7089
27305   0.6499
27310   0.6028
27316   0.5626
27325   0.6021
27333   0.6530
27345   0.6631
27356   0.6324
27363   0.6142
27370   0.5383
27386   0.5257
27395   0.5188
27404   0.5148
27416   0.5011
27422   0.4778
27434   0.4732
27441   0.4726
27450   0.4904
27456   0.4742
27463   0.4544
27471   0.4604
27479   0.4708
27489   0.5021
27494   0.5326
27507   0.5770
27519   0.6916
27527   0.8052
27535   0.8910
27545   0.9824
27554   1.0193
27563   1.0004
27570   0.8252
27582   0.6330
27589   0.5243
27599   0.5234
27607   0.5032
27615   0.4827
27622   0.4565
27627   0.4397
27637   0.4296
27643   0.3933
27648   0.3752
27657   0.3728
27666   0.3708
27682   0.3932
27691   0.3943
27698   0.3788
27707   0.3895
27714   0.4116
27726   0.4034
27732   0.4001
27744   0.4257
27753   0.4356
27762   0.4245
27771   0.4324
27783   0.4553
27795   0.4554
27807   0.4468
27815   0.4688
27827   0.4880
27836   0.4720
27843   0.4371
27856   0.4266
27869   0.4285
27881   0.4335
27890   0.4198
27902   0.4079
27910   0.4272
27918   0.4315
27924   0.4178
27933   0.4239
27942   0.4443
27952   0.4391
27958   0.4307
27965   0.4500
27977   0.4682
27986   0.4643
27995   0.4649
28001   0.4903
28008   0.5047
28020   0.4974
28025   0.4971
28031   0.5175
28041   0.5231
28050   0.5082
28062   0.5140
28074   0.5278
28080   0.5184
28088   0.4986
28097   0.5135
28105   0.5302
28115   0.5042
28121   0.4906
28129   0.5123
28139   0.5086
28145   0.4778
28157   0.4860
28166   0.5042
28176   0.4800
28186   0.4683
28196   0.4972
28206   0.4957
28216   0.4646
28223   0.4836
28232   0.5156
28241   0.4867
28253   0.4681
28262   0.5182
28272   0.5265
28284   0.4810
28296   0.5025
28305   0.5531
28314   0.5254
28326   0.4963
28335   0.5555
28345   0.5781
28351   0.5246
28363   0.5379
28375   0.6089
28387   0.5943
28397   0.5414
28410   0.6030
28420   0.6745
28430   0.6280
28435   0.6249
28445   0.5761
28455   0.5355
28467   0.5123
28476   0.5572
28485   0.5600
28492   0.5239
28501   0.5553
28509   0.6030
28521   0.5974
28531   0.5984
28538   0.6590
28543   0.6958
28553   0.6909
28558   0.7022
28570   0.6778
28579   0.6308
28588   0.5648
28600   0.6190
28610   0.7504
28618   0.8554
28625   0.9937
28635   1.0939
28645   1.2383
28654   1.3991
28663   1.5753
28673   1.6773
28685   1.8249
28695   1.9305
28701   2.0930
28710   2.0458
28720   1.8877
28732   1.7654
28742   1.5868
28748   1.4893
28758   1.2748
28763   1.1094
28773   0.9347
28783   0.8918
28793   0.7940
28805   0.7010
28821   0.5805
28837   0.5280
28848   0.4345
28856   0.4114
28872   0.4189
28880   0.4434
28889   0.4412
28901   0.3992
28907   0.4017
28914   0.4290
28923   0.4108
28931   0.3765
28943   0.3823
28950   0.3834
28955   0.3641
28964   0.4016
28977   0.4199
28990   0.4294
28999   0.4370
29011   0.4163
29021   0.4392
29029   0.4741
29038   0.5034
29045   0.4567
29055   0.4856
29065   0.7025
29077   0.5536
29085   0.4575
29101   0.4372
29109   0.4356
29118   0.4215
29130   0.4024
29139   0.3998
29145   0.4017
29153   0.3867
29161   0.3779
29170   0.3823
29177   0.3837
29189   0.3714
29197   0.3658
29205   0.3758
29221   0.3763
29230   0.3656
29241   0.3698
29248   0.3856
29257   0.3794
29264   0.3723
29276   0.3836
29286   0.3922
29298   0.3816
29307   0.3764
29316   0.3889
29325   0.3942
29332   0.3847
29340   0.3825
29348   0.3917
29357   0.3953
29369   0.3953
29378   0.3934
29388   0.3956
29400   0.4057
29407   0.4098
29416   0.4018
29425   0.4113
29433   0.4297
29445   0.4270
29455   0.4308
29464   0.4530
29474   0.4645
29484   0.4720
29489   0.5100
29500   0.5475
29507   0.6594
29515   0.6682
29523   0.6655
29535   0.8349
29545   0.9177
29552   1.0207
29561   1.0989
29573   1.1680
29582   1.2690
29595   1.3761
29608   1.4511
29620   1.5641
29631   1.6718
29643   0.8197
29652   0.6800
29660   0.5739
29666   0.6186
29673   0.6226
29682   0.5155
29691   0.4998
29700   0.6078
29709   0.6120
29716   0.5348
29726   0.5229
29735   0.4911
29747   0.5062
29759   0.4727
29768   0.4558
29777   0.4476
29787   0.4149
29796   0.3921
29806   0.3972
29816   0.3851
29823   0.3808
29833   0.3845
29843   0.3772
29855   0.3938
29868   0.4121
29876   0.4104
29885   0.3924
29896   0.3913
29904   0.3974
29916   0.4169
29928   0.4546
29937   0.4810
29946   0.4811
29955   0.4836
29967   0.4393
29980   0.4245
29986   0.4438
29995   0.4251
30008   0.3886
30019   0.4014
30027   0.4274
30036   0.3925
30044   0.3635
30050   0.3626
30062   0.3699
30069   0.3670
30079   0.3559
30088   0.3566
30096   0.3666
30103   0.3624
30116   0.3543
30128   0.3586
30136   0.3654
30145   0.3582
30154   0.3551
30163   0.3776
30174   0.3847
30186   0.3746
30195   0.3824
30203   0.3997
30210   0.4156
30216   0.4231
30223   0.4502
30232   0.4346
30241   0.4025
30249   0.4149
30258   0.4147
30267   0.3980
30275   0.3724
30283   0.3842
30292   0.3997
30301   0.3747
30310   0.3617
30322   0.3857
30331   0.3833
30347   0.3542
30353   0.3603
30362   0.3800
30371   0.3722
30378   0.3558
30385   0.3818
30393   0.3946
30404   0.4171
30412   0.4156
30419   0.4315
30431   0.4432
30443   0.4160
30455   0.4011
30471   0.4346
30480   0.4377
30489   0.4011
30495   0.4168
30504   0.4614
30512   0.4418
30525   0.4191
30533   0.4651
30543   0.4955
30551   0.4605
30557   0.4595
30566   0.5106
30574   0.5122
30582   0.4895
30592   0.5132
30605   0.5446
30617   0.5284
30629   0.5225
30641   0.5580
30653   0.5718
30658   0.5848
30670   0.5750
30681   0.6118
30689   0.5980
30705   0.5939
30716   0.5937
30726   0.5943
30735   0.5958
30744   0.5717
30754   0.5524
30763   0.5078
30776   0.4760
30786   0.4336
30796   0.4693
30807   0.4815
30815   0.5266
30828   0.5313
30839   0.5230
30846   0.4866
30854   0.4742
30865   0.4724
30874   0.4583
30883   0.4413
30888   0.4454
30896   0.4379
30906   0.4331
30916   0.4370
30926   0.4386
30936   0.4629
30941   0.4277
30954   0.4212
30962   0.4051
30971   0.4026
30984   0.4157
30993   0.4186
31002   0.4170
31011   0.4206
31023   0.4299
31032   0.4229
31041   0.4190
31047   0.4277
31056   0.4312
31068   0.4160
31080   0.4190
31092   0.4355
31104   0.4322
31111   0.4286
31120   0.4380
31129   0.4383
31139   0.4431
31146   0.4491
31158   0.4334
31163   0.4394
31172   0.4184
31188   0.4230
31197   0.4377
31207   0.5023
31219   0.5014
31228   0.4713
31241   0.4751
31248   0.4708
31256   0.4235
31265   0.4187
31277   0.4373
31289   0.4175
31301   0.3914
31313   0.4002
31326   0.4160
31335   0.3887
31344   0.3720
31353   0.3985
31364   0.3785
31372   0.3451
31381   0.3448
31394   0.3448
31401   0.3515
31407   0.3643
31415   0.3478
31423   0.3576
31432   0.3296
31440   0.3309
31453   0.3256
31461   0.3134
31470   0.3081
31479   0.3113
31491   0.3162
31500   0.3172
31506   0.3169
31515   0.3253
31523   0.3418
31531   0.3433
31540   0.3404
31552   0.3582
31561   0.3734
31570   0.3621
31579   0.3629
31587   0.3846
31599   0.3896
31604   0.3827
31616   0.3965
31632   0.4231
31638   0.4263
31650   0.4292
31655   0.4217
31665   0.4568
31677   0.5745
31684   0.7053
31690   0.6912
31696   0.7113
31702   0.8064
31711   0.8513
31720   0.8373
31728   0.6836
31735   0.4757
31742   0.6365
31751   0.5720
31758   0.5657
31768   0.5231
31777   0.5563
31789   0.5293
31796   0.4787
31804   0.4690
31808   0.4599
31816   0.4494
31828   0.4460
31837   0.4408
31845   0.4249
31854   0.4213
31862   0.4312
31871   0.4184
31880   0.4051
31892   0.4150
31904   0.4272
31909   0.3952
31917   0.3835
31926   0.4144
31934   0.4103
31942   0.3682
31951   0.3732
31963   0.4027
31969   0.3691
31978   0.3248
31991   0.3605
32000   0.3713
32012   0.3537
32022   0.3692
32030   0.3567
32038   0.3767
32047   0.3883
32052   0.3599
32062   0.3574
32070   0.4037
32079   0.4080
32091   0.3733
32103   0.4064
32111   0.4537
32120   0.4217
32129   0.3976
32137   0.4568
32149   0.4777
32154   0.4359
32163   0.4487
32175   0.5127
32187   0.4937
32203   0.4536
32212   0.4959
32224   0.5329
32236   0.5206
32245   0.4600
32253   0.4707
32261   0.5109
32266   0.4695
32274   0.4220
32282   0.4077
32292   0.3679
32304   0.3693
32314   0.3613
32326   0.3672
32333   0.3673
32345   0.3565
32356   0.3506
32365   0.3507
32373   0.3497
32379   0.3413
32391   0.3330
32400   0.3363
32416   0.3412
32429   0.3316
32441   0.3261
32449   0.3349
32459   0.3345
32466   0.3233
32474   0.3254
32487   0.3347
32499   0.3276
32504   0.3156
32513   0.3232
32520   0.3296
32526   0.3189
32539   0.3158
32551   0.3272
32560   0.3192
32572   0.3034
32579   0.2934
32584   0.3178
32596   0.3483
32604   0.3766
32612   0.3472
32624   0.3288
32632   0.3171
32641   0.3407
32646   0.3318
32657   0.3303
32669   0.3253
32678   0.3075
32686   0.3101
32696   0.3217
32703   0.3300
32716   0.3389
32727   0.3758
32740   0.3565
32748   0.3158
32759   0.3526
32768   0.3763
32780   0.3453
32789   0.3390
32801   0.3841
32813   0.3818
32818   0.3543
32830   0.3768
32842   0.4087
32851   0.3959
32858   0.3960
32866   0.4085
32878   0.3730
32887   0.3587
32895   0.3625
32905   0.3509
32914   0.3558
32926   0.3573
32932   0.3546
32940   0.3522
32949   0.3493
32958   0.3504
32974   0.3469
32982   0.3425
32998   0.3560
33006   0.3630
33015   0.3663
33023   0.3620
33031   0.3621
33040   0.3593
33047   0.3572
33056   0.3569
33063   0.3538
33070   0.3509
33086   0.3545
33095   0.3472
33102   0.3453
33110   0.3474
33120   0.3429
33129   0.3313
33138   0.3280
33151   0.3315
33157   0.3267
33169   0.3236
33178   0.3251
33190   0.3198
33199   0.3226
33208   0.3238
33218   0.3234
33225   0.3273
33241   0.3307
33253   0.3359
33263   0.3330
33270   0.3344
33280   0.3454
33290   0.3512
33302   0.3375
33314   0.3304
33322   0.3164
33333   0.3273
33341   0.3192
33353   0.3361
33358   0.3468
33370   0.3562
33380   0.3498
33390   0.3473
33400   0.3312
33410   0.3381
33416   0.3393
33424   0.3247
33434   0.3173
33447   0.3288
33452   0.3244
33461   0.3153
33466   0.3223
33471   0.3276
33480   0.3245
33489   0.3259
33498   0.3313
33506   0.3345
33515   0.3460
33524   0.3464
33533   0.3418
33540   0.3505
33549   0.3682
33557   0.3639
33573   0.3663
33584   0.3808
33592   0.3729
33601   0.3641
33610   0.3696
33622   0.3824
33631   0.3763
33638   0.3743
33647   0.3779
33656   0.3804
33666   0.3930
33673   0.3921
33681   0.3805
33687   0.3920
33692   0.3933
33700   0.3623
33709   0.3567
33720   0.3537
33731   0.3534
33739   0.3607
33748   0.3621
33757   0.3830
33765   0.4068
33772   0.4491
33780   0.4657
33788   0.5198
33797   0.5440
33805   0.6212
33814   0.7226
33819   0.7078
33824   0.6014
33837   0.5658
33848   0.5095
33856   0.5362
33865   0.5012
33877   0.4608
33885   0.4756
33894   0.4137
33901   0.4228
33907   0.4591
33919   0.4581
33931   0.4615
33938   0.4621
33950   0.4417
33959   0.4964
33969   0.4812
33977   0.5252
33986   0.6006
33995   0.6549
34006   0.7579
34013   0.7463
34023   0.7283
34036   0.7847
34047   0.7950
34057   0.7339
34069   0.8159
34078   0.8974
34088   0.8415
34095   0.8174
34107   0.8904
34111   0.9019
34119   0.9503
34130   0.8818
34137   0.8108
34142   0.7811
34148   0.8225
34157   0.7667
34169   0.6790
34181   0.6268
34190   0.6193
34200   0.5849
34211   0.5298
34224   0.5053
34234   0.5283
34246   0.4999
34256   0.4689
34265   0.4668
34273   0.4469
34281   0.4653
34289   0.4662
34295   0.4783
34305   0.4737
34314   0.5132
34324   0.6409
34329   0.5872
34340   0.4523
34347   0.4574
34358   0.5127
34365   0.5542
34374   0.6053
34390   0.7184
34398   0.7763
34407   0.8468
34413   0.8835
34420   0.8706
34428   0.8040
34435   0.7972
34445   0.8508
34457   0.8370
34467   0.7830
34476   0.8161
34485   0.8651
34497   0.8282
34507   0.7987
34516   0.8644
34524   0.9106
34532   0.9484
34540   0.9549
34551   0.8516
34558   0.8090
34565   0.7229
34577   0.7121
34584   0.6505
34592   0.6109
34600   0.5648
34612   0.5097
34619   0.4820
34635   0.4332
34642   0.3940
34651   0.3744
34663   0.3570
34675   0.3573
34686   0.3745
34695   0.3998
34703   0.4332
34712   0.4435
34717   0.4642
34723   0.4820
34733   0.4555
34739   0.4033
34749   0.4208
34758   0.4478
34764   0.4794
34772   0.5386
34781   0.5683
34791   0.6219
34800   0.6723
34807   0.7390
34818   0.7664
34826   0.7171
34835   0.7990
34841   0.8512
34849   0.7775
34855   0.8037
34863   0.9060
34875   0.9058
34886   0.8536
34893   0.8105
34902   0.8699
34908   0.8631
34918   0.8123
34927   0.8607
34936   0.9653
34942   0.9253
34947   0.9925
34958   0.9714
34967   0.9005
34975   0.9241
34985   0.9133
34992   0.8333
34999   0.7929
35010   0.7742
35017   0.7141
35025   0.7048
35033   0.7193
35041   0.7103
35050   0.7535
35060   0.7356
35070   0.6575
35079   0.6168
35091   0.6321
35099   0.5882
35112   0.5755
35125   0.5329
35133   0.5229
35143   0.4716
35148   0.4914
35156   0.4694
35163   0.5023
35172   0.5074
35179   0.5540
35190   0.5324
35197   0.5722
35206   0.5942
35214   0.6539
35223   0.7377
35233   0.8136
35245   0.7869
35254   0.7688
35263   0.8558
35270   0.8525
35280   0.8503
35291   0.7413
35302   0.7002
35314   0.6421
35323   0.6840
35334   0.6452
35343   0.6799
35351   0.6601
35360   0.6682
35369   0.6497
35378   0.6232
35390   0.6302
35402   0.6673
35411   0.7462
35422   0.8101
35430   0.7744
35438   0.7332
35448   0.6661
35455   0.6610
35466   0.6445
35473   0.6222
35483   0.5887
35499   0.5900
35515   0.5913
35523   0.5971
35532   0.6587
35543   0.6687
35552   0.8441
35560   0.9456
35565   1.0798
35572   1.2120
35584   1.2538
35593   1.1221
35605   1.0406
35616   0.8514
35628   0.7492
35633   0.6529
35640   0.5859
35652   0.5302
35658   0.5135
35667   0.5036
35677   0.4982
35686   0.4993
35694   0.4573
35702   0.4660
35714   0.4159
35725   0.4360
35734   0.4278
35744   0.4055
35752   0.3952
35758   0.3958
35765   0.3826
35773   0.3853
35780   0.3702
35789   0.3628
35794   0.3637
35806   0.3662
35815   0.3724
35821   0.3517
35826   0.3515
35839   0.3515
35844   0.3324
35853   0.3193
35862   0.3291
35867   0.3307
35876   0.3115
35889   0.3060
35895   0.3210
35902   0.3150
35910   0.2939
35918   0.3027
35927   0.3188
35935   0.3008
35944   0.2897
35949   0.3047
35959   0.3087
35971   0.2908
35979   0.2890
35991   0.3046
36001   0.2969
36013   0.2790
36025   0.2909
36032   0.2953
36037   0.2714
36046   0.2878
36053   0.2994
36065   0.2788
36072   0.2859
36081   0.2828
36090   0.3123
36102   0.3362
36112   0.3608
36122   0.3767
36130   0.3994
36138   0.3608
36149   0.3467
36157   0.3437
36166   0.3479
36178   0.3395
36187   0.3355
36196   0.3568
36206   0.3621
36215   0.3493
36222   0.3557
36230   0.3700
36239   0.3670
36248   0.3619
36260   0.3691
36269   0.3738
36277   0.3701
36289   0.3770
36299   0.3912
36307   0.3954
36312   0.3893
36322   0.4238
36331   0.3997
36341   0.3705
36350   0.3712
36360   0.3748
36370   0.3532
36379   0.3378
36388   0.3388
36401   0.3345
36407   0.3165
36417   0.3098
36426   0.3026
36435   0.3051
36447   0.2972
36456   0.2903
36469   0.2867
36481   0.2832
36487   0.2863
36495   0.2840
36505   0.2923
36513   0.2914
36522   0.2854
36531   0.2917
36541   0.3005
36557   0.2965
36565   0.3023
36577   0.3695
36587   0.4648
36597   0.5818
36605   0.7440
36616   1.4037
36621   1.2731
36630   1.3601
36639   1.3208
36651   1.2746
36663   1.3050
36672   1.3151
36681   1.2802
36689   1.2582
36697   1.2815
36706   1.2730
36713   1.2304
36722   1.2315
36728   1.2519
36736   1.2232
36742   1.1923
36749   1.2098
36755   1.2122
36767   1.1925
36779   1.1695
36792   1.1521
36803   1.1305
36808   1.1619
36817   1.1654
36824   1.1366
36836   1.1467
36844   1.1761
36857   1.1634
36866   1.1447
36875   1.1717
36888   1.1889
36897   1.1675
36906   1.1696
36915   1.2033
36923   1.2051
36931   1.1741
36940   1.1804
36952   1.2142
36959   1.2194
36968   1.2002
36976   1.2066
36984   1.1952
36994   1.1606
37000   1.1400
37008   1.1314
37017   1.1610
37029   1.1681
37034   1.1486
37046   1.1619
37054   1.1927
37059   1.1838
37071   1.1732
37080   1.2046
37089   1.2211
37101   1.2041
37108   1.2132
37117   1.2508
37124   1.2501
37133   1.2367
37141   1.2751
37148   1.3018
37157   1.2874
37164   1.2949
37176   1.3351
37185   1.3396
37194   1.3309
37203   1.3582
37215   1.3891
37224   1.3870
37233   1.3900
37245   1.4390
37257   1.4575
37266   1.3009
37274   1.3278
37286   1.3662
37293   1.3260
37301   1.3030
37310   1.3553
37319   1.3590
37324   1.3089
37333   1.3277
37345   1.3742
37354   1.3392
37360   1.3098
37367   1.3605
37376   1.3717
37384   1.3194
37393   1.3343
37409   1.3861
37418   1.3605
37426   1.3248
37433   1.3704
37445   1.4080
37453   1.6045
37462   1.5149
37474   1.4649
37486   1.4647
37498   1.4243
37504   1.3540
37511   1.3547
37519   1.3589
37525   1.3007
37532   1.2580
37542   1.2727
37551   1.2570
37561   1.1968
37571   1.1878
37583   1.2021
37592   1.1700
37597   1.1245
37608   1.1342
37617   1.1387
37626   1.0987
37634   1.0782
37642   1.0877
37648   1.0740
37653   1.0492
37663   1.0486
37671   1.0463
37679   1.0264
37687   1.0194
37695   1.0215
37704   1.0172
37713   1.0067
37722   1.0105
37727   0.9997
37734   0.9880
37741   1.0063
37746   1.0201
37755   0.9994
37764   0.9938
37772   0.9879
37780   1.0104
37787   0.9936
37796   1.0097
37804   1.0121
37811   0.9806
37817   1.0004
37825   1.0163
37838   0.9882
37850   0.9760
37862   1.0014
37870   0.9941
37882   0.9751
37891   0.9876
37896   0.9963
37905   0.9814
37912   0.9838
37920   0.9976
37936   0.9900
37952   0.9762
37959   0.9808
37975   1.0011
37982   1.0197
37994   1.0668
38002   1.0686
38014   1.0719
38022   1.0768
38030   1.0743
38039   1.0486
38048   1.0574
38060   1.0814
38065   1.0628
38072   1.0460
38081   1.0775
38088   1.0857
38096   1.0501
38105   1.0543
38114   1.0856
38120   1.0750
38129   1.0511
38141   1.0745
38149   1.0917
38155   1.0719
38160   1.0704
38172   1.0967
38181   1.0988
38190   1.0797
38195   1.0968
38204   1.1282
38217   1.1528
38226   1.1728
38239   1.1867
38251   1.2097
38263   1.1772
38275   1.1427
38287   1.1244
38299   1.1057
38311   1.0840
38321   1.0786
38327   1.0461
38334   1.0170
38341   1.0021
38349   1.0334
38360   1.0517
38369   1.0208
38382   1.0478
38395   1.2501
38411   1.1829
38424   1.1680
38436   1.1556
38448   1.1400
38454   1.1198
38464   1.1347
38472   1.1341
38481   1.1084
38490   1.1076
38499   1.1260
38508   1.1220
38516   1.1024
38525   1.1077
38538   1.1286
38551   1.1186
38559   1.0966
38568   1.1117
38574   1.1234
38582   1.0989
38591   1.0991
38600   1.1188
38612   1.1145
38621   1.0962
38637   1.1086
38646   1.1346
38658   1.1903
38668   0.8480
38674   0.7433
38682   0.7101
38694   0.6845
38706   0.6646
38718   0.6917
38727   0.6953
38736   0.6680
38746   0.6753
38758   0.7052
38765   0.6961
38778   0.6886
38787   0.7116
38794   0.7283
38800   0.7169
38809   0.7221
38818   0.7523
38824   0.7557
38833   0.7478
38842   0.7676
38848   0.7844
38864   0.7842
38871   0.7952
38880   0.8273
38888   0.8421
38901   0.8481
38913   0.8739
38920   0.8768
38936   0.8706
38945   0.8212
38953   0.8171
38965   0.8191
38973   0.7842
38982   0.7670
38991   0.7847
39000   0.7741
39016   0.7483
39023   0.7529
39030   0.7576
39038   0.7411
39047   0.7329
39063   0.7434
39072   0.7600
39081   0.7697
39093   0.7782
39104   0.7633
39116   0.7684
39128   0.7897
39138   0.7829
39151   0.7707
39157   0.7894
39166   0.7985
39175   0.7894
39182   0.7851
39188   0.8250
39196   0.8299
39208   0.8056
39217   0.8325
39225   0.8665
39233   0.8529
39246   0.8493
39252   0.8834
39263   0.8962
39272   0.8850
39281   0.9066
39290   0.9343
39298   0.9325
39307   0.9390
39319   0.9749
39332   0.9998
39341   0.9275
39357   0.8959
39364   0.8972
39376   0.9138
39386   0.9843
39394   0.9820
39402   1.0332
39412   1.0184
39421   1.0119
39431   0.9368
39441   0.9023
39448   0.8816
39456   0.8712
39461   0.8959
39473   0.8867
39482   0.8678
39492   0.8621
39502   0.8526
39512   0.8642
39521   0.8369
39529   0.8418
39534   0.8581
39544   0.8604
39553   0.8435
39559   0.8280
39566   0.8356
39576   0.8361
39585   0.8212
39594   0.8195
39606   0.8337
39614   0.8274
39623   0.8152
39631   0.8263
39643   0.8324
39659   0.8158
39668   0.8109
39677   0.8323
39686   0.8269
39698   0.8046
39710   0.8197
39722   0.8357
39731   0.8133
39739   0.8028
39749   0.8297
39761   0.8349
39771   0.8150
39777   0.8273
39786   0.8560
39798   0.8475
39808   0.8407
39818   0.8721
39828   0.8887
39834   0.8779
39843   0.8918
39852   0.9639
39859   0.7746
39868   0.6860
39877   0.6666
39887   0.6313
39895   0.6165
39904   0.6212
39909   0.6008
39920   0.5685
39929   0.5728
39937   0.5756
39945   0.5440
39951   0.5262
39960   0.5440
39972   0.5378
39981   0.5085
39991   0.5034
40004   0.5189
40020   0.5069
40029   0.4975
40042   0.5285
40050   0.5376
40057   0.5145
40062   0.5315
40067   0.5683
40076   0.5551
40088   0.5429
40100   0.5866
40112   0.6036
40120   0.5699
40127   0.5725
40139   0.6406
40149   0.6589
40154   0.6156
40164   0.5844
40173   0.5909
40181   0.5756
40190   0.5796
40203   0.5744
40213   0.5533
40222   0.5470
40231   0.5525
40244   0.5358
40253   0.5199
40261   0.5254
40270   0.5224
40282   0.5026
40291   0.5008
40303   0.5033
40310   0.4821
40318   0.4725
40324   0.4837
40333   0.4744
40346   0.4544
40358   0.4607
40366   0.4680
40378   0.4818
40391   0.5161
40401   0.5132
40417   0.5073
40433   0.5316
40445   0.5529
40455   0.5448
40464   0.5488
40473   0.5848
40483   0.5799
40496   0.5586
40508   0.5798
40524   0.6063
40533   0.5934
40540   0.5895
40548   0.6224
40556   0.6317
40565   0.6158
40578   0.6348
40586   0.6642
40595   0.6609
40604   0.6591
40612   0.6855
40621   0.7016
40630   0.6973
40642   0.7095
40651   0.7347
40664   0.7418
40672   0.7389
40685   0.7670
40697   0.7878
40709   0.7794
40719   0.7720
40730   0.7427
40741   0.7497
40749   0.7689
40754   0.7541
40763   0.7415
40779   0.7644
40791   0.7792
40802   0.7621
40811   0.7618
40819   0.7597
40824   0.7354
40833   0.7367
40843   0.7392
40853   0.7532
40863   0.7264
40873   0.7079
40882   0.7328
40892   0.7593
40901   0.7363
40910   0.7292
40915   0.7160
40924   0.7443
40934   0.7510
40946   0.7415
40958   0.7559
40966   0.7579
40974   0.7659
40980   0.7330
40990   0.7093
40999   0.7202
41011   0.7170
41019   0.6818
41031   0.6730
41040   0.6801
41052   0.6566
41060   0.6421
41068   0.6540
41076   0.6456
41083   0.6220
41095   0.6272
41104   0.6284
41113   0.6033
41121   0.5963
41128   0.6035
41137   0.5903
41146   0.5718
41158   0.5773
41167   0.5817
41179   0.5550
41192   0.5464
41204   0.5293
41216   0.5558
41225   0.5601
41237   0.5337
41249   0.5356
41258   0.5625
41268   0.5487
41277   0.5210
41285   0.5349
41294   0.5760
41303   0.5759
41313   0.7301
41321   0.6897
41329   0.6758
41338   0.6630
41350   0.6281
41359   0.6099
41369   0.6048
41381   0.5837
41390   0.5572
41400   0.5493
41413   0.5427
41425   0.5167
41437   0.5015
41447   0.5005
41456   0.4828
41468   0.4561
41476   0.4576
41488   0.4568
41497   0.4326
41513   0.4216
41529   0.4253
41538   0.4196
41547   0.4001
41557   0.3971
41566   0.4074
41578   0.3982
41587   0.3970
41596   0.3885
41606   0.3925
41615   0.4036
41623   0.3971
41630   0.3954
41637   0.4125
41650   0.4161
41659   0.4058
41668   0.4143
41684   0.4335
41692   0.4293
41700   0.4226
41708   0.4363
41718   0.4430
41728   0.4406
41736   0.4456
41743   0.4424
41752   0.4430
41764   0.4292
41775   0.4233
41788   0.4246
41796   0.4188
41808   0.4113
41817   0.4148
41826   0.4156
41833   0.4020
41849   0.4024
41855   0.4093
41867   0.4001
41873   0.3922
41881   0.4021
41889   0.4061
41902   0.4008
41908   0.4179
41918   0.4112
41927   0.3979
41939   0.4097
41951   0.4198
41957   0.4101
41963   0.4094
41970   0.4271
41977   0.4343
41985   0.4242
41992   0.4405
42000   0.4492
42008   0.4411
42024   0.4445
42032   0.4621
42039   0.4660
42047   0.4591
42056   0.4732
42065   0.4912
42073   0.4882
42080   0.4894
42090   0.5128
42099   0.5238
42108   0.5134
42121   0.5266
42133   0.5494
42142   0.5616
42154   0.5711
42162   0.5520
42171   0.5383
42180   0.5297
42188   0.5429
42198   0.5571
42209   0.5393
42221   0.5378
42228   0.5154
42236   0.5165
42247   0.5006
42254   0.5130
42261   0.5392
42269   0.5727
42277   0.6047
42288   0.6261
42298   0.6049
42309   0.5989
42321   0.6441
42329   0.6969
42340   0.6419
42348   0.6254
42356   0.5843
42365   0.6099
42377   0.6704
42387   0.6616
42396   0.6489
42407   0.7421
42417   0.7854
42424   0.7696
42433   0.7476
42442   0.6541
42455   0.5888
42462   0.5359
42467   0.5030
42475   0.4867
42483   0.4957
42491   0.4900
42499   0.4843
42507   0.4771
42517   0.4648
42533   0.4621
42541   0.4628
42546   0.4785
42555   0.4825
42567   0.4879
42577   0.5071
42584   0.5022
42590   0.5213
42598   0.5259
42607   0.5187
42616   0.5146
42624   0.4900
42637   0.4962
42646   0.4916
42658   0.4786
42669   0.4762
42680   0.4658
42689   0.4552
42698   0.4491
42707   0.4519
42716   0.4462
42722   0.4289
42731   0.4262
42740   0.4363
42746   0.4262
42758   0.4175
42768   0.4320
42776   0.4374
42784   0.4258
42792   0.4307
42805   0.4458
42817   0.4379
42829   0.4282
42841   0.4454
42851   0.4405
42864   0.4207
42877   0.4223
42889   0.4474
42894   0.4414
42906   0.4240
42917   0.4189
42928   0.4069
42937   0.4168
42945   0.4052
42950   0.4303
42958   0.4081
42966   0.3949
42973   0.4207
42983   0.4112
42991   0.4104
43000   0.4013
43012   0.4173
43024   0.4063
43033   0.3992
43042   0.4079
43050   0.4087
43062   0.4227
43071   0.4066
43083   0.3901
43092   0.4054
43101   0.4161
43110   0.4012
43115   0.3794
43124   0.3855
43133   0.3800
43144   0.3678
43151   0.3662
43157   0.3741
43167   0.3661
43180   0.3582
43192   0.3678
43200   0.3726
43211   0.3643
43224   0.3636
43236   0.3713
43248   0.3634
43261   0.3560
43271   0.3551
43283   0.3629
43288   0.3529
43297   0.3504
43307   0.3442
43315   0.3520
43322   0.3643
43334   0.3647
43343   0.3593
43352   0.3702
43359   0.3852
43367   0.3833
43378   0.3775
43386   0.3995
43395   0.4234
43400   0.4182
43412   0.4148
43424   0.4280
43433   0.4299
43442   0.4375
43454   0.4318
43467   0.4179
43473   0.4226
43482   0.4247
43491   0.4104
43503   0.4074
43509   0.4157
43516   0.3980
43532   0.3827
43541   0.3915
43550   0.3953
43555   0.3779
43563   0.3772
43572   0.3905
43585   0.3946
43597   0.4454
43609   0.3866
43621   0.3957
43633   0.3936
43643   0.3881
43649   0.3729
43658   0.3837
43664   0.3928
43674   0.3903
43682   0.3832
43697   0.3950
43705   0.4002
43715   0.3852
43728   0.3867
43735   0.4007
43742   0.4005
43754   0.3945
43763   0.4019
43769   0.4128
43776   0.4074
43785   0.4040
43794   0.4183
43802   0.4262
43814   0.4223
43826   0.4277
43839   0.4386
43851   0.4399
43859   0.4395
43866   0.4456
43875   0.4555
43880   0.4685
43888   0.4744
43895   0.4862
43903   0.5042
43908   0.5045
43916   0.4930
43923   0.4916
43935   0.4816
43944   0.4693
43956   0.4728
43964   0.4846
43980   0.4772
43992   0.5144
44004   0.5540
44014   0.5737
44019   0.5198
44025   0.4777
44038   0.4615
44050   0.4641
44061   0.4470
44070   0.4514
44081   0.4497
44090   0.4295
44099   0.4271
44109   0.4361
44125   0.4312
44134   0.4376
44147   0.4544
44158   0.4579
44166   0.4589
44175   0.4603
44187   0.4511
44196   0.4462
44204   0.4355
44215   0.4189
44223   0.4097
44233   0.4062
44241   0.4000
44249   0.3970
44261   0.3984
44270   0.3951
44278   0.3921
44291   0.3979
44300   0.4007
44312   0.3957
44321   0.3888
44330   0.3965
44339   0.3996
44348   0.3870
44355   0.3900
44361   0.3986
44368   0.3902
44377   0.3800
44389   0.3943
44401   0.4016
44413   0.3898
44422   0.3884
44434   0.4230
44444   0.4389
44453   0.4309
44463   0.4700
44474   0.4276
44484   0.4282
44490   0.4424
44496   0.4452
44504   0.4186
44516   0.3814
44525   0.4079
44534   0.4235
44540   0.3941
44545   0.3915
44554   0.4152
44565   0.4025
44573   0.3997
44583   0.4074
44592   0.4461
44599   0.4745
44608   0.4237
44619   0.4397
44628   0.4922
44637   0.5019
44643   0.5018
44649   0.4687
44656   0.4593
44668   0.4705
44675   0.4525
44687   0.4107
44699   0.4016
44709   0.4018
44717   0.3850
44724   0.3902
44732   0.4166
44741   0.4174
44753   0.4297
44762   0.4399
44774   0.4067
44781   0.3965
44793   0.3732
44800   0.3984
44813   0.3838
44822   0.3429
44831   0.3589
44840   0.3815
44847   0.3421
44857   0.3428
44865   0.3947
44874   0.3925
44883   0.3578
44895   0.3580
44902   0.3543
44915   0.3716
44924   0.3672
44936   0.3392
44952   0.3382
44964   0.3431
44972   0.3294
44981   0.3221
44989   0.3324
44998   0.3273
45007   0.3178
45019   0.3185
45028   0.3250
45036   0.3295
45041   0.3304
45049   0.3473
45057   0.3579
45069   0.3844
45078   0.3930
45085   0.3791
45094   0.3690
45106   0.3753
45113   0.3702
45122   0.3647
45127   0.3471
45140   0.3498
45149   0.3492
45157   0.3393
45163   0.3361
45170   0.3390
45182   0.3342
45195   0.3321
45207   0.3346
45216   0.3277
45225   0.3237
45237   0.3403
45242   0.3692
45247   0.3551
45256   0.3490
45265   0.3487
45274   0.3473
45283   0.3573
45292   0.4302
45300   0.3930
45309   0.3897
45319   0.3846
45326   0.3901
45335   0.3814
45344   0.3860
45356   0.3919
45369   0.3828
45385   0.3827
45394   0.3969
45410   0.3926
45419   0.3838
45428   0.4008
45434   0.4114
45447   0.3971
45458   0.3958
45466   0.4266
45478   0.4251
45486   0.4078
45495   0.4200
45503   0.4394
45512   0.4324
45522   0.4341
45533   0.4556
45542   0.4655
45551   0.4554
45558   0.4648
45567   0.4834
45572   0.4778
45578   0.4804
45585   0.4968
45590   0.5131
45603   0.5350
45612   0.5666
45617   0.5451
45623   0.5106
45632   0.5317
45640   0.5447
45652   0.5584
45663   0.5692
45670   0.5234
45677   0.5048
45693   0.4742
45702   0.4655
45711   0.4621
45723   0.4657
45729   0.4482
45741   0.4699
45748   0.4871
45757   0.4943
45763   0.5055
45770   0.5234
45778   0.5407
45786   0.5181
45796   0.5507
45801   0.5297
45814   0.6232
45826   0.6918
45834   0.9092
45842   1.0860
45852   1.0146
45861   0.8274
45870   0.9329
45877   0.8574
45889   0.6437
45896   0.6177
45906   0.5728
45914   0.5219
45922   0.4957
45929   0.4640
45934   0.4537
45944   0.4398
45950   0.3900
45955   0.3746
45964   0.3773
45973   0.3763
45989   0.3785
45998   0.3762
46005   0.3697
46014   0.3644
46021   0.3626
46033   0.3574
46039   0.3569
46051   0.3615
46060   0.3569
46069   0.3519
46078   0.3578
46090   0.3665
46102   0.3677
46114   0.3690
46122   0.3769
46134   0.3920
46143   0.3998
46150   0.3854
46163   0.3992
46176   0.3868
46188   0.3772
46197   0.3827
46209   0.3781
46217   0.3661
46225   0.3685
46231   0.3709
46240   0.3589
46249   0.3485
46259   0.3578
46265   0.3592
46272   0.3477
46284   0.3399
46293   0.3591
46302   0.3818
46308   0.3703
46315   0.3609
46327   0.3784
46332   0.3973
46338   0.3869
46348   0.3828
46357   0.4026
46369   0.4172
46381   0.4021
46387   0.4086
46395   0.4377
46404   0.4428
46412   0.4305
46422   0.4450
46428   0.4715
46436   0.4646
46446   0.4558
46452   0.4767
46464   0.4940
46473   0.4779
46483   0.4762
46493   0.4969
46503   0.4968
46513   0.4789
46523   0.4830
46530   0.4938
46539   0.4837
46548   0.4739
46560   0.4780
46569   0.4786
46579   0.4705
46591   0.4665
46603   0.4554
46612   0.4573
46621   0.4515
46633   0.4366
46642   0.4323
46652   0.4493
46658   0.4369
46670   0.4213
46682   0.4576
46694   0.4823
46704   0.4709
46717   0.4917
46727   0.5611
46737   0.5814
46742   0.5916
46752   0.6487
46762   0.7386
46774   0.7568
46783   0.7937
46792   0.8463
46799   0.8787
46808   0.8879
46816   1.0201
46828   1.0926
46838   1.0586
46845   1.0921
46850   1.1852
46860   1.1879
46865   1.2239
46877   1.2794
46886   1.2022
46895   1.1969
46907   1.0845
46917   0.9580
46925   0.8262
46932   0.8004
46942   0.7919
46952   0.7005
46961   0.5950
46970   0.5197
46980   0.4921
46992   0.4693
47002   0.4853
47008   0.4941
47017   0.4893
47027   0.4819
47039   0.4782
47049   0.4400
47055   0.4071
47065   0.4284
47070   0.4108
47080   0.4140
47090   0.4523
47100   0.4119
47112   0.3801
47128   0.3621
47144   0.3696
47155   0.3591
47163   0.3371
47179   0.3263
47187   0.3246
47196   0.3181
47208   0.3082
47214   0.3223
47221   0.3316
47230   0.2994
47238   0.2946
47250   0.3029
47257   0.3460
47262   0.3651
47271   0.4011
47284   0.3963
47297   0.3937
47306   0.3928
47318   0.3865
47328   0.4783
47336   0.5056
47345   0.5247
47352   0.5387
47362   0.6897
47372   0.6845
47384   0.5520
47392   0.4935
47408   0.4813
47416   0.4831
47425   0.4695
47437   0.4511
47446   0.4489
47452   0.4471
47460   0.4291
47468   0.4214
47477   0.4247
47484   0.4145
47496   0.4000
47504   0.4033
47512   0.4020
47528   0.3859
47537   0.3815
47548   0.3895
47555   0.3794
47564   0.3650
47571   0.3753
47583   0.3667
47593   0.3443
47605   0.3576
47614   0.3689
47623   0.3535
47632   0.3470
47639   0.3646
47647   0.3653
47655   0.3533
47664   0.3585
47676   0.3745
47685   0.3734
47695   0.3624
47707   0.3803
47714   0.3922
47723   0.3818
47732   0.3873
47740   0.4106
47752   0.4148
47762   0.4085
47771   0.4328
47781   0.4562
47791   0.4503
47796   0.4266
47807   0.4044
47814   0.3952
47822   0.4042
47830   0.4221
47842   0.4069
47852   0.3748
47859   0.3822
47868   0.3910
47880   0.3770
47889   0.3824
47902   0.4079
47915   0.4131
47927   0.5058
47938   0.6983
47950   0.6909
47959   0.5795
47967   0.5029
47973   0.5042
47980   0.5706
47989   0.5103
47998   0.4317
48007   0.4532
48016   0.5362
48023   0.5222
48033   0.4238
48042   0.3915
48054   0.4237
48066   0.3509
48075   0.3759
48084   0.3698
48094   0.3640
48103   0.3570
48113   0.3581
48123   0.3695
48130   0.3716
48140   0.3683
48150   0.3802
48162   0.4029
48175   0.3999
48183   0.4014
48192   0.4124
48203   0.4200
48211   0.4359
48223   0.4186
48235   0.4118
48244   0.4218
48253   0.4096
48262   0.3819
48274   0.3716
48287   0.3800
48293   0.3668
48302   0.3468
48315   0.3441
48326   0.3539
48334   0.3428
48343   0.3299
48351   0.3366
48357   0.3414
48369   0.3287
48376   0.3192
48386   0.3212
48395   0.3179
48403   0.3085
48410   0.3101
48423   0.3093
48435   0.3072
48443   0.3128
48452   0.3209
48461   0.3243
48470   0.3264
48481   0.3374
48493   0.3432
48502   0.3467
48510   0.3454
48517   0.3511
48523   0.3510
48530   0.3549
48539   0.3512
48548   0.3538
48556   0.3513
48565   0.3461
48574   0.3418
48582   0.3493
48590   0.3414
48599   0.3306
48608   0.3303
48617   0.3336
48629   0.3297
48638   0.3279
48654   0.3344
48660   0.3395
48669   0.3430
48678   0.3211
48685   0.3117
48692   0.3180
48700   0.3186
48711   0.3245
48719   0.3221
48726   0.3188
48738   0.3322
48750   0.3283
48762   0.3129
48778   0.3139
48787   0.3315
48796   0.3154
48802   0.3020
48811   0.3209
48819   0.3249
48832   0.3119
48840   0.3103
48850   0.3312
48858   0.3299
48864   0.3199
48873   0.3313
48881   0.3458
48889   0.3401
48899   0.3350
48912   0.3592
48924   0.3682
48936   0.3544
48948   0.3616
48960   0.3929
48965   0.3996
48977   0.4193
48988   0.5086
48996   0.5365
49012   0.4860
49023   0.4280
49033   0.4362
49042   0.4381
49051   0.4213
49061   0.4489
49070   0.4770
49083   0.5503
49093   0.5288
49103   0.4542
49114   0.4268
49122   0.3943
49135   0.3620
49146   0.3744
49153   0.3819
49161   0.3897
49172   0.3781
49181   0.3657
49190   0.3771
49195   0.3526
49203   0.3573
49213   0.3761
49223   0.3894
49233   0.4341
49243   0.4265
49248   0.3926
49261   0.3390
49269   0.3352
49278   0.3317
49291   0.3284
49300   0.3275
49309   0.3296
49318   0.3270
49330   0.3268
49339   0.3294
49348   0.3311
49354   0.3309
49363   0.3255
49375   0.3236
49387   0.3240
49399   0.3190
49411   0.3181
49418   0.3196
49427   0.3235
49436   0.3209
49446   0.3216
49453   0.3279
49465   0.3299
49470   0.3655
49479   0.3370
49495   0.3436
49504   0.4861
49514   0.4446
49526   0.4433
49535   0.3472
49548   0.3408
49555   0.3389
49563   0.3184
49572   0.3097
49584   0.3149
49596   0.3055
49608   0.2939
49620   0.3002
49633   0.3022
49642   0.2901
49651   0.2892
49660   0.3054
49671   0.3121
49679   0.3221
49688   0.3228
49701   0.3587
49708   0.3554
49714   0.3225
49722   0.3502
49730   0.3404
49739   0.3520
49747   0.3542
49760   0.3587
49768   0.3622
49777   0.3529
49786   0.3547
49798   0.3653
49807   0.3624
49813   0.3496
49822   0.3665
49830   0.3847
49838   0.3705
49847   0.3648
49859   0.3943
49868   0.4038
49877   0.3757
49886   0.3893
49894   0.4481
49906   0.4341
49911   0.3972
49923   0.4486
49939   0.4911
49945   0.4605
49957   0.4299
49962   0.4277
49972   0.4443
49984   0.4282
49991   0.4569
49997   0.5800
50003   0.6217
50009   0.6734
50018   0.6988
50027   0.6783
50035   0.6080
50042   0.5938
50049   0.4955
50058   0.4168
50065   0.4575
50075   0.3920
50084   0.3851
50096   0.3775
50103   0.3796
50111   0.3860
50115   0.3778
50123   0.3648
50135   0.3681
50144   0.3714
50152   0.3593
50161   0.3548
50169   0.3567
50178   0.3486
50187   0.3408
50199   0.3416
50211   0.3411
50216   0.3307
50224   0.3242
50233   0.3328
50241   0.3305
50249   0.3141
50258   0.3120
50270   0.3119
50276   0.3103
50285   0.2958
50298   0.2930
50307   0.3127
50319   0.3098
50329   0.3082
50337   0.2984
50345   0.2908
50354   0.3037
50359   0.3073
50369   0.3009
50377   0.3084
50386   0.3226
50398   0.3217
50410   0.3187
50418   0.3316
50427   0.3379
50436   0.3328
50444   0.3411
50456   0.3546
50461   0.3498
50470   0.3519
50482   0.3688
50494   0.3764
50510   0.3775
50519   0.3833
50531   0.3961
50543   0.4061
50552   0.4087
50560   0.4181
50568   0.4410
50573   0.4462
50581   0.4560
50589   0.3749
50599   0.3775
50611   0.4089
50621   0.4552
50633   0.4451
50640   0.4098
50652   0.4949
50663   0.4449
50672   0.4343
50680   0.4223
50686   0.4086
50698   0.4085
50707   0.3967
50723   0.3784
50736   0.3753
50748   0.3750
50756   0.3669
50766   0.3574
50773   0.3608
50781   0.3554
50794   0.3422
50806   0.3428
50811   0.3421
50820   0.3258
50827   0.3224
50833   0.3324
50846   0.3219
50858   0.3074
50867   0.3182
50879   0.3228
50886   0.3031
50891   0.3060
50903   0.3188
50911   0.3191
50919   0.3152
50931   0.2942
50939   0.3133
50948   0.3291
50953   0.2987
50964   0.3362
50976   0.3136
50985   0.3292
50993   0.3745
51003   0.4088
51010   0.4138
51023   0.3947
51034   0.3968
51047   0.3828
51055   0.3583
51066   0.3429
51075   0.3359
51087   0.3312
51096   0.3126
51108   0.2999
51120   0.3023
51125   0.2987
51137   0.2836
51149   0.2869
51158   0.2806
51165   0.2750
51173   0.2717
51185   0.2811
51194   0.2749
51202   0.2698
51212   0.2638
51221   0.2657
51233   0.2667
51239   0.2644
51247   0.2598
51256   0.2648
51265   0.2710
51281   0.2703
51289   0.2722
51305   0.2723
51313   0.2834
51322   0.2809
51330   0.2984
51338   0.3037
51347   0.3037
51354   0.2894
51363   0.2872
51370   0.2927
51377   0.2865
51393   0.2761
51402   0.2785
51409   0.2830
51417   0.2784
51427   0.2725
51436   0.2763
51445   0.2758
51458   0.2682
51464   0.2672
51476   0.2759
51485   0.2712
51497   0.2683
51506   0.2727
51515   0.2776
51525   0.2744
51532   0.2770
51548   0.2839
51560   0.2884
51570   0.2871
51577   0.2894
51587   0.2990
51597   0.3050
51609   0.3091
51621   0.3177
51629   0.3269
51640   0.3400
51648   0.3760
51660   0.4106
51665   0.3911
51677   0.4154
51687   0.3941
51697   0.3978
51707   0.4093
51717   0.4155
51723   0.3815
51731   0.3663
51741   0.3834
51754   0.3751
51759   0.3465
51768   0.3485
51773   0.3582
51778   0.3447
51787   0.3290
51796   0.3327
51805   0.3413
51813   0.3311
51822   0.3256
51831   0.3302
51840   0.3344
51847   0.3365
51856   0.3390
51864   0.3408
51880   0.3504
51891   0.3691
51899   0.3577
51908   0.3692
51917   0.3970
51929   0.4059
51938   0.4119
51945   0.4411
51954   0.4757
51963   0.4753
51973   0.4649
51980   0.4624
51988   0.4545
51994   0.4602
51999   0.4830
52007   0.5069
52016   0.5200
52027   0.5300
52038   0.5276
52046   0.5311
52055   0.5259
52064   0.5210
52072   0.5073
52079   0.5033
52087   0.4865
52095   0.4852
52104   0.4839
52112   0.4868
52121   0.4840
52126   0.4890
52131   0.4855
52144   0.4999
52155   0.4984
52163   0.4971
52172   0.4962
52184   0.4943
52192   0.5230
52201   0.5204
52208   0.5448
52214   0.5435
52226   0.5513
52238   0.5809
52245   0.5636
52257   0.5555
52266   0.6069
52276   0.6014
52284   0.6150
52293   0.6524
52302   0.6698
52313   0.6803
52320   0.6485
52330   0.6414
52343   0.6791
52354   0.6643
52364   0.6270
52376   0.6584
52385   0.6798
52395   0.6442
52402   0.6487
52414   0.6943
52418   0.7154
52426   0.7861
52437   0.7804
52444   0.6963
52449   0.6701
52455   0.6679
52464   0.6372
52476   0.6059
52488   0.6012
52497   0.6099
52507   0.5946
52518   0.5771
52531   0.5843
52541   0.5941
52553   0.6038
52563   0.5821
52572   0.5751
52580   0.5691
52588   0.5942
52596   0.6192
52602   0.5981
52612   0.5715
52621   0.5817
52631   0.5875
52636   0.5489
52647   0.6254
52654   0.5697
52665   0.5329
52672   0.5226
52681   0.5033
52697   0.5011
52705   0.5008
52714   0.5103
52720   0.5284
52727   0.5324
52735   0.5160
52742   0.5229
52752   0.5411
52764   0.5395
52774   0.5303
52783   0.5416
52792   0.5731
52804   0.5634
52814   0.5428
52823   0.5872
52831   0.5993
52839   0.5724
52847   0.5622
52858   0.5489
52865   0.5301
52872   0.5070
52884   0.5057
52891   0.4953
52899   0.4886
52907   0.4920
52919   0.4895
52926   0.5028
52942   0.5033
52949   0.5116
52958   0.5136
52970   0.5148
52982   0.5128
52993   0.5064
53002   0.5086
53010   0.5009
53019   0.4730
53024   0.5076
53030   0.4962
53040   0.5028
53046   0.5029
53056   0.5076
53065   0.5176
53071   0.5047
53079   0.5091
53088   0.4872
53098   0.4998
53107   0.4976
53114   0.5259
53125   0.5327
53133   0.5328
53142   0.5679
53148   0.5954
53156   0.6349
53162   0.6168
53170   0.6098
53182   0.5987
53193   0.5946
53200   0.5890
53209   0.5854
53215   0.5942
53225   0.5974
53234   0.5877
53243   0.6069
53249   0.6527
53254   0.6385
53265   0.6454
53274   0.6667
53282   0.6939
53292   0.7197
53299   0.7487
53306   0.6782
53317   0.6423
53324   0.6182
53332   0.6107
53340   0.5979
53348   0.5807
53357   0.5723
53367   0.5820
53377   0.5635
53386   0.5773
53398   0.5906
53406   0.5944
53419   0.5769
53432   0.5575
53440   0.5584
53450   0.5399
53455   0.5521
53463   0.5482
53470   0.5465
53479   0.5316
53486   0.5384
53497   0.5427
53504   0.5549
53513   0.5624
53521   0.5815
53530   0.6023
53540   0.6195
53552   0.6178
53561   0.6180
53570   0.6624
53577   0.6462
53587   0.6502
53598   0.6112
53609   0.5871
53621   0.5733
53630   0.5730
53641   0.5688
53650   0.5848
53658   0.5804
53667   0.6187
53676   0.6239
53685   0.6378
53697   0.6492
53709   0.7327
53718   0.8036
53729   0.8485
53737   0.7996
53745   0.7266
53755   0.6345
53762   0.5994
53773   0.5642
53780   0.5452
53790   0.5296
53806   0.5403
53822   0.5378
53830   0.5428
53839   0.5659
53850   0.5703
53859   0.5871
53867   0.6123
53872   0.6255
53879   0.6609
53891   0.6965
53900   0.7160
53912   0.7805
53923   0.6911
53935   0.6061
53940   0.6105
53947   0.5841
53959   0.5734
53965   0.5813
53974   0.5778
53984   0.5872
53993   0.5713
54001   0.5545
54009   0.5612
54021   0.5614
54032   0.5683
54041   0.5783
54051   0.5572
54059   0.5364
54065   0.5106
54072   0.5014
54080   0.4536
54087   0.4583
54096   0.4546
54101   0.4592
54113   0.4544
54122   0.4503
54128   0.4395
54133   0.4366
54146   0.4169
54151   0.4008
54160   0.3897
54169   0.3761
54174   0.3615
54183   0.3546
54196   0.3475
54202   0.3359
54209   0.3287
54217   0.3222
54225   0.3174
54234   0.3086
54242   0.3078
54251   0.3022
54256   0.2958
54266   0.2982
54278   0.2975
54286   0.2920
54298   0.2935
54308   0.2994
54320   0.2912
54332   0.2893
54339   0.2957
54344   0.2885
54353   0.2846
54360   0.2959
54372   0.2687
54379   0.2630
54388   0.2753
54397   0.2673
54409   0.2605
54419   0.2665
54429   0.2840
54437   0.2981
54445   0.2783
54456   0.2901
54464   0.2867
54473   0.2934
54485   0.2889
54494   0.2740
54503   0.2726
54513   0.2814
54522   0.2788
54529   0.2721
54537   0.2713
54546   0.2784
54555   0.2752
54567   0.2744
54576   0.2798
54584   0.2812
54596   0.2820
54606   0.2865
54614   0.2872
54619   0.2948
54629   0.2824
54638   0.2880
54648   0.2808
54657   0.2748
54667   0.2820
54677   0.2815
54686   0.2741
54695   0.2763
54708   0.2846
54714   0.2803
54724   0.2779
54733   0.2857
54742   0.2918
54754   0.2933
54763   0.2905
54776   0.2820
54788   0.2807
54794   0.2808
54802   0.2882
54812   0.2876
54820   0.2806
54829   0.2830
54838   0.2901
54848   0.2896
54864   0.2877
54872   0.2928
54884   0.3437
54894   0.4115
54904   0.4663
54912   0.5782
