    2   1.0304
    7   0.9731
   16   0.9224
   25   0.9184
   37   0.9191
   49   0.9988
   58   0.9938
   67   0.9694
   75   1.0107
   83   1.0327
   92   0.9971
   99   1.0006
  108   1.0459
  114   1.0408
  122   1.0138
  128   1.0387
  135   1.0641
  141   1.0522
  153   1.0425
  165   1.0404
  178   1.0391
  189   1.0459
  194   1.0389
  203   1.0208
  210   1.0181
  222   1.0152
  230   0.9981
  243   0.9895
  252   0.9927
  261   0.9843
  274   0.9646
  283   0.9590
  292   0.9693
  301   0.9522
  309   0.9319
  317   0.9528
  326   0.9676
  338   0.9626
  345   0.9551
  354   0.9866
  362   1.0038
  370   0.9413
  380   0.9674
  386   1.0084
  394   1.0083
  403   0.9943
  415   1.0117
  420   1.0208
  432   1.0065
  440   1.0061
  445   1.0251
  457   1.0255
  466   1.0155
  475   1.0282
  487   1.0440
  494   1.0341
  503   1.0384
  510   1.0559
  519   1.0555
  527   1.0472
  534   1.0660
  543   1.0784
  550   1.0691
  562   1.0759
  571   1.0996
  580   1.1017
  589   1.0972
  601   1.1184
  610   1.1361
  619   1.1327
  631   1.1109
  643   1.0787
  652   1.0796
  660   1.1067
  672   1.0991
  679   1.0793
  687   1.0651
  696   1.0677
  705   1.0594
  710   1.0446
  719   1.0437
  731   1.0411
  740   1.0283
  746   1.0277
  753   1.0324
  762   1.0172
  770   1.0113
  779   1.0204
  795   1.0163
  804   1.0048
  812   1.0073
  819   1.0133
  831   1.0180
  839   0.9257
  848   0.9081
  860   0.8603
  872   0.8611
  884   0.8703
  890   0.8386
  897   0.8239
  905   0.8438
  911   0.8393
  918   0.8110
  928   0.8159
  937   0.8322
  947   0.8147
  957   0.7968
  969   0.8171
  978   0.8235
  983   0.7986
  994   0.7964
 1003   0.8230
 1012   0.8154
 1020   0.7853
 1028   0.8048
 1034   0.8266
 1039   0.7996
 1049   0.7858
 1057   0.8169
 1065   0.8259
 1073   0.7947
 1081   0.7959
 1090   0.8250
 1099   0.8191
 1108   0.7929
 1113   0.8098
 1120   0.8359
 1127   0.8156
 1132   0.7997
 1141   0.8321
 1150   0.8483
 1158   0.8438
 1166   0.8383
 1173   0.8246
 1182   0.8584
 1190   0.8599
 1197   0.8229
 1203   0.8306
 1211   0.8296
 1224   0.7979
 1236   0.7967
 1248   0.8163
 1256   0.7964
 1268   0.7752
 1277   0.7938
 1282   0.7996
 1291   0.7741
 1298   0.7763
 1306   0.8003
 1322   0.7897
 1338   0.7782
 1345   0.7790
 1361   0.7831
 1368   0.7993
 1380   0.8067
 1388   0.8264
 1400   0.8474
 1408   0.8554
 1416   0.8888
 1425   0.8834
 1434   0.8549
 1446   0.8755
 1451   0.8980
 1458   0.8723
 1467   0.8638
 1474   0.8981
 1482   0.9028
 1491   0.8771
 1500   0.8921
 1506   0.9242
 1515   0.9106
 1527   0.8976
 1535   0.9314
 1541   0.9458
 1546   0.9210
 1558   0.9328
 1567   0.9669
 1576   0.9640
 1581   0.9461
 1590   0.9820
 1603   1.0170
 1612   0.9979
 1625   0.9518
 1637   0.9441
 1649   0.9821
 1661   1.0208
 1673   1.0413
 1685   1.0755
 1697   1.0876
 1707   1.0601
 1713   1.0568
 1720   1.1393
 1727   1.0828
 1735   1.1177
 1746   1.1137
 1755   1.1054
 1768   1.1454
 1781   1.2057
 1797   1.1515
 1810   1.0513
 1822   0.9443
 1834   0.8953
 1840   0.8822
 1850   0.8990
 1858   0.8986
 1867   0.8764
 1876   0.8824
 1885   0.8986
 1894   0.8804
 1902   0.8679
 1911   0.8877
 1924   0.8891
 1937   0.8614
 1945   0.8677
 1954   0.8906
 1960   0.8728
 1968   0.8550
 1977   0.8758
 1986   0.8828
 1998   0.8518
 2007   0.8523
 2023   0.8858
 2032   0.9004
 2044   0.9261
 2054   0.9321
 2060   0.8806
 2068   0.7373
 2080   0.7101
 2092   0.7176
 2104   0.7313
 2113   0.7091
 2122   0.7030
 2132   0.7181
 2144   0.7274
 2151   0.6730
 2164   0.6210
 2173   0.6587
 2180   0.6441
 2186   0.5867
 2195   0.6080
 2204   0.6367
 2210   0.6079
 2219   0.5926
 2228   0.6304
 2234   0.6367
 2250   0.6062
 2257   0.6127
 2266   0.6528
 2274   0.6382
 2287   0.6238
 2299   0.6267
 2306   0.6245
 2322   0.6190
 2331   0.5977
 2339   0.6052
 2351   0.6192
 2359   0.5957
 2368   0.5866
 2377   0.6025
 2386   0.5973
 2402   0.5737
 2409   0.5815
 2416   0.5885
 2424   0.5630
 2433   0.5574
 2449   0.5747
 2458   0.5782
 2467   0.5902
 2479   0.6185
 2490   0.6214
 2502   0.6530
 2514   0.6615
 2524   0.6356
 2537   0.6465
 2543   0.6810
 2552   0.6658
 2561   0.6449
 2568   0.6727
 2574   0.6806
 2582   0.6538
 2594   0.6600
 2603   0.6877
 2611   0.6847
 2619   0.6718
 2632   0.6886
 2638   0.7123
 2649   0.6970
 2658   0.6886
 2667   0.7225
 2676   0.7366
 2684   0.7183
 2693   0.7279
 2705   0.7643
 2718   0.7664
 2727   0.7513
 2743   0.7754
 2750   0.8017
 2762   0.8200
 2772   0.8047
 2780   0.7995
 2788   0.7727
 2798   0.7615
 2807   0.7575
 2817   0.8455
 2827   0.7496
 2834   0.7172
 2842   0.7089
 2847   0.6501
 2859   0.6670
 2868   0.6782
 2878   0.7024
 2888   0.7032
 2898   0.7217
 2907   0.7527
 2915   0.7397
 2920   0.7097
 2930   0.7506
 2939   0.7425
 2945   0.7066
 2952   0.7138
 2962   0.7357
 2971   0.7189
 2980   0.6971
 2992   0.7127
 3000   0.7285
 3009   0.7053
 3017   0.6939
 3029   0.7233
 3045   0.7257
 3054   0.6988
 3063   0.7109
 3072   0.7313
 3084   0.7163
 3096   0.7067
 3108   0.7278
 3117   0.7329
 3125   0.7163
 3135   0.7259
 3147   0.7436
 3157   0.7359
 3163   0.7316
 3172   0.7528
 3184   0.7605
 3194   0.7504
 3204   0.7625
 3214   0.7845
 3220   0.7862
 3229   0.7857
 3238   0.8422
 3245   0.6554
 3254   0.6214
 3263   0.6080
 3273   0.6008
 3281   0.5764
 3290   0.5584
 3295   0.5533
 3306   0.5422
 3315   0.5212
 3323   0.5120
 3331   0.5089
 3337   0.4965
 3346   0.4848
 3358   0.4815
 3367   0.4797
 3377   0.4684
 3390   0.4564
 3406   0.4450
 3415   0.4568
 3428   0.4687
 3436   0.4550
 3443   0.4492
 3448   0.4715
 3453   0.4789
 3462   0.4630
 3474   0.4715
 3486   0.5045
 3498   0.4992
 3506   0.4801
 3513   0.4920
 3525   0.4711
 3535   0.4696
 3540   0.4648
 3550   0.4693
 3559   0.4699
 3567   0.4710
 3576   0.4666
 3589   0.4609
 3599   0.4557
 3608   0.4547
 3617   0.4548
 3630   0.4485
 3639   0.4451
 3647   0.4487
 3656   0.4489
 3668   0.4426
 3677   0.4461
 3689   0.4492
 3696   0.4470
 3704   0.4437
 3710   0.4509
 3719   0.4574
 3732   0.4565
 3744   0.4673
 3752   0.4505
 3764   0.4444
 3777   0.4344
 3787   0.4420
 3803   0.4624
 3819   0.4513
 3831   0.5267
 3841   0.4956
 3850   0.4462
 3859   0.4512
 3869   0.4574
 3882   0.4498
 3894   0.4465
 3910   0.4549
 3919   0.4580
 3926   0.4516
 3934   0.4587
 3942   0.4718
 3951   0.4669
 3964   0.4712
 3972   0.4870
 3981   0.4847
 3990   0.4828
 3998   0.5030
 4007   0.5090
 4016   0.4987
 4028   0.5045
 4037   0.5248
 4050   0.5268
 4058   0.5236
 4071   0.5431
 4083   0.5691
 4095   0.5519
 4105   0.5532
 4116   0.5285
 4127   0.5329
 4135   0.5573
 4140   0.5466
 4149   0.5350
 4165   0.5623
 4177   0.5845
 4188   0.5712
 4197   0.5683
 4205   0.5815
 4210   0.5388
 4219   0.5467
 4229   0.5410
 4239   0.5273
 4249   0.4994
 4259   0.4946
 4268   0.5011
 4278   0.4891
 4287   0.4751
 4296   0.4846
 4301   0.4958
 4310   0.5121
 4320   0.5379
 4332   0.5241
 4344   0.5341
 4352   0.5392
 4360   0.5419
 4366   0.5191
 4376   0.5131
 4385   0.5008
 4397   0.4878
 4405   0.4856
 4417   0.4841
 4426   0.4768
 4438   0.4645
 4446   0.4551
 4454   0.4659
 4462   0.4635
 4469   0.4453
 4481   0.4463
 4490   0.4655
 4499   0.4577
 4507   0.4441
 4514   0.4548
 4523   0.4672
 4532   0.4556
 4544   0.4595
 4553   0.4791
 4565   0.4568
 4578   0.4594
 4590   0.4444
 4602   0.4441
 4611   0.4579
 4623   0.4521
 4635   0.4446
 4644   0.4591
 4654   0.4706
 4663   0.4645
 4671   0.4750
 4680   0.5130
 4689   0.5473
 4699   0.7303
 4707   0.6736
 4715   0.7191
 4724   0.6681
 4736   0.6360
 4745   0.6345
 4755   0.6264
 4767   0.5914
 4776   0.5757
 4786   0.5822
 4799   0.5631
 4811   0.5320
 4823   0.5382
 4833   0.5428
 4842   0.5113
 4854   0.4973
 4862   0.5125
 4874   0.5056
 4883   0.4736
 4899   0.4757
 4915   0.4899
 4924   0.4735
 4933   0.4562
 4943   0.4737
 4952   0.4770
 4964   0.4780
 4973   0.4667
 4982   0.4521
 4992   0.4401
 5001   0.4359
 5009   0.4373
 5016   0.4255
 5023   0.4164
 5036   0.4278
 5045   0.4255
 5054   0.4066
 5070   0.4086
 5078   0.4105
 5086   0.4110
 5094   0.4169
 5104   0.4202
 5114   0.4298
 5122   0.4649
 5129   0.4535
 5138   0.4450
 5150   0.4597
 5161   0.4594
 5174   0.4376
 5182   0.4391
 5194   0.4426
 5203   0.4274
 5212   0.4126
 5219   0.4320
 5235   0.4301
 5241   0.4091
 5253   0.4180
 5259   0.4474
 5267   0.4791
 5275   0.4811
 5288   0.4778
 5294   0.4785
 5304   0.4637
 5313   0.4545
 5325   0.4567
 5337   0.4545
 5343   0.4454
 5349   0.4383
 5356   0.4413
 5363   0.4402
 5371   0.4358
 5378   0.4325
 5386   0.4284
 5394   0.4296
 5410   0.4311
 5418   0.4330
 5425   0.4412
 5433   0.4377
 5442   0.4332
 5451   0.4424
 5459   0.4459
 5466   0.4339
 5476   0.4438
 5485   0.4627
 5494   0.4770
 5507   0.5218
 5519   0.5637
 5528   0.6439
 5540   0.6037
 5548   0.5541
 5557   0.5344
 5566   0.5201
 5574   0.5350
 5584   0.5029
 5595   0.4773
 5607   0.4735
 5614   0.4536
 5622   0.4646
 5633   0.4632
 5640   0.4772
 5647   0.4756
 5655   0.4990
 5663   0.5403
 5674   0.5360
 5684   0.5137
 5695   0.5368
 5707   0.5178
 5715   0.5265
 5726   0.4959
 5734   0.4876
 5742   0.4830
 5751   0.4898
 5763   0.5027
 5773   0.4953
 5782   0.5025
 5793   0.4867
 5803   0.4633
 5810   0.4713
 5819   0.4801
 5828   0.4584
 5841   0.4317
 5848   0.4279
 5853   0.4380
 5861   0.5173
 5869   0.4939
 5877   0.5012
 5885   0.5025
 5893   0.4766
 5903   0.4535
 5919   0.4479
 5927   0.4472
 5932   0.4458
 5941   0.4894
 5953   0.4771
 5963   0.5784
 5970   0.5577
 5976   0.5567
 5984   0.5556
 5993   0.5742
 6002   0.5532
 6010   0.5450
 6023   0.5771
 6032   0.5406
 6044   0.5210
 6055   0.4987
 6066   0.4892
 6075   0.4908
 6084   0.4762
 6093   0.4488
 6102   0.4483
 6108   0.4544
 6117   0.4418
 6126   0.4268
 6132   0.4393
 6144   0.4469
 6154   0.4354
 6162   0.4452
 6170   0.4756
 6178   0.4727
 6191   0.4541
 6203   0.4917
 6215   0.5180
 6227   0.4971
 6237   0.5012
 6250   0.5413
 6263   0.5604
 6275   0.5499
 6280   0.5599
 6292   0.6069
 6303   0.5483
 6314   0.5444
 6323   0.5205
 6331   0.5155
 6336   0.4671
 6344   0.5106
 6352   0.4518
 6359   0.5766
 6369   0.5866
 6377   0.4930
 6386   0.4817
 6398   0.4763
 6410   0.4918
 6419   0.4602
 6428   0.4337
 6436   0.3987
 6448   0.4169
 6457   0.4713
 6469   0.4569
 6478   0.3861
 6487   0.3880
 6496   0.3901
 6501   0.3857
 6510   0.3753
 6519   0.3763
 6530   0.3739
 6537   0.3705
 6543   0.3803
 6553   0.3748
 6566   0.3710
 6578   0.3881
 6586   0.3992
 6597   0.3711
 6610   0.3765
 6622   0.4079
 6634   0.3999
 6647   0.3838
 6657   0.3808
 6669   0.4034
 6674   0.4007
 6683   0.3839
 6693   0.3799
 6701   0.3905
 6708   0.3862
 6720   0.3707
 6729   0.3738
 6738   0.3832
 6745   0.3749
 6753   0.3583
 6764   0.3663
 6772   0.3799
 6781   0.3696
 6786   0.3607
 6798   0.3956
 6810   0.4104
 6819   0.3875
 6828   0.3981
 6840   0.3874
 6853   0.3662
 6859   0.3894
 6868   0.4056
 6877   0.3955
 6889   0.3973
 6895   0.4275
 6902   0.4312
 6918   0.4283
 6927   0.4509
 6936   0.4727
 6941   0.4722
 6949   0.4696
 6958   0.5036
 6971   0.5131
 6983   0.5065
 6995   0.5080
 7007   0.4839
 7019   0.5230
 7029   0.5138
 7035   0.4560
 7044   0.4653
 7050   0.4977
 7060   0.4891
 7068   0.4517
 7083   0.4741
 7091   0.4795
 7101   0.4450
 7114   0.4387
 7121   0.4530
 7128   0.4497
 7140   0.4360
 7149   0.4327
 7155   0.4369
 7162   0.4386
 7171   0.4336
 7180   0.4160
 7188   0.4223
 7200   0.4224
 7212   0.4177
 7225   0.4222
 7237   0.4301
 7245   0.4300
 7252   0.4247
 7261   0.4295
 7266   0.4337
 7274   0.4431
 7281   0.4818
 7289   0.4934
 7294   0.4743
 7302   0.4702
 7309   0.4858
 7321   0.4861
 7330   0.4670
 7342   0.4627
 7350   0.4712
 7366   0.4709
 7378   0.4870
 7390   0.5105
 7400   0.5210
 7405   0.5162
 7411   0.4888
 7424   0.4731
 7436   0.4606
 7447   0.4528
 7456   0.4317
 7467   0.4244
 7476   0.4310
 7485   0.4237
 7495   0.4043
 7511   0.4087
 7520   0.4088
 7533   0.4239
 7544   0.4388
 7552   0.4452
 7561   0.4478
 7573   0.4910
 7582   0.4344
 7590   0.4224
 7601   0.4175
 7609   0.4118
 7619   0.4169
 7627   0.4154
 7635   0.4097
 7647   0.4150
 7656   0.4112
 7664   0.3866
 7677   0.4026
 7686   0.4298
 7698   0.4076
 7707   0.3944
 7716   0.4257
 7725   0.4357
 7734   0.4104
 7741   0.4268
 7747   0.4553
 7754   0.4420
 7763   0.4328
 7775   0.4623
 7787   0.4705
 7799   0.4525
 7808   0.4616
 7820   0.4886
 7830   0.4811
 7839   0.4754
 7849   0.4881
 7860   0.5256
 7870   0.5566
 7876   0.5955
 7882   0.5736
 7890   0.6002
 7902   0.6573
 7911   0.6717
 7920   0.6346
 7926   0.5592
 7931   0.5350
 7940   0.4906
 7951   0.4178
 7959   0.4057
 7969   0.3829
 7978   0.4033
 7985   0.4642
 7994   0.4624
 8005   0.4522
 8014   0.5112
 8023   0.4982
 8029   0.4633
 8035   0.5058
 8042   0.5361
 8054   0.6185
 8061   0.6389
 8073   0.6533
 8085   0.5825
 8095   0.4616
 8103   0.4000
 8110   0.3607
 8118   0.3684
 8127   0.3847
 8139   0.3878
 8148   0.3822
 8160   0.4034
 8167   0.4249
 8179   0.4215
 8186   0.3951
 8199   0.3842
 8208   0.3690
 8217   0.3500
 8226   0.3695
 8233   0.3691
 8243   0.3456
 8251   0.3441
 8260   0.3525
 8269   0.3628
 8281   0.3604
 8288   0.3365
 8301   0.3374
 8310   0.3388
 8322   0.3277
 8338   0.3310
 8350   0.3278
 8358   0.3243
 8367   0.3214
 8375   0.3266
 8384   0.3316
 8393   0.3227
 8405   0.3237
 8414   0.3353
 8422   0.3333
 8427   0.3280
 8435   0.3379
 8443   0.3432
 8455   0.3460
 8464   0.3569
 8471   0.3547
 8480   0.3478
 8492   0.3350
 8499   0.3338
 8508   0.3355
 8513   0.3333
 8526   0.3348
 8535   0.3355
 8543   0.3448
 8549   0.3415
 8556   0.3430
 8568   0.3441
 8581   0.3510
 8593   0.3522
 8602   0.3631
 8611   0.3617
 8623   0.3692
 8628   0.3600
 8633   0.3494
 8642   0.3477
 8651   0.3430
 8660   0.3390
 8669   0.3366
 8678   0.3440
 8686   0.3437
 8695   0.3573
 8705   0.3490
 8712   0.3376
 8721   0.3395
 8730   0.3454
 8742   0.3410
 8755   0.3361
 8771   0.3400
 8780   0.3469
 8796   0.3402
 8805   0.3417
 8814   0.3581
 8820   0.3571
 8833   0.3570
 8844   0.3554
 8852   0.3557
 8864   0.3601
 8872   0.3697
 8881   0.3748
 8889   0.3722
 8898   0.3780
 8908   0.3686
 8919   0.3631
 8928   0.3737
 8937   0.3761
 8944   0.3732
 8953   0.3807
 8958   0.3830
 8964   0.3913
 8971   0.3965
 8976   0.3948
 8989   0.4295
 8998   0.4499
 9003   0.4352
 9009   0.4452
 9018   0.4880
 9026   0.4975
 9038   0.4883
 9049   0.4579
 9056   0.4467
 9063   0.4148
 9079   0.4122
 9088   0.3844
 9097   0.4044
 9109   0.4281
 9115   0.4019
 9127   0.3934
 9134   0.3831
 9143   0.3867
 9149   0.4154
 9156   0.4423
 9164   0.4864
 9172   0.5519
 9182   0.6344
 9187   0.6832
 9200   0.6356
 9212   0.6352
 9220   0.7049
 9228   0.7091
 9238   0.7620
 9247   0.7141
 9256   0.6154
 9263   0.6414
 9275   0.7052
 9282   0.6310
 9292   0.5323
 9300   0.5183
 9308   0.5295
 9315   0.4334
 9320   0.4115
 9330   0.3639
 9336   0.3436
 9341   0.3567
 9350   0.3496
 9359   0.3406
 9375   0.3439
 9384   0.3438
 9391   0.3398
 9400   0.3352
 9407   0.3361
 9419   0.3370
 9425   0.3329
 9437   0.3313
 9446   0.3353
 9455   0.3357
 9464   0.3327
 9476   0.3328
 9488   0.3389
 9500   0.3404
 9508   0.3369
 9520   0.3417
 9529   0.3461
 9536   0.3493
 9549   0.3309
 9562   0.3254
 9574   0.3431
 9583   0.3391
 9595   0.3260
 9603   0.3323
 9611   0.3448
 9617   0.3302
 9626   0.3269
 9635   0.3492
 9645   0.3543
 9651   0.3567
 9658   0.3613
 9670   0.3657
 9679   0.3657
 9688   0.3635
 9694   0.3664
 9701   0.3665
 9713   0.3623
 9718   0.3596
 9724   0.3553
 9734   0.3519
 9743   0.3505
 9755   0.3438
 9767   0.3372
 9773   0.3352
 9781   0.3269
 9790   0.3223
 9798   0.3195
 9808   0.3154
 9814   0.3033
 9822   0.3031
 9832   0.3079
 9838   0.3036
 9850   0.2948
 9859   0.2984
 9869   0.3022
 9879   0.3008
 9889   0.2969
 9899   0.2957
 9909   0.2994
 9916   0.3005
 9925   0.2947
 9934   0.2930
 9946   0.3005
 9955   0.3039
 9965   0.2945
 9977   0.2974
 9989   0.3050
 9998   0.3039
10007   0.2993
10019   0.3024
10028   0.3142
10038   0.3158
10044   0.3152
10056   0.3286
10068   0.3417
10080   0.3492
10090   0.3655
10103   0.3842
10113   0.4007
10123   0.4269
10128   0.4507
10138   0.4773
10148   0.5087
10160   0.5184
10169   0.5918
10178   0.6758
10185   0.7136
10194   0.7571
10202   0.7710
10214   0.8387
10224   0.8302
10231   0.7813
10236   0.8260
10246   0.9148
10251   0.9116
10263   0.8817
10272   0.8380
10281   0.7872
10293   0.7718
10303   0.7815
10311   0.7163
10318   0.6713
10328   0.7360
10338   0.7550
10347   0.6543
10356   0.6607
10366   0.7927
10378   0.7789
10388   0.6531
10394   0.7389
10403   0.7337
10413   0.6693
10425   0.6546
10435   0.5524
10441   0.4864
10451   0.3501
10456   0.2928
10466   0.2563
10476   0.3457
10486   0.4060
10498   0.3857
10514   0.4927
10530   0.4352
10541   0.3917
10549   0.2979
10565   0.2751
10573   0.2448
10582   0.2238
10594   0.2712
10600   0.2855
10607   0.2447
10616   0.2148
10624   0.2280
10636   0.2239
10643   0.2294
10648   0.2166
10657   0.2312
10670   0.2475
10683   0.2324
10692   0.2332
10704   0.2865
10714   0.3518
10722   0.3979
10731   0.3581
10738   0.4057
10748   0.4613
10758   0.7524
10770   0.6198
10778   0.4932
10794   0.4732
10802   0.4771
10811   0.4520
10823   0.4328
10832   0.4326
10838   0.4229
10846   0.4024
10854   0.4023
10863   0.4003
10870   0.3810
10882   0.3786
10890   0.3873
10898   0.3736
10914   0.3609
10923   0.3736
10934   0.3744
10941   0.3586
10950   0.3612
10957   0.3767
10969   0.3678
10979   0.3580
10991   0.3707
11000   0.3725
11009   0.3644
11018   0.3674
11025   0.3757
11033   0.3695
11041   0.3681
11050   0.3812
11062   0.3849
11071   0.3786
11081   0.3920
11093   0.4057
11100   0.4035
11109   0.4106
11118   0.4339
11126   0.4479
11138   0.4494
11148   0.4720
11157   0.5021
11167   0.5138
11177   0.5149
11182   0.6024
11193   0.5574
11200   0.6964
11208   0.7125
11216   0.8140
11228   0.8431
11238   0.8514
11245   0.7652
11254   0.8489
11266   0.9466
11275   0.9023
11288   0.9246
11301   1.0823
11313   1.2140
11324   1.3399
11336   1.0862
11345   0.9269
11353   0.7816
11359   0.7656
11366   0.7106
11375   0.6167
11384   0.6524
11393   0.6677
11402   0.5413
11409   0.4992
11419   0.5198
11428   0.5007
11440   0.4499
11452   0.4284
11461   0.4237
11470   0.3998
11480   0.3963
11489   0.4101
11499   0.4002
11509   0.3839
11516   0.3938
11526   0.4042
11536   0.3899
11548   0.3880
11561   0.4074
11569   0.4109
11578   0.3923
11589   0.3956
11597   0.3987
11609   0.4004
11621   0.3765
11630   0.3640
11639   0.3670
11648   0.3560
11660   0.3477
11673   0.3494
11679   0.3487
11688   0.3373
11701   0.3366
11712   0.3422
11720   0.3361
11729   0.3307
11737   0.3365
11743   0.3397
11755   0.3266
11762   0.3278
11772   0.3385
11781   0.3293
11789   0.3225
11796   0.3245
11809   0.3244
11821   0.3131
11829   0.3148
11838   0.3233
11847   0.3191
11856   0.3086
11867   0.3057
11879   0.3126
11888   0.3084
11896   0.3037
11903   0.3039
11909   0.3070
11916   0.3091
11925   0.3256
11934   0.3225
11942   0.3143
11951   0.3094
11960   0.3040
11968   0.2986
11976   0.2884
11985   0.2888
11994   0.2957
12003   0.2868
12015   0.2727
12024   0.2848
12040   0.2931
12046   0.2757
12055   0.2755
12064   0.2978
12071   0.3132
12078   0.3263
12086   0.3229
12097   0.3057
12105   0.3412
12112   0.3299
12124   0.3545
12136   0.3667
12148   0.3513
12164   0.3477
12173   0.3763
12182   0.3822
12188   0.3552
12197   0.3633
12205   0.3819
12218   0.3722
12226   0.3593
12236   0.3689
12244   0.3777
12250   0.3644
12259   0.3611
12267   0.3749
12275   0.3767
12285   0.3622
12298   0.3636
12310   0.3743
12322   0.3663
12334   0.3560
12346   0.3638
12351   0.3680
12363   0.3692
12374   0.3985
12382   0.4001
12398   0.3897
12409   0.4033
12419   0.4089
12428   0.4580
12437   0.4687
12447   0.4934
12456   0.4350
12469   0.3990
12479   0.3655
12489   0.3893
12500   0.4051
12508   0.4217
12521   0.3931
12532   0.3827
12539   0.3706
12547   0.3616
12558   0.3586
12567   0.3610
12576   0.3506
12581   0.3714
12589   0.3756
12599   0.3683
12609   0.3664
12619   0.3559
12629   0.3498
12634   0.3571
12647   0.3529
12655   0.3681
12664   0.4235
12677   0.3882
12686   0.3444
12695   0.3739
12704   0.3851
12716   0.3513
12725   0.3450
12734   0.3568
12740   0.3513
12749   0.3324
12761   0.3371
12773   0.3451
12785   0.3388
12797   0.3331
12804   0.3416
12813   0.3476
12822   0.3439
12832   0.3428
12839   0.3461
12851   0.3540
12856   0.3363
12865   0.3444
12881   0.4569
12890   0.5188
12900   0.3751
12912   0.3681
12921   0.3166
12934   0.3129
12941   0.3061
12949   0.2948
12958   0.3017
12970   0.2980
12982   0.2887
12994   0.2954
13006   0.2996
13019   0.2909
13028   0.2940
13037   0.3030
13046   0.3127
13057   0.3345
13065   0.3313
13074   0.3517
13087   0.4322
13094   0.4067
13100   0.3980
13108   0.3511
13116   0.3194
13125   0.3085
13133   0.2958
13146   0.3049
13154   0.2943
13163   0.2750
13172   0.2774
13184   0.2851
13193   0.2682
13199   0.2537
13208   0.2664
13216   0.2801
13224   0.2611
13233   0.2633
13245   0.2867
13254   0.2859
13263   0.2661
13272   0.2846
13280   0.3067
13292   0.2956
13297   0.2898
13309   0.3247
13325   0.3356
13331   0.3240
13343   0.3414
13348   0.3627
13358   0.3813
13370   0.4153
13377   0.4282
13383   0.4608
13389   0.4692
13395   0.4248
13404   0.4537
13413   0.4261
13421   0.3995
13428   0.4446
13435   0.4619
13444   0.4321
13451   0.4363
13461   0.4049
13470   0.3739
13482   0.3581
13489   0.3080
13497   0.3119
13501   0.3040
13509   0.2922
13521   0.2758
13530   0.2722
13538   0.2728
13547   0.2566
13555   0.2439
13564   0.2540
13573   0.2482
13585   0.2324
13597   0.2372
13602   0.2404
13610   0.2394
13619   0.2477
13627   0.2518
13635   0.2479
13644   0.2677
13656   0.2876
13662   0.2812
13671   0.2792
13684   0.3348
13693   0.3520
13705   0.3789
13715   0.2761
13723   0.2449
13731   0.2517
13740   0.2487
13745   0.2339
13755   0.2442
13763   0.2525
13772   0.2370
13784   0.2316
13796   0.2448
13804   0.2433
13813   0.2335
13822   0.2443
13830   0.2404
13842   0.2309
13847   0.2314
13856   0.2359
13868   0.2361
13880   0.2312
13896   0.2348
13905   0.2487
13917   0.2513
13929   0.2530
13938   0.2483
13946   0.2465
13954   0.2585
13959   0.2797
13967   0.2871
13975   0.2983
13985   0.3151
13997   0.3781
14007   0.3567
14019   0.3703
14026   0.3909
14038   0.3405
14049   0.3296
14058   0.3281
14066   0.2932
14072   0.2803
14084   0.3072
14093   0.2830
14109   0.2526
14122   0.2842
14134   0.2754
14142   0.2409
14152   0.2556
14159   0.2842
14167   0.2556
14180   0.2417
14192   0.2760
14197   0.2722
14206   0.2445
14213   0.2700
14219   0.2934
14232   0.2673
14244   0.2743
14253   0.3057
14265   0.3041
14272   0.2888
14277   0.2921
14289   0.2952
14297   0.2725
14305   0.2702
14317   0.2937
14325   0.2916
14334   0.2905
14339   0.3167
14350   0.3476
14362   0.3374
14371   0.3522
14379   0.3434
14389   0.3389
14396   0.3198
14409   0.3277
14420   0.3286
14433   0.3200
14441   0.3141
14452   0.3198
14461   0.3142
14473   0.3075
14482   0.3169
14494   0.3213
14506   0.3116
14511   0.3237
14523   0.3379
14535   0.3441
14544   0.2921
14551   0.2879
14559   0.2561
14571   0.2426
14580   0.2398
14588   0.2351
14598   0.2301
14607   0.2280
14619   0.2278
14625   0.2240
14633   0.2239
14642   0.2229
14651   0.2209
14667   0.2231
14675   0.2219
14691   0.2268
14699   0.2344
14708   0.2243
14716   0.2226
14724   0.2190
14733   0.2241
14740   0.2206
14749   0.2281
14756   0.2261
14763   0.2210
14779   0.2265
14788   0.2304
14795   0.2295
14803   0.2353
14813   0.2332
14822   0.2293
14831   0.2323
14844   0.2354
14850   0.2315
14862   0.2305
14871   0.2427
14883   0.2434
14892   0.2366
14901   0.2414
14911   0.2540
14918   0.2521
14934   0.2458
14946   0.2539
14956   0.2646
14963   0.2599
14973   0.2621
14983   0.2774
14995   0.3016
15007   0.3201
15015   0.3336
15026   0.3414
15034   0.3767
15046   0.3725
15051   0.3666
15063   0.3677
15073   0.3242
15083   0.3101
15093   0.2994
15103   0.3044
15109   0.3012
15117   0.2811
15127   0.2823
15140   0.2882
15145   0.2760
15154   0.2687
15159   0.2770
15164   0.2745
15173   0.2645
15182   0.2705
15191   0.2735
15199   0.2664
15208   0.2666
15217   0.2686
15226   0.2653
15233   0.2665
15242   0.2712
15250   0.2701
15266   0.2656
15277   0.2703
15285   0.2742
15294   0.2665
15303   0.2623
15315   0.2680
15324   0.2702
15331   0.2658
15340   0.2673
15349   0.2792
15359   0.2790
15366   0.2761
15374   0.2833
15380   0.2995
15385   0.2897
15393   0.2787
15402   0.2771
15413   0.2827
15424   0.2884
15432   0.2853
15441   0.2971
15450   0.3045
15458   0.3084
15465   0.3204
15473   0.3353
15481   0.3469
15490   0.3575
15498   0.3822
15507   0.4208
15512   0.3975
15517   0.3918
15530   0.3858
15541   0.3693
15549   0.3813
15558   0.3539
15570   0.3266
15578   0.3283
15587   0.3241
15594   0.3193
15600   0.3207
15612   0.3185
15624   0.3275
15631   0.3304
15643   0.3182
15652   0.3269
15662   0.3321
15670   0.3471
15679   0.3733
15688   0.3946
15699   0.4276
15706   0.4016
15716   0.3863
15729   0.4234
15740   0.4278
15750   0.4008
15762   0.4178
15771   0.4507
15781   0.4407
15788   0.4422
15800   0.4849
15804   0.4940
15812   0.5026
15823   0.5672
15830   0.4484
15835   0.4172
15841   0.4286
15850   0.4251
15862   0.3877
15874   0.3869
15883   0.3913
15893   0.3554
15904   0.3437
15917   0.3480
15927   0.3444
15939   0.3297
15949   0.3232
15958   0.3219
15966   0.3151
15974   0.3303
15982   0.3309
15988   0.3366
15998   0.3395
16007   0.3593
16017   0.4040
16022   0.4564
16033   0.4637
16040   0.3791
16051   0.3790
16058   0.3944
16067   0.4075
16083   0.4163
16091   0.4403
16100   0.4593
16106   0.4811
16113   0.5083
16121   0.4894
16128   0.4920
16138   0.5311
16150   0.5341
16160   0.5113
16169   0.5462
16178   0.5807
16190   0.5631
16200   0.5312
16209   0.5504
16217   0.5643
16225   0.5959
16233   0.5508
16244   0.5148
16251   0.5162
16258   0.4755
16270   0.4435
16277   0.3990
16285   0.3705
16293   0.3410
16305   0.3333
16312   0.3151
16328   0.3044
16335   0.2969
16344   0.2855
16356   0.2831
16368   0.2713
16379   0.2684
16388   0.2675
16396   0.2700
16405   0.2756
16410   0.2774
16416   0.2863
16426   0.2809
16432   0.2772
16442   0.2817
16451   0.2920
16457   0.2948
16465   0.3119
16474   0.3358
16484   0.3518
16493   0.3955
16500   0.4098
16511   0.4414
16519   0.4474
16528   0.4837
16534   0.5026
16542   0.5292
16548   0.5884
16556   0.6450
16568   0.6632
16579   0.7152
16586   0.7636
16595   0.7732
16601   0.7981
16611   0.8645
16620   0.9247
16629   0.9385
16635   0.9910
16640   0.9800
16651   0.8898
16660   0.8135
16668   0.8513
16678   0.7910
16685   0.6664
16692   0.5992
16703   0.5526
16710   0.5045
16718   0.4891
16726   0.4757
16734   0.4542
16743   0.4486
16753   0.4253
16763   0.4108
16772   0.4088
16784   0.3648
16792   0.3561
16805   0.3497
16818   0.3311
16826   0.3169
16836   0.3022
16841   0.3069
16849   0.2881
16856   0.2985
16865   0.3024
16872   0.3112
16883   0.3068
16890   0.3241
16899   0.3543
16907   0.3640
16916   0.3963
16926   0.4026
16938   0.4031
16947   0.4052
16956   0.4245
16963   0.4177
16973   0.4272
16984   0.4367
16995   0.4176
17007   0.4383
17016   0.4483
17027   0.4421
17036   0.4632
17044   0.4460
17053   0.4595
17062   0.4385
17071   0.4398
17083   0.4483
17095   0.4878
17104   0.5347
17115   0.5309
17123   0.5443
17131   0.5658
17141   0.5364
17148   0.5167
17159   0.4481
17166   0.4389
17176   0.4148
17192   0.4128
17208   0.4187
17216   0.4221
17225   0.4578
17236   0.4531
17245   0.4909
17253   0.5866
17258   0.5490
17265   0.6400
17277   0.7079
17286   0.7654
17298   0.6447
17309   0.5827
17321   0.5323
17326   0.4667
17333   0.3994
17345   0.3620
17351   0.3549
17360   0.3576
17370   0.3458
17379   0.3446
17387   0.3250
17395   0.3260
17407   0.3024
17418   0.3148
17427   0.3101
17437   0.3045
17445   0.2917
17451   0.2797
17458   0.2812
17466   0.2717
17473   0.2742
17482   0.2840
17487   0.2779
17499   0.2743
17508   0.2816
17514   0.2832
17519   0.2771
17532   0.2741
17537   0.2696
17546   0.2706
17555   0.2678
17560   0.2643
17569   0.2648
17582   0.2642
17588   0.2624
17595   0.2630
17603   0.2610
17611   0.2580
17620   0.2563
17628   0.2578
17637   0.2558
17642   0.2507
17652   0.2517
17664   0.2526
17672   0.2471
17684   0.2470
17694   0.2498
17706   0.2458
17718   0.2448
17725   0.2682
17730   0.2539
17739   0.2450
17746   0.2498
17758   0.2367
17765   0.2323
17774   0.2312
17783   0.2306
17795   0.2407
17805   0.2437
17815   0.2445
17823   0.2487
17831   0.2517
17842   0.2397
17850   0.2435
17859   0.2462
17871   0.2409
17880   0.2361
17889   0.2381
17899   0.2380
17908   0.2351
17915   0.2367
17923   0.2352
17932   0.2342
17941   0.2320
17953   0.2403
17962   0.2383
17970   0.2386
17982   0.2477
17992   0.2476
18000   0.2460
18005   0.2383
18015   0.2315
18024   0.2321
18034   0.2298
18043   0.2261
18053   0.2210
18063   0.2225
18072   0.2264
18081   0.2255
18094   0.2200
18100   0.2240
18110   0.2244
18119   0.2206
18128   0.2226
18140   0.2256
18149   0.2235
18162   0.2165
18174   0.2170
18180   0.2272
18188   0.2268
18198   0.2223
18206   0.2280
18215   0.2351
18224   0.2327
18234   0.2308
18250   0.2369
18258   0.2498
18270   0.3038
18280   0.3153
18290   0.4370
18298   0.6387
18309   0.8392
18314   0.8378
18323   0.8156
18332   0.7913
18344   0.7839
18356   0.7634
18365   0.7870
18374   0.8030
18382   0.7923
18390   0.7958
18399   0.8220
18406   0.8294
18415   0.8233
18421   0.8415
18429   0.8679
18435   0.8656
18442   0.8669
18448   0.9006
18460   0.9390
18472   0.9569
18485   0.9808
18496   0.9754
18501   0.9183
18510   0.8926
18517   0.9035
18529   0.8935
18537   0.8581
18550   0.8483
18559   0.8607
18568   0.8383
18581   0.8111
18590   0.8214
18599   0.8253
18608   0.7902
18616   0.7838
18624   0.8126
18633   0.8041
18645   0.7915
18652   0.8167
18661   0.8670
18669   0.8638
18677   0.8754
18687   0.9183
18693   0.8258
18701   0.8517
18710   0.8327
18722   0.8521
18727   0.8635
18739   0.8417
18747   0.8386
18752   0.8657
18764   0.8590
18773   0.8370
18782   0.8632
18794   0.8874
18801   0.8626
18810   0.8616
18817   0.9063
18826   0.9066
18834   0.8825
18841   0.9116
18850   0.9454
18857   0.9263
18869   0.9223
18878   0.9675
18887   0.9735
18896   0.9482
18908   0.9806
18917   1.0214
18926   1.0259
18938   1.0229
18950   1.0226
18959   0.9626
18967   0.9448
18979   0.9111
18986   0.8843
18994   0.8894
19003   0.8950
19012   0.8699
19017   0.8621
19026   0.8779
19038   0.8714
19047   0.8498
19053   0.8633
19060   0.8706
19069   0.8494
19077   0.8416
19086   0.8585
19102   0.8526
19111   0.8290
19119   0.8535
19126   0.8764
19138   0.8851
19146   0.9626
19155   0.9171
19167   0.7996
19179   0.8159
19191   0.8004
19197   0.7830
19204   0.7651
19212   0.7559
19218   0.7528
19225   0.7384
19235   0.7213
19244   0.7231
19254   0.7200
19264   0.7000
19276   0.6951
19285   0.7032
19290   0.6921
19301   0.6769
19310   0.6827
19319   0.6825
19327   0.6681
19335   0.6652
19341   0.6790
19346   0.6698
19356   0.6576
19364   0.6703
19372   0.6807
19380   0.6644
19388   0.6600
19397   0.6816
19406   0.6874
19415   0.6675
19420   0.6785
19427   0.7039
19434   0.6935
19439   0.6785
19448   0.7018
19457   0.7210
19465   0.7154
19473   0.7476
19480   0.7484
19489   0.7616
19497   0.7353
19504   0.7131
19510   0.7195
19518   0.7061
19531   0.6808
19543   0.6835
19555   0.6879
19563   0.6677
19575   0.6547
19584   0.6656
19589   0.6635
19598   0.6424
19605   0.6457
19613   0.6639
19629   0.6542
19645   0.6370
19652   0.6462
19668   0.6640
19675   0.6965
19687   0.7157
19695   0.7181
19707   0.7138
19715   0.7146
19723   0.7335
19732   0.7273
19741   0.7124
19753   0.7247
19758   0.7358
19765   0.7219
19774   0.7188
19781   0.7358
19789   0.7328
19798   0.7205
19807   0.7264
19813   0.7358
19822   0.7269
19834   0.7206
19842   0.7343
19848   0.7405
19853   0.7276
19865   0.7328
19874   0.7508
19883   0.7492
19888   0.7400
19897   0.7590
19910   0.7757
19919   0.7706
19932   0.8034
19944   0.8398
19956   0.8449
19968   0.8472
19980   0.8794
19992   0.8849
20004   1.0197
20014   1.0876
20020   1.1122
20027   1.3035
20034   1.3774
20042   1.4796
20053   1.3565
20062   1.1713
20075   1.2533
20088   0.9237
20104   0.8446
20117   0.7778
20129   0.7643
20141   0.7237
20147   0.7170
20157   0.7167
20165   0.7103
20174   0.7017
20183   0.7084
20192   0.7152
20201   0.7089
20209   0.7054
20218   0.7197
20231   0.7237
20244   0.7113
20252   0.7171
20261   0.7349
20267   0.7228
20275   0.7103
20284   0.7281
20293   0.7340
20305   0.7167
20314   0.7158
20330   0.7345
20339   0.7460
20351   0.7840
20361   0.6711
20367   0.6838
20375   0.6099
20387   0.6143
20399   0.6018
20411   0.5918
20420   0.5974
20429   0.5969
20439   0.5893
20451   0.5884
20458   0.5899
20471   0.5893
20480   0.5879
20487   0.5940
20493   0.5963
20502   0.5945
20511   0.6003
20517   0.6110
20526   0.6055
20535   0.6078
20541   0.6248
20557   0.6286
20564   0.6206
20573   0.6380
20581   0.6500
20594   0.7034
20606   0.6807
20613   0.6892
20629   0.7386
20638   0.7258
20646   0.6897
20658   0.6919
20666   0.6520
20675   0.6299
20684   0.6426
20693   0.6332
20709   0.5993
20716   0.5990
20723   0.6128
20731   0.5900
20740   0.5700
20756   0.5872
20765   0.5929
20774   0.5743
20786   0.5900
20797   0.5843
20809   0.5817
20821   0.6061
20831   0.6131
20844   0.6003
20850   0.6132
20859   0.6368
20868   0.6268
20875   0.6218
20881   0.6365
20889   0.6440
20901   0.6337
20910   0.6347
20918   0.6470
20926   0.6488
20939   0.6417
20945   0.6442
20956   0.6585
20965   0.6565
20974   0.6503
20983   0.6595
20991   0.6739
21000   0.6700
21012   0.6698
21025   0.6920
21034   0.6959
21050   0.6919
21057   0.7051
21069   0.7396
21079   0.7824
21087   0.8421
21095   0.8736
21105   0.9177
21114   0.9549
21124   0.9357
21134   0.8810
21141   0.8581
21149   0.8297
21154   0.7843
21166   0.7568
21175   0.7411
21185   0.7239
21195   0.7108
21205   0.7142
21214   0.7106
21222   0.7010
21227   0.6902
21237   0.6901
21246   0.6855
21252   0.6766
21259   0.6777
21269   0.6759
21278   0.6561
21287   0.6400
21299   0.6478
21307   0.6416
21316   0.6249
21324   0.6199
21336   0.6289
21352   0.6264
21361   0.6114
21370   0.6167
21379   0.6242
21391   0.6173
21403   0.6110
21415   0.6223
21424   0.6275
21432   0.6175
21442   0.6227
21454   0.6391
21464   0.6357
21470   0.6284
21479   0.6465
21491   0.6610
21501   0.6564
21511   0.6651
21521   0.6906
21527   0.6992
21536   0.7071
21545   0.7713
21552   0.5630
21561   0.4955
21570   0.4864
21580   0.4775
21588   0.4751
21597   0.4775
21602   0.4707
21613   0.4632
21622   0.4678
21630   0.4712
21638   0.4645
21644   0.4616
21653   0.4662
21665   0.4680
21674   0.4580
21684   0.4589
21697   0.4757
21713   0.4787
21722   0.4708
21735   0.4803
21743   0.4873
21750   0.4767
21755   0.4815
21760   0.5062
21769   0.4979
21781   0.4892
21793   0.5155
21805   0.5361
21813   0.5196
21820   0.5068
21832   0.5343
21842   0.5551
21847   0.5726
21857   0.5785
21866   0.5880
21874   0.6057
21883   0.5917
21896   0.5566
21906   0.5569
21915   0.5661
21924   0.5417
21937   0.5214
21946   0.5269
21954   0.5263
21963   0.5084
21975   0.4979
21984   0.5011
21996   0.5003
22003   0.4903
22011   0.4822
22017   0.4861
22026   0.4892
22039   0.4710
22051   0.4759
22059   0.4775
22071   0.4841
22084   0.4924
22094   0.4938
22110   0.4959
22126   0.4953
22138   0.5188
22148   0.5370
22157   0.5371
22166   0.5550
22176   0.5684
22189   0.5589
22201   0.5651
22217   0.5797
22226   0.5790
22233   0.5729
22241   0.5893
22249   0.6061
22258   0.5964
22271   0.5919
22279   0.6147
22288   0.6242
22297   0.6100
22305   0.6190
22314   0.6427
22323   0.6418
22335   0.6321
22344   0.6521
22357   0.6664
22365   0.6503
22378   0.6668
22390   0.7069
22402   0.6969
22412   0.7085
22423   0.6648
22434   0.6690
22442   0.7210
22447   0.7044
22456   0.6679
22472   0.7128
22484   0.7529
22495   0.7225
22504   0.7030
22512   0.6991
22517   0.6494
22526   0.6911
22536   0.6720
22546   0.6656
22556   0.6224
22566   0.5885
22575   0.5991
22585   0.6029
22594   0.5715
22603   0.5681
22608   0.5853
22617   0.6329
22627   0.6355
22639   0.6056
22651   0.6263
22659   0.6504
22667   0.6479
22673   0.5990
22683   0.6117
22692   0.6323
22704   0.5856
22712   0.5731
22724   0.5995
22733   0.5853
22745   0.5589
22753   0.5656
22761   0.5717
22769   0.5502
22776   0.5355
22788   0.5489
22797   0.5454
22806   0.5215
22814   0.5264
22821   0.5393
22830   0.5236
22839   0.5164
22851   0.5342
22860   0.5323
22872   0.5126
22885   0.4945
22897   0.4926
22909   0.4925
22918   0.4720
22930   0.4567
22942   0.4609
22951   0.4561
22961   0.4353
22970   0.4282
22978   0.4350
22987   0.4285
22996   0.4383
23006   0.6510
23014   0.5901
23022   0.4945
23031   0.4120
23043   0.3849
23052   0.3680
23062   0.3784
23074   0.3735
23083   0.3478
23093   0.3473
23106   0.3648
23118   0.3555
23130   0.3336
23140   0.3490
23149   0.3635
23161   0.3415
23169   0.3319
23181   0.3568
23190   0.3607
23206   0.3411
23222   0.3488
23231   0.3696
23240   0.3654
23250   0.3541
23259   0.3674
23271   0.3832
23280   0.3856
23289   0.3801
23299   0.3856
23308   0.3889
23316   0.3874
23323   0.3858
23330   0.3871
23343   0.3957
23352   0.3981
23361   0.3900
23377   0.3945
23385   0.4032
23393   0.4040
23401   0.3980
23411   0.3962
23421   0.4334
23429   0.4480
23436   0.4572
23445   0.4716
23457   0.4508
23468   0.4356
23481   0.4362
23489   0.4353
23501   0.4284
23510   0.4218
23519   0.4285
23526   0.4281
23542   0.4217
23548   0.4286
23560   0.4333
23566   0.4232
23574   0.4215
23582   0.4330
23595   0.4349
23601   0.4484
23611   0.4464
23620   0.4355
23632   0.4426
23644   0.4539
23650   0.4465
23656   0.4424
23663   0.4575
23670   0.4653
23678   0.4560
23685   0.4623
23693   0.4776
23701   0.4755
23717   0.4709
23725   0.4814
23732   0.4898
23740   0.4835
23749   0.4837
23758   0.4919
23766   0.4905
23773   0.4846
23783   0.4873
23792   0.5012
23801   0.4971
23814   0.4927
23826   0.5089
23835   0.5202
23847   0.5448
23855   0.5431
23864   0.5237
23873   0.5524
23881   0.5553
23891   0.5343
23902   0.5595
23914   0.5617
23921   0.5881
23929   0.6068
23940   0.5892
23947   0.5936
23954   0.5816
23962   0.6026
23970   0.6545
23981   0.7099
23991   0.8143
24002   0.7523
24014   0.6802
24022   0.6764
24033   0.6287
24041   0.6342
24049   0.6074
24058   0.6391
24070   0.6740
24080   0.6429
24089   0.6359
24100   0.5944
24110   0.5961
24117   0.6037
24126   0.5844
24135   0.5690
24148   0.6007
24155   0.5926
24160   0.5873
24168   0.5593
24176   0.5312
24184   0.5103
24192   0.4622
24200   0.4616
24210   0.4833
24226   0.4863
24234   0.4678
24239   0.4789
24248   0.4771
24260   0.5074
24270   0.5172
24277   0.5195
24283   0.5252
24291   0.5101
24300   0.5173
24309   0.5254
24317   0.4883
24330   0.4697
24339   0.4639
24351   0.4549
24362   0.4587
24373   0.4653
24382   0.4510
24391   0.4265
24400   0.4307
24409   0.4381
24415   0.4238
24424   0.4072
24433   0.4218
24439   0.4198
24451   0.4369
24461   0.4459
24469   0.4296
24477   0.4122
24485   0.4242
24498   0.4286
24510   0.4052
24522   0.4052
24534   0.4282
24544   0.4220
24557   0.3963
24570   0.4123
24582   0.4395
24587   0.4358
24599   0.4614
24610   0.4584
24621   0.4346
24630   0.4009
24638   0.3741
24643   0.3548
24651   0.3387
24659   0.3261
24666   0.3325
24676   0.3226
24684   0.3350
24693   0.3324
24705   0.3480
24717   0.3404
24726   0.3322
24735   0.3597
24743   0.3552
24755   0.3381
24764   0.3229
24776   0.3346
24785   0.3224
24794   0.3180
24803   0.3196
24808   0.3113
24817   0.3201
24826   0.3129
24837   0.3112
24844   0.3174
24850   0.3168
24860   0.3101
24873   0.3131
24885   0.3265
24893   0.3246
24904   0.3093
24917   0.3268
24929   0.3539
24941   0.3377
24954   0.3046
24964   0.3385
24976   0.3325
24981   0.3715
24990   0.3726
25000   0.3446
25008   0.3487
25015   0.3574
25027   0.3618
25036   0.3635
25045   0.3750
25052   0.3801
25060   0.3810
25071   0.3913
25079   0.3969
25088   0.4050
25093   0.4097
25105   0.4196
25117   0.4495
25126   0.4592
25135   0.4661
25147   0.4801
25160   0.4530
25166   0.4389
25175   0.4544
25184   0.4363
25196   0.4218
25202   0.4323
25209   0.4290
25225   0.4092
25234   0.4174
25243   0.4306
25248   0.4082
25256   0.4036
25265   0.4263
25278   0.4227
25290   0.4043
25302   0.3304
25314   0.4476
25326   0.3810
25336   0.4218
25342   0.4027
25351   0.4059
25357   0.4318
25367   0.4242
25375   0.4127
25390   0.4279
25398   0.4397
25408   0.4260
25421   0.4250
25428   0.4458
25435   0.4522
25447   0.4350
25456   0.4378
25462   0.4666
25469   0.4634
25478   0.4394
25487   0.4601
25495   0.4782
25507   0.4608
25519   0.4606
25532   0.4946
25544   0.5007
25552   0.4764
25559   0.4940
25568   0.6134
25573   0.6013
25581   0.6186
25588   0.6397
25596   0.6030
25601   0.5638
25609   0.5883
25616   0.6106
25628   0.6149
25637   0.6199
25649   0.5992
25657   0.5279
25673   0.5462
25685   0.5615
25697   0.5721
25707   0.6313
25712   0.6049
25718   0.6414
25731   0.6150
25743   0.6020
25754   0.6003
25763   0.5924
25774   0.5735
25783   0.5510
25792   0.5448
25802   0.5361
25818   0.5135
25827   0.5045
25840   0.5345
25851   0.5482
25859   0.5683
25868   0.6229
25880   0.6128
25889   0.5176
25897   0.4737
25908   0.4593
25916   0.4136
25926   0.3965
25934   0.4054
25942   0.4308
25954   0.4161
25963   0.3892
25971   0.3977
25984   0.4061
25993   0.3985
26005   0.3931
26014   0.4012
26023   0.4071
26032   0.3944
26041   0.3872
26048   0.3981
26054   0.4030
26061   0.3901
26070   0.3840
26082   0.4001
26094   0.4012
26106   0.3828
26115   0.3947
26127   0.4078
26137   0.4008
26146   0.3764
26156   0.4017
26167   0.4197
26177   0.3827
26183   0.3735
26189   0.3462
26197   0.3420
26209   0.3626
26218   0.3439
26227   0.3322
26233   0.3210
26238   0.3612
26247   0.3755
26258   0.3949
26266   0.4062
26276   0.3636
26285   0.4201
26292   0.3568
26301   0.2943
26312   0.2738
26321   0.2592
26330   0.2386
26336   0.2396
26342   0.2597
26349   0.2588
26361   0.2515
26368   0.2734
26380   0.2675
26392   0.2366
26402   0.2475
26410   0.2359
26417   0.2282
26425   0.2176
26434   0.2318
26446   0.2355
26455   0.2217
26467   0.2348
26474   0.2417
26486   0.2654
26493   0.3094
26506   0.3724
26515   0.2770
26524   0.2481
26533   0.2535
26540   0.2441
26550   0.2310
26558   0.2346
26567   0.2343
26576   0.2234
26588   0.2180
26595   0.2373
26608   0.2378
26617   0.2427
26629   0.2530
26645   0.2675
26657   0.2667
26665   0.2736
26674   0.2925
26682   0.2945
26691   0.2871
26700   0.2989
26712   0.3177
26721   0.3143
26729   0.3141
26734   0.3357
26742   0.3852
26750   0.4072
26762   0.4256
26771   0.4170
26778   0.4326
26787   0.4247
26799   0.4145
26806   0.4197
26815   0.3662
26820   0.3176
26833   0.3507
26842   0.3444
26850   0.2899
26856   0.2863
26863   0.3042
26875   0.2811
26888   0.2554
26900   0.2731
26909   0.2831
26918   0.2670
26930   0.2573
26935   0.2785
26940   0.2808
26949   0.2570
26958   0.2455
26967   0.2303
26976   0.2494
26985   0.2538
26993   0.2432
27002   0.2652
27012   0.2741
27019   0.2643
27028   0.2649
27037   0.2861
27049   0.2832
27062   0.2803
27078   0.2969
27087   0.3145
27103   0.3103
27112   0.3182
27121   0.3451
27127   0.3621
27140   0.3652
27151   0.3830
27159   0.4021
27171   0.4116
27179   0.4026
27188   0.4247
27196   0.4448
27205   0.4427
27215   0.4513
27226   0.4744
27235   0.4810
27244   0.4751
27251   0.4969
27260   0.5143
27265   0.5272
27271   0.6011
27278   0.6256
27283   0.5994
27296   0.5434
27305   0.5207
27310   0.5838
27316   0.6088
27325   0.5569
27333   0.5700
27345   0.6347
27356   0.5825
27363   0.5817
27370   0.6851
27386   0.6337
27395   0.6573
27404   0.6454
27416   0.5686
27422   0.5473
27434   0.5405
27441   0.5443
27450   0.6106
27456   0.5535
27463   0.7260
27471   0.7041
27479   0.7455
27489   0.8032
27494   0.7849
27507   0.9246
27519   1.0366
27527   1.2499
27535   1.4084
27545   1.3768
27554   1.3077
27563   1.2904
27570   1.1390
27582   0.9498
27589   0.7585
27599   0.6388
27607   0.4943
27615   0.5496
27622   0.5926
27627   0.5107
27637   0.4351
27643   0.4073
27648   0.3717
27657   0.3588
27666   0.3201
27682   0.3148
27691   0.3191
27698   0.2871
27707   0.2718
27714   0.2807
27726   0.2680
27732   0.2501
27744   0.2658
27753   0.2674
27762   0.2625
27771   0.2652
27783   0.2422
27795   0.2595
27807   0.2747
27815   0.2556
27827   0.2693
27836   0.2719
27843   0.2498
27856   0.2356
27869   0.2274
27881   0.2311
27890   0.2198
27902   0.2119
27910   0.2139
27918   0.2197
27924   0.2117
27933   0.2102
27942   0.2180
27952   0.2164
27958   0.2141
27965   0.2226
27977   0.2299
27986   0.2260
27995   0.2340
28001   0.2514
28008   0.2456
28020   0.2393
28025   0.2536
28031   0.2639
28041   0.2584
28050   0.2627
28062   0.2754
28074   0.2783
28080   0.2822
28088   0.2841
28097   0.2782
28105   0.2679
28115   0.2809
28121   0.2919
28129   0.2804
28139   0.2745
28145   0.2974
28157   0.3082
28166   0.2846
28176   0.2895
28186   0.3144
28196   0.3042
28206   0.2813
28216   0.2966
28223   0.3117
28232   0.2913
28241   0.2827
28253   0.3048
28262   0.3082
28272   0.2866
28284   0.2938
28296   0.3126
28305   0.3058
28314   0.2948
28326   0.3097
28335   0.3209
28345   0.3133
28351   0.3163
28363   0.3346
28375   0.3430
28387   0.3489
28397   0.3634
28410   0.3850
28420   0.4043
28430   0.4235
28435   0.4425
28445   0.4625
28455   0.4840
28467   0.4686
28476   0.5926
28485   0.6675
28492   0.5886
28501   0.5992
28509   0.7655
28521   0.8508
28531   0.7815
28538   0.7563
28543   0.7060
28553   0.7019
28558   0.7289
28570   0.7601
28579   0.7760
28588   0.7908
28600   0.7745
28610   0.7025
28618   0.6496
28625   0.6420
28635   0.6211
28645   0.6002
28654   0.6041
28663   0.5937
28673   0.6553
28685   0.6959
28695   0.8221
28701   0.9192
28710   0.8914
28720   0.7570
28732   0.6365
28742   0.5673
28748   0.5449
28758   0.5445
28763   0.5696
28773   0.7231
28783   0.7704
28793   0.7903
28805   0.6533
28821   0.5976
28837   0.5509
28848   0.5497
28856   0.5633
28872   0.6358
28880   0.5774
28889   0.4706
28901   0.4060
28907   0.4633
28914   0.5156
28923   0.4296
28931   0.3089
28943   0.2738
28950   0.2630
28955   0.2575
28964   0.2633
28977   0.2727
28990   0.2754
28999   0.2648
29011   0.2733
29021   0.2616
29029   0.2695
29038   0.2610
29045   0.2675
29055   0.2945
29065   0.6046
29077   0.5108
29085   0.4522
29101   0.4329
29109   0.4398
29118   0.4250
29130   0.3977
29139   0.3937
29145   0.3989
29153   0.3781
29161   0.3602
29170   0.3657
29177   0.3600
29189   0.3464
29197   0.3429
29205   0.3458
29221   0.3344
29230   0.3243
29241   0.3271
29248   0.3189
29257   0.2988
29264   0.3050
29276   0.3025
29286   0.2699
29298   0.2652
29307   0.2824
29316   0.2661
29325   0.2427
29332   0.2559
29340   0.2688
29348   0.2463
29357   0.2348
29369   0.2570
29378   0.2606
29388   0.2401
29400   0.2455
29407   0.2691
29416   0.2672
29425   0.2601
29433   0.2819
29445   0.3056
29455   0.3059
29464   0.3156
29474   0.3491
29484   0.3712
29489   0.3590
29500   0.3494
29507   0.3337
29515   0.3856
29523   0.4011
29535   0.4803
29545   0.5074
29552   0.4850
29561   0.5535
29573   0.6204
29582   0.6205
29595   0.6709
29608   0.7454
29620   0.8597
29631   0.9656
29643   0.6086
29652   0.4598
29660   0.4604
29666   0.5456
29673   0.4242
29682   0.3470
29691   0.3345
29700   0.3773
29709   0.3863
29716   0.4180
29726   0.3687
29735   0.3126
29747   0.3192
29759   0.2749
29768   0.2730
29777   0.2529
29787   0.2641
29796   0.2863
29806   0.2766
29816   0.2676
29823   0.2996
29833   0.3170
29843   0.3050
29855   0.3157
29868   0.3571
29876   0.3721
29885   0.3611
29896   0.4123
29904   0.4138
29916   0.3898
29928   0.3448
29937   0.3224
29946   0.3255
29955   0.2970
29967   0.2739
29980   0.2815
29986   0.2731
29995   0.2478
30008   0.2467
30019   0.2562
30027   0.2363
30036   0.2249
30044   0.2390
30050   0.2564
30062   0.2463
30069   0.2605
30079   0.2666
30088   0.2580
30096   0.2597
30103   0.2686
30116   0.2702
30128   0.2701
30136   0.2796
30145   0.2861
30154   0.2859
30163   0.2943
30174   0.2958
30186   0.2951
30195   0.3097
30203   0.3308
30210   0.3454
30216   0.3458
30223   0.3518
30232   0.3401
30241   0.3244
30249   0.3325
30258   0.3210
30267   0.3152
30275   0.3090
30283   0.3092
30292   0.3082
30301   0.3093
30310   0.3025
30322   0.3020
30331   0.2977
30347   0.2943
30353   0.2883
30362   0.2879
30371   0.2825
30378   0.2809
30385   0.2835
30393   0.2959
30404   0.3198
30412   0.3476
30419   0.3259
30431   0.3286
30443   0.3363
30455   0.3166
30471   0.3092
30480   0.3204
30489   0.3177
30495   0.3000
30504   0.3120
30512   0.3227
30525   0.3074
30533   0.3019
30543   0.3253
30551   0.3253
30557   0.3061
30566   0.3213
30574   0.3413
30582   0.3331
30592   0.3272
30605   0.3462
30617   0.3537
30629   0.3493
30641   0.3587
30653   0.3843
30658   0.4009
30670   0.4257
30681   0.4897
30689   0.4786
30705   0.5029
30716   0.4802
30726   0.5178
30735   0.5624
30744   0.6225
30754   0.6258
30763   0.7168
30776   0.8207
30786   0.8074
30796   0.6988
30807   0.5987
30815   0.5604
30828   0.4806
30839   0.4428
30846   0.3945
30854   0.4312
30865   0.4354
30874   0.3812
30883   0.3641
30888   0.3367
30896   0.3519
30906   0.3923
30916   0.3600
30926   0.3410
30936   0.3171
30941   0.3024
30954   0.2975
30962   0.2998
30971   0.2952
30984   0.2767
30993   0.2685
31002   0.2726
31011   0.2668
31023   0.2511
31032   0.2398
31041   0.2449
31047   0.2462
31056   0.2270
31068   0.2240
31080   0.2366
31092   0.2293
31104   0.2212
31111   0.2298
31120   0.2356
31129   0.2280
31139   0.2261
31146   0.2389
31158   0.2478
31163   0.2566
31172   0.2682
31188   0.2687
31197   0.3451
31207   0.4636
31219   0.4393
31228   0.4031
31241   0.3770
31248   0.3465
31256   0.3497
31265   0.3512
31277   0.3174
31289   0.3031
31301   0.3210
31313   0.3117
31326   0.2832
31335   0.2909
31344   0.3104
31353   0.2947
31364   0.3196
31372   0.3577
31381   0.3308
31394   0.3319
31401   0.3369
31407   0.2929
31415   0.2787
31423   0.2554
31432   0.2750
31440   0.2839
31453   0.2888
31461   0.2857
31470   0.2931
31479   0.3031
31491   0.3047
31500   0.3042
31506   0.3218
31515   0.3365
31523   0.3307
31531   0.3318
31540   0.3441
31552   0.3516
31561   0.3323
31570   0.3346
31579   0.3644
31587   0.3589
31599   0.3320
31604   0.3528
31616   0.3773
31632   0.3568
31638   0.3534
31650   0.3708
31655   0.3640
31665   0.3621
31677   0.3594
31684   0.3636
31690   0.3517
31696   0.3518
31702   0.3594
31711   0.3420
31720   0.3716
31728   0.3617
31735   0.3233
31742   0.3223
31751   0.3354
31758   0.3163
31768   0.2916
31777   0.2917
31789   0.2901
31796   0.3001
31804   0.3058
31808   0.3270
31816   0.3129
31828   0.2875
31837   0.3086
31845   0.3159
31854   0.2841
31862   0.2844
31871   0.3030
31880   0.2866
31892   0.2689
31904   0.2872
31909   0.2865
31917   0.2686
31926   0.2778
31934   0.2900
31942   0.2736
31951   0.2756
31963   0.3007
31969   0.2921
31978   0.2883
31991   0.3123
32000   0.3356
32012   0.3348
32022   0.3217
32030   0.3014
32038   0.3189
32047   0.3346
32052   0.3181
32062   0.3164
32070   0.3393
32079   0.3439
32091   0.3298
32103   0.3335
32111   0.3539
32120   0.3489
32129   0.3459
32137   0.3623
32149   0.3776
32154   0.3716
32163   0.3705
32175   0.3888
32187   0.3989
32203   0.3952
32212   0.3977
32224   0.4206
32236   0.4287
32245   0.4134
32253   0.4917
32261   0.5707
32266   0.5201
32274   0.5543
32282   0.4403
32292   0.4582
32304   0.5584
32314   0.4658
32326   0.4685
32333   0.4141
32345   0.3221
32356   0.3288
32365   0.3399
32373   0.3216
32379   0.3105
32391   0.3136
32400   0.3223
32416   0.3055
32429   0.2941
32441   0.3089
32449   0.3155
32459   0.2934
32466   0.2832
32474   0.3027
32487   0.2986
32499   0.2773
32504   0.2804
32513   0.2933
32520   0.2823
32526   0.2743
32539   0.2960
32551   0.3007
32560   0.2897
32572   0.2997
32579   0.3042
32584   0.3088
32596   0.3023
32604   0.3300
32612   0.3004
32624   0.2947
32632   0.2928
32641   0.2934
32646   0.2686
32657   0.2886
32669   0.3048
32678   0.2570
32686   0.2650
32696   0.2823
32703   0.2865
32716   0.2839
32727   0.2818
32740   0.2861
32748   0.2776
32759   0.2579
32768   0.2622
32780   0.2684
32789   0.2577
32801   0.2565
32813   0.2626
32818   0.2596
32830   0.2567
32842   0.2655
32851   0.2696
32858   0.2659
32866   0.2634
32878   0.2615
32887   0.2541
32895   0.2535
32905   0.2651
32914   0.2639
32926   0.2588
32932   0.2665
32940   0.2771
32949   0.2722
32958   0.2699
32974   0.2901
32982   0.3030
32998   0.3019
33006   0.3007
33015   0.2802
33023   0.2794
33031   0.2609
33040   0.2554
33047   0.2548
33056   0.2432
33063   0.2435
33070   0.2487
33086   0.2469
33095   0.2435
33102   0.2453
33110   0.2459
33120   0.2439
33129   0.2436
33138   0.2457
33151   0.2447
33157   0.2429
33169   0.2456
33178   0.2468
33190   0.2478
33199   0.2502
33208   0.2535
33218   0.2558
33225   0.2560
33241   0.2587
33253   0.2630
33263   0.2632
33270   0.2641
33280   0.2730
33290   0.2808
33302   0.2789
33314   0.2748
33322   0.2656
33333   0.2660
33341   0.2572
33353   0.2616
33358   0.2688
33370   0.2645
33380   0.2715
33390   0.2858
33400   0.2896
33410   0.3046
33416   0.2760
33424   0.2569
33434   0.2796
33447   0.2771
33452   0.2498
33461   0.2601
33466   0.2757
33471   0.2586
33480   0.2559
33489   0.2768
33498   0.2717
33506   0.2631
33515   0.2716
33524   0.2783
33533   0.2658
33540   0.2696
33549   0.2779
33557   0.2756
33573   0.2768
33584   0.2797
33592   0.2769
33601   0.2760
33610   0.2849
33622   0.2931
33631   0.2883
33638   0.2929
33647   0.3077
33656   0.3139
33666   0.3064
33673   0.3062
33681   0.3162
33687   0.3235
33692   0.3304
33700   0.3470
33709   0.3370
33720   0.3469
33731   0.3388
33739   0.3491
33748   0.3484
33757   0.3476
33765   0.3479
33772   0.3517
33780   0.3618
33788   0.3755
33797   0.3829
33805   0.4052
33814   0.4466
33819   0.4317
33824   0.4687
33837   0.4741
33848   0.4235
33856   0.4439
33865   0.4187
33877   0.4038
33885   0.4024
33894   0.4049
33901   0.4040
33907   0.4472
33919   0.4522
33931   0.5084
33938   0.4641
33950   0.4755
33959   0.4883
33969   0.4764
33977   0.4674
33986   0.5008
33995   0.5199
34006   0.5203
34013   0.4833
34023   0.4821
34036   0.5150
34047   0.4861
34057   0.4526
34069   0.4798
34078   0.4947
34088   0.4579
34095   0.4674
34107   0.5464
34111   0.6328
34119   0.6240
34130   0.5595
34137   0.5361
34142   0.5284
34148   0.5313
34157   0.4710
34169   0.4988
34181   0.5378
34190   0.5118
34200   0.4549
34211   0.4939
34224   0.5605
34234   0.4453
34246   0.4175
34256   0.4116
34265   0.4176
34273   0.4235
34281   0.4464
34289   0.4515
34295   0.4629
34305   0.4277
34314   0.4443
34324   0.4309
34329   0.4520
34340   0.4570
34347   0.4523
34358   0.4432
34365   0.4366
34374   0.4348
34390   0.4206
34398   0.4243
34407   0.4235
34413   0.4478
34420   0.4412
34428   0.4365
34435   0.4616
34445   0.4766
34457   0.4671
34467   0.4822
34476   0.5330
34485   0.5270
34497   0.5355
34507   0.5670
34516   0.6425
34524   0.6399
34532   0.7078
34540   0.6714
34551   0.5736
34558   0.4853
34565   0.4544
34577   0.3996
34584   0.3713
34592   0.3484
34600   0.3454
34612   0.3184
34619   0.3213
34635   0.3104
34642   0.3210
34651   0.3167
34663   0.3207
34675   0.3241
34686   0.3186
34695   0.3113
34703   0.3134
34712   0.3009
34717   0.3241
34723   0.3070
34733   0.2800
34739   0.2921
34749   0.2903
34758   0.2929
34764   0.2923
34772   0.3001
34781   0.3158
34791   0.3494
34800   0.3590
34807   0.3652
34818   0.4027
34826   0.4262
34835   0.4709
34841   0.5171
34849   0.5375
34855   0.5017
34863   0.5059
34875   0.5613
34886   0.5510
34893   0.5070
34902   0.5412
34908   0.5957
34918   0.5532
34927   0.5255
34936   0.5665
34942   0.5920
34947   0.6369
34958   0.6874
34967   0.6801
34975   0.7241
34985   0.7365
34992   0.6757
34999   0.6649
35010   0.6041
35017   0.5511
35025   0.5186
35033   0.4975
35041   0.4592
35050   0.4442
35060   0.4145
35070   0.4175
35079   0.4040
35091   0.3953
35099   0.4086
35112   0.3911
35125   0.3683
35133   0.3466
35143   0.3572
35148   0.3741
35156   0.3883
35163   0.3747
35172   0.3805
35179   0.3528
35190   0.3468
35197   0.3546
35206   0.3681
35214   0.3587
35223   0.3661
35233   0.3925
35245   0.4139
35254   0.4180
35263   0.4107
35270   0.3589
35280   0.4043
35291   0.3854
35302   0.3853
35314   0.4035
35323   0.4317
35334   0.4537
35343   0.4787
35351   0.4707
35360   0.5061
35369   0.4885
35378   0.5020
35390   0.5050
35402   0.5320
35411   0.5807
35422   0.6551
35430   0.6131
35438   0.6098
35448   0.5613
35455   0.5007
35466   0.4725
35473   0.4701
35483   0.4608
35499   0.4583
35515   0.4691
35523   0.4639
35532   0.5015
35543   0.4841
35552   0.5712
35560   0.6306
35565   0.7190
35572   0.7936
35584   0.8374
35593   0.6612
35605   0.6198
35616   0.6417
35628   0.5108
35633   0.4663
35640   0.4978
35652   0.4746
35658   0.4492
35667   0.4796
35677   0.4204
35686   0.4125
35694   0.3792
35702   0.3733
35714   0.3658
35725   0.3478
35734   0.3479
35744   0.3355
35752   0.3246
35758   0.3254
35765   0.3063
35773   0.3013
35780   0.2960
35789   0.2946
35794   0.2904
35806   0.2836
35815   0.2843
35821   0.2909
35826   0.2845
35839   0.2781
35844   0.2793
35853   0.2797
35862   0.2748
35867   0.2724
35876   0.2761
35889   0.2739
35895   0.2693
35902   0.2634
35910   0.2639
35918   0.2643
35927   0.2569
35935   0.2507
35944   0.2527
35949   0.2532
35959   0.2439
35971   0.2370
35979   0.2447
35991   0.2437
36001   0.2403
36013   0.2378
36025   0.2216
36032   0.2196
36037   0.2297
36046   0.2307
36053   0.2264
36065   0.2294
36072   0.2283
36081   0.2335
36090   0.2343
36102   0.2354
36112   0.2353
36122   0.2403
36130   0.2426
36138   0.2506
36149   0.2515
36157   0.2580
36166   0.2555
36178   0.2546
36187   0.2571
36196   0.2606
36206   0.2613
36215   0.2645
36222   0.2690
36230   0.2682
36239   0.2671
36248   0.2725
36260   0.2735
36269   0.2741
36277   0.2794
36289   0.2816
36299   0.2842
36307   0.2843
36312   0.2863
36322   0.2882
36331   0.2860
36341   0.2715
36350   0.2700
36360   0.2775
36370   0.2685
36379   0.2599
36388   0.2655
36401   0.2623
36407   0.2495
36417   0.2503
36426   0.2463
36435   0.2416
36447   0.2390
36456   0.2373
36469   0.2317
36481   0.2284
36487   0.2265
36495   0.2275
36505   0.2315
36513   0.2352
36522   0.2335
36531   0.2372
36541   0.2417
36557   0.2423
36565   0.2442
36577   0.2607
36587   0.2579
36597   0.2570
36605   0.2790
36616   0.7527
36621   0.7487
36630   0.7883
36639   0.8127
36651   0.7960
36663   0.7752
36672   0.7871
36681   0.7991
36689   0.7777
36697   0.7734
36706   0.8000
36713   0.8012
36722   0.7763
36728   0.7894
36736   0.8146
36742   0.8035
36749   0.7954
36755   0.8179
36767   0.8278
36779   0.8403
36792   0.8325
36803   0.8395
36808   0.8359
36817   0.8057
36824   0.8069
36836   0.8211
36844   0.8031
36857   0.7849
36866   0.7963
36875   0.7995
36888   0.7782
36897   0.7735
36906   0.7897
36915   0.7814
36923   0.7672
36931   0.7793
36940   0.7884
36952   0.7757
36959   0.7804
36968   0.8020
36976   0.8134
36984   0.8412
36994   0.8423
37000   0.8632
37008   0.8471
37017   0.8307
37029   0.8559
37034   0.8643
37046   0.8372
37054   0.8409
37059   0.8732
37071   0.8607
37080   0.8389
37089   0.8659
37101   0.8862
37108   0.8622
37117   0.8615
37124   0.9001
37133   0.9027
37141   0.8761
37148   0.9017
37157   0.9363
37164   0.9165
37176   0.9081
37185   0.9549
37194   0.9680
37203   0.9443
37215   0.9671
37224   1.0098
37233   1.0270
37245   1.0517
37257   1.1883
37266   0.9109
37274   0.8706
37286   0.8430
37293   0.8281
37301   0.8406
37310   0.8493
37319   0.8237
37324   0.8179
37333   0.8463
37345   0.8449
37354   0.8217
37360   0.8367
37367   0.8695
37376   0.8589
37384   0.8456
37393   0.8831
37409   0.9092
37418   0.8932
37426   0.8953
37433   0.9361
37445   0.9695
37453   0.8418
37462   0.8125
37474   0.8097
37486   0.7954
37498   0.7788
37504   0.7597
37511   0.7527
37519   0.7502
37525   0.7353
37532   0.7209
37542   0.7232
37551   0.7193
37561   0.7044
37571   0.6974
37583   0.6999
37592   0.6983
37597   0.6850
37608   0.6846
37617   0.6876
37626   0.6857
37634   0.6743
37642   0.6747
37648   0.6831
37653   0.6800
37663   0.6708
37671   0.6785
37679   0.6880
37687   0.6779
37695   0.6762
37704   0.6915
37713   0.6935
37722   0.6801
37727   0.6905
37734   0.7094
37741   0.7020
37746   0.6976
37755   0.7214
37764   0.7284
37772   0.7205
37780   0.7383
37787   0.7343
37796   0.7370
37804   0.7242
37811   0.7091
37817   0.7179
37825   0.7100
37838   0.6926
37850   0.6944
37862   0.7007
37870   0.6825
37882   0.6728
37891   0.6859
37896   0.6837
37905   0.6618
37912   0.6636
37920   0.6800
37936   0.6625
37952   0.6469
37959   0.6612
37975   0.6561
37982   0.6726
37994   0.6995
38002   0.7111
38014   0.7085
38022   0.7006
38030   0.7196
38039   0.7166
38048   0.6969
38060   0.7152
38065   0.7290
38072   0.7119
38081   0.7101
38088   0.7322
38096   0.7334
38105   0.7181
38114   0.7313
38120   0.7476
38129   0.7353
38141   0.7296
38149   0.7491
38155   0.7573
38160   0.7431
38172   0.7506
38181   0.7709
38190   0.7655
38195   0.7583
38204   0.7764
38217   0.7876
38226   0.7725
38239   0.7857
38251   0.8180
38263   0.8013
38275   0.7871
38287   0.8953
38299   0.9673
38311   1.0510
38321   1.1426
38327   1.3240
38334   1.4391
38341   1.5858
38349   1.4702
38360   1.3271
38369   1.1419
38382   1.0043
38395   1.0522
38411   0.9743
38424   0.9183
38436   0.8929
38448   0.7866
38454   0.7267
38464   0.7394
38472   0.7384
38481   0.7210
38490   0.7240
38499   0.7379
38508   0.7231
38516   0.7125
38525   0.7279
38538   0.7303
38551   0.7113
38559   0.7152
38568   0.7326
38574   0.7222
38582   0.7116
38591   0.7269
38600   0.7357
38612   0.7225
38621   0.7249
38637   0.7397
38646   0.7857
38658   0.8336
38668   0.6700
38674   0.6480
38682   0.6339
38694   0.6190
38706   0.6023
38718   0.6036
38727   0.6082
38736   0.5898
38746   0.5775
38758   0.5933
38765   0.5889
38778   0.5660
38787   0.5772
38794   0.5947
38800   0.5775
38809   0.5678
38818   0.5934
38824   0.6002
38833   0.5781
38842   0.5851
38848   0.6124
38864   0.6038
38871   0.5888
38880   0.6065
38888   0.6249
38901   0.6387
38913   0.6795
38920   0.6948
38936   0.7249
38945   0.6639
38953   0.6263
38965   0.6419
38973   0.6269
38982   0.6042
38991   0.6083
39000   0.6089
39016   0.5859
39023   0.5824
39030   0.5919
39038   0.5826
39047   0.5747
39063   0.5803
39072   0.5973
39081   0.6060
39093   0.6031
39104   0.6134
39116   0.6191
39128   0.6416
39138   0.6348
39151   0.6199
39157   0.6341
39166   0.6496
39175   0.6359
39182   0.6242
39188   0.6440
39196   0.6538
39208   0.6378
39217   0.6437
39225   0.6684
39233   0.6617
39246   0.6518
39252   0.6756
39263   0.6910
39272   0.6775
39281   0.6761
39290   0.7036
39298   0.7072
39307   0.6908
39319   0.7065
39332   0.7334
39341   0.7148
39357   0.7084
39364   0.7624
39376   0.7622
39386   0.7709
39394   0.7691
39402   0.7815
39412   0.8155
39421   0.8382
39431   0.8262
39441   0.8169
39448   0.8302
39456   0.8385
39461   0.7762
39473   0.8257
39482   0.8490
39492   0.7910
39502   0.7842
39512   0.7657
39521   0.7294
39529   0.7410
39534   0.6941
39544   0.6877
39553   0.6430
39559   0.6358
39566   0.6387
39576   0.6365
39585   0.6231
39594   0.6197
39606   0.6331
39614   0.6291
39623   0.6110
39631   0.6162
39643   0.6323
39659   0.6204
39668   0.6129
39677   0.6289
39686   0.6346
39698   0.6226
39710   0.6293
39722   0.6508
39731   0.6421
39739   0.6384
39749   0.6596
39761   0.6684
39771   0.6594
39777   0.6741
39786   0.6967
39798   0.6961
39808   0.6996
39818   0.7281
39828   0.7457
39834   0.7436
39843   0.7629
39852   0.8168
39859   0.6495
39868   0.5371
39877   0.5312
39887   0.5302
39895   0.5039
39904   0.4905
39909   0.5005
39920   0.4881
39929   0.4673
39937   0.4746
39945   0.4800
39951   0.4593
39960   0.4521
39972   0.4757
39981   0.4701
39991   0.4432
40004   0.4480
40020   0.4434
40029   0.4251
40042   0.4310
40050   0.4348
40057   0.4249
40062   0.4207
40067   0.4364
40076   0.4388
40088   0.4253
40100   0.4351
40112   0.4539
40120   0.4457
40127   0.4349
40139   0.4368
40149   0.4390
40154   0.4515
40164   0.4428
40173   0.4623
40181   0.4685
40190   0.4794
40203   0.4572
40213   0.4435
40222   0.4610
40231   0.4564
40244   0.4345
40253   0.4413
40261   0.4532
40270   0.4339
40282   0.4238
40291   0.4395
40303   0.4342
40310   0.4125
40318   0.4202
40324   0.4332
40333   0.4133
40346   0.4073
40358   0.4275
40366   0.4280
40378   0.4029
40391   0.4474
40401   0.4801
40417   0.4536
40433   0.4692
40445   0.4943
40455   0.4759
40464   0.4613
40473   0.4904
40483   0.4986
40496   0.4736
40508   0.4802
40524   0.5087
40533   0.5045
40540   0.4896
40548   0.5145
40556   0.5330
40565   0.5149
40578   0.5178
40586   0.5470
40595   0.5468
40604   0.5343
40612   0.5574
40621   0.5767
40630   0.5655
40642   0.5709
40651   0.5952
40664   0.6062
40672   0.6005
40685   0.6099
40697   0.6314
40709   0.6473
40719   0.6654
40730   0.6618
40741   0.6521
40749   0.6736
40754   0.6932
40763   0.6885
40779   0.6964
40791   0.7268
40802   0.7493
40811   0.7807
40819   0.7650
40824   0.7004
40833   0.6633
40843   0.6330
40853   0.6397
40863   0.6269
40873   0.5928
40882   0.5864
40892   0.5979
40901   0.5719
40910   0.5464
40915   0.5377
40924   0.5461
40934   0.5232
40946   0.5203
40958   0.5176
40966   0.5439
40974   0.5361
40980   0.5161
40990   0.5316
40999   0.5329
41011   0.5058
41019   0.5027
41031   0.5203
41040   0.5114
41052   0.4880
41060   0.4972
41068   0.5147
41076   0.4928
41083   0.4759
41095   0.4992
41104   0.4999
41113   0.4699
41121   0.4773
41128   0.5039
41137   0.4849
41146   0.4662
41158   0.4914
41167   0.5013
41179   0.4936
41192   0.4950
41204   0.5407
41216   0.5449
41225   0.5178
41237   0.5418
41249   0.5921
41258   0.5803
41268   0.5586
41277   0.6258
41285   0.7379
41294   0.6918
41303   0.8897
41313   0.7045
41321   0.6674
41329   0.6614
41338   0.6560
41350   0.5850
41359   0.5394
41369   0.5730
41381   0.5552
41390   0.4841
41400   0.4838
41413   0.5154
41425   0.4750
41437   0.4238
41447   0.4478
41456   0.4546
41468   0.3944
41476   0.3752
41488   0.4148
41497   0.4001
41513   0.3452
41529   0.3596
41538   0.3872
41547   0.3677
41557   0.3338
41566   0.3483
41578   0.3058
41587   0.3463
41596   0.3627
41606   0.3411
41615   0.3438
41623   0.3991
41630   0.4155
41637   0.3790
41650   0.4125
41659   0.4779
41668   0.4483
41684   0.4153
41692   0.4829
41700   0.5169
41708   0.4382
41718   0.4077
41728   0.3880
41736   0.3994
41743   0.4124
41752   0.4135
41764   0.3992
41775   0.3945
41788   0.4063
41796   0.3967
41808   0.3827
41817   0.3907
41826   0.3966
41833   0.3854
41849   0.3868
41855   0.4009
41867   0.4009
41873   0.4056
41881   0.4194
41889   0.4338
41902   0.4332
41908   0.4491
41918   0.4279
41927   0.4045
41939   0.4200
41951   0.4326
41957   0.4090
41963   0.4098
41970   0.4373
41977   0.4386
41985   0.4250
41992   0.4479
42000   0.4574
42008   0.4379
42024   0.4303
42032   0.4561
42039   0.4594
42047   0.4370
42056   0.4499
42065   0.4734
42073   0.4538
42080   0.4481
42090   0.4790
42099   0.4869
42108   0.4685
42121   0.4676
42133   0.4867
42142   0.4947
42154   0.5183
42162   0.5193
42171   0.5009
42180   0.5095
42188   0.5124
42198   0.5419
42209   0.5648
42221   0.5393
42228   0.5107
42236   0.4972
42247   0.4742
42254   0.4900
42261   0.5320
42269   0.6618
42277   0.7522
42288   0.5639
42298   0.5358
42309   0.7252
42321   0.7681
42329   0.8532
42340   0.8574
42348   0.8558
42356   0.8192
42365   0.9660
42377   0.9883
42387   0.8730
42396   0.7173
42407   0.6237
42417   0.5977
42424   0.5120
42433   0.4685
42442   0.4867
42455   0.4921
42462   0.4891
42467   0.5101
42475   0.5463
42483   0.4665
42491   0.4852
42499   0.4297
42507   0.4507
42517   0.4677
42533   0.4129
42541   0.3872
42546   0.3868
42555   0.4253
42567   0.4159
42577   0.4304
42584   0.4095
42590   0.4162
42598   0.4216
42607   0.4134
42616   0.4079
42624   0.4146
42637   0.4129
42646   0.3993
42658   0.3966
42669   0.4090
42680   0.4066
42689   0.3904
42698   0.3979
42707   0.4068
42716   0.3944
42722   0.3801
42731   0.3967
42740   0.4029
42746   0.3803
42758   0.3774
42768   0.3892
42776   0.3792
42784   0.3664
42792   0.3841
42805   0.3858
42817   0.3643
42829   0.3712
42841   0.3871
42851   0.3750
42864   0.3672
42877   0.3902
42889   0.4032
42894   0.4205
42906   0.4783
42917   0.4667
42928   0.4155
42937   0.4231
42945   0.3922
42950   0.3583
42958   0.3494
42966   0.3545
42973   0.3445
42983   0.3220
42991   0.3263
43000   0.3419
43012   0.3262
43024   0.3415
43033   0.3268
43042   0.3330
43050   0.3248
43062   0.3368
43071   0.3253
43083   0.3230
43092   0.3309
43101   0.3412
43110   0.3537
43115   0.3546
43124   0.3529
43133   0.3370
43144   0.3335
43151   0.3412
43157   0.3380
43167   0.3290
43180   0.3299
43192   0.3324
43200   0.3207
43211   0.3171
43224   0.3100
43236   0.3090
43248   0.3212
43261   0.3183
43271   0.3232
43283   0.3081
43288   0.3345
43297   0.3402
43307   0.3170
43315   0.3293
43322   0.3574
43334   0.3451
43343   0.3315
43352   0.3671
43359   0.3807
43367   0.3697
43378   0.3856
43386   0.4279
43395   0.4328
43400   0.4347
43412   0.4257
43424   0.3883
43433   0.3916
43442   0.3922
43454   0.3728
43467   0.3575
43473   0.3649
43482   0.3671
43491   0.3424
43503   0.3430
43509   0.3587
43516   0.3467
43532   0.3366
43541   0.3379
43550   0.3379
43555   0.3223
43563   0.3248
43572   0.3418
43585   0.3557
43597   0.3185
43609   0.3483
43621   0.3375
43633   0.3278
43643   0.3216
43649   0.3237
43658   0.3156
43664   0.3106
43674   0.3171
43682   0.3291
43697   0.3200
43705   0.3195
43715   0.3457
43728   0.3635
43735   0.3521
43742   0.3491
43754   0.3732
43763   0.3791
43769   0.3636
43776   0.3620
43785   0.3686
43794   0.3745
43802   0.3786
43814   0.3809
43826   0.3885
43839   0.3964
43851   0.4023
43859   0.4017
43866   0.4081
43875   0.4265
43880   0.4287
43888   0.4366
43895   0.4565
43903   0.4672
43908   0.4651
43916   0.4428
43923   0.4561
43935   0.4491
43944   0.4499
43956   0.4238
43964   0.4405
43980   0.4652
43992   0.4746
44004   0.5339
44014   0.6386
44019   0.5716
44025   0.5209
44038   0.4903
44050   0.4914
44061   0.4721
44070   0.4791
44081   0.4664
44090   0.4451
44099   0.4437
44109   0.4472
44125   0.4400
44134   0.4406
44147   0.4246
44158   0.4196
44166   0.4380
44175   0.4619
44187   0.4588
44196   0.4359
44204   0.4139
44215   0.3920
44223   0.3881
44233   0.3771
44241   0.3809
44249   0.3570
44261   0.3594
44270   0.3719
44278   0.3610
44291   0.3503
44300   0.3575
44312   0.3750
44321   0.3605
44330   0.3463
44339   0.3624
44348   0.3639
44355   0.3509
44361   0.3566
44368   0.3664
44377   0.3557
44389   0.3438
44401   0.3538
44413   0.3601
44422   0.3491
44434   0.3507
44444   0.3582
44453   0.3618
44463   0.3640
44474   0.3741
44484   0.3923
44490   0.3899
44496   0.3879
44504   0.3804
44516   0.3552
44525   0.4610
44534   0.3861
44540   0.3413
44545   0.3291
44554   0.3372
44565   0.3765
44573   0.3602
44583   0.3812
44592   0.4005
44599   0.3724
44608   0.3797
44619   0.3928
44628   0.3784
44637   0.4973
44643   0.4637
44649   0.4219
44656   0.4958
44668   0.5935
44675   0.4604
44687   0.4501
44699   0.4156
44709   0.3856
44717   0.3377
44724   0.3312
44732   0.3307
44741   0.3428
44753   0.3448
44762   0.3373
44774   0.3418
44781   0.3357
44793   0.3358
44800   0.3496
44813   0.3240
44822   0.2847
44831   0.3153
44840   0.3153
44847   0.2919
44857   0.3083
44865   0.3106
44874   0.2892
44883   0.2970
44895   0.3170
44902   0.3158
44915   0.3341
44924   0.3332
44936   0.3123
44952   0.3194
44964   0.3378
44972   0.3250
44981   0.3041
44989   0.3179
44998   0.3332
45007   0.3240
45019   0.3229
45028   0.3459
45036   0.3532
45041   0.3457
45049   0.3569
45057   0.3767
45069   0.4064
45078   0.4461
45085   0.4609
45094   0.4422
45106   0.3921
45113   0.3921
45122   0.3968
45127   0.3558
45140   0.3428
45149   0.3663
45157   0.3525
45163   0.3303
45170   0.3449
45182   0.3506
45195   0.3391
45207   0.3481
45216   0.3660
45225   0.3662
45237   0.3624
45242   0.4373
45247   0.3793
45256   0.3123
45265   0.3470
45274   0.3261
45283   0.2967
45292   0.3469
45300   0.2888
45309   0.2843
45319   0.3177
45326   0.3441
45335   0.3177
45344   0.3064
45356   0.3268
45369   0.3306
45385   0.3101
45394   0.3211
45410   0.3341
45419   0.3250
45428   0.3161
45434   0.3391
45447   0.3481
45458   0.3369
45466   0.3347
45478   0.3493
45486   0.3543
45495   0.3255
45503   0.3259
45512   0.3434
45522   0.3308
45533   0.3150
45542   0.3333
45551   0.3366
45558   0.3341
45567   0.3449
45572   0.3561
45578   0.3595
45585   0.3772
45590   0.3802
45603   0.4176
45612   0.4882
45617   0.5139
45623   0.5024
45632   0.6003
45640   0.6862
45652   0.6876
45663   0.6389
45670   0.5370
45677   0.4236
45693   0.4099
45702   0.4258
45711   0.4330
45723   0.3920
45729   0.3921
45741   0.4079
45748   0.3924
45757   0.4167
45763   0.4142
45770   0.3964
45778   0.3805
45786   0.4012
45796   0.5094
45801   0.4947
45814   0.5638
45826   0.5573
45834   0.6373
45842   0.7218
45852   0.8017
45861   0.8153
45870   0.6370
45877   0.6146
45889   0.5377
45896   0.4943
45906   0.4150
45914   0.3949
45922   0.4078
45929   0.3983
45934   0.3946
45944   0.3989
45950   0.3906
45955   0.4084
45964   0.4009
45973   0.3930
45989   0.3634
45998   0.3589
46005   0.3698
46014   0.3419
46021   0.3214
46033   0.3316
46039   0.3257
46051   0.2956
46060   0.2871
46069   0.3009
46078   0.2842
46090   0.2697
46102   0.2823
46114   0.2877
46122   0.2817
46134   0.2941
46143   0.3049
46150   0.3189
46163   0.3157
46176   0.3224
46188   0.3309
46197   0.3233
46209   0.3187
46217   0.3202
46225   0.3254
46231   0.3163
46240   0.3144
46249   0.3176
46259   0.3197
46265   0.3234
46272   0.3233
46284   0.3250
46293   0.3265
46302   0.3239
46308   0.3234
46315   0.3274
46327   0.3200
46332   0.3133
46338   0.3197
46348   0.3198
46357   0.3018
46369   0.3034
46381   0.3141
46387   0.3005
46395   0.2834
46404   0.2930
46412   0.2971
46422   0.2756
46428   0.2681
46436   0.2826
46446   0.2719
46452   0.2542
46464   0.2633
46473   0.2648
46483   0.2496
46493   0.2402
46503   0.2533
46513   0.2481
46523   0.2325
46530   0.2370
46539   0.2480
46548   0.2362
46560   0.2269
46569   0.2395
46579   0.2357
46591   0.2225
46603   0.2253
46612   0.2318
46621   0.2242
46633   0.2216
46642   0.2294
46652   0.2300
46658   0.2229
46670   0.2306
46682   0.2361
46694   0.2331
46704   0.2344
46717   0.2437
46727   0.2494
46737   0.2579
46742   0.2639
46752   0.3104
46762   0.3413
46774   0.3705
46783   0.3972
46792   0.4187
46799   0.4658
46808   0.5168
46816   0.5027
46828   0.5156
46838   0.5460
46845   0.5537
46850   0.6251
46860   0.6331
46865   0.6211
46877   0.7019
46886   0.7470
46895   0.7050
46907   0.6758
46917   0.6298
46925   0.6064
46932   0.6184
46942   0.5839
46952   0.5261
46961   0.5327
46970   0.5463
46980   0.5083
46992   0.4479
47002   0.4457
47008   0.4681
47017   0.4260
47027   0.3890
47039   0.3655
47049   0.3744
47055   0.3423
47065   0.3057
47070   0.3317
47080   0.3521
47090   0.3127
47100   0.2895
47112   0.2789
47128   0.2701
47144   0.2620
47155   0.2575
47163   0.2635
47179   0.2628
47187   0.2501
47196   0.2432
47208   0.2418
47214   0.2410
47221   0.2397
47230   0.2377
47238   0.2353
47250   0.2348
47257   0.2278
47262   0.2265
47271   0.2218
47284   0.2210
47297   0.2191
47306   0.2165
47318   0.2203
47328   0.2235
47336   0.2208
47345   0.2657
47352   0.3238
47362   0.3531
47372   0.3462
47384   0.3126
47392   0.3167
47408   0.3413
47416   0.3153
47425   0.2929
47437   0.3193
47446   0.3280
47452   0.2989
47460   0.3015
47468   0.3292
47477   0.3203
47484   0.3045
47496   0.3197
47504   0.3366
47512   0.3209
47528   0.3182
47537   0.3406
47548   0.3416
47555   0.3314
47564   0.3346
47571   0.3556
47583   0.3496
47593   0.3334
47605   0.3454
47614   0.3601
47623   0.3454
47632   0.3355
47639   0.3540
47647   0.3571
47655   0.3380
47664   0.3420
47676   0.3620
47685   0.3536
47695   0.3362
47707   0.3561
47714   0.3774
47723   0.3558
47732   0.3486
47740   0.3800
47752   0.3869
47762   0.3608
47771   0.3762
47781   0.4145
47791   0.4077
47796   0.4216
47807   0.4420
47814   0.4350
47822   0.5107
47830   0.4715
47842   0.4444
47852   0.4351
47859   0.3711
47868   0.3944
47880   0.4295
47889   0.3805
47902   0.3790
47915   0.4542
47927   0.6494
47938   0.8089
47950   0.6427
47959   0.5490
47967   0.4827
47973   0.4875
47980   0.4451
47989   0.4074
47998   0.4478
48007   0.4930
48016   0.4579
48023   0.4732
48033   0.4401
48042   0.4508
48054   0.4797
48066   0.4203
48075   0.3975
48084   0.3681
48094   0.3700
48103   0.3806
48113   0.3605
48123   0.3494
48130   0.3633
48140   0.3643
48150   0.3456
48162   0.3550
48175   0.3696
48183   0.3611
48192   0.3368
48203   0.3654
48211   0.3824
48223   0.3275
48235   0.3552
48244   0.3523
48253   0.3532
48262   0.3393
48274   0.3321
48287   0.3330
48293   0.3284
48302   0.3237
48315   0.3213
48326   0.3151
48334   0.3231
48343   0.3224
48351   0.3142
48357   0.3204
48369   0.3034
48376   0.2967
48386   0.2936
48395   0.2934
48403   0.2876
48410   0.2850
48423   0.2874
48435   0.2864
48443   0.2840
48452   0.2860
48461   0.2906
48470   0.2900
48481   0.2965
48493   0.2992
48502   0.3051
48510   0.3074
48517   0.3203
48523   0.3136
48530   0.3046
48539   0.3000
48548   0.2928
48556   0.2972
48565   0.2938
48574   0.2846
48582   0.2743
48590   0.2755
48599   0.2805
48608   0.2680
48617   0.2604
48629   0.2692
48638   0.2705
48654   0.2584
48660   0.2625
48669   0.2701
48678   0.2713
48685   0.3008
48692   0.2950
48700   0.2909
48711   0.2945
48719   0.3333
48726   0.3343
48738   0.3308
48750   0.3064
48762   0.3066
48778   0.3167
48787   0.3081
48796   0.2972
48802   0.3055
48811   0.3201
48819   0.3053
48832   0.2977
48840   0.3107
48850   0.3212
48858   0.3082
48864   0.3101
48873   0.3271
48881   0.3262
48889   0.3165
48899   0.3268
48912   0.3414
48924   0.3363
48936   0.3381
48948   0.3562
48960   0.3671
48965   0.3780
48977   0.3800
48988   0.4212
48996   0.4011
49012   0.4033
49023   0.4043
49033   0.4093
49042   0.4234
49051   0.4090
49061   0.4252
49070   0.4452
49083   0.4958
49093   0.4584
49103   0.3867
49114   0.3762
49122   0.3798
49135   0.3612
49146   0.3537
49153   0.3322
49161   0.3379
49172   0.3456
49181   0.3344
49190   0.3224
49195   0.3271
49203   0.3252
49213   0.3323
49223   0.3341
49233   0.3517
49243   0.3369
49248   0.3193
49261   0.3096
49269   0.3059
49278   0.3026
49291   0.2994
49300   0.3007
49309   0.3008
49318   0.2948
49330   0.2997
49339   0.3061
49348   0.3011
49354   0.2992
49363   0.3085
49375   0.3081
49387   0.3020
49399   0.3116
49411   0.3161
49418   0.3094
49427   0.3094
49436   0.3216
49446   0.3188
49453   0.3098
49465   0.3098
49470   0.3177
49479   0.3138
49495   0.3374
49504   0.3632
49514   0.4231
49526   0.4001
49535   0.3395
49548   0.3378
49555   0.3336
49563   0.3169
49572   0.3053
49584   0.3049
49596   0.3030
49608   0.2990
49620   0.2972
49633   0.2954
49642   0.3034
49651   0.3085
49660   0.3143
49671   0.3290
49679   0.3600
49688   0.3302
49701   0.3025
49708   0.2856
49714   0.2713
49722   0.2688
49730   0.2694
49739   0.2507
49747   0.2446
49760   0.2344
49768   0.2282
49777   0.2415
49786   0.2517
49798   0.2496
49807   0.2512
49813   0.2473
49822   0.2489
49830   0.2556
49838   0.2509
49847   0.2443
49859   0.2485
49868   0.2568
49877   0.2524
49886   0.2515
49894   0.2578
49906   0.2620
49911   0.2580
49923   0.2640
49939   0.2752
49945   0.2748
49957   0.2820
49962   0.3017
49972   0.3315
49984   0.3612
49991   0.3885
49997   0.4220
50003   0.3791
50009   0.3504
50018   0.4332
50027   0.5037
50035   0.4289
50042   0.3464
50049   0.4214
50058   0.4957
50065   0.3961
50075   0.2873
50084   0.2980
50096   0.2847
50103   0.2736
50111   0.2729
50115   0.2659
50123   0.2565
50135   0.2538
50144   0.2564
50152   0.2528
50161   0.2498
50169   0.2511
50178   0.2493
50187   0.2460
50199   0.2462
50211   0.2481
50216   0.2463
50224   0.2452
50233   0.2489
50241   0.2515
50249   0.2504
50258   0.2544
50270   0.2540
50276   0.2538
50285   0.2533
50298   0.2563
50307   0.2563
50319   0.2552
50329   0.2653
50337   0.2633
50345   0.2648
50354   0.2617
50359   0.2527
50369   0.2556
50377   0.2599
50386   0.2514
50398   0.2509
50410   0.2582
50418   0.2574
50427   0.2525
50436   0.2606
50444   0.2650
50456   0.2605
50461   0.2643
50470   0.2764
50482   0.2762
50494   0.2745
50510   0.2868
50519   0.2962
50531   0.2902
50543   0.2771
50552   0.2826
50560   0.2987
50568   0.2966
50573   0.2872
50581   0.2967
50589   0.2962
50599   0.3048
50611   0.2918
50621   0.2990
50633   0.3592
50640   0.3491
50652   0.3156
50663   0.2834
50672   0.2666
50680   0.2726
50686   0.2772
50698   0.2672
50707   0.2587
50723   0.2627
50736   0.2656
50748   0.2580
50756   0.2542
50766   0.2611
50773   0.2598
50781   0.2526
50794   0.2571
50806   0.2641
50811   0.2583
50820   0.2610
50827   0.2719
50833   0.2679
50846   0.2687
50858   0.2788
50867   0.2874
50879   0.2879
50886   0.2905
50891   0.2805
50903   0.2638
50911   0.2939
50919   0.2850
50931   0.2791
50939   0.2489
50948   0.2561
50953   0.2535
50964   0.2553
50976   0.2880
50985   0.2802
50993   0.2415
51003   0.2534
51010   0.2303
51023   0.2281
51034   0.2318
51047   0.2371
51055   0.2310
51066   0.2284
51075   0.2358
51087   0.2355
51096   0.2297
51108   0.2345
51120   0.2379
51125   0.2355
51137   0.2360
51149   0.2390
51158   0.2435
51165   0.2590
51173   0.2645
51185   0.2546
51194   0.2559
51202   0.2564
51212   0.2745
51221   0.2672
51233   0.2506
51239   0.2662
51247   0.2806
51256   0.2581
51265   0.2544
51281   0.2756
51289   0.2698
51305   0.2647
51313   0.2739
51322   0.2606
51330   0.2599
51338   0.2531
51347   0.2488
51354   0.2475
51363   0.2438
51370   0.2328
51377   0.2321
51393   0.2348
51402   0.2308
51409   0.2294
51417   0.2279
51427   0.2223
51436   0.2218
51445   0.2240
51458   0.2223
51464   0.2188
51476   0.2157
51485   0.2161
51497   0.2159
51506   0.2148
51515   0.2168
51525   0.2182
51532   0.2237
51548   0.2270
51560   0.2337
51570   0.2451
51577   0.2576
51587   0.2703
51597   0.2940
51609   0.3091
51621   0.4244
51629   0.3246
51640   0.3702
51648   0.3234
51660   0.2826
51665   0.2402
51677   0.2297
51687   0.2343
51697   0.2392
51707   0.2381
51717   0.2424
51723   0.2337
51731   0.2292
51741   0.2385
51754   0.2442
51759   0.2393
51768   0.2440
51773   0.2542
51778   0.2523
51787   0.2548
51796   0.2673
51805   0.2661
51813   0.2621
51822   0.2629
51831   0.2693
51840   0.2733
51847   0.2721
51856   0.2718
51864   0.2736
51880   0.2615
51891   0.2726
51899   0.2793
51908   0.2721
51917   0.2749
51929   0.2996
51938   0.3055
51945   0.3099
51954   0.3193
51963   0.3341
51973   0.4238
51980   0.4071
51988   0.4613
51994   0.4627
51999   0.4042
52007   0.4553
52016   0.4136
52027   0.4072
52038   0.3958
52046   0.4522
52055   0.4271
52064   0.4017
52072   0.3805
52079   0.3643
52087   0.3642
52095   0.3445
52104   0.3370
52112   0.3309
52121   0.3373
52126   0.3256
52131   0.3524
52144   0.3667
52155   0.3654
52163   0.3695
52172   0.3797
52184   0.4128
52192   0.4529
52201   0.4380
52208   0.4398
52214   0.4560
52226   0.4580
52238   0.4750
52245   0.4664
52257   0.4468
52266   0.4540
52276   0.4533
52284   0.4619
52293   0.4634
52302   0.4805
52313   0.5105
52320   0.5287
52330   0.5289
52343   0.5536
52354   0.5510
52364   0.5373
52376   0.5767
52385   0.6016
52395   0.5733
52402   0.5829
52414   0.6345
52418   0.6217
52426   0.7081
52437   0.7585
52444   0.6828
52449   0.5995
52455   0.5726
52464   0.5735
52476   0.5329
52488   0.5150
52497   0.5335
52507   0.5284
52518   0.4759
52531   0.4500
52541   0.4493
52553   0.4383
52563   0.4387
52572   0.4456
52580   0.4391
52588   0.4490
52596   0.4456
52602   0.4545
52612   0.4402
52621   0.4645
52631   0.3883
52636   0.3904
52647   0.3833
52654   0.3886
52665   0.3891
52672   0.3932
52681   0.3822
52697   0.3842
52705   0.3811
52714   0.3896
52720   0.4030
52727   0.4068
52735   0.3847
52742   0.3893
52752   0.4124
52764   0.4015
52774   0.3837
52783   0.4067
52792   0.4181
52804   0.3942
52814   0.4260
52823   0.4629
52831   0.4541
52839   0.4907
52847   0.5016
52858   0.4843
52865   0.4347
52872   0.4051
52884   0.3525
52891   0.3283
52899   0.3206
52907   0.3282
52919   0.3242
52926   0.3337
52942   0.3447
52949   0.3640
52958   0.3804
52970   0.3810
52982   0.4058
52993   0.4176
53002   0.5480
53010   0.4611
53019   0.5587
53024   0.4453
53030   0.4838
53040   0.4449
53046   0.3659
53056   0.3590
53065   0.3421
53071   0.3280
53079   0.3128
53088   0.3190
53098   0.3154
53107   0.3224
53114   0.3372
53125   0.3664
53133   0.3791
53142   0.4365
53148   0.5111
53156   0.5210
53162   0.4737
53170   0.4777
53182   0.5249
53193   0.5136
53200   0.4752
53209   0.4515
53215   0.4879
53225   0.4942
53234   0.4910
53243   0.4951
53249   0.5361
53254   0.5225
53265   0.5805
53274   0.5946
53282   0.6502
53292   0.6132
53299   0.5829
53306   0.5474
53317   0.4957
53324   0.4535
53332   0.4527
53340   0.4554
53348   0.4488
53357   0.4397
53367   0.4058
53377   0.3793
53386   0.3741
53398   0.3850
53406   0.4056
53419   0.3847
53432   0.3553
53440   0.3445
53450   0.3421
53455   0.3561
53463   0.3700
53470   0.3441
53479   0.3116
53486   0.3173
53497   0.3245
53504   0.3352
53513   0.3498
53521   0.3694
53530   0.4027
53540   0.4114
53552   0.3941
53561   0.4217
53570   0.4376
53577   0.4323
53587   0.4825
53598   0.4640
53609   0.4168
53621   0.4034
53630   0.4259
53641   0.4207
53650   0.4275
53658   0.4218
53667   0.4298
53676   0.4194
53685   0.4282
53697   0.4401
53709   0.4660
53718   0.4842
53729   0.5692
53737   0.5631
53745   0.4973
53755   0.4870
53762   0.4491
53773   0.4474
53780   0.4062
53790   0.3981
53806   0.3999
53822   0.3981
53830   0.3998
53839   0.4075
53850   0.4118
53859   0.4400
53867   0.4780
53872   0.5534
53879   0.5495
53891   0.6698
53900   0.6263
53912   0.5590
53923   0.5987
53935   0.5348
53940   0.4992
53947   0.4684
53959   0.4628
53965   0.4508
53974   0.4575
53984   0.4392
53993   0.4120
54001   0.3850
54009   0.3484
54021   0.3468
54032   0.3357
54041   0.3357
54051   0.3415
54059   0.3243
54065   0.3460
54072   0.3711
54080   0.3208
54087   0.2928
54096   0.2960
54101   0.2918
54113   0.2968
54122   0.3026
54128   0.2986
54133   0.2794
54146   0.2947
54151   0.2797
54160   0.2659
54169   0.2860
54174   0.2910
54183   0.2744
54196   0.2772
54202   0.2903
54209   0.2850
54217   0.2805
54225   0.2873
54234   0.2939
54242   0.2922
54251   0.2913
54256   0.2962
54266   0.3036
54278   0.3172
54286   0.3222
54298   0.3177
54308   0.3416
54320   0.3920
54332   0.3930
54339   0.2987
54344   0.2595
54353   0.2468
54360   0.2221
54372   0.2220
54379   0.2213
54388   0.2154
54397   0.2318
54409   0.2764
54419   0.2928
54429   0.2327
54437   0.2318
54445   0.2177
54456   0.2140
54464   0.2326
54473   0.2198
54485   0.2139
54494   0.2202
54503   0.2291
54513   0.2145
54522   0.2157
54529   0.2217
54537   0.2189
54546   0.2172
54555   0.2190
54567   0.2266
54576   0.2300
54584   0.2283
54596   0.2424
54606   0.2515
54614   0.2441
54619   0.2401
54629   0.2445
54638   0.2384
54648   0.2253
54657   0.2337
54667   0.2386
54677   0.2300
54686   0.2247
54695   0.2272
54708   0.2275
54714   0.2202
54724   0.2210
54733   0.2236
54742   0.2221
54754   0.2183
54763   0.2219
54776   0.2222
54788   0.2184
54794   0.2115
54802   0.2114
54812   0.2130
54820   0.2131
54829   0.2134
54838   0.2170
54848   0.2164
54864   0.2206
54872   0.2295
54884   0.2593
54894   0.2848
54904   0.3876
54912   0.5467
