    2   1.0518
    7   0.9745
   16   0.9996
   25   0.9906
   37   0.9118
   49   0.9199
   58   0.9447
   67   0.9549
   75   0.9158
   83   0.9249
   92   0.9680
   99   0.9537
  108   0.9252
  114   0.9557
  122   0.9864
  128   0.9635
  135   0.9544
  141   0.9988
  153   1.0407
  165   1.0793
  178   1.0606
  189   1.0916
  194   1.0727
  203   1.0205
  210   1.0201
  222   1.0299
  230   0.9904
  243   0.9602
  252   0.9741
  261   0.9580
  274   0.9218
  283   0.9140
  292   0.9210
  301   0.8903
  309   0.8637
  317   0.8855
  326   0.8863
  338   0.8789
  345   0.9075
  354   0.9557
  362   0.9650
  370   0.9262
  380   0.9452
  386   0.9924
  394   0.9775
  403   0.9419
  415   0.9874
  420   1.0175
  432   0.9758
  440   0.9833
  445   1.0394
  457   1.0313
  466   1.0045
  475   1.0557
  487   1.0933
  494   1.0606
  503   1.0694
  510   1.1362
  519   1.1403
  527   1.1131
  534   1.1573
  543   1.2111
  550   1.1899
  562   1.1972
  571   1.2629
  580   1.2819
  589   1.2598
  601   1.3055
  610   1.3680
  619   1.3659
  631   1.3567
  643   1.3552
  652   1.0334
  660   1.0774
  672   1.0523
  679   1.0283
  687   1.0778
  696   1.0929
  705   1.0525
  710   1.0699
  719   1.1256
  731   1.1102
  740   1.0881
  746   1.1406
  753   1.1699
  762   1.1381
  770   1.1517
  779   1.2090
  795   1.2017
  804   1.1802
  812   1.2305
  819   1.2666
  831   1.2940
  839   1.0547
  848   1.0136
  860   0.9982
  872   0.9735
  884   0.9365
  890   0.9124
  897   0.9064
  905   0.8859
  911   0.8571
  918   0.8444
  928   0.8366
  937   0.8157
  947   0.7963
  957   0.7939
  969   0.7838
  978   0.7677
  983   0.7567
  994   0.7594
 1003   0.7491
 1012   0.7359
 1020   0.7356
 1028   0.7387
 1034   0.7288
 1039   0.7206
 1049   0.7257
 1057   0.7293
 1065   0.7235
 1073   0.7207
 1081   0.7326
 1090   0.7265
 1099   0.7194
 1108   0.7300
 1113   0.7361
 1120   0.7395
 1127   0.7540
 1132   0.7595
 1141   0.7574
 1150   0.7806
 1158   0.8067
 1166   0.7881
 1173   0.7957
 1182   0.7749
 1190   0.7590
 1197   0.7759
 1203   0.7693
 1211   0.7361
 1224   0.7367
 1236   0.7488
 1248   0.7287
 1256   0.7143
 1268   0.7235
 1277   0.7261
 1282   0.7090
 1291   0.7083
 1298   0.7215
 1306   0.7221
 1322   0.7135
 1338   0.7215
 1345   0.7364
 1361   0.7410
 1368   0.7660
 1380   0.7729
 1388   0.7811
 1400   0.7940
 1408   0.7690
 1416   0.7969
 1425   0.7923
 1434   0.7652
 1446   0.7745
 1451   0.7992
 1458   0.7771
 1467   0.7621
 1474   0.7920
 1482   0.7985
 1491   0.7738
 1500   0.7856
 1506   0.8118
 1515   0.8005
 1527   0.7916
 1535   0.8201
 1541   0.8328
 1546   0.8157
 1558   0.8318
 1567   0.8630
 1576   0.8563
 1581   0.8517
 1590   0.8871
 1603   0.9024
 1612   0.8846
 1625   0.8935
 1637   0.9295
 1649   0.9424
 1661   0.9263
 1673   0.9226
 1685   0.9622
 1697   0.9927
 1707   1.0041
 1713   0.9827
 1720   0.9983
 1727   0.9819
 1735   0.9818
 1746   0.9761
 1755   0.9560
 1768   0.9847
 1781   1.4605
 1797   1.2353
 1810   1.0823
 1822   0.9058
 1834   0.8430
 1840   0.7897
 1850   0.7902
 1858   0.8078
 1867   0.7857
 1876   0.7640
 1885   0.7812
 1894   0.7846
 1902   0.7593
 1911   0.7573
 1924   0.7741
 1937   0.7630
 1945   0.7507
 1954   0.7641
 1960   0.7680
 1968   0.7555
 1977   0.7584
 1986   0.7755
 1998   0.7735
 2007   0.7690
 2023   0.7839
 2032   0.7727
 2044   0.8393
 2054   0.8916
 2060   0.8198
 2068   0.7091
 2080   0.7148
 2092   0.6848
 2104   0.6678
 2113   0.7039
 2122   0.6987
 2132   0.6731
 2144   0.6804
 2151   0.6788
 2164   0.6611
 2173   0.6583
 2180   0.6702
 2186   0.6636
 2195   0.6492
 2204   0.6595
 2210   0.6682
 2219   0.6597
 2228   0.6589
 2234   0.6740
 2250   0.6766
 2257   0.6735
 2266   0.6844
 2274   0.7006
 2287   0.6942
 2299   0.7153
 2306   0.7132
 2322   0.7203
 2331   0.6957
 2339   0.6909
 2351   0.6945
 2359   0.6778
 2368   0.6668
 2377   0.6769
 2386   0.6736
 2402   0.6580
 2409   0.6592
 2416   0.6695
 2424   0.6600
 2433   0.6510
 2449   0.6536
 2458   0.6620
 2467   0.6701
 2479   0.6832
 2490   0.6797
 2502   0.6913
 2514   0.7090
 2524   0.6965
 2537   0.6922
 2543   0.7156
 2552   0.7178
 2561   0.6983
 2568   0.6978
 2574   0.7110
 2582   0.7091
 2594   0.7014
 2603   0.7083
 2611   0.7156
 2619   0.7103
 2632   0.7085
 2638   0.7181
 2649   0.7175
 2658   0.7196
 2667   0.7282
 2676   0.7274
 2684   0.7285
 2693   0.7343
 2705   0.7411
 2718   0.7392
 2727   0.7552
 2743   0.7471
 2750   0.7691
 2762   0.7783
 2772   0.7614
 2780   0.7678
 2788   0.7376
 2798   0.7394
 2807   0.7489
 2817   0.7321
 2827   0.7591
 2834   0.8205
 2842   0.8390
 2847   0.8045
 2859   0.7737
 2868   0.7818
 2878   0.7937
 2888   0.7758
 2898   0.7791
 2907   0.7873
 2915   0.7587
 2920   0.7194
 2930   0.7272
 2939   0.7162
 2945   0.7002
 2952   0.7085
 2962   0.7123
 2971   0.6991
 2980   0.6932
 2992   0.7022
 3000   0.7028
 3009   0.6901
 3017   0.6905
 3029   0.6987
 3045   0.6981
 3054   0.6863
 3063   0.6879
 3072   0.7020
 3084   0.6952
 3096   0.6898
 3108   0.7097
 3117   0.7204
 3125   0.7126
 3135   0.7332
 3147   0.7602
 3157   0.7574
 3163   0.7674
 3172   0.8010
 3184   0.8163
 3194   0.8194
 3204   0.8460
 3214   0.8787
 3220   0.8876
 3229   0.9054
 3238   0.9745
 3245   0.7894
 3254   0.6532
 3263   0.6180
 3273   0.6008
 3281   0.6092
 3290   0.5978
 3295   0.5689
 3306   0.5649
 3315   0.5691
 3323   0.5532
 3331   0.5363
 3337   0.5326
 3346   0.5308
 3358   0.5211
 3367   0.5093
 3377   0.5031
 3390   0.5126
 3406   0.5067
 3415   0.4996
 3428   0.5104
 3436   0.5212
 3443   0.5167
 3448   0.5138
 3453   0.5261
 3462   0.5315
 3474   0.5264
 3486   0.5283
 3498   0.5418
 3506   0.5452
 3513   0.5363
 3525   0.5615
 3535   0.5510
 3540   0.5628
 3550   0.5586
 3559   0.5733
 3567   0.5768
 3576   0.5715
 3589   0.5571
 3599   0.5523
 3608   0.5556
 3617   0.5479
 3630   0.5360
 3639   0.5356
 3647   0.5365
 3656   0.5277
 3668   0.5198
 3677   0.5236
 3689   0.5208
 3696   0.5107
 3704   0.5113
 3710   0.5149
 3719   0.5068
 3732   0.5002
 3744   0.5108
 3752   0.5095
 3764   0.5171
 3777   0.5174
 3787   0.5118
 3803   0.5081
 3819   0.5150
 3831   0.5266
 3841   0.5284
 3850   0.5268
 3859   0.5396
 3869   0.5461
 3882   0.5373
 3894   0.5453
 3910   0.5602
 3919   0.5586
 3926   0.5561
 3934   0.5730
 3942   0.5760
 3951   0.5673
 3964   0.5818
 3972   0.5955
 3981   0.5893
 3990   0.5910
 3998   0.6077
 4007   0.6139
 4016   0.6062
 4028   0.6158
 4037   0.6338
 4050   0.6311
 4058   0.6289
 4071   0.6654
 4083   0.6915
 4095   0.7228
 4105   0.7263
 4116   0.6938
 4127   0.7034
 4135   0.7384
 4140   0.7249
 4149   0.7088
 4165   0.7452
 4177   0.7654
 4188   0.7432
 4197   0.7568
 4205   0.7543
 4210   0.7121
 4219   0.7107
 4229   0.6955
 4239   0.6907
 4249   0.6538
 4259   0.6389
 4268   0.6706
 4278   0.6587
 4287   0.6214
 4296   0.6385
 4301   0.6557
 4310   0.6690
 4320   0.6467
 4332   0.6422
 4344   0.6431
 4352   0.6482
 4360   0.6392
 4366   0.6151
 4376   0.6168
 4385   0.6203
 4397   0.6059
 4405   0.5983
 4417   0.6046
 4426   0.6025
 4438   0.5864
 4446   0.5752
 4454   0.5828
 4462   0.5781
 4469   0.5600
 4481   0.5628
 4490   0.5678
 4499   0.5516
 4507   0.5471
 4514   0.5575
 4523   0.5505
 4532   0.5354
 4544   0.5469
 4553   0.5541
 4565   0.5357
 4578   0.5259
 4590   0.5183
 4602   0.5110
 4611   0.5092
 4623   0.5015
 4635   0.4947
 4644   0.4931
 4654   0.4956
 4663   0.4942
 4671   0.4814
 4680   0.5122
 4689   0.5823
 4699   0.7362
 4707   0.7193
 4715   0.6772
 4724   0.6391
 4736   0.6329
 4745   0.6192
 4755   0.5975
 4767   0.5866
 4776   0.5782
 4786   0.5652
 4799   0.5550
 4811   0.5440
 4823   0.5389
 4833   0.5269
 4842   0.5212
 4854   0.5154
 4862   0.5079
 4874   0.5010
 4883   0.4976
 4899   0.4939
 4915   0.4884
 4924   0.4795
 4933   0.4789
 4943   0.4743
 4952   0.4590
 4964   0.4584
 4973   0.4658
 4982   0.4533
 4992   0.4553
 5001   0.4660
 5009   0.4614
 5016   0.4530
 5023   0.4613
 5036   0.4676
 5045   0.4606
 5054   0.4626
 5070   0.4756
 5078   0.4793
 5086   0.4744
 5094   0.4873
 5104   0.5175
 5114   0.5214
 5122   0.5043
 5129   0.4967
 5138   0.4972
 5150   0.4946
 5161   0.4946
 5174   0.4946
 5182   0.4788
 5194   0.4762
 5203   0.4805
 5212   0.4733
 5219   0.4628
 5235   0.4680
 5241   0.4721
 5253   0.4648
 5259   0.4821
 5267   0.5130
 5275   0.4798
 5288   0.4631
 5294   0.4681
 5304   0.4700
 5313   0.4615
 5325   0.4614
 5337   0.4718
 5343   0.4714
 5349   0.4690
 5356   0.4759
 5363   0.4821
 5371   0.4783
 5378   0.4809
 5386   0.4928
 5394   0.4963
 5410   0.4983
 5418   0.5065
 5425   0.5158
 5433   0.5132
 5442   0.5157
 5451   0.5283
 5459   0.5349
 5466   0.5373
 5476   0.5453
 5485   0.5542
 5494   0.5570
 5507   0.5708
 5519   0.5786
 5528   0.6025
 5540   0.6052
 5548   0.5744
 5557   0.5676
 5566   0.5575
 5574   0.5857
 5584   0.5846
 5595   0.5445
 5607   0.5378
 5614   0.5400
 5622   0.5557
 5633   0.5441
 5640   0.5356
 5647   0.5597
 5655   0.5439
 5663   0.5574
 5674   0.5674
 5684   0.7029
 5695   0.6626
 5707   0.6652
 5715   0.6582
 5726   0.6250
 5734   0.6320
 5742   0.6147
 5751   0.6470
 5763   0.6806
 5773   0.6564
 5782   0.6370
 5793   0.6150
 5803   0.5685
 5810   0.5524
 5819   0.5637
 5828   0.5625
 5841   0.5854
 5848   0.6062
 5853   0.6350
 5861   0.6194
 5869   0.5630
 5877   0.5459
 5885   0.5484
 5893   0.5278
 5903   0.5173
 5919   0.5197
 5927   0.5190
 5932   0.5414
 5941   0.5629
 5953   0.5610
 5963   0.5628
 5970   0.5462
 5976   0.5357
 5984   0.5245
 5993   0.5180
 6002   0.5197
 6010   0.5154
 6023   0.5070
 6032   0.5148
 6044   0.5055
 6055   0.4885
 6066   0.4888
 6075   0.4941
 6084   0.4797
 6093   0.4653
 6102   0.4702
 6108   0.4648
 6117   0.4491
 6126   0.4468
 6132   0.4575
 6144   0.4476
 6154   0.4367
 6162   0.4511
 6170   0.4613
 6178   0.4486
 6191   0.4465
 6203   0.4694
 6215   0.4742
 6227   0.4641
 6237   0.4711
 6250   0.4903
 6263   0.4990
 6275   0.4996
 6280   0.5225
 6292   0.6117
 6303   0.5307
 6314   0.4747
 6323   0.4556
 6331   0.4990
 6336   0.5184
 6344   0.4791
 6352   0.4695
 6359   0.5311
 6369   0.5289
 6377   0.4655
 6386   0.4529
 6398   0.4876
 6410   0.5175
 6419   0.4693
 6428   0.4879
 6436   0.4736
 6448   0.4480
 6457   0.4523
 6469   0.4481
 6478   0.4688
 6487   0.4651
 6496   0.4570
 6501   0.4452
 6510   0.4561
 6519   0.4518
 6530   0.4358
 6537   0.4361
 6543   0.4447
 6553   0.4384
 6566   0.4310
 6578   0.4326
 6586   0.4289
 6597   0.4246
 6610   0.4266
 6622   0.4333
 6634   0.4218
 6647   0.4083
 6657   0.4104
 6669   0.4225
 6674   0.4155
 6683   0.4047
 6693   0.4006
 6701   0.4128
 6708   0.4070
 6720   0.3886
 6729   0.3862
 6738   0.3955
 6745   0.3860
 6753   0.3734
 6764   0.3821
 6772   0.3889
 6781   0.3762
 6786   0.3746
 6798   0.3878
 6810   0.4061
 6819   0.4223
 6828   0.4517
 6840   0.4445
 6853   0.4026
 6859   0.4225
 6868   0.4463
 6877   0.4111
 6889   0.3960
 6895   0.4330
 6902   0.4282
 6918   0.3992
 6927   0.4139
 6936   0.4388
 6941   0.4227
 6949   0.4141
 6958   0.4371
 6971   0.4381
 6983   0.4190
 6995   0.4169
 7007   0.4143
 7019   0.4364
 7029   0.4365
 7035   0.4160
 7044   0.4233
 7050   0.4445
 7060   0.4410
 7068   0.4300
 7083   0.4508
 7091   0.4580
 7101   0.4416
 7114   0.4431
 7121   0.4596
 7128   0.4541
 7140   0.4400
 7149   0.4476
 7155   0.4566
 7162   0.4490
 7171   0.4423
 7180   0.4546
 7188   0.4601
 7200   0.4460
 7212   0.4517
 7225   0.4704
 7237   0.4692
 7245   0.4640
 7252   0.4840
 7261   0.5621
 7266   0.5249
 7274   0.4952
 7281   0.4864
 7289   0.5089
 7294   0.5543
 7302   0.5380
 7309   0.5340
 7321   0.5517
 7330   0.5369
 7342   0.5070
 7350   0.5580
 7366   0.6033
 7378   0.5655
 7390   0.5593
 7400   0.5694
 7405   0.6124
 7411   0.5946
 7424   0.5493
 7436   0.5167
 7447   0.5015
 7456   0.5061
 7467   0.5241
 7476   0.5288
 7485   0.5298
 7495   0.5563
 7511   0.5646
 7520   0.5442
 7533   0.5218
 7544   0.5234
 7552   0.5401
 7561   0.5705
 7573   0.5730
 7582   0.5190
 7590   0.5088
 7601   0.4758
 7609   0.4671
 7619   0.4594
 7627   0.4628
 7635   0.4591
 7647   0.4482
 7656   0.4409
 7664   0.4393
 7677   0.4440
 7686   0.4432
 7698   0.4321
 7707   0.4344
 7716   0.4398
 7725   0.4296
 7734   0.4206
 7741   0.4252
 7747   0.4305
 7754   0.4260
 7763   0.4253
 7775   0.4349
 7787   0.4330
 7799   0.4271
 7808   0.4365
 7820   0.4541
 7830   0.4395
 7839   0.4257
 7849   0.4402
 7860   0.4399
 7870   0.4315
 7876   0.4378
 7882   0.4254
 7890   0.4516
 7902   0.4796
 7911   0.4931
 7920   0.5375
 7926   0.6164
 7931   0.5328
 7940   0.5895
 7951   0.5102
 7959   0.4861
 7969   0.4577
 7978   0.5277
 7985   0.5794
 7994   0.5604
 8005   0.4835
 8014   0.4492
 8023   0.5027
 8029   0.5718
 8035   0.5202
 8042   0.4677
 8054   0.5665
 8061   0.6036
 8073   0.5316
 8085   0.5399
 8095   0.5187
 8103   0.4768
 8110   0.4888
 8118   0.5274
 8127   0.5314
 8139   0.5051
 8148   0.4487
 8160   0.4356
 8167   0.4516
 8179   0.4543
 8186   0.4581
 8199   0.4226
 8208   0.4112
 8217   0.4221
 8226   0.4089
 8233   0.3794
 8243   0.3792
 8251   0.3837
 8260   0.3596
 8269   0.3575
 8281   0.3794
 8288   0.3760
 8301   0.3981
 8310   0.3966
 8322   0.3909
 8338   0.3812
 8350   0.3815
 8358   0.3801
 8367   0.3760
 8375   0.3853
 8384   0.3923
 8393   0.3886
 8405   0.3970
 8414   0.4401
 8422   0.4577
 8427   0.4352
 8435   0.4714
 8443   0.4561
 8455   0.4546
 8464   0.4027
 8471   0.3930
 8480   0.3761
 8492   0.3920
 8499   0.4018
 8508   0.3924
 8513   0.3906
 8526   0.4031
 8535   0.4095
 8543   0.4105
 8549   0.4011
 8556   0.3952
 8568   0.4105
 8581   0.4106
 8593   0.3956
 8602   0.4041
 8611   0.4175
 8623   0.4070
 8628   0.3907
 8633   0.4018
 8642   0.4009
 8651   0.3911
 8660   0.3997
 8669   0.3989
 8678   0.4085
 8686   0.4067
 8695   0.4216
 8705   0.4132
 8712   0.4035
 8721   0.4102
 8730   0.4175
 8742   0.4143
 8755   0.4102
 8771   0.4161
 8780   0.4221
 8796   0.4067
 8805   0.4074
 8814   0.4268
 8820   0.4212
 8833   0.4074
 8844   0.4043
 8852   0.4041
 8864   0.3911
 8872   0.3879
 8881   0.3920
 8889   0.3945
 8898   0.3852
 8908   0.3908
 8919   0.3995
 8928   0.3986
 8937   0.3958
 8944   0.4046
 8953   0.4123
 8958   0.4117
 8964   0.4188
 8971   0.4293
 8976   0.4145
 8989   0.4014
 8998   0.4163
 9003   0.4257
 9009   0.4085
 9018   0.4102
 9026   0.4349
 9038   0.4403
 9049   0.4472
 9056   0.4547
 9063   0.4384
 9079   0.4339
 9088   0.4146
 9097   0.3957
 9109   0.3885
 9115   0.3767
 9127   0.3763
 9134   0.3832
 9143   0.3925
 9149   0.3855
 9156   0.3879
 9164   0.4171
 9172   0.4573
 9182   0.4345
 9187   0.4046
 9200   0.4205
 9212   0.4048
 9220   0.4302
 9228   0.5062
 9238   0.4751
 9247   0.5214
 9256   0.6162
 9263   0.5603
 9275   0.4733
 9282   0.4291
 9292   0.3992
 9300   0.3989
 9308   0.3765
 9315   0.3629
 9320   0.3843
 9330   0.3796
 9336   0.3615
 9341   0.3667
 9350   0.3590
 9359   0.3420
 9375   0.3518
 9384   0.3565
 9391   0.3528
 9400   0.3533
 9407   0.3625
 9419   0.3650
 9425   0.3668
 9437   0.3719
 9446   0.3750
 9455   0.3802
 9464   0.3845
 9476   0.3886
 9488   0.3954
 9500   0.3959
 9508   0.4008
 9520   0.4169
 9529   0.4123
 9536   0.4272
 9549   0.4418
 9562   0.4337
 9574   0.4257
 9583   0.4399
 9595   0.4455
 9603   0.4395
 9611   0.4475
 9617   0.4445
 9626   0.4405
 9635   0.4601
 9645   0.4663
 9651   0.4645
 9658   0.4612
 9670   0.4607
 9679   0.4561
 9688   0.4594
 9694   0.4507
 9701   0.4268
 9713   0.4193
 9718   0.4200
 9724   0.4132
 9734   0.3949
 9743   0.3834
 9755   0.3859
 9767   0.3822
 9773   0.3621
 9781   0.3521
 9790   0.3684
 9798   0.3652
 9808   0.3388
 9814   0.3401
 9822   0.3641
 9832   0.3504
 9838   0.3191
 9850   0.3321
 9859   0.3438
 9869   0.3188
 9879   0.3082
 9889   0.3257
 9899   0.3208
 9909   0.2944
 9916   0.2956
 9925   0.3080
 9934   0.2959
 9946   0.2821
 9955   0.2914
 9965   0.2969
 9977   0.2931
 9989   0.2905
 9998   0.2996
10007   0.3078
10019   0.3158
10028   0.3172
10038   0.3269
10044   0.3439
10056   0.3520
10068   0.3567
10080   0.3766
10090   0.3896
10103   0.3969
10113   0.4109
10123   0.4383
10128   0.4586
10138   0.4586
10148   0.4782
10160   0.4549
10169   0.4683
10178   0.5288
10185   0.5686
10194   0.6047
10202   0.6934
10214   0.6628
10224   0.6311
10231   0.7124
10236   0.7580
10246   0.7656
10251   0.8152
10263   0.9008
10272   0.9672
10281   0.9983
10293   1.0647
10303   1.1397
10311   1.0796
10318   1.0538
10328   1.2091
10338   1.2757
10347   1.1904
10356   1.2081
10366   1.0698
10378   1.0789
10388   1.2218
10394   1.2599
10403   1.1381
10413   1.3228
10425   1.3930
10435   1.1945
10441   1.1240
10451   0.8882
10456   0.7897
10466   0.7849
10476   0.9035
10486   0.9331
10498   0.8281
10514   0.7896
10530   0.6782
10541   0.6547
10549   0.4673
10565   0.4508
10573   0.3832
10582   0.3487
10594   0.3538
10600   0.3763
10607   0.3287
10616   0.3026
10624   0.3400
10636   0.3150
10643   0.3742
10648   0.3420
10657   0.3493
10670   0.3765
10683   0.3003
10692   0.3020
10704   0.3216
10714   0.3849
10722   0.4910
10731   0.4818
10738   0.4636
10748   0.5330
10758   0.5827
10770   0.5052
10778   0.4310
10794   0.4231
10802   0.4122
10811   0.3927
10823   0.3857
10832   0.3911
10838   0.3805
10846   0.3676
10854   0.3822
10863   0.3869
10870   0.3763
10882   0.3858
10890   0.4166
10898   0.4242
10914   0.4084
10923   0.4412
10934   0.4952
10941   0.4884
10950   0.4756
10957   0.5024
10969   0.5172
10979   0.4357
10991   0.3946
11000   0.4246
11009   0.4588
11018   0.4270
11025   0.4323
11033   0.5205
11041   0.5775
11050   0.5965
11062   0.6425
11071   0.7621
11081   0.8176
11093   0.8517
11100   0.9413
11109   1.0533
11118   1.1103
11126   1.1568
11138   1.2737
11148   1.3672
11157   1.4106
11167   1.4769
11177   1.5942
11182   1.5334
11193   1.4785
11200   1.6397
11208   1.8023
11216   1.9725
11228   1.8938
11238   2.0095
11245   2.1841
11254   2.2088
11266   2.1932
11275   2.3338
11288   2.4845
11301   2.4785
11313   2.5262
11324   2.5120
11336   1.4908
11345   1.3959
11353   1.2240
11359   1.2423
11366   1.1559
11375   1.0498
11384   1.0900
11393   1.1641
11402   1.1112
11409   1.0871
11419   1.0345
11428   1.0125
11440   1.0262
11452   0.9579
11461   0.8639
11470   0.8562
11480   0.7954
11489   0.6721
11499   0.6571
11509   0.6552
11516   0.5798
11526   0.4957
11536   0.5031
11548   0.5042
11561   0.4490
11569   0.4096
11578   0.3982
11589   0.3767
11597   0.3825
11609   0.3570
11621   0.3468
11630   0.3730
11639   0.3662
11648   0.3756
11660   0.3717
11673   0.3548
11679   0.3565
11688   0.3684
11701   0.3585
11712   0.3382
11720   0.3516
11729   0.3632
11737   0.3448
11743   0.3310
11755   0.3544
11762   0.3551
11772   0.3275
11781   0.3352
11789   0.3517
11796   0.3320
11809   0.3189
11821   0.3343
11829   0.3353
11838   0.3163
11847   0.3143
11856   0.3261
11867   0.3199
11879   0.3090
11888   0.3144
11896   0.3193
11903   0.3330
11909   0.3416
11916   0.3572
11925   0.3600
11934   0.3543
11942   0.3494
11951   0.3594
11960   0.3775
11968   0.3622
11976   0.3487
11985   0.3700
11994   0.3741
12003   0.3546
12015   0.3649
12024   0.3826
12040   0.3703
12046   0.3622
12055   0.3855
12064   0.3862
12071   0.3655
12078   0.3777
12086   0.3800
12097   0.3863
12105   0.4121
12112   0.4161
12124   0.4297
12136   0.4114
12148   0.3995
12164   0.4129
12173   0.4096
12182   0.3879
12188   0.3906
12197   0.3990
12205   0.3853
12218   0.3745
12226   0.3864
12236   0.3938
12244   0.3787
12250   0.3791
12259   0.3948
12267   0.3911
12275   0.3775
12285   0.3929
12298   0.4080
12310   0.3961
12322   0.4078
12334   0.4397
12346   0.4450
12351   0.4541
12363   0.4315
12374   0.4510
12382   0.4218
12398   0.4396
12409   0.4096
12419   0.4039
12428   0.3627
12437   0.3488
12447   0.3326
12456   0.3275
12469   0.3221
12479   0.3201
12489   0.3403
12500   0.3880
12508   0.3741
12521   0.3480
12532   0.3469
12539   0.3337
12547   0.3207
12558   0.3286
12567   0.3382
12576   0.3231
12581   0.3391
12589   0.3425
12599   0.3591
12609   0.3831
12619   0.3717
12629   0.3606
12634   0.3611
12647   0.3667
12655   0.3578
12664   0.3473
12677   0.3582
12686   0.3682
12695   0.3560
12704   0.3540
12716   0.3695
12725   0.3725
12734   0.3585
12740   0.3671
12749   0.3829
12761   0.3762
12773   0.3686
12785   0.3825
12797   0.3929
12804   0.3762
12813   0.3839
12822   0.4160
12832   0.4118
12839   0.4037
12851   0.4202
12856   0.4080
12865   0.4034
12881   0.3977
12890   0.5557
12900   0.6086
12912   0.5821
12921   0.5348
12934   0.5105
12941   0.4994
12949   0.4876
12958   0.4671
12970   0.4510
12982   0.4434
12994   0.4303
13006   0.4148
13019   0.4067
13028   0.4018
13037   0.3910
13046   0.3807
13057   0.3566
13065   0.3929
13074   0.3417
13087   0.3264
13094   0.3194
13100   0.3002
13108   0.2979
13116   0.2926
13125   0.2884
13133   0.2877
13146   0.2792
13154   0.2829
13163   0.2877
13172   0.2814
13184   0.2766
13193   0.2834
13199   0.2828
13208   0.2754
13216   0.2788
13224   0.2807
13233   0.2781
13245   0.2768
13254   0.2813
13263   0.2692
13272   0.2704
13280   0.2941
13292   0.2909
13297   0.2711
13309   0.3003
13325   0.3243
13331   0.3107
13343   0.3146
13348   0.3559
13358   0.3733
13370   0.3716
13377   0.3918
13383   0.3646
13389   0.3285
13395   0.3933
13404   0.4324
13413   0.3771
13421   0.3714
13428   0.3833
13435   0.3972
13444   0.3826
13451   0.3730
13461   0.3422
13470   0.3260
13482   0.3295
13489   0.3636
13497   0.3043
13501   0.3118
13509   0.2947
13521   0.3015
13530   0.3238
13538   0.3145
13547   0.3048
13555   0.3328
13564   0.3473
13573   0.3142
13585   0.3225
13597   0.3564
13602   0.3442
13610   0.3234
13619   0.3481
13627   0.3643
13635   0.3431
13644   0.3395
13656   0.3612
13662   0.3639
13671   0.3495
13684   0.3562
13693   0.3761
13705   0.3808
13715   0.3826
13723   0.3815
13731   0.3958
13740   0.3865
13745   0.3615
13755   0.3660
13763   0.3791
13772   0.3637
13784   0.3468
13796   0.3552
13804   0.3581
13813   0.3376
13822   0.3348
13830   0.3462
13842   0.3356
13847   0.3235
13856   0.3300
13868   0.3316
13880   0.3227
13896   0.3170
13905   0.3178
13917   0.3268
13929   0.3248
13938   0.3129
13946   0.3078
13954   0.3333
13959   0.3438
13967   0.3488
13975   0.3469
13985   0.3238
13997   0.3303
14007   0.3065
14019   0.3303
14026   0.3545
14038   0.3146
14049   0.3061
14058   0.3022
14066   0.3043
14072   0.3085
14084   0.3012
14093   0.2955
14109   0.3053
14122   0.3043
14134   0.2944
14142   0.3000
14152   0.3119
14159   0.3018
14167   0.2978
14180   0.3150
14192   0.3120
14197   0.2997
14206   0.3140
14213   0.3255
14219   0.3106
14232   0.3134
14244   0.3387
14253   0.3357
14265   0.3237
14272   0.3320
14277   0.3194
14289   0.2988
14297   0.3009
14305   0.2919
14317   0.3146
14325   0.3039
14334   0.2928
14339   0.2783
14350   0.3248
14362   0.3450
14371   0.3444
14379   0.3155
14389   0.2883
14396   0.2803
14409   0.2839
14420   0.2961
14433   0.2850
14441   0.2538
14452   0.2494
14461   0.2576
14473   0.2456
14482   0.2386
14494   0.2421
14506   0.2419
14511   0.2418
14523   0.2457
14535   0.2504
14544   0.2517
14551   0.2856
14559   0.2973
14571   0.2718
14580   0.2525
14588   0.2546
14598   0.2581
14607   0.2504
14619   0.2488
14625   0.2577
14633   0.2592
14642   0.2557
14651   0.2586
14667   0.2654
14675   0.2610
14691   0.2642
14699   0.3056
14708   0.3008
14716   0.3525
14724   0.2983
14733   0.2790
14740   0.2658
14749   0.2642
14756   0.2708
14763   0.2636
14779   0.2527
14788   0.2541
14795   0.2499
14803   0.2491
14813   0.2477
14822   0.2433
14831   0.2391
14844   0.2374
14850   0.2374
14862   0.2455
14871   0.2387
14883   0.2298
14892   0.2400
14901   0.2466
14911   0.2438
14918   0.2385
14934   0.2569
14946   0.2776
14956   0.2693
14963   0.2699
14973   0.3064
14983   0.3178
14995   0.3108
15007   0.3448
15015   0.3516
15026   0.3254
15034   0.3507
15046   0.3854
15051   0.3960
15063   0.3309
15073   0.3155
15083   0.3276
15093   0.3417
15103   0.3402
15109   0.3313
15117   0.3142
15127   0.3128
15140   0.3183
15145   0.3082
15154   0.3023
15159   0.3091
15164   0.3133
15173   0.3074
15182   0.3112
15191   0.3215
15199   0.3218
15208   0.3213
15217   0.3341
15226   0.3365
15233   0.3346
15242   0.3429
15250   0.3444
15266   0.3468
15277   0.3359
15285   0.3290
15294   0.3385
15303   0.3372
15315   0.3254
15324   0.3291
15331   0.3424
15340   0.3399
15349   0.3331
15359   0.3457
15366   0.3573
15374   0.3531
15380   0.3325
15385   0.3412
15393   0.3268
15402   0.3098
15413   0.3123
15424   0.2986
15432   0.3022
15441   0.2999
15450   0.2919
15458   0.2870
15465   0.2875
15473   0.2884
15481   0.2955
15490   0.2987
15498   0.3131
15507   0.3225
15512   0.3901
15517   0.3605
15530   0.3151
15541   0.2986
15549   0.3027
15558   0.3022
15570   0.2896
15578   0.2933
15587   0.2943
15594   0.2991
15600   0.3085
15612   0.3158
15624   0.3342
15631   0.3278
15643   0.3207
15652   0.3433
15662   0.3481
15670   0.3514
15679   0.3811
15688   0.3965
15699   0.4122
15706   0.3777
15716   0.3655
15729   0.3867
15740   0.3847
15750   0.3625
15762   0.3748
15771   0.4072
15781   0.4055
15788   0.3851
15800   0.4109
15804   0.4497
15812   0.5157
15823   0.4662
15830   0.4877
15835   0.4648
15841   0.4393
15850   0.4297
15862   0.3973
15874   0.3962
15883   0.3901
15893   0.3720
15904   0.3649
15917   0.3791
15927   0.3639
15939   0.3591
15949   0.3375
15958   0.3272
15966   0.3215
15974   0.3235
15982   0.3180
15988   0.3196
15998   0.3062
16007   0.3053
16017   0.3063
16022   0.2982
16033   0.2937
16040   0.2815
16051   0.2979
16058   0.3194
16067   0.3236
16083   0.3247
16091   0.3206
16100   0.3296
16106   0.3559
16113   0.3540
16121   0.3442
16128   0.3584
16138   0.3859
16150   0.3808
16160   0.3756
16169   0.4255
16178   0.4657
16190   0.4494
16200   0.4518
16209   0.3747
16217   0.3725
16225   0.3574
16233   0.3699
16244   0.3939
16251   0.3644
16258   0.3402
16270   0.3235
16277   0.3152
16285   0.3028
16293   0.2959
16305   0.2844
16312   0.2819
16328   0.2853
16335   0.2902
16344   0.2981
16356   0.3044
16368   0.3230
16379   0.3484
16388   0.4100
16396   0.3916
16405   0.4059
16410   0.4015
16416   0.3513
16426   0.3302
16432   0.3218
16442   0.3010
16451   0.2925
16457   0.2912
16465   0.2893
16474   0.2999
16484   0.3101
16493   0.3182
16500   0.3165
16511   0.3384
16519   0.3597
16528   0.3779
16534   0.3978
16542   0.4016
16548   0.3740
16556   0.3666
16568   0.3828
16579   0.3701
16586   0.3455
16595   0.3563
16601   0.3758
16611   0.3655
16620   0.3508
16629   0.3768
16635   0.4269
16640   0.4514
16651   0.4160
16660   0.5213
16668   0.5139
16678   0.4813
16685   0.4420
16692   0.4446
16703   0.4095
16710   0.3756
16718   0.3600
16726   0.3606
16734   0.3478
16743   0.3423
16753   0.3354
16763   0.3261
16772   0.3131
16784   0.3172
16792   0.3077
16805   0.3083
16818   0.2957
16826   0.2999
16836   0.2937
16841   0.2890
16849   0.2981
16856   0.3093
16865   0.3034
16872   0.3097
16883   0.2979
16890   0.2898
16899   0.2972
16907   0.3174
16916   0.3295
16926   0.3522
16938   0.3521
16947   0.3451
16956   0.3737
16963   0.3654
16973   0.3665
16984   0.3405
16995   0.3409
17007   0.3307
17016   0.3445
17027   0.3275
17036   0.3398
17044   0.3335
17053   0.3470
17062   0.3458
17071   0.3692
17083   0.3778
17095   0.4056
17104   0.4418
17115   0.4591
17123   0.4621
17131   0.4617
17141   0.4220
17148   0.4057
17159   0.3580
17166   0.3456
17176   0.3288
17192   0.3183
17208   0.3227
17216   0.3171
17225   0.3339
17236   0.3322
17245   0.3452
17253   0.3775
17258   0.3876
17265   0.4076
17277   0.4516
17286   0.4534
17298   0.4410
17309   0.4083
17321   0.3760
17326   0.3590
17333   0.3328
17345   0.3332
17351   0.3198
17360   0.3247
17370   0.3097
17379   0.3117
17387   0.3019
17395   0.3068
17407   0.3150
17418   0.3124
17427   0.3097
17437   0.3112
17445   0.3155
17451   0.3280
17458   0.3366
17466   0.3326
17473   0.3182
17482   0.3164
17487   0.3320
17499   0.3410
17508   0.3327
17514   0.3218
17519   0.3156
17532   0.3254
17537   0.3263
17546   0.3226
17555   0.3292
17560   0.3362
17569   0.3352
17582   0.3370
17588   0.3407
17595   0.3404
17603   0.3400
17611   0.3436
17620   0.3398
17628   0.3372
17637   0.3435
17642   0.3394
17652   0.3253
17664   0.3331
17672   0.3434
17684   0.3247
17694   0.3125
17706   0.3231
17718   0.3269
17725   0.3066
17730   0.3064
17739   0.3213
17746   0.3161
17758   0.3009
17765   0.3036
17774   0.3051
17783   0.3062
17795   0.2846
17805   0.2705
17815   0.2679
17823   0.2781
17831   0.2659
17842   0.2598
17850   0.2511
17859   0.2512
17871   0.2447
17880   0.2425
17889   0.2439
17899   0.2459
17908   0.2382
17915   0.2405
17923   0.2485
17932   0.2510
17941   0.2458
17953   0.2530
17962   0.2700
17970   0.2755
17982   0.2803
17992   0.2907
18000   0.3148
18005   0.3112
18015   0.3231
18024   0.3391
18034   0.2976
18043   0.2842
18053   0.3189
18063   0.3267
18072   0.2818
18081   0.2812
18094   0.3159
18100   0.3059
18110   0.2719
18119   0.2917
18128   0.3304
18140   0.2980
18149   0.2856
18162   0.2993
18174   0.2984
18180   0.2936
18188   0.2897
18198   0.2922
18206   0.2808
18215   0.2802
18224   0.2855
18234   0.2786
18250   0.2781
18258   0.2722
18270   0.2816
18280   0.3298
18290   0.3865
18298   0.5162
18309   1.0585
18314   1.0463
18323   1.0487
18332   1.0461
18344   0.9998
18356   0.9692
18365   0.9918
18374   0.9853
18382   0.9560
18390   0.9692
18399   0.9915
18406   0.9699
18415   0.9554
18421   0.9834
18429   0.9905
18435   0.9629
18442   0.9649
18448   0.9922
18460   1.0050
18472   1.0010
18485   0.9775
18496   0.9825
18501   0.9903
18510   0.9688
18517   0.9522
18529   0.9658
18537   0.9628
18550   0.9359
18559   0.9366
18568   0.9508
18581   0.9340
18590   0.9166
18599   0.9317
18608   0.9368
18616   0.9149
18624   0.9124
18633   0.9342
18645   0.9489
18652   0.9753
18661   0.9906
18669   1.0048
18677   0.9789
18687   0.9731
18693   0.9911
18701   0.9673
18710   0.9671
18722   1.0000
18727   0.9977
18739   0.9759
18747   1.0019
18752   1.0249
18764   1.0042
18773   1.0057
18782   1.0383
18794   1.0412
18801   1.0233
18810   1.0469
18817   1.0718
18826   1.0540
18834   1.0591
18841   1.0943
18850   1.0958
18857   1.0771
18869   1.0991
18878   1.1266
18887   1.1146
18896   1.1100
18908   1.1448
18917   1.1586
18926   1.1443
18938   1.1582
18950   1.2233
18959   1.0932
18967   1.0831
18979   1.0819
18986   1.0611
18994   1.0630
19003   1.0802
19012   1.0650
19017   1.0517
19026   1.0704
19038   1.0763
19047   1.0508
19053   1.0573
19060   1.0807
19069   1.0667
19077   1.0510
19086   1.0749
19102   1.0854
19111   1.0629
19119   1.0687
19126   1.0923
19138   1.0817
19146   1.2381
19155   1.1964
19167   1.1675
19179   1.1537
19191   1.1317
19197   1.1002
19204   1.0805
19212   1.0760
19218   1.0548
19225   1.0258
19235   1.0188
19244   1.0135
19254   0.9852
19264   0.9657
19276   0.9638
19285   0.9554
19290   0.9287
19301   0.9228
19310   0.9239
19319   0.9051
19327   0.8851
19335   0.8866
19341   0.8851
19346   0.8621
19356   0.8504
19364   0.8574
19372   0.8476
19380   0.8207
19388   0.8151
19397   0.8196
19406   0.8127
19415   0.7957
19420   0.7999
19427   0.8016
19434   0.7829
19439   0.7827
19448   0.7927
19457   0.7849
19465   0.7663
19473   0.7716
19480   0.7724
19489   0.7899
19497   0.7890
19504   0.7722
19510   0.7767
19518   0.7944
19531   0.7821
19543   0.7711
19555   0.7885
19563   0.7923
19575   0.7754
19584   0.7821
19589   0.7988
19598   0.7902
19605   0.7842
19613   0.8016
19629   0.8056
19645   0.7929
19652   0.8061
19668   0.8143
19675   0.7803
19687   0.8051
19695   0.8207
19707   0.8370
19715   0.8360
19723   0.8361
19732   0.8186
19741   0.8324
19753   0.8423
19758   0.8278
19765   0.8284
19774   0.8498
19781   0.8471
19789   0.8330
19798   0.8504
19807   0.8695
19813   0.8580
19822   0.8566
19834   0.8841
19842   0.8900
19848   0.8754
19853   0.8898
19865   0.9137
19874   0.9019
19883   0.8927
19888   0.9151
19897   0.9277
19910   0.9194
19919   0.9228
19932   0.9568
19944   0.9314
19956   0.9243
19968   0.8961
19980   0.8953
19992   0.8878
20004   0.9344
20014   0.9491
20020   0.9756
20027   1.0039
20034   1.0221
20042   1.0333
20053   1.0145
20062   0.9985
20075   1.0152
20088   0.9882
20104   0.9500
20117   0.9594
20129   0.9872
20141   0.9711
20147   0.9379
20157   0.9311
20165   0.9478
20174   0.9414
20183   0.9158
20192   0.9206
20201   0.9280
20209   0.9111
20218   0.9041
20231   0.9161
20244   0.9056
20252   0.8867
20261   0.8964
20267   0.8987
20275   0.8811
20284   0.8790
20293   0.8917
20305   0.8835
20314   0.8683
20330   0.8820
20339   0.8743
20351   0.8949
20361   0.8358
20367   0.8676
20375   0.8037
20387   0.7864
20399   0.7770
20411   0.7670
20420   0.7581
20429   0.7463
20439   0.7371
20451   0.7321
20458   0.7148
20471   0.7192
20480   0.7319
20487   0.7244
20493   0.7135
20502   0.7226
20511   0.7301
20517   0.7194
20526   0.7137
20535   0.7262
20541   0.7267
20557   0.7181
20564   0.7225
20573   0.7341
20581   0.7356
20594   0.7367
20606   0.7471
20613   0.7469
20629   0.7434
20638   0.7290
20646   0.7224
20658   0.7237
20666   0.7201
20675   0.7148
20684   0.7142
20693   0.7131
20709   0.7087
20716   0.7050
20723   0.7029
20731   0.7014
20740   0.6961
20756   0.6964
20765   0.7072
20774   0.7169
20786   0.7122
20797   0.7166
20809   0.7175
20821   0.7104
20831   0.7116
20844   0.7176
20850   0.7191
20859   0.7204
20868   0.7211
20875   0.7292
20881   0.7307
20889   0.7275
20901   0.7367
20910   0.7439
20918   0.7390
20926   0.7380
20939   0.7488
20945   0.7511
20956   0.7441
20965   0.7509
20974   0.7622
20983   0.7548
20991   0.7515
21000   0.7691
21012   0.7732
21025   0.7599
21034   0.7517
21050   0.7677
21057   0.7706
21069   0.7702
21079   0.7612
21087   0.7340
21095   0.7201
21105   0.7174
21114   0.7540
21124   0.7472
21134   0.7254
21141   0.7304
21149   0.7486
21154   0.7309
21166   0.7339
21175   0.7160
21185   0.7310
21195   0.7550
21205   0.7768
21214   0.7676
21222   0.7827
21227   0.7826
21237   0.7787
21246   0.7921
21252   0.7793
21259   0.7567
21269   0.7687
21278   0.7796
21287   0.7601
21299   0.7561
21307   0.7695
21316   0.7664
21324   0.7497
21336   0.7560
21352   0.7674
21361   0.7572
21370   0.7507
21379   0.7683
21391   0.7743
21403   0.7558
21415   0.7582
21424   0.7721
21432   0.7648
21442   0.7612
21454   0.7780
21464   0.7836
21470   0.7758
21479   0.7859
21491   0.8025
21501   0.8040
21511   0.8063
21521   0.8267
21527   0.8379
21536   0.8414
21545   0.8869
21552   0.6783
21561   0.6343
21570   0.6285
21580   0.6058
21588   0.6002
21597   0.6160
21602   0.6102
21613   0.5904
21622   0.5989
21630   0.6158
21638   0.6004
21644   0.5913
21653   0.6120
21665   0.6217
21674   0.6041
21684   0.6075
21697   0.6133
21713   0.6106
21722   0.6007
21735   0.5962
21743   0.5989
21750   0.5881
21755   0.5859
21760   0.5842
21769   0.5709
21781   0.5654
21793   0.5745
21805   0.5621
21813   0.5458
21820   0.5673
21832   0.5773
21842   0.5822
21847   0.6181
21857   0.5994
21866   0.6263
21874   0.6413
21883   0.6493
21896   0.6355
21906   0.6328
21915   0.6451
21924   0.6424
21937   0.6231
21946   0.6328
21954   0.6458
21963   0.6233
21975   0.6124
21984   0.6356
21996   0.6326
22003   0.6096
22011   0.6203
22017   0.6398
22026   0.6188
22039   0.6112
22051   0.6389
22059   0.6384
22071   0.6158
22084   0.6511
22094   0.6794
22110   0.6641
22126   0.6579
22138   0.6955
22148   0.6938
22157   0.6508
22166   0.6720
22176   0.6747
22189   0.6460
22201   0.6512
22217   0.6773
22226   0.6608
22233   0.6397
22241   0.6661
22249   0.6803
22258   0.6484
22271   0.6499
22279   0.6865
22288   0.6771
22297   0.6539
22305   0.6796
22314   0.6976
22323   0.6778
22335   0.6790
22344   0.7037
22357   0.7052
22365   0.6876
22378   0.7060
22390   0.7294
22402   0.7384
22412   0.7677
22423   0.7397
22434   0.7434
22442   0.7778
22447   0.7593
22456   0.7466
22472   0.7864
22484   0.8099
22495   0.7867
22504   0.7958
22512   0.8119
22517   0.7854
22526   0.7524
22536   0.7443
22546   0.7170
22556   0.7039
22566   0.7082
22575   0.6969
22585   0.6718
22594   0.6730
22603   0.6727
22608   0.6929
22617   0.7099
22627   0.7488
22639   0.7056
22651   0.7177
22659   0.7255
22667   0.7254
22673   0.6618
22683   0.6440
22692   0.6434
22704   0.6637
22712   0.6646
22724   0.6614
22733   0.6646
22745   0.6415
22753   0.6457
22761   0.6626
22769   0.6468
22776   0.6352
22788   0.6533
22797   0.6577
22806   0.6414
22814   0.6453
22821   0.6658
22830   0.6581
22839   0.6470
22851   0.6664
22860   0.6767
22872   0.6680
22885   0.6734
22897   0.6963
22909   0.6979
22918   0.6897
22930   0.7087
22942   0.7279
22951   0.7240
22961   0.7302
22970   0.7492
22978   0.8205
22987   0.9050
22996   1.0408
23006   0.6743
23014   0.6417
23022   0.6064
23031   0.5622
23043   0.5320
23052   0.5030
23062   0.4817
23074   0.4641
23083   0.4413
23093   0.4256
23106   0.4199
23118   0.4125
23130   0.3966
23140   0.3941
23149   0.4024
23161   0.3895
23169   0.3640
23181   0.3762
23190   0.3833
23206   0.3560
23222   0.3458
23231   0.3665
23240   0.3711
23250   0.3492
23259   0.3451
23271   0.3202
23280   0.3544
23289   0.3560
23299   0.3995
23308   0.3969
23316   0.3558
23323   0.3698
23330   0.4095
23343   0.4000
23352   0.3755
23361   0.3974
23377   0.4279
23385   0.4178
23393   0.3980
23401   0.3952
23411   0.4325
23421   0.4382
23429   0.4717
23436   0.4728
23445   0.4620
23457   0.4293
23468   0.4242
23481   0.4447
23489   0.4236
23501   0.4083
23510   0.4187
23519   0.4199
23526   0.3882
23542   0.3879
23548   0.4160
23560   0.4020
23566   0.3914
23574   0.4269
23582   0.4499
23595   0.4457
23601   0.4827
23611   0.4696
23620   0.4385
23632   0.4680
23644   0.4951
23650   0.4665
23656   0.4581
23663   0.4990
23670   0.5049
23678   0.4780
23685   0.4891
23693   0.5283
23701   0.5146
23717   0.5021
23725   0.5376
23732   0.5431
23740   0.5188
23749   0.5293
23758   0.5614
23766   0.5478
23773   0.5309
23783   0.5604
23792   0.5773
23801   0.5506
23814   0.5599
23826   0.5924
23835   0.6114
23847   0.6370
23855   0.6168
23864   0.5828
23873   0.5776
23881   0.5893
23891   0.5881
23902   0.5525
23914   0.5451
23921   0.5351
23929   0.5696
23940   0.5307
23947   0.5081
23954   0.5527
23962   0.6037
23970   0.6814
23981   0.6815
23991   0.6934
24002   0.6795
24014   0.6925
24022   0.6676
24033   0.6052
24041   0.6076
24049   0.5567
24058   0.5718
24070   0.5931
24080   0.5460
24089   0.5412
24100   0.5092
24110   0.5395
24117   0.5450
24126   0.5251
24135   0.5540
24148   0.6041
24155   0.5865
24160   0.5959
24168   0.5085
24176   0.5198
24184   0.4954
24192   0.4973
24200   0.4576
24210   0.4585
24226   0.4880
24234   0.4871
24239   0.5053
24248   0.5048
24260   0.5193
24270   0.5310
24277   0.5181
24283   0.5282
24291   0.5023
24300   0.4682
24309   0.5047
24317   0.5327
24330   0.5024
24339   0.4757
24351   0.4571
24362   0.4700
24373   0.4699
24382   0.4371
24391   0.4334
24400   0.4618
24409   0.4439
24415   0.4141
24424   0.4379
24433   0.4552
24439   0.4249
24451   0.4129
24461   0.4578
24469   0.4625
24477   0.4305
24485   0.4477
24498   0.4864
24510   0.4765
24522   0.4627
24534   0.5100
24544   0.5357
24557   0.5126
24570   0.5324
24582   0.5910
24587   0.6082
24599   0.6429
24610   0.6340
24621   0.5666
24630   0.5385
24638   0.5035
24643   0.4674
24651   0.4581
24659   0.4272
24666   0.4515
24676   0.4234
24684   0.3669
24693   0.3849
24705   0.3947
24717   0.3841
24726   0.3236
24735   0.3394
24743   0.3309
24755   0.3572
24764   0.3551
24776   0.3507
24785   0.3938
24794   0.4385
24803   0.4413
24808   0.4441
24817   0.4343
24826   0.3885
24837   0.3575
24844   0.3505
24850   0.3340
24860   0.3044
24873   0.2955
24885   0.2910
24893   0.2943
24904   0.2888
24917   0.2857
24929   0.3014
24941   0.3163
24954   0.3230
24964   0.3173
24976   0.3207
24981   0.3142
24990   0.3050
25000   0.2870
25008   0.2983
25015   0.2957
25027   0.2761
25036   0.2778
25045   0.2903
25052   0.2747
25060   0.2638
25071   0.2866
25079   0.2937
25088   0.2767
25093   0.2882
25105   0.3121
25117   0.2890
25126   0.3000
25135   0.3204
25147   0.3203
25160   0.3024
25166   0.3109
25175   0.3315
25184   0.3264
25196   0.3167
25202   0.3438
25209   0.3550
25225   0.3338
25234   0.3415
25243   0.3683
25248   0.3646
25256   0.3555
25265   0.3761
25278   0.3895
25290   0.3689
25302   0.4004
25314   0.4062
25326   0.4278
25336   0.4139
25342   0.3873
25351   0.4019
25357   0.4175
25367   0.4022
25375   0.3772
25390   0.3912
25398   0.4035
25408   0.3719
25421   0.3659
25428   0.3918
25435   0.3851
25447   0.3612
25456   0.3791
25462   0.3999
25469   0.3784
25478   0.3676
25487   0.4030
25495   0.4124
25507   0.3931
25519   0.4064
25532   0.4336
25544   0.4359
25552   0.4306
25559   0.4589
25568   0.4828
25573   0.4665
25581   0.4794
25588   0.4768
25596   0.4660
25601   0.4699
25609   0.4754
25616   0.4900
25628   0.4688
25637   0.4531
25649   0.4686
25657   0.4722
25673   0.4883
25685   0.4634
25697   0.4797
25707   0.5103
25712   0.4882
25718   0.4729
25731   0.4370
25743   0.4056
25754   0.3878
25763   0.3745
25774   0.3925
25783   0.3905
25792   0.3676
25802   0.3881
25818   0.4123
25827   0.3850
25840   0.4122
25851   0.4174
25859   0.4118
25868   0.4386
25880   0.4134
25889   0.3677
25897   0.3604
25908   0.3607
25916   0.3570
25926   0.3335
25934   0.3192
25942   0.3161
25954   0.3058
25963   0.3023
25971   0.2945
25984   0.3020
25993   0.3090
26005   0.2977
26014   0.2990
26023   0.3127
26032   0.3193
26041   0.3186
26048   0.3278
26054   0.3441
26061   0.3428
26070   0.3497
26082   0.3746
26094   0.3963
26106   0.4069
26115   0.4142
26127   0.4482
26137   0.4590
26146   0.4917
26156   0.5012
26167   0.4613
26177   0.4517
26183   0.4353
26189   0.4025
26197   0.3786
26209   0.3857
26218   0.4075
26227   0.4360
26233   0.4156
26238   0.4276
26247   0.4951
26258   0.4606
26266   0.4900
26276   0.4312
26285   0.4163
26292   0.3442
26301   0.3496
26312   0.3396
26321   0.3421
26330   0.3282
26336   0.3355
26342   0.3329
26349   0.3291
26361   0.3549
26368   0.3852
26380   0.4350
26392   0.4056
26402   0.3759
26410   0.3898
26417   0.4165
26425   0.4176
26434   0.3897
26446   0.4137
26455   0.4447
26467   0.4409
26474   0.4230
26486   0.4163
26493   0.3542
26506   0.3391
26515   0.3250
26524   0.3197
26533   0.3384
26540   0.3383
26550   0.3191
26558   0.3237
26567   0.3269
26576   0.3261
26588   0.3254
26595   0.3258
26608   0.3140
26617   0.3173
26629   0.3229
26645   0.3048
26657   0.2909
26665   0.3051
26674   0.3056
26682   0.2948
26691   0.2978
26700   0.3104
26712   0.3092
26721   0.3044
26729   0.3150
26734   0.3254
26742   0.3232
26750   0.3215
26762   0.3327
26771   0.3419
26778   0.3472
26787   0.3320
26799   0.3181
26806   0.3268
26815   0.3262
26820   0.3113
26833   0.3229
26842   0.3371
26850   0.3256
26856   0.3232
26863   0.3421
26875   0.3472
26888   0.3352
26900   0.3465
26909   0.3641
26918   0.3572
26930   0.3543
26935   0.3879
26940   0.3914
26949   0.3592
26958   0.3613
26967   0.3870
26976   0.3666
26985   0.3502
26993   0.3246
27002   0.3309
27012   0.3423
27019   0.3284
27028   0.3160
27037   0.3284
27049   0.3308
27062   0.3121
27078   0.3133
27087   0.3282
27103   0.3148
27112   0.3009
27121   0.3142
27127   0.3179
27140   0.2987
27151   0.3023
27159   0.3183
27171   0.3049
27179   0.2885
27188   0.3059
27196   0.3216
27205   0.3028
27215   0.3050
27226   0.3244
27235   0.3127
27244   0.2964
27251   0.3160
27260   0.3236
27265   0.3060
27271   0.3130
27278   0.3366
27283   0.3557
27296   0.3628
27305   0.3255
27310   0.3162
27316   0.3187
27325   0.3394
27333   0.3568
27345   0.3858
27356   0.4438
27363   0.4306
27370   0.4127
27386   0.3412
27395   0.3046
27404   0.3167
27416   0.3326
27422   0.3075
27434   0.2914
27441   0.2792
27450   0.2833
27456   0.2894
27463   0.3185
27471   0.3519
27479   0.4945
27489   0.5442
27494   0.5061
27507   0.5140
27519   0.5028
27527   0.4672
27535   0.5406
27545   0.6015
27554   0.5588
27563   0.4959
27570   0.4020
27582   0.3833
27589   0.3362
27599   0.3353
27607   0.3103
27615   0.3848
27622   0.3260
27627   0.3079
27637   0.2819
27643   0.2779
27648   0.2787
27657   0.2796
27666   0.2865
27682   0.2782
27691   0.2661
27698   0.2724
27707   0.2810
27714   0.2741
27726   0.2669
27732   0.2754
27744   0.2804
27753   0.2740
27762   0.2747
27771   0.2848
27783   0.2855
27795   0.2778
27807   0.2835
27815   0.2957
27827   0.2935
27836   0.2903
27843   0.3253
27856   0.3386
27869   0.3094
27881   0.3554
27890   0.3899
27902   0.3451
27910   0.3493
27918   0.4159
27924   0.4078
27933   0.3716
27942   0.4118
27952   0.4378
27958   0.4088
27965   0.4112
27977   0.4632
27986   0.4667
27995   0.4269
28001   0.4514
28008   0.4886
28020   0.4653
28025   0.4472
28031   0.4822
28041   0.4937
28050   0.4415
28062   0.4364
28074   0.4901
28080   0.4631
28088   0.4082
28097   0.4495
28105   0.4832
28115   0.4308
28121   0.4113
28129   0.4744
28139   0.4731
28145   0.4186
28157   0.4432
28166   0.4930
28176   0.4528
28186   0.4083
28196   0.4669
28206   0.4773
28216   0.4081
28223   0.4202
28232   0.4809
28241   0.4414
28253   0.3777
28262   0.4509
28272   0.4787
28284   0.3971
28296   0.3944
28305   0.4790
28314   0.4473
28326   0.3730
28335   0.4448
28345   0.4963
28351   0.4160
28363   0.4011
28375   0.5179
28387   0.5152
28397   0.4180
28410   0.4743
28420   0.5857
28430   0.5379
28435   0.4529
28445   0.5397
28455   0.6376
28467   0.7276
28476   0.8154
28485   0.8269
28492   0.8314
28501   0.9505
28509   1.0243
28521   1.0381
28531   0.9338
28538   0.9725
28543   1.0092
28553   1.0668
28558   1.0390
28570   0.9979
28579   1.0251
28588   1.0274
28600   0.9849
28610   0.9297
28618   0.9244
28625   0.8901
28635   0.8486
28645   0.8441
28654   0.8859
28663   0.9128
28673   1.0201
28685   1.1233
28695   1.2080
28701   1.2171
28710   1.0767
28720   0.9875
28732   0.8934
28742   0.8398
28748   0.8614
28758   0.8150
28763   0.8689
28773   0.8855
28783   0.8582
28793   0.7882
28805   0.7141
28821   0.6553
28837   0.5914
28848   0.6439
28856   0.6047
28872   0.5928
28880   0.4616
28889   0.4175
28901   0.3338
28907   0.3114
28914   0.4229
28923   0.4154
28931   0.3108
28943   0.3020
28950   0.2790
28955   0.3007
28964   0.3072
28977   0.3287
28990   0.3168
28999   0.3287
29011   0.3403
29021   0.3401
29029   0.3790
29038   0.3973
29045   0.4391
29055   0.4760
29065   0.7975
29077   0.6670
29085   0.5465
29101   0.5124
29109   0.5259
29118   0.5114
29130   0.4717
29139   0.4724
29145   0.4841
29153   0.4514
29161   0.4369
29170   0.4558
29177   0.4400
29189   0.4175
29197   0.4389
29205   0.4475
29221   0.4158
29230   0.4298
29241   0.4679
29248   0.4506
29257   0.4374
29264   0.4810
29276   0.4977
29286   0.4558
29298   0.4430
29307   0.4421
29316   0.4183
29325   0.3985
29332   0.3980
29340   0.3864
29348   0.3666
29357   0.3652
29369   0.3721
29378   0.3601
29388   0.3508
29400   0.3718
29407   0.3812
29416   0.3755
29425   0.3928
29433   0.4244
29445   0.4347
29455   0.4473
29464   0.4854
29474   0.5132
29484   0.5409
29489   0.5379
29500   0.5098
29507   0.4829
29515   0.5224
29523   0.5700
29535   0.5870
29545   0.6081
29552   0.6567
29561   0.7028
29573   0.7464
29582   0.7897
29595   0.8433
29608   0.8974
29620   0.9768
29631   1.1056
29643   1.5878
29652   1.4484
29660   1.3265
29666   1.1845
29673   1.0890
29682   1.0429
29691   0.9527
29700   0.7922
29709   0.7686
29716   0.8140
29726   0.7501
29735   0.6773
29747   0.7182
29759   0.7370
29768   0.6330
29777   0.5836
29787   0.4948
29796   0.4883
29806   0.4914
29816   0.4456
29823   0.3995
29833   0.4014
29843   0.4008
29855   0.3824
29868   0.3704
29876   0.3729
29885   0.3360
29896   0.3431
29904   0.3483
29916   0.3785
29928   0.4529
29937   0.3860
29946   0.3807
29955   0.3899
29967   0.3619
29980   0.3378
29986   0.3434
29995   0.3390
30008   0.3282
30019   0.3285
30027   0.3286
30036   0.3274
30044   0.3288
30050   0.3425
30062   0.3360
30069   0.3467
30079   0.3457
30088   0.3408
30096   0.3456
30103   0.3489
30116   0.3495
30128   0.3535
30136   0.3525
30145   0.3509
30154   0.3481
30163   0.3519
30174   0.3628
30186   0.3589
30195   0.3608
30203   0.3773
30210   0.4033
30216   0.4197
30223   0.4635
30232   0.4813
30241   0.3975
30249   0.3590
30258   0.4071
30267   0.3970
30275   0.3630
30283   0.3681
30292   0.3813
30301   0.3620
30310   0.3480
30322   0.3629
30331   0.3592
30347   0.3318
30353   0.3354
30362   0.3546
30371   0.3254
30378   0.3821
30385   0.4172
30393   0.3738
30404   0.3555
30412   0.3671
30419   0.3624
30431   0.3682
30443   0.3607
30455   0.3533
30471   0.3564
30480   0.3603
30489   0.3505
30495   0.3471
30504   0.3519
30512   0.3487
30525   0.3394
30533   0.3417
30543   0.3508
30551   0.3435
30557   0.3376
30566   0.3456
30574   0.3491
30582   0.3384
30592   0.3387
30605   0.3544
30617   0.3543
30629   0.3440
30641   0.3534
30653   0.3777
30658   0.3961
30670   0.4361
30681   0.5630
30689   0.6274
30705   0.5819
30716   0.5447
30726   0.5096
30735   0.5057
30744   0.4865
30754   0.4742
30763   0.4786
30776   0.5051
30786   0.4823
30796   0.4643
30807   0.4775
30815   0.4564
30828   0.4648
30839   0.4272
30846   0.4025
30854   0.4035
30865   0.3756
30874   0.3455
30883   0.3462
30888   0.3652
30896   0.3928
30906   0.4389
30916   0.2868
30926   0.3301
30936   0.3273
30941   0.3419
30954   0.3565
30962   0.3511
30971   0.3326
30984   0.3263
30993   0.3257
31002   0.3263
31011   0.3249
31023   0.3214
31032   0.3185
31041   0.3323
31047   0.3393
31056   0.3270
31068   0.3297
31080   0.3546
31092   0.3568
31104   0.3367
31111   0.3497
31120   0.3610
31129   0.3606
31139   0.3593
31146   0.3848
31158   0.3844
31163   0.3778
31172   0.3672
31188   0.3792
31197   0.3994
31207   0.5772
31219   0.5351
31228   0.5075
31241   0.4981
31248   0.4428
31256   0.4156
31265   0.4416
31277   0.4073
31289   0.3636
31301   0.3859
31313   0.3932
31326   0.3497
31335   0.3499
31344   0.3882
31353   0.3634
31364   0.3376
31372   0.3553
31381   0.3720
31394   0.3774
31401   0.4294
31407   0.5281
31415   0.5350
31423   0.5662
31432   0.5384
31440   0.4205
31453   0.4112
31461   0.4124
31470   0.3928
31479   0.3873
31491   0.3862
31500   0.3747
31506   0.3688
31515   0.3735
31523   0.3681
31531   0.3594
31540   0.3745
31552   0.3786
31561   0.3600
31570   0.3701
31579   0.3889
31587   0.3794
31599   0.3665
31604   0.3888
31616   0.4022
31632   0.3837
31638   0.3822
31650   0.4065
31655   0.4171
31665   0.3879
31677   0.3679
31684   0.3790
31690   0.4085
31696   0.3776
31702   0.4038
31711   0.5492
31720   0.6726
31728   0.5881
31735   0.6739
31742   0.5789
31751   0.6154
31758   0.5353
31768   0.6597
31777   0.5969
31789   0.4893
31796   0.4355
31804   0.4319
31808   0.4093
31816   0.3989
31828   0.4015
31837   0.3923
31845   0.3727
31854   0.3735
31862   0.3752
31871   0.3580
31880   0.3496
31892   0.3557
31904   0.3533
31909   0.3435
31917   0.3401
31926   0.3392
31934   0.3396
31942   0.3324
31951   0.3299
31963   0.3330
31969   0.3356
31978   0.3228
31991   0.3196
32000   0.3243
32012   0.3261
32022   0.3166
32030   0.3051
32038   0.3147
32047   0.3359
32052   0.3228
32062   0.2985
32070   0.3208
32079   0.3357
32091   0.3107
32103   0.3087
32111   0.3403
32120   0.3397
32129   0.3197
32137   0.3358
32149   0.3586
32154   0.3468
32163   0.3446
32175   0.3640
32187   0.3712
32203   0.3576
32212   0.3654
32224   0.4158
32236   0.4786
32245   0.4097
32253   0.3416
32261   0.4102
32266   0.4729
32274   0.4175
32282   0.3830
32292   0.3616
32304   0.4380
32314   0.3424
32326   0.3388
32333   0.3569
32345   0.3518
32356   0.3265
32365   0.3412
32373   0.3298
32379   0.3136
32391   0.3197
32400   0.3356
32416   0.3252
32429   0.3163
32441   0.3230
32449   0.3220
32459   0.3190
32466   0.3267
32474   0.3280
32487   0.3283
32499   0.3306
32504   0.3379
32513   0.3404
32520   0.3437
32526   0.3545
32539   0.3523
32551   0.3544
32560   0.3645
32572   0.3709
32579   0.3927
32584   0.3919
32596   0.3669
32604   0.3381
32612   0.3083
32624   0.2961
32632   0.2974
32641   0.3085
32646   0.3079
32657   0.2806
32669   0.2841
32678   0.3341
32686   0.3457
32696   0.3498
32703   0.3368
32716   0.3478
32727   0.3481
32740   0.3500
32748   0.3365
32759   0.3264
32768   0.3340
32780   0.3338
32789   0.3205
32801   0.3262
32813   0.3380
32818   0.3342
32830   0.3308
32842   0.3446
32851   0.3504
32858   0.3537
32866   0.3557
32878   0.3470
32887   0.3520
32895   0.3506
32905   0.3587
32914   0.3592
32926   0.3417
32932   0.3421
32940   0.3506
32949   0.3432
32958   0.3338
32974   0.3412
32982   0.3508
32998   0.3257
33006   0.3156
33015   0.3036
33023   0.2995
33031   0.2932
33040   0.3067
33047   0.3167
33056   0.3131
33063   0.2946
33070   0.2987
33086   0.3076
33095   0.2947
33102   0.2849
33110   0.2952
33120   0.2946
33129   0.2896
33138   0.2904
33151   0.2948
33157   0.2949
33169   0.2960
33178   0.3012
33190   0.3039
33199   0.2996
33208   0.3071
33218   0.3142
33225   0.3149
33241   0.3149
33253   0.3285
33263   0.3391
33270   0.3392
33280   0.3576
33290   0.3707
33302   0.3782
33314   0.3810
33322   0.3718
33333   0.3810
33341   0.3704
33353   0.3648
33358   0.3616
33370   0.3446
33380   0.3215
33390   0.3114
33400   0.3101
33410   0.3054
33416   0.3032
33424   0.2991
33434   0.2926
33447   0.2934
33452   0.2929
33461   0.2804
33466   0.2761
33471   0.2891
33480   0.2818
33489   0.2574
33498   0.2695
33506   0.2944
33515   0.2737
33524   0.2480
33533   0.2857
33540   0.3187
33549   0.2884
33557   0.2782
33573   0.3706
33584   0.3730
33592   0.2865
33601   0.3204
33610   0.3813
33622   0.3245
33631   0.2763
33638   0.3422
33647   0.3622
33656   0.3038
33666   0.2919
33673   0.3138
33681   0.3480
33687   0.3892
33692   0.3874
33700   0.3417
33709   0.3772
33720   0.3114
33731   0.2871
33739   0.3140
33748   0.3090
33757   0.3182
33765   0.3133
33772   0.3200
33780   0.3149
33788   0.3067
33797   0.3044
33805   0.3085
33814   0.3224
33819   0.3326
33824   0.3228
33837   0.3093
33848   0.3080
33856   0.3188
33865   0.3141
33877   0.3188
33885   0.3357
33894   0.3407
33901   0.3603
33907   0.3668
33919   0.4209
33931   0.4757
33938   0.4526
33950   0.3859
33959   0.3453
33969   0.3476
33977   0.3658
33986   0.3892
33995   0.4145
34006   0.4171
34013   0.3977
34023   0.4024
34036   0.4134
34047   0.4031
34057   0.3893
34069   0.4119
34078   0.4374
34088   0.4203
34095   0.4264
34107   0.4939
34111   0.6171
34119   0.6538
34130   0.6747
34137   0.5577
34142   0.4659
34148   0.4303
34157   0.4630
34169   0.4656
34181   0.4672
34190   0.5269
34200   0.6003
34211   0.5262
34224   0.4635
34234   0.4205
34246   0.5134
34256   0.3834
34265   0.3380
34273   0.3352
34281   0.3467
34289   0.3408
34295   0.3446
34305   0.3347
34314   0.3517
34324   0.3486
34329   0.3275
34340   0.3111
34347   0.3118
34358   0.3032
34365   0.3076
34374   0.3032
34390   0.3023
34398   0.3050
34407   0.3107
34413   0.3245
34420   0.3262
34428   0.3162
34435   0.3234
34445   0.3419
34457   0.3423
34467   0.3391
34476   0.3501
34485   0.3898
34497   0.4168
34507   0.4216
34516   0.4723
34524   0.4666
34532   0.4419
34540   0.4102
34551   0.3753
34558   0.3494
34565   0.3428
34577   0.3337
34584   0.3159
34592   0.3183
34600   0.3180
34612   0.3134
34619   0.3155
34635   0.3039
34642   0.3035
34651   0.2970
34663   0.2902
34675   0.3135
34686   0.3251
34695   0.3931
34703   0.3981
34712   0.4088
34717   0.3995
34723   0.3552
34733   0.3387
34739   0.3311
34749   0.3646
34758   0.3384
34764   0.3127
34772   0.3053
34781   0.3064
34791   0.3189
34800   0.3132
34807   0.3257
34818   0.3609
34826   0.3982
34835   0.4601
34841   0.5170
34849   0.4473
34855   0.4027
34863   0.4119
34875   0.4207
34886   0.3732
34893   0.3646
34902   0.3804
34908   0.3839
34918   0.3559
34927   0.3839
34936   0.4123
34942   0.4104
34947   0.4165
34958   0.4445
34967   0.4271
34975   0.4815
34985   0.4597
34992   0.4783
34999   0.4378
35010   0.3930
35017   0.3563
35025   0.3497
35033   0.3566
35041   0.3429
35050   0.3520
35060   0.3545
35070   0.3535
35079   0.3539
35091   0.3538
35099   0.3440
35112   0.3498
35125   0.3590
35133   0.3638
35143   0.3393
35148   0.3199
35156   0.3306
35163   0.3187
35172   0.3245
35179   0.3373
35190   0.3281
35197   0.3815
35206   0.3684
35214   0.3776
35223   0.3823
35233   0.4021
35245   0.3886
35254   0.3791
35263   0.4014
35270   0.3936
35280   0.3891
35291   0.3648
35302   0.3523
35314   0.3431
35323   0.3448
35334   0.3374
35343   0.3415
35351   0.3278
35360   0.3366
35369   0.3247
35378   0.3413
35390   0.3607
35402   0.4248
35411   0.4629
35422   0.5083
35430   0.4863
35438   0.4637
35448   0.4263
35455   0.4195
35466   0.3643
35473   0.3364
35483   0.3199
35499   0.3160
35515   0.3229
35523   0.3222
35532   0.3348
35543   0.3290
35552   0.3525
35560   0.3867
35565   0.4086
35572   0.4672
35584   0.5727
35593   0.6581
35605   0.7092
35616   0.6460
35628   0.5539
35633   0.4220
35640   0.3687
35652   0.3521
35658   0.3338
35667   0.3414
35677   0.3355
35686   0.3345
35694   0.3376
35702   0.3394
35714   0.3688
35725   0.3877
35734   0.3927
35744   0.3898
35752   0.3570
35758   0.3430
35765   0.3141
35773   0.3003
35780   0.3027
35789   0.3380
35794   0.3452
35806   0.3328
35815   0.3511
35821   0.3450
35826   0.3100
35839   0.2954
35844   0.2935
35853   0.2949
35862   0.2860
35867   0.2744
35876   0.2769
35889   0.2869
35895   0.2754
35902   0.2691
35910   0.2794
35918   0.2794
35927   0.2651
35935   0.2700
35944   0.2799
35949   0.2717
35959   0.2636
35971   0.2737
35979   0.2740
35991   0.2611
36001   0.2678
36013   0.2795
36025   0.2744
36032   0.2680
36037   0.2841
36046   0.2908
36053   0.3002
36065   0.3079
36072   0.3217
36081   0.3561
36090   0.4267
36102   0.3686
36112   0.3057
36122   0.2967
36130   0.3224
36138   0.3156
36149   0.2985
36157   0.3135
36166   0.3029
36178   0.2997
36187   0.3028
36196   0.3033
36206   0.3042
36215   0.3060
36222   0.3077
36230   0.3134
36239   0.3146
36248   0.3111
36260   0.3154
36269   0.3179
36277   0.3107
36289   0.3147
36299   0.3244
36307   0.3177
36312   0.3160
36322   0.3164
36331   0.3199
36341   0.3103
36350   0.3078
36360   0.3144
36370   0.3068
36379   0.3018
36388   0.3125
36401   0.3048
36407   0.2931
36417   0.2991
36426   0.2983
36435   0.2866
36447   0.2940
36456   0.2972
36469   0.2850
36481   0.2909
36487   0.2979
36495   0.2976
36505   0.2939
36513   0.2969
36522   0.3079
36531   0.3118
36541   0.3074
36557   0.3111
36565   0.3262
36577   0.3969
36587   0.3213
36597   0.3687
36605   0.4884
36616   1.1169
36621   1.1015
36630   1.0406
36639   1.0639
36651   1.0172
36663   0.9564
36672   0.9784
36681   0.9868
36689   0.9586
36697   0.9577
36706   0.9863
36713   0.9780
36722   0.9494
36728   0.9663
36736   0.9879
36742   0.9654
36749   0.9448
36755   0.9737
36767   0.9895
36779   0.9866
36792   1.0158
36803   1.0247
36808   1.0291
36817   1.0091
36824   0.9975
36836   1.0055
36844   0.9974
36857   0.9765
36866   0.9814
36875   0.9892
36888   0.9715
36897   0.9614
36906   0.9791
36915   0.9799
36923   0.9663
36931   0.9695
36940   0.9875
36952   0.9931
36959   1.0488
36968   1.0877
36976   1.1419
36984   1.0786
36994   1.0053
37000   1.0254
37008   1.0171
37017   1.0082
37029   1.0331
37034   1.0420
37046   1.0202
37054   1.0285
37059   1.0559
37071   1.0480
37080   1.0311
37089   1.0590
37101   1.0787
37108   1.0526
37117   1.0596
37124   1.0987
37133   1.0936
37141   1.0736
37148   1.1030
37157   1.1303
37164   1.1112
37176   1.1116
37185   1.1493
37194   1.1578
37203   1.1450
37215   1.1686
37224   1.2002
37233   1.1996
37245   1.1741
37257   1.2014
37266   1.2202
37274   1.1664
37286   1.1441
37293   1.1272
37301   1.1055
37310   1.1041
37319   1.1007
37324   1.0871
37333   1.0844
37345   1.0858
37354   1.0763
37360   1.0800
37367   1.0868
37376   1.0822
37384   1.0878
37393   1.1037
37409   1.1079
37418   1.1105
37426   1.1314
37433   1.1554
37445   1.2154
37453   1.2154
37462   1.1926
37474   1.1755
37486   1.1413
37498   1.1228
37504   1.1140
37511   1.0791
37519   1.0459
37525   1.0467
37532   1.0294
37542   0.9899
37551   0.9793
37561   0.9846
37571   0.9523
37583   0.9189
37592   0.9292
37597   0.9259
37608   0.8827
37617   0.8680
37626   0.8862
37634   0.8653
37642   0.8312
37648   0.8403
37653   0.8170
37663   0.8038
37671   0.8222
37679   0.8240
37687   0.8036
37695   0.8067
37704   0.8314
37713   0.8226
37722   0.8021
37727   0.8218
37734   0.8368
37741   0.8199
37746   0.8181
37755   0.8398
37764   0.8415
37772   0.8241
37780   0.8485
37787   0.8505
37796   0.8704
37804   0.8518
37811   0.8258
37817   0.8327
37825   0.8350
37838   0.8036
37850   0.7990
37862   0.8128
37870   0.7958
37882   0.7737
37891   0.7867
37896   0.7936
37905   0.7674
37912   0.7565
37920   0.7773
37936   0.7737
37952   0.7482
37959   0.7508
37975   0.7821
37982   0.7976
37994   0.8035
38002   0.8150
38014   0.8323
38022   0.8397
38030   0.8764
38039   0.8726
38048   0.8558
38060   0.8862
38065   0.9149
38072   0.8929
38081   0.8914
38088   0.9338
38096   0.9399
38105   0.9116
38114   0.9357
38120   0.9731
38129   0.9524
38141   0.9409
38149   0.9876
38155   1.0001
38160   0.9712
38172   0.9910
38181   1.0364
38190   1.0238
38195   1.0025
38204   1.0441
38217   1.0843
38226   1.0532
38239   1.0240
38251   1.1028
38263   1.1472
38275   1.1767
38287   1.2409
38299   1.2709
38311   1.2096
38321   1.2587
38327   1.2710
38334   1.3513
38341   1.3846
38349   1.4225
38360   1.3754
38369   1.3311
38382   1.3189
38395   1.0007
38411   0.9526
38424   0.9461
38436   0.9321
38448   0.9229
38454   0.9132
38464   0.9294
38472   0.9211
38481   0.8963
38490   0.9103
38499   0.9238
38508   0.9023
38516   0.8950
38525   0.9185
38538   0.9181
38551   0.8952
38559   0.9072
38568   0.9285
38574   0.9085
38582   0.9006
38591   0.9288
38600   0.9314
38612   0.9045
38621   0.9213
38637   0.9506
38646   0.9378
38658   0.9288
38668   0.8696
38674   0.8412
38682   0.8284
38694   0.8215
38706   0.7862
38718   0.7592
38727   0.7659
38736   0.7495
38746   0.7231
38758   0.7194
38765   0.6960
38778   0.6976
38787   0.7080
38794   0.6925
38800   0.6848
38809   0.6982
38818   0.6914
38824   0.6756
38833   0.6876
38842   0.6941
38848   0.6714
38864   0.6759
38871   0.6980
38880   0.6870
38888   0.6703
38901   0.6761
38913   0.6663
38920   0.6808
38936   0.6746
38945   0.6576
38953   0.6343
38965   0.6289
38973   0.6300
38982   0.6148
38991   0.6013
39000   0.6095
39016   0.6085
39023   0.5921
39030   0.5907
39038   0.6022
39047   0.5903
39063   0.5826
39072   0.5922
39081   0.6074
39093   0.6464
39104   0.6345
39116   0.6494
39128   0.6666
39138   0.6503
39151   0.6474
39157   0.6731
39166   0.6726
39175   0.6550
39182   0.6704
39188   0.6925
39196   0.6770
39208   0.6699
39217   0.6956
39225   0.7032
39233   0.6840
39246   0.6938
39252   0.7202
39263   0.7217
39272   0.7062
39281   0.7232
39290   0.7495
39298   0.7382
39307   0.7329
39319   0.7697
39332   0.7842
39341   0.7694
39357   0.7707
39364   0.7957
39376   0.8264
39386   0.8253
39394   0.8386
39402   0.8182
39412   0.8086
39421   0.8089
39431   0.8029
39441   0.7785
39448   0.7587
39456   0.7531
39461   0.7352
39473   0.7524
39482   0.7603
39492   0.7725
39502   0.7712
39512   0.7829
39521   0.7815
39529   0.7697
39534   0.7517
39544   0.7362
39553   0.7278
39559   0.7178
39566   0.7106
39576   0.7214
39585   0.7159
39594   0.6997
39606   0.7066
39614   0.7177
39623   0.6992
39631   0.6935
39643   0.7151
39659   0.7097
39668   0.6928
39677   0.7096
39686   0.7229
39698   0.7038
39710   0.7015
39722   0.7316
39731   0.7302
39739   0.7063
39749   0.7267
39761   0.7533
39771   0.7353
39777   0.7326
39786   0.7670
39798   0.7739
39808   0.7610
39818   0.7840
39828   0.8137
39834   0.8098
39843   0.8102
39852   0.8979
39859   0.6422
39868   0.5652
39877   0.5626
39887   0.5605
39895   0.5407
39904   0.5361
39909   0.5459
39920   0.5372
39929   0.5227
39937   0.5335
39945   0.5394
39951   0.5245
39960   0.5279
39972   0.5470
39981   0.5396
39991   0.5199
40004   0.5340
40020   0.5292
40029   0.5106
40042   0.5163
40050   0.5309
40057   0.5153
40062   0.5082
40067   0.5237
40076   0.5234
40088   0.5093
40100   0.5188
40112   0.5291
40120   0.5180
40127   0.5012
40139   0.5023
40149   0.4899
40154   0.4878
40164   0.4980
40173   0.5209
40181   0.5241
40190   0.5345
40203   0.5132
40213   0.4957
40222   0.5083
40231   0.5097
40244   0.4904
40253   0.4798
40261   0.4981
40270   0.5071
40282   0.4891
40291   0.4845
40303   0.5137
40310   0.5168
40318   0.4947
40324   0.5080
40333   0.5289
40346   0.5362
40358   0.5284
40366   0.5544
40378   0.5674
40391   0.5557
40401   0.5472
40417   0.5412
40433   0.5314
40445   0.5883
40455   0.6186
40464   0.6084
40473   0.6273
40483   0.6137
40496   0.5903
40508   0.6042
40524   0.6153
40533   0.5899
40540   0.5896
40548   0.6109
40556   0.6045
40565   0.5825
40578   0.5975
40586   0.6176
40595   0.6026
40604   0.5933
40612   0.6172
40621   0.6273
40630   0.6106
40642   0.6181
40651   0.6432
40664   0.6425
40672   0.6318
40685   0.6497
40697   0.6719
40709   0.6661
40719   0.6658
40730   0.6421
40741   0.6625
40749   0.6755
40754   0.6522
40763   0.6518
40779   0.6829
40791   0.6877
40802   0.6621
40811   0.6867
40819   0.7151
40824   0.6822
40833   0.6594
40843   0.6749
40853   0.6362
40863   0.5752
40873   0.5950
40882   0.6272
40892   0.5746
40901   0.5371
40910   0.5638
40915   0.5738
40924   0.6159
40934   0.6135
40946   0.5694
40958   0.5836
40966   0.6092
40974   0.6190
40980   0.5874
40990   0.5768
40999   0.5959
41011   0.5839
41019   0.5657
41031   0.5715
41040   0.5750
41052   0.5644
41060   0.5634
41068   0.5744
41076   0.5694
41083   0.5601
41095   0.5724
41104   0.5780
41113   0.5650
41121   0.5720
41128   0.5909
41137   0.5882
41146   0.5685
41158   0.5832
41167   0.6024
41179   0.5850
41192   0.5794
41204   0.6056
41216   0.6103
41225   0.5942
41237   0.6115
41249   0.6350
41258   0.6247
41268   0.6246
41277   0.6571
41285   0.7678
41294   0.8468
41303   1.0553
41313   0.7564
41321   0.7093
41329   0.6692
41338   0.6340
41350   0.6140
41359   0.5943
41369   0.5840
41381   0.5719
41390   0.5525
41400   0.5364
41413   0.5281
41425   0.5217
41437   0.5087
41447   0.5017
41456   0.4979
41468   0.4855
41476   0.4700
41488   0.4644
41497   0.4600
41513   0.4436
41529   0.4339
41538   0.4393
41547   0.4360
41557   0.4197
41566   0.4245
41578   0.4315
41587   0.4605
41596   0.4339
41606   0.4305
41615   0.4562
41623   0.4468
41630   0.4150
41637   0.4350
41650   0.4533
41659   0.4263
41668   0.4173
41684   0.4483
41692   0.4500
41700   0.4282
41708   0.4431
41718   0.4725
41728   0.4460
41736   0.4658
41743   0.4772
41752   0.4883
41764   0.4480
41775   0.4444
41788   0.4487
41796   0.4461
41808   0.4437
41817   0.4429
41826   0.4387
41833   0.4455
41849   0.4596
41855   0.4487
41867   0.4625
41873   0.4383
41881   0.4266
41889   0.4311
41902   0.4536
41908   0.4740
41918   0.4625
41927   0.4604
41939   0.4886
41951   0.4943
41957   0.4895
41963   0.5042
41970   0.5138
41977   0.5081
41985   0.5093
41992   0.5153
42000   0.5197
42008   0.5085
42024   0.5374
42032   0.5574
42039   0.5360
42047   0.5330
42056   0.5859
42065   0.5975
42073   0.5692
42080   0.5932
42090   0.6515
42099   0.6381
42108   0.6063
42121   0.6325
42133   0.6364
42142   0.6028
42154   0.6290
42162   0.6304
42171   0.6052
42180   0.6298
42188   0.6639
42198   0.6474
42209   0.5867
42221   0.5835
42228   0.5424
42236   0.5283
42247   0.5090
42254   0.5356
42261   0.5074
42269   0.4855
42277   0.4871
42288   0.5059
42298   0.4763
42309   0.4531
42321   0.4462
42329   0.4398
42340   0.4574
42348   0.4992
42356   0.4798
42365   0.5130
42377   0.5422
42387   0.5009
42396   0.4864
42407   0.4780
42417   0.4664
42424   0.5313
42433   0.5765
42442   0.5205
42455   0.4904
42462   0.5324
42467   0.6014
42475   0.6261
42483   0.6220
42491   0.5793
42499   0.5456
42507   0.5321
42517   0.5136
42533   0.5237
42541   0.5308
42546   0.5725
42555   0.5784
42567   0.6110
42577   0.5568
42584   0.4918
42590   0.4937
42598   0.4969
42607   0.4936
42616   0.4800
42624   0.4630
42637   0.4770
42646   0.4669
42658   0.4684
42669   0.4755
42680   0.4708
42689   0.4655
42698   0.4711
42707   0.4697
42716   0.4525
42722   0.4577
42731   0.4718
42740   0.4596
42746   0.4453
42758   0.4370
42768   0.4499
42776   0.4578
42784   0.4419
42792   0.4443
42805   0.4676
42817   0.4755
42829   0.4677
42841   0.4849
42851   0.5088
42864   0.5142
42877   0.5231
42889   0.5615
42894   0.5898
42906   0.6377
42917   0.5840
42928   0.5501
42937   0.5050
42945   0.4795
42950   0.4764
42958   0.4911
42966   0.4556
42973   0.4480
42983   0.4624
42991   0.4631
43000   0.4335
43012   0.4340
43024   0.4261
43033   0.4383
43042   0.4397
43050   0.4415
43062   0.4924
43071   0.5146
43083   0.4716
43092   0.4261
43101   0.4661
43110   0.4427
43115   0.4341
43124   0.4228
43133   0.4143
43144   0.4133
43151   0.4058
43157   0.3984
43167   0.3915
43180   0.3908
43192   0.4000
43200   0.4024
43211   0.3883
43224   0.3674
43236   0.3392
43248   0.3580
43261   0.3916
43271   0.3543
43283   0.3456
43288   0.3431
43297   0.3406
43307   0.3214
43315   0.3258
43322   0.3342
43334   0.3286
43343   0.3241
43352   0.3287
43359   0.3372
43367   0.3310
43378   0.3227
43386   0.3294
43395   0.3393
43400   0.3341
43412   0.3388
43424   0.3694
43433   0.3676
43442   0.3612
43454   0.3727
43467   0.3660
43473   0.3562
43482   0.3684
43491   0.3738
43503   0.3583
43509   0.3614
43516   0.3736
43532   0.3681
43541   0.3649
43550   0.3763
43555   0.3891
43563   0.3935
43572   0.3792
43585   0.3914
43597   0.3948
43609   0.3995
43621   0.3878
43633   0.3854
43643   0.3484
43649   0.3584
43658   0.3819
43664   0.3803
43674   0.3909
43682   0.3727
43697   0.3648
43705   0.3896
43715   0.3966
43728   0.3772
43735   0.3867
43742   0.4121
43754   0.4071
43763   0.3918
43769   0.4142
43776   0.4351
43785   0.4194
43794   0.4106
43802   0.4384
43814   0.4479
43826   0.4322
43839   0.4469
43851   0.4905
43859   0.4723
43866   0.4382
43875   0.4839
43880   0.4935
43888   0.5391
43895   0.5104
43903   0.4450
43908   0.4579
43916   0.4619
43923   0.4589
43935   0.4690
43944   0.4164
43956   0.4171
43964   0.3968
43980   0.4035
43992   0.4219
44004   0.4434
44014   0.4501
44019   0.4123
44025   0.3934
44038   0.3922
44050   0.3877
44061   0.3971
44070   0.3845
44081   0.3701
44090   0.3873
44099   0.3932
44109   0.3722
44125   0.3807
44134   0.4049
44147   0.3877
44158   0.3910
44166   0.4114
44175   0.4600
44187   0.4803
44196   0.4726
44204   0.4781
44215   0.4919
44223   0.4860
44233   0.4917
44241   0.4712
44249   0.4553
44261   0.4693
44270   0.4807
44278   0.4414
44291   0.4440
44300   0.4770
44312   0.4685
44321   0.4557
44330   0.4732
44339   0.4797
44348   0.4612
44355   0.4684
44361   0.4848
44368   0.4710
44377   0.4564
44389   0.4751
44401   0.4852
44413   0.4682
44422   0.4674
44434   0.4843
44444   0.4903
44453   0.4768
44463   0.4946
44474   0.4955
44484   0.5020
44490   0.6688
44496   0.8090
44504   0.7132
44516   0.6588
44525   0.8590
44534   0.9367
44540   0.8222
44545   0.7691
44554   0.6094
44565   0.5489
44573   0.5210
44583   0.6195
44592   0.7483
44599   0.8993
44608   0.8510
44619   0.6738
44628   0.7850
44637   0.6790
44643   0.5669
44649   0.7052
44656   0.6795
44668   0.8246
44675   0.8472
44687   0.7560
44699   0.6762
44709   0.5763
44717   0.5184
44724   0.4729
44732   0.4762
44741   0.4896
44753   0.4700
44762   0.4107
44774   0.4273
44781   0.3648
44793   0.3824
44800   0.3836
44813   0.3838
44822   0.3608
44831   0.3372
44840   0.3227
44847   0.3315
44857   0.3308
44865   0.3115
44874   0.3177
44883   0.3341
44895   0.3317
44902   0.3039
44915   0.3073
44924   0.3240
44936   0.3066
44952   0.2949
44964   0.3071
44972   0.3169
44981   0.2971
44989   0.2894
44998   0.3088
45007   0.3160
45019   0.2893
45028   0.2899
45036   0.3175
45041   0.3212
45049   0.3061
45057   0.3084
45069   0.3381
45078   0.3371
45085   0.3444
45094   0.3153
45106   0.2940
45113   0.3160
45122   0.3153
45127   0.2949
45140   0.3166
45149   0.3377
45157   0.3395
45163   0.3479
45170   0.3859
45182   0.4075
45195   0.4221
45207   0.4523
45216   0.4902
45225   0.5029
45237   0.4822
45242   0.4918
45247   0.4691
45256   0.4469
45265   0.4949
45274   0.5049
45283   0.4482
45292   0.4089
45300   0.3996
45309   0.3937
45319   0.3925
45326   0.3794
45335   0.3583
45344   0.3561
45356   0.3478
45369   0.3560
45385   0.3532
45394   0.3406
45410   0.3425
45419   0.3488
45428   0.3398
45434   0.3332
45447   0.3405
45458   0.3475
45466   0.3455
45478   0.3458
45486   0.3580
45495   0.3549
45503   0.3463
45512   0.3545
45522   0.3732
45533   0.3638
45542   0.3569
45551   0.3742
45558   0.3833
45567   0.3802
45572   0.3792
45578   0.4079
45585   0.4261
45590   0.4140
45603   0.4306
45612   0.4599
45617   0.4579
45623   0.4592
45632   0.5031
45640   0.5302
45652   0.5239
45663   0.5017
45670   0.4686
45677   0.4264
45693   0.4157
45702   0.4037
45711   0.3684
45723   0.3602
45729   0.3632
45741   0.3501
45748   0.3385
45757   0.3503
45763   0.3672
45770   0.3849
45778   0.4156
45786   0.4832
45796   0.6266
45801   0.6273
45814   0.6709
45826   0.6014
45834   0.6079
45842   0.5896
45852   0.6128
45861   0.5948
45870   0.6480
45877   0.6037
45889   0.4865
45896   0.4471
45906   0.4067
45914   0.3781
45922   0.3709
45929   0.3406
45934   0.3454
45944   0.4029
45950   0.3479
45955   0.3403
45964   0.3347
45973   0.3514
45989   0.3272
45998   0.3263
46005   0.3444
46014   0.3372
46021   0.3226
46033   0.3393
46039   0.3521
46051   0.3351
46060   0.3380
46069   0.3580
46078   0.3552
46090   0.3468
46102   0.3656
46114   0.3810
46122   0.3677
46134   0.3747
46143   0.3908
46150   0.3655
46163   0.3585
46176   0.3813
46188   0.3498
46197   0.3277
46209   0.3490
46217   0.3421
46225   0.3159
46231   0.3224
46240   0.3258
46249   0.3071
46259   0.3042
46265   0.3146
46272   0.3062
46284   0.3126
46293   0.3153
46302   0.3205
46308   0.3291
46315   0.3321
46327   0.3289
46332   0.3343
46338   0.3456
46348   0.3536
46357   0.3558
46369   0.3552
46381   0.3597
46387   0.3637
46395   0.3670
46404   0.3658
46412   0.3663
46422   0.3730
46428   0.3711
46436   0.3622
46446   0.3720
46452   0.3752
46464   0.3685
46473   0.3709
46483   0.3737
46493   0.3709
46503   0.3723
46513   0.3782
46523   0.3794
46530   0.3785
46539   0.3818
46548   0.3836
46560   0.3825
46569   0.3879
46579   0.3923
46591   0.3805
46603   0.3797
46612   0.3884
46621   0.3798
46633   0.3739
46642   0.3774
46652   0.3767
46658   0.3678
46670   0.3623
46682   0.3670
46694   0.3724
46704   0.3698
46717   0.3652
46727   0.3690
46737   0.3771
46742   0.3891
46752   0.3812
46762   0.3676
46774   0.3634
46783   0.3594
46792   0.3656
46799   0.3889
46808   0.4117
46816   0.4299
46828   0.4114
46838   0.4326
46845   0.4266
46850   0.4534
46860   0.4930
46865   0.5033
46877   0.5047
46886   0.4889
46895   0.4958
46907   0.4950
46917   0.5227
46925   0.4906
46932   0.4458
46942   0.4125
46952   0.4553
46961   0.4645
46970   0.4231
46980   0.4260
46992   0.4272
47002   0.4496
47008   0.5145
47017   0.6591
47027   0.7554
47039   0.6703
47049   0.5928
47055   0.5702
47065   0.4342
47070   0.4032
47080   0.3770
47090   0.3830
47100   0.3636
47112   0.3502
47128   0.3653
47144   0.3581
47155   0.3685
47163   0.3717
47179   0.3727
47187   0.3429
47196   0.3487
47208   0.3308
47214   0.3315
47221   0.3463
47230   0.3328
47238   0.3157
47250   0.3255
47257   0.3162
47262   0.3235
47271   0.3263
47284   0.3377
47297   0.3329
47306   0.3323
47318   0.3459
47328   0.3147
47336   0.3060
47345   0.4143
47352   0.5816
47362   0.7747
47372   0.5683
47384   0.5378
47392   0.4952
47408   0.4985
47416   0.5019
47425   0.4710
47437   0.4525
47446   0.4603
47452   0.4536
47460   0.4270
47468   0.4189
47477   0.4281
47484   0.4157
47496   0.3924
47504   0.3985
47512   0.4058
47528   0.3834
47537   0.3720
47548   0.3893
47555   0.3816
47564   0.3593
47571   0.3574
47583   0.3522
47593   0.3358
47605   0.3379
47614   0.3377
47623   0.3234
47632   0.3213
47639   0.3284
47647   0.3194
47655   0.3134
47664   0.3220
47676   0.3216
47685   0.3150
47695   0.3196
47707   0.3296
47714   0.3308
47723   0.3385
47732   0.3471
47740   0.3628
47752   0.3790
47762   0.3929
47771   0.4070
47781   0.4303
47791   0.4520
47796   0.4396
47807   0.4215
47814   0.4026
47822   0.4247
47830   0.4448
47842   0.4483
47852   0.4723
47859   0.5081
47868   0.5604
47880   0.5627
47889   0.5807
47902   0.6599
47915   0.7278
47927   0.8014
47938   0.9470
47950   0.6214
47959   0.5414
47967   0.4778
47973   0.4858
47980   0.4868
47989   0.4417
47998   0.4331
48007   0.4921
48016   0.4949
48023   0.4745
48033   0.4431
48042   0.4004
48054   0.4089
48066   0.4025
48075   0.3243
48084   0.3379
48094   0.3438
48103   0.3308
48113   0.3275
48123   0.3394
48130   0.3381
48140   0.3341
48150   0.3438
48162   0.3544
48175   0.3593
48183   0.3622
48192   0.3694
48203   0.3852
48211   0.4013
48223   0.3927
48235   0.3742
48244   0.3655
48253   0.3763
48262   0.3695
48274   0.3580
48287   0.3605
48293   0.3672
48302   0.3521
48315   0.3417
48326   0.3523
48334   0.3494
48343   0.3313
48351   0.3327
48357   0.3409
48369   0.3303
48376   0.3186
48386   0.3288
48395   0.3290
48403   0.3052
48410   0.3078
48423   0.3232
48435   0.3109
48443   0.2928
48452   0.3048
48461   0.3198
48470   0.3061
48481   0.2991
48493   0.3227
48502   0.3278
48510   0.2965
48517   0.2976
48523   0.2972
48530   0.3008
48539   0.2951
48548   0.2855
48556   0.2854
48565   0.2912
48574   0.2948
48582   0.2929
48590   0.2916
48599   0.2892
48608   0.2887
48617   0.2903
48629   0.2868
48638   0.2837
48654   0.2803
48660   0.2813
48669   0.2835
48678   0.2802
48685   0.2769
48692   0.3029
48700   0.2803
48711   0.2798
48719   0.2809
48726   0.2975
48738   0.3212
48750   0.3138
48762   0.2968
48778   0.3075
48787   0.3194
48796   0.3053
48802   0.2999
48811   0.3137
48819   0.3170
48832   0.3083
48840   0.3120
48850   0.3243
48858   0.3222
48864   0.3167
48873   0.3239
48881   0.3357
48889   0.3296
48899   0.3275
48912   0.3443
48924   0.3512
48936   0.3440
48948   0.3572
48960   0.3785
48965   0.3866
48977   0.3796
48988   0.3911
48996   0.3999
49012   0.4248
49023   0.4236
49033   0.4056
49042   0.4170
49051   0.4403
49061   0.4449
49070   0.4101
49083   0.4018
49093   0.3933
49103   0.3899
49114   0.3938
49122   0.4062
49135   0.4053
49146   0.4013
49153   0.3719
49161   0.3465
49172   0.3415
49181   0.3376
49190   0.3160
49195   0.3470
49203   0.3546
49213   0.3481
49223   0.3534
49233   0.3577
49243   0.4182
49248   0.4250
49261   0.4292
49269   0.4316
49278   0.4171
49291   0.4090
49300   0.4137
49309   0.3972
49318   0.3783
49330   0.3829
49339   0.3781
49348   0.3623
49354   0.3619
49363   0.3629
49375   0.3439
49387   0.3471
49399   0.3491
49411   0.3391
49418   0.3296
49427   0.3395
49436   0.3374
49446   0.3244
49453   0.3267
49465   0.3313
49470   0.3480
49479   0.3440
49495   0.3397
49504   0.3791
49514   0.5146
49526   0.4850
49535   0.4217
49548   0.3935
49555   0.3749
49563   0.3616
49572   0.3508
49584   0.3276
49596   0.3175
49608   0.3163
49620   0.3064
49633   0.2927
49642   0.2935
49651   0.2997
49660   0.2948
49671   0.3210
49679   0.3506
49688   0.3118
49701   0.3422
49708   0.3536
49714   0.3009
49722   0.2960
49730   0.2913
49739   0.2889
49747   0.3081
49760   0.3230
49768   0.3051
49777   0.2864
49786   0.3072
49798   0.3158
49807   0.2958
49813   0.2867
49822   0.2963
49830   0.3014
49838   0.2795
49847   0.2665
49859   0.2892
49868   0.2854
49877   0.2625
49886   0.2669
49894   0.2888
49906   0.2727
49911   0.2783
49923   0.3064
49939   0.3033
49945   0.3014
49957   0.3138
49962   0.3316
49972   0.3219
49984   0.3392
49991   0.3452
49997   0.3594
50003   0.3923
50009   0.4122
50018   0.4085
50027   0.4514
50035   0.4680
50042   0.4042
50049   0.4372
50058   0.5107
50065   0.4636
50075   0.4008
50084   0.3986
50096   0.3933
50103   0.3552
50111   0.3484
50115   0.3355
50123   0.3360
50135   0.3314
50144   0.3145
50152   0.3089
50161   0.3113
50169   0.3040
50178   0.2830
50187   0.2833
50199   0.2929
50211   0.2763
50216   0.2640
50224   0.2764
50233   0.2811
50241   0.2676
50249   0.2735
50258   0.2870
50270   0.2880
50276   0.2848
50285   0.2951
50298   0.3018
50307   0.3021
50319   0.3062
50329   0.3056
50337   0.3018
50345   0.3044
50354   0.3086
50359   0.3050
50369   0.2969
50377   0.3020
50386   0.3078
50398   0.2988
50410   0.2951
50418   0.3034
50427   0.3034
50436   0.2899
50444   0.2910
50456   0.2952
50461   0.2964
50470   0.2953
50482   0.2910
50494   0.2976
50510   0.3061
50519   0.3091
50531   0.3033
50543   0.3075
50552   0.3307
50560   0.3401
50568   0.3476
50573   0.3517
50581   0.3631
50589   0.3949
50599   0.3583
50611   0.3592
50621   0.3369
50633   0.3507
50640   0.3736
50652   0.3688
50663   0.3684
50672   0.3689
50680   0.3443
50686   0.3268
50698   0.3299
50707   0.3243
50723   0.3101
50736   0.3066
50748   0.3041
50756   0.2957
50766   0.2919
50773   0.2926
50781   0.2895
50794   0.2862
50806   0.2883
50811   0.2899
50820   0.2858
50827   0.2878
50833   0.2913
50846   0.2924
50858   0.2882
50867   0.2938
50879   0.3050
50886   0.3066
50891   0.3374
50903   0.3507
50911   0.3762
50919   0.3648
50931   0.3454
50939   0.3592
50948   0.3697
50953   0.3875
50964   0.4478
50976   0.4226
50985   0.4063
50993   0.3910
51003   0.3377
51010   0.3357
51023   0.3339
51034   0.3141
51047   0.3307
51055   0.3391
51066   0.3110
51075   0.2998
51087   0.3202
51096   0.3143
51108   0.2855
51120   0.2864
51125   0.2991
51137   0.2838
51149   0.2694
51158   0.2823
51165   0.2810
51173   0.3017
51185   0.3179
51194   0.3131
51202   0.3228
51212   0.3003
51221   0.3010
51233   0.3120
51239   0.3063
51247   0.3027
51256   0.3118
51265   0.3160
51281   0.3083
51289   0.3150
51305   0.3302
51313   0.3415
51322   0.3218
51330   0.3104
51338   0.3059
51347   0.2984
51354   0.2909
51363   0.2924
51370   0.3010
51377   0.2977
51393   0.2922
51402   0.2961
51409   0.3063
51417   0.3004
51427   0.2943
51436   0.3076
51445   0.3131
51458   0.3018
51464   0.3043
51476   0.3211
51485   0.3147
51497   0.3090
51506   0.3342
51515   0.3465
51525   0.3317
51532   0.3387
51548   0.3712
51560   0.3756
51570   0.3542
51577   0.3749
51587   0.4111
51597   0.3975
51609   0.3657
51621   0.3479
51629   0.3412
51640   0.3360
51648   0.3351
51660   0.3300
51665   0.3274
51677   0.3472
51687   0.3329
51697   0.3171
51707   0.2959
51717   0.3001
51723   0.2832
51731   0.2730
51741   0.2818
51754   0.2763
51759   0.2676
51768   0.2755
51773   0.2727
51778   0.2627
51787   0.2746
51796   0.2820
51805   0.2617
51813   0.2638
51822   0.2886
51831   0.2786
51840   0.2601
51847   0.2955
51856   0.3066
51864   0.2691
51880   0.3064
51891   0.3515
51899   0.3083
51908   0.2845
51917   0.3504
51929   0.3603
51938   0.3017
51945   0.3203
51954   0.3874
51963   0.3680
51973   0.3110
51980   0.3398
51988   0.3772
51994   0.3576
51999   0.3319
52007   0.3598
52016   0.3194
52027   0.3026
52038   0.2808
52046   0.2805
52055   0.2626
52064   0.2547
52072   0.2514
52079   0.2520
52087   0.2561
52095   0.2638
52104   0.2696
52112   0.2860
52121   0.3240
52126   0.3001
52131   0.2846
52144   0.2757
52155   0.2651
52163   0.2754
52172   0.2680
52184   0.2606
52192   0.2609
52201   0.2627
52208   0.2674
52214   0.3148
52226   0.3239
52238   0.4181
52245   0.3932
52257   0.3321
52266   0.3078
52276   0.3110
52284   0.3114
52293   0.3383
52302   0.3457
52313   0.3484
52320   0.3265
52330   0.3195
52343   0.3291
52354   0.3229
52364   0.3160
52376   0.3158
52385   0.3220
52395   0.3177
52402   0.3095
52414   0.3242
52418   0.3684
52426   0.3928
52437   0.3262
52444   0.3075
52449   0.3073
52455   0.3263
52464   0.3186
52476   0.3155
52488   0.3393
52497   0.3484
52507   0.3455
52518   0.3315
52531   0.3368
52541   0.3246
52553   0.3244
52563   0.3170
52572   0.3012
52580   0.3001
52588   0.2784
52596   0.2748
52602   0.2806
52612   0.2704
52621   0.2746
52631   0.2709
52636   0.2654
52647   0.2756
52654   0.2835
52665   0.2902
52672   0.2966
52681   0.2981
52697   0.3442
52705   0.3257
52714   0.3288
52720   0.3598
52727   0.3462
52735   0.3139
52742   0.3322
52752   0.3574
52764   0.3342
52774   0.3173
52783   0.3377
52792   0.3537
52804   0.3410
52814   0.3316
52823   0.3550
52831   0.3748
52839   0.4024
52847   0.4148
52858   0.3740
52865   0.3471
52872   0.3198
52884   0.2924
52891   0.2798
52899   0.2695
52907   0.2622
52919   0.2554
52926   0.2538
52942   0.2537
52949   0.2589
52958   0.2712
52970   0.2842
52982   0.2976
52993   0.3122
53002   0.3433
53010   0.3269
53019   0.4001
53024   0.3279
53030   0.3014
53040   0.2872
53046   0.2844
53056   0.2845
53065   0.2722
53071   0.2636
53079   0.2656
53088   0.2661
53098   0.2732
53107   0.2777
53114   0.2906
53125   0.3034
53133   0.3110
53142   0.3303
53148   0.3528
53156   0.3540
53162   0.3301
53170   0.3329
53182   0.3536
53193   0.3399
53200   0.3211
53209   0.3337
53215   0.3445
53225   0.3304
53234   0.3326
53243   0.3502
53249   0.3582
53254   0.3647
53265   0.4079
53274   0.3904
53282   0.4077
53292   0.4099
53299   0.4132
53306   0.4082
53317   0.3629
53324   0.3311
53332   0.3210
53340   0.3143
53348   0.3057
53357   0.3175
53367   0.3027
53377   0.2861
53386   0.2810
53398   0.2809
53406   0.2856
53419   0.2810
53432   0.2748
53440   0.2783
53450   0.2804
53455   0.2913
53463   0.3063
53470   0.2892
53479   0.2882
53486   0.2820
53497   0.2697
53504   0.2686
53513   0.2740
53521   0.2846
53530   0.3046
53540   0.3436
53552   0.3332
53561   0.3341
53570   0.3395
53577   0.3232
53587   0.3461
53598   0.3483
53609   0.3067
53621   0.2887
53630   0.3052
53641   0.2878
53650   0.2974
53658   0.2930
53667   0.3090
53676   0.3210
53685   0.3342
53697   0.3654
53709   0.4001
53718   0.4460
53729   0.4207
53737   0.3861
53745   0.4247
53755   0.3793
53762   0.3538
53773   0.3398
53780   0.3343
53790   0.3202
53806   0.2975
53822   0.2923
53830   0.2858
53839   0.2924
53850   0.2844
53859   0.2931
53867   0.3419
53872   0.3942
53879   0.4432
53891   0.5220
53900   0.4768
53912   0.4120
53923   0.3580
53935   0.3041
53940   0.2904
53947   0.2905
53959   0.2740
53965   0.2742
53974   0.2889
53984   0.2819
53993   0.2817
54001   0.2820
54009   0.2928
54021   0.2999
54032   0.2926
54041   0.3067
54051   0.3070
54059   0.3154
54065   0.3399
54072   0.3782
54080   0.3490
54087   0.3154
54096   0.3412
54101   0.3558
54113   0.3320
54122   0.3240
54128   0.3139
54133   0.3199
54146   0.3245
54151   0.3198
54160   0.3075
54169   0.3077
54174   0.3123
54183   0.3004
54196   0.2868
54202   0.2941
54209   0.2968
54217   0.2792
54225   0.2715
54234   0.2844
54242   0.2816
54251   0.2653
54256   0.2667
54266   0.2723
54278   0.2613
54286   0.2560
54298   0.2601
54308   0.2619
54320   0.2653
54332   0.2672
54339   0.2631
54344   0.2773
54353   0.2878
54360   0.2797
54372   0.2853
54379   0.2890
54388   0.2926
54397   0.3078
54409   0.3092
54419   0.3123
54429   0.3176
54437   0.3233
54445   0.3476
54456   0.3384
54464   0.3399
54473   0.3339
54485   0.3331
54494   0.3464
54503   0.3454
54513   0.3417
54522   0.3505
54529   0.3599
54537   0.3553
54546   0.3525
54555   0.3572
54567   0.3689
54576   0.3668
54584   0.3637
54596   0.3734
54606   0.3833
54614   0.3789
54619   0.3696
54629   0.3580
54638   0.3567
54648   0.3510
54657   0.3418
54667   0.3367
54677   0.3396
54686   0.3345
54695   0.3288
54708   0.3257
54714   0.3243
54724   0.3200
54733   0.3156
54742   0.3135
54754   0.3127
54763   0.3102
54776   0.3079
54788   0.3056
54794   0.3042
54802   0.3088
54812   0.3127
54820   0.3082
54829   0.3154
54838   0.3348
54848   0.3319
54864   0.3329
54872   0.3592
54884   0.3978
54894   0.4363
54904   0.5186
54912   0.6217
