    2   0.8569
    7   0.7970
   16   0.7998
   25   0.7929
   37   0.8079
   49   0.8480
   58   0.8451
   67   0.8444
   75   0.9014
   83   0.9012
   92   0.8615
   99   0.8979
  108   0.9495
  114   0.9146
  122   0.8947
  128   0.9694
  135   0.9950
  141   0.9387
  153   0.9302
  165   0.9222
  178   0.9517
  189   0.9245
  194   0.9138
  203   0.9221
  210   0.9221
  222   0.8932
  230   0.8860
  243   0.9019
  252   0.8847
  261   0.8548
  274   0.8695
  283   0.8700
  292   0.8482
  301   0.8431
  309   0.8667
  317   0.8612
  326   0.8432
  338   0.8535
  345   0.8789
  354   0.8886
  362   0.8593
  370   0.8555
  380   0.8753
  386   0.8405
  394   0.8390
  403   0.8205
  415   0.8095
  420   0.8217
  432   0.8145
  440   0.7995
  445   0.8072
  457   0.8150
  466   0.8078
  475   0.8097
  487   0.8235
  494   0.8261
  503   0.8255
  510   0.8358
  519   0.8407
  527   0.8369
  534   0.8430
  543   0.8578
  550   0.8589
  562   0.8625
  571   0.8757
  580   0.8837
  589   0.8860
  601   0.8991
  610   0.9153
  619   0.9302
  631   0.9560
  643   0.9593
  652   0.9789
  660   0.9450
  672   0.9489
  679   0.9332
  687   0.8961
  696   0.8909
  705   0.8971
  710   0.8676
  719   0.8460
  731   0.8522
  740   0.8499
  746   0.8227
  753   0.8145
  762   0.8223
  770   0.8219
  779   0.8007
  795   0.7950
  804   0.8091
  812   0.8065
  819   0.7940
  831   0.7989
  839   0.9095
  848   0.8549
  860   0.8020
  872   0.8151
  884   0.8096
  890   0.7545
  897   0.7483
  905   0.7842
  911   0.7616
  918   0.7193
  928   0.7454
  937   0.7784
  947   0.7356
  957   0.7176
  969   0.7689
  978   0.7850
  983   0.7385
  994   0.7467
 1003   0.8091
 1012   0.7985
 1020   0.7565
 1028   0.8004
 1034   0.8521
 1039   0.8081
 1049   0.7599
 1057   0.7863
 1065   0.8020
 1073   0.7570
 1081   0.7411
 1090   0.7662
 1099   0.7613
 1108   0.7281
 1113   0.7395
 1120   0.7651
 1127   0.7464
 1132   0.7256
 1141   0.7552
 1150   0.7710
 1158   0.7609
 1166   0.7801
 1173   0.7848
 1182   0.8062
 1190   0.7834
 1197   0.7619
 1203   0.7683
 1211   0.7585
 1224   0.7325
 1236   0.7312
 1248   0.7235
 1256   0.7041
 1268   0.6991
 1277   0.6995
 1282   0.6825
 1291   0.6702
 1298   0.6704
 1306   0.6692
 1322   0.6577
 1338   0.6637
 1345   0.6721
 1361   0.6601
 1368   0.6853
 1380   0.6860
 1388   0.7098
 1400   0.7302
 1408   0.7421
 1416   0.7710
 1425   0.7463
 1434   0.7310
 1446   0.7657
 1451   0.7746
 1458   0.7461
 1467   0.7585
 1474   0.7961
 1482   0.7778
 1491   0.7600
 1500   0.8025
 1506   0.8219
 1515   0.7993
 1527   0.8095
 1535   0.8499
 1541   0.8390
 1546   0.8266
 1558   0.8693
 1567   0.8908
 1576   0.8614
 1581   0.8850
 1590   0.9315
 1603   0.9770
 1612   0.9978
 1625   1.0515
 1637   1.1331
 1649   1.1363
 1661   1.0938
 1673   1.0508
 1685   1.0802
 1697   1.1972
 1707   1.1767
 1713   1.1074
 1720   1.0986
 1727   1.0191
 1735   0.9704
 1746   0.9848
 1755   0.9716
 1768   1.0300
 1781   0.8367
 1797   0.8333
 1810   0.8473
 1822   0.8935
 1834   0.8608
 1840   0.8520
 1850   0.8797
 1858   0.8468
 1867   0.8016
 1876   0.8258
 1885   0.8327
 1894   0.7784
 1902   0.7702
 1911   0.8095
 1924   0.7784
 1937   0.7269
 1945   0.7646
 1954   0.7819
 1960   0.7340
 1968   0.7323
 1977   0.7741
 1986   0.7549
 1998   0.7228
 2007   0.7469
 2023   0.7848
 2032   0.8001
 2044   0.8011
 2054   0.6122
 2060   0.5431
 2068   0.5564
 2080   0.5517
 2092   0.5188
 2104   0.5163
 2113   0.5465
 2122   0.5273
 2132   0.5189
 2144   0.5367
 2151   0.5340
 2164   0.5098
 2173   0.5174
 2180   0.5305
 2186   0.5137
 2195   0.5020
 2204   0.5230
 2210   0.5250
 2219   0.5053
 2228   0.5135
 2234   0.5337
 2250   0.5192
 2257   0.5126
 2266   0.5470
 2274   0.5651
 2287   0.5634
 2299   0.5662
 2306   0.5793
 2322   0.5609
 2331   0.5167
 2339   0.5000
 2351   0.5444
 2359   0.5269
 2368   0.4920
 2377   0.5305
 2386   0.5502
 2402   0.5117
 2409   0.5333
 2416   0.5806
 2424   0.5569
 2433   0.5524
 2449   0.6094
 2458   0.6431
 2467   0.6444
 2479   0.6636
 2490   0.6129
 2502   0.6109
 2514   0.6465
 2524   0.6304
 2537   0.5956
 2543   0.6298
 2552   0.6487
 2561   0.6129
 2568   0.6042
 2574   0.6490
 2582   0.6270
 2594   0.5734
 2603   0.6093
 2611   0.6424
 2619   0.5903
 2632   0.5869
 2638   0.6372
 2649   0.6417
 2658   0.6152
 2667   0.6344
 2676   0.6686
 2684   0.6570
 2693   0.6501
 2705   0.6842
 2718   0.7073
 2727   0.6895
 2743   0.6857
 2750   0.7342
 2762   0.7884
 2772   0.7899
 2780   0.8365
 2788   0.7891
 2798   0.7716
 2807   0.7439
 2817   0.7162
 2827   0.6925
 2834   0.6561
 2842   0.6440
 2847   0.6196
 2859   0.6440
 2868   0.6672
 2878   0.6950
 2888   0.6726
 2898   0.6958
 2907   0.6995
 2915   0.6980
 2920   0.6476
 2930   0.6507
 2939   0.6540
 2945   0.6168
 2952   0.6094
 2962   0.6331
 2971   0.6150
 2980   0.5869
 2992   0.6053
 3000   0.6202
 3009   0.5873
 3017   0.5928
 3029   0.6316
 3045   0.6300
 3054   0.6233
 3063   0.6423
 3072   0.6646
 3084   0.6612
 3096   0.6622
 3108   0.6917
 3117   0.7061
 3125   0.7028
 3135   0.7328
 3147   0.7655
 3157   0.7661
 3163   0.7830
 3172   0.8250
 3184   0.8445
 3194   0.8526
 3204   0.8893
 3214   0.9284
 3220   0.9361
 3229   0.9555
 3238   1.0324
 3245   0.5705
 3254   0.4968
 3263   0.4824
 3273   0.5002
 3281   0.4930
 3290   0.4726
 3295   0.4808
 3306   0.4934
 3315   0.4759
 3323   0.4704
 3331   0.4913
 3337   0.4906
 3346   0.4768
 3358   0.4853
 3367   0.4960
 3377   0.4912
 3390   0.4740
 3406   0.4692
 3415   0.4765
 3428   0.4647
 3436   0.4473
 3443   0.4436
 3448   0.4540
 3453   0.4404
 3462   0.4328
 3474   0.4339
 3486   0.4449
 3498   0.4359
 3506   0.4318
 3513   0.4302
 3525   0.4417
 3535   0.4243
 3540   0.4370
 3550   0.4434
 3559   0.4433
 3567   0.4391
 3576   0.4330
 3589   0.4294
 3599   0.4263
 3608   0.4241
 3617   0.4208
 3630   0.4168
 3639   0.4180
 3647   0.4136
 3656   0.4110
 3668   0.4129
 3677   0.4144
 3689   0.4104
 3696   0.4098
 3704   0.4190
 3710   0.4188
 3719   0.4149
 3732   0.4232
 3744   0.4350
 3752   0.4288
 3764   0.4229
 3777   0.4359
 3787   0.4392
 3803   0.4273
 3819   0.4394
 3831   0.4499
 3841   0.4396
 3850   0.4310
 3859   0.4377
 3869   0.4379
 3882   0.4317
 3894   0.4403
 3910   0.4409
 3919   0.4346
 3926   0.4363
 3934   0.4423
 3942   0.4459
 3951   0.4424
 3964   0.4458
 3972   0.4573
 3981   0.4601
 3990   0.4596
 3998   0.4690
 4007   0.4798
 4016   0.4810
 4028   0.4865
 4037   0.4980
 4050   0.5071
 4058   0.4978
 4071   0.5020
 4083   0.5159
 4095   0.5400
 4105   0.5761
 4116   0.5702
 4127   0.5649
 4135   0.5779
 4140   0.5850
 4149   0.5793
 4165   0.6049
 4177   0.6327
 4188   0.6266
 4197   0.6450
 4205   0.6433
 4210   0.6543
 4219   0.6724
 4229   0.6386
 4239   0.6440
 4249   0.6269
 4259   0.5804
 4268   0.5701
 4278   0.5905
 4287   0.5719
 4296   0.5447
 4301   0.5244
 4310   0.5045
 4320   0.5026
 4332   0.4844
 4344   0.4994
 4352   0.4988
 4360   0.5091
 4366   0.5020
 4376   0.4865
 4385   0.4827
 4397   0.4826
 4405   0.4728
 4417   0.4601
 4426   0.4648
 4438   0.4634
 4446   0.4454
 4454   0.4510
 4462   0.4604
 4469   0.4481
 4481   0.4451
 4490   0.4643
 4499   0.4633
 4507   0.4549
 4514   0.4675
 4523   0.4797
 4532   0.4743
 4544   0.4833
 4553   0.4972
 4565   0.4936
 4578   0.4808
 4590   0.4724
 4602   0.4947
 4611   0.4983
 4623   0.4896
 4635   0.5020
 4644   0.5231
 4654   0.5228
 4663   0.5269
 4671   0.5622
 4680   0.5645
 4689   0.5266
 4699   0.5174
 4707   0.4825
 4715   0.5147
 4724   0.4977
 4736   0.4865
 4745   0.4722
 4755   0.4787
 4767   0.4797
 4776   0.4644
 4786   0.4628
 4799   0.4783
 4811   0.4711
 4823   0.4547
 4833   0.4624
 4842   0.4739
 4854   0.4545
 4862   0.4394
 4874   0.4572
 4883   0.4574
 4899   0.4278
 4915   0.4285
 4924   0.4474
 4933   0.4405
 4943   0.4185
 4952   0.4212
 4964   0.3963
 4973   0.3692
 4982   0.3866
 4992   0.3944
 5001   0.3790
 5009   0.3758
 5016   0.3983
 5023   0.3998
 5036   0.3868
 5045   0.3977
 5054   0.4209
 5070   0.4169
 5078   0.4137
 5086   0.4381
 5094   0.4532
 5104   0.4305
 5114   0.4197
 5122   0.4058
 5129   0.3892
 5138   0.3780
 5150   0.3767
 5161   0.3723
 5174   0.3670
 5182   0.3647
 5194   0.3622
 5203   0.3599
 5212   0.3635
 5219   0.3569
 5235   0.3512
 5241   0.3505
 5253   0.3551
 5259   0.3461
 5267   0.3498
 5275   0.3748
 5288   0.3788
 5294   0.3845
 5304   0.3723
 5313   0.3637
 5325   0.3774
 5337   0.3811
 5343   0.3670
 5349   0.3686
 5356   0.3852
 5363   0.3845
 5371   0.3779
 5378   0.3861
 5386   0.3898
 5394   0.3878
 5410   0.3988
 5418   0.4135
 5425   0.4093
 5433   0.4061
 5442   0.4308
 5451   0.4427
 5459   0.4335
 5466   0.4413
 5476   0.4673
 5485   0.4759
 5494   0.4598
 5507   0.4418
 5519   0.4396
 5528   0.4676
 5540   0.4886
 5548   0.5147
 5557   0.5049
 5566   0.5167
 5574   0.5073
 5584   0.4772
 5595   0.4532
 5607   0.4509
 5614   0.4366
 5622   0.4379
 5633   0.4165
 5640   0.4493
 5647   0.4606
 5655   0.5409
 5663   0.5778
 5674   0.6777
 5684   0.6992
 5695   0.7084
 5707   0.7176
 5715   0.7717
 5726   0.7064
 5734   0.6529
 5742   0.6137
 5751   0.5892
 5763   0.5642
 5773   0.4804
 5782   0.4924
 5793   0.4220
 5803   0.4110
 5810   0.3908
 5819   0.4031
 5828   0.4163
 5841   0.4361
 5848   0.4272
 5853   0.4281
 5861   0.4114
 5869   0.4166
 5877   0.4111
 5885   0.4231
 5893   0.4214
 5903   0.4145
 5919   0.4028
 5927   0.3998
 5932   0.4123
 5941   0.4158
 5953   0.4280
 5963   0.4322
 5970   0.4224
 5976   0.4252
 5984   0.4147
 5993   0.4270
 6002   0.4244
 6010   0.4212
 6023   0.4182
 6032   0.4286
 6044   0.4152
 6055   0.4105
 6066   0.4126
 6075   0.4126
 6084   0.4055
 6093   0.4037
 6102   0.4103
 6108   0.4083
 6117   0.4135
 6126   0.4209
 6132   0.4214
 6144   0.4132
 6154   0.4230
 6162   0.4394
 6170   0.4505
 6178   0.4459
 6191   0.4608
 6203   0.4886
 6215   0.5001
 6227   0.5013
 6237   0.5324
 6250   0.5624
 6263   0.5665
 6275   0.5899
 6280   0.6311
 6292   0.6564
 6303   0.6389
 6314   0.6182
 6323   0.6476
 6331   0.5868
 6336   0.5884
 6344   0.5224
 6352   0.5072
 6359   0.3687
 6369   0.3525
 6377   0.3615
 6386   0.3533
 6398   0.3625
 6410   0.3385
 6419   0.3333
 6428   0.3239
 6436   0.3105
 6448   0.3171
 6457   0.3331
 6469   0.3225
 6478   0.3069
 6487   0.3124
 6496   0.3134
 6501   0.3088
 6510   0.3198
 6519   0.3169
 6530   0.3027
 6537   0.3108
 6543   0.3200
 6553   0.3152
 6566   0.3184
 6578   0.3323
 6586   0.3385
 6597   0.3396
 6610   0.3558
 6622   0.3430
 6634   0.3364
 6647   0.3299
 6657   0.3400
 6669   0.3281
 6674   0.3095
 6683   0.3294
 6693   0.3351
 6701   0.3101
 6708   0.3011
 6720   0.3241
 6729   0.3283
 6738   0.3087
 6745   0.3154
 6753   0.3389
 6764   0.3263
 6772   0.3101
 6781   0.3346
 6786   0.3502
 6798   0.3335
 6810   0.3509
 6819   0.3529
 6828   0.3476
 6840   0.3483
 6853   0.3349
 6859   0.3302
 6868   0.3278
 6877   0.3182
 6889   0.3125
 6895   0.3105
 6902   0.3057
 6918   0.3005
 6927   0.2987
 6936   0.2972
 6941   0.2930
 6949   0.2887
 6958   0.2913
 6971   0.2938
 6983   0.2916
 6995   0.2910
 7007   0.3024
 7019   0.3133
 7029   0.3048
 7035   0.3023
 7044   0.3175
 7050   0.3304
 7060   0.3153
 7068   0.3135
 7083   0.3279
 7091   0.3292
 7101   0.3205
 7114   0.3264
 7121   0.3364
 7128   0.3348
 7140   0.3318
 7149   0.3417
 7155   0.3474
 7162   0.3458
 7171   0.3498
 7180   0.3503
 7188   0.3500
 7200   0.3592
 7212   0.3650
 7225   0.3648
 7237   0.3711
 7245   0.3789
 7252   0.3785
 7261   0.3863
 7266   0.3916
 7274   0.4000
 7281   0.4109
 7289   0.4218
 7294   0.4177
 7302   0.4152
 7309   0.4312
 7321   0.4301
 7330   0.4106
 7342   0.4050
 7350   0.3828
 7366   0.4094
 7378   0.4730
 7390   0.4710
 7400   0.4896
 7405   0.4229
 7411   0.4086
 7424   0.3968
 7436   0.4132
 7447   0.4145
 7456   0.4068
 7467   0.3802
 7476   0.3764
 7485   0.3900
 7495   0.3715
 7511   0.3568
 7520   0.3862
 7533   0.3729
 7544   0.3850
 7552   0.4021
 7561   0.4091
 7573   0.4327
 7582   0.4328
 7590   0.4482
 7601   0.4579
 7609   0.4414
 7619   0.4397
 7627   0.4416
 7635   0.4303
 7647   0.4148
 7656   0.4192
 7664   0.4007
 7677   0.3748
 7686   0.3768
 7698   0.3787
 7707   0.3493
 7716   0.3507
 7725   0.3610
 7734   0.3343
 7741   0.3234
 7747   0.3366
 7754   0.3349
 7763   0.3170
 7775   0.3264
 7787   0.3357
 7799   0.3239
 7808   0.3197
 7820   0.3371
 7830   0.3385
 7839   0.3299
 7849   0.3226
 7860   0.3673
 7870   0.4043
 7876   0.4718
 7882   0.5175
 7890   0.4687
 7902   0.5028
 7911   0.5965
 7920   0.5994
 7926   0.5526
 7931   0.4721
 7940   0.4045
 7951   0.3434
 7959   0.3084
 7969   0.3208
 7978   0.3179
 7985   0.3064
 7994   0.3015
 8005   0.2996
 8014   0.2927
 8023   0.2875
 8029   0.2850
 8035   0.2876
 8042   0.2900
 8054   0.2843
 8061   0.2876
 8073   0.2964
 8085   0.3083
 8095   0.3137
 8103   0.2954
 8110   0.2902
 8118   0.2852
 8127   0.2838
 8139   0.2786
 8148   0.2798
 8160   0.2755
 8167   0.2807
 8179   0.2743
 8186   0.2675
 8199   0.2753
 8208   0.2779
 8217   0.2751
 8226   0.2754
 8233   0.2755
 8243   0.2698
 8251   0.2737
 8260   0.2821
 8269   0.2800
 8281   0.2723
 8288   0.2706
 8301   0.2750
 8310   0.2728
 8322   0.2683
 8338   0.2702
 8350   0.2774
 8358   0.2744
 8367   0.2701
 8375   0.2751
 8384   0.2812
 8393   0.2745
 8405   0.2715
 8414   0.2831
 8422   0.2866
 8427   0.2792
 8435   0.2851
 8443   0.2935
 8455   0.3136
 8464   0.3132
 8471   0.3234
 8480   0.3171
 8492   0.3030
 8499   0.3020
 8508   0.3164
 8513   0.3006
 8526   0.2880
 8535   0.3023
 8543   0.3060
 8549   0.2861
 8556   0.2859
 8568   0.2997
 8581   0.2894
 8593   0.2820
 8602   0.2914
 8611   0.2976
 8623   0.2922
 8628   0.2897
 8633   0.2884
 8642   0.2951
 8651   0.2925
 8660   0.2852
 8669   0.2950
 8678   0.2990
 8686   0.2975
 8695   0.3085
 8705   0.3085
 8712   0.2984
 8721   0.3041
 8730   0.3136
 8742   0.3088
 8755   0.3051
 8771   0.3119
 8780   0.3165
 8796   0.3176
 8805   0.3156
 8814   0.3080
 8820   0.3141
 8833   0.3224
 8844   0.3155
 8852   0.3151
 8864   0.3269
 8872   0.3304
 8881   0.3222
 8889   0.3306
 8898   0.3426
 8908   0.3422
 8919   0.3393
 8928   0.3551
 8937   0.3661
 8944   0.3612
 8953   0.3712
 8958   0.3851
 8964   0.4333
 8971   0.5501
 8976   0.4775
 8989   0.4960
 8998   0.5092
 9003   0.4601
 9009   0.4537
 9018   0.4904
 9026   0.4919
 9038   0.4595
 9049   0.4399
 9056   0.4548
 9063   0.4035
 9079   0.3716
 9088   0.3452
 9097   0.3326
 9109   0.3319
 9115   0.3122
 9127   0.3059
 9134   0.3161
 9143   0.3340
 9149   0.3412
 9156   0.3720
 9164   0.4022
 9172   0.4702
 9182   0.4834
 9187   0.4599
 9200   0.4984
 9212   0.4608
 9220   0.4989
 9228   0.5089
 9238   0.4925
 9247   0.5083
 9256   0.4838
 9263   0.4748
 9275   0.3776
 9282   0.3368
 9292   0.3374
 9300   0.3386
 9308   0.3337
 9315   0.3338
 9320   0.3423
 9330   0.3224
 9336   0.3119
 9341   0.3141
 9350   0.3081
 9359   0.2922
 9375   0.3039
 9384   0.3118
 9391   0.2977
 9400   0.2929
 9407   0.3121
 9419   0.3148
 9425   0.3001
 9437   0.3038
 9446   0.3214
 9455   0.3076
 9464   0.2938
 9476   0.3054
 9488   0.3129
 9500   0.2970
 9508   0.3006
 9520   0.3267
 9529   0.3111
 9536   0.2905
 9549   0.2812
 9562   0.2825
 9574   0.2841
 9583   0.2764
 9595   0.2748
 9603   0.2781
 9611   0.2761
 9617   0.2686
 9626   0.2660
 9635   0.2718
 9645   0.2754
 9651   0.2674
 9658   0.2701
 9670   0.2789
 9679   0.2737
 9688   0.2682
 9694   0.2742
 9701   0.2737
 9713   0.2698
 9718   0.2717
 9724   0.2780
 9734   0.2736
 9743   0.2712
 9755   0.2778
 9767   0.2777
 9773   0.2714
 9781   0.2707
 9790   0.2821
 9798   0.2782
 9808   0.2699
 9814   0.2749
 9822   0.2793
 9832   0.2733
 9838   0.2722
 9850   0.2836
 9859   0.2845
 9869   0.2776
 9879   0.2842
 9889   0.2944
 9899   0.2927
 9909   0.2945
 9916   0.3047
 9925   0.3130
 9934   0.3162
 9946   0.3245
 9955   0.3340
 9965   0.3347
 9977   0.3420
 9989   0.3529
 9998   0.3539
10007   0.3617
10019   0.3755
10028   0.3830
10038   0.3875
10044   0.3977
10056   0.4114
10068   0.4174
10080   0.4265
10090   0.4401
10103   0.4585
10113   0.4711
10123   0.4892
10128   0.5054
10138   0.5344
10148   0.5458
10160   0.5954
10169   0.5850
10178   0.5895
10185   0.6027
10194   0.6188
10202   0.6963
10214   0.8324
10224   0.7902
10231   0.7249
10236   0.7793
10246   0.7397
10251   0.7150
10263   0.6025
10272   0.5015
10281   0.4687
10293   0.3941
10303   0.3998
10311   0.4173
10318   0.3884
10328   0.4060
10338   0.4325
10347   0.4197
10356   0.4113
10366   0.4533
10378   0.4545
10388   0.4359
10394   0.4423
10403   0.4340
10413   0.4596
10425   0.4301
10435   0.3620
10441   0.3225
10451   0.3259
10456   0.3518
10466   0.3542
10476   0.3881
10486   0.3773
10498   0.3495
10514   0.3572
10530   0.3307
10541   0.3085
10549   0.2962
10565   0.2961
10573   0.3155
10582   0.3105
10594   0.2999
10600   0.3404
10607   0.3283
10616   0.2675
10624   0.2830
10636   0.2713
10643   0.2718
10648   0.3114
10657   0.3157
10670   0.3594
10683   0.3178
10692   0.2930
10704   0.3328
10714   0.3433
10722   0.3519
10731   0.3702
10738   0.3853
10748   0.4826
10758   0.4507
10770   0.3896
10778   0.3307
10794   0.3152
10802   0.3096
10811   0.2999
10823   0.2893
10832   0.2873
10838   0.2827
10846   0.2718
10854   0.2692
10863   0.2717
10870   0.2648
10882   0.2597
10890   0.2639
10898   0.2630
10914   0.2568
10923   0.2595
10934   0.2637
10941   0.2579
10950   0.2554
10957   0.2615
10969   0.2673
10979   0.2607
10991   0.2626
11000   0.2737
11009   0.2703
11018   0.2661
11025   0.2711
11033   0.2787
11041   0.2774
11050   0.2765
11062   0.2832
11071   0.2896
11081   0.2869
11093   0.2900
11100   0.3007
11109   0.3023
11118   0.3013
11126   0.3146
11138   0.3249
11148   0.3257
11157   0.3340
11167   0.3520
11177   0.3602
11182   0.3931
11193   0.4168
11200   0.5064
11208   0.5793
11216   0.7172
11228   0.6762
11238   0.6721
11245   0.6046
11254   0.5751
11266   0.7060
11275   0.7715
11288   0.7402
11301   0.8210
11313   0.9921
11324   1.1212
11336   1.1681
11345   1.0557
11353   0.9847
11359   0.9849
11366   0.8658
11375   0.7081
11384   0.5596
11393   0.5625
11402   0.6662
11409   0.5431
11419   0.3924
11428   0.3545
11440   0.3419
11452   0.3198
11461   0.3187
11470   0.2963
11480   0.2892
11489   0.2977
11499   0.2891
11509   0.2729
11516   0.2765
11526   0.2800
11536   0.2690
11548   0.2669
11561   0.2744
11569   0.2784
11578   0.2713
11589   0.2751
11597   0.2749
11609   0.2967
11621   0.2548
11630   0.2549
11639   0.2546
11648   0.2487
11660   0.2483
11673   0.2498
11679   0.2472
11688   0.2456
11701   0.2476
11712   0.2490
11720   0.2464
11729   0.2483
11737   0.2515
11743   0.2525
11755   0.2459
11762   0.2465
11772   0.2423
11781   0.2438
11789   0.2471
11796   0.2452
11809   0.2433
11821   0.2504
11829   0.2540
11838   0.2500
11847   0.2446
11856   0.2501
11867   0.2539
11879   0.2493
11888   0.2533
11896   0.2586
11903   0.2603
11909   0.2708
11916   0.2748
11925   0.2780
11934   0.2673
11942   0.2687
11951   0.2759
11960   0.2727
11968   0.2633
11976   0.2574
11985   0.2633
11994   0.2663
12003   0.2566
12015   0.2521
12024   0.2605
12040   0.2631
12046   0.2522
12055   0.2520
12064   0.2580
12071   0.2604
12078   0.2703
12086   0.2792
12097   0.2951
12105   0.3021
12112   0.2864
12124   0.2981
12136   0.2873
12148   0.2754
12164   0.2896
12173   0.2945
12182   0.2767
12188   0.2775
12197   0.2922
12205   0.2852
12218   0.2740
12226   0.2858
12236   0.2930
12244   0.2824
12250   0.2811
12259   0.2978
12267   0.2984
12275   0.2878
12285   0.2947
12298   0.3121
12310   0.3082
12322   0.3015
12334   0.3216
12346   0.3391
12351   0.3507
12363   0.3587
12374   0.4131
12382   0.4101
12398   0.4348
12409   0.4299
12419   0.3740
12428   0.3774
12437   0.4017
12447   0.3888
12456   0.3857
12469   0.3678
12479   0.3237
12489   0.3528
12500   0.3632
12508   0.3530
12521   0.3373
12532   0.3252
12539   0.3070
12547   0.2859
12558   0.2857
12567   0.2862
12576   0.2814
12581   0.2882
12589   0.2852
12599   0.2974
12609   0.2798
12619   0.2913
12629   0.2974
12634   0.2781
12647   0.2732
12655   0.2705
12664   0.2630
12677   0.2676
12686   0.2752
12695   0.2726
12704   0.2647
12716   0.2763
12725   0.2785
12734   0.2692
12740   0.2713
12749   0.2765
12761   0.2658
12773   0.2626
12785   0.2731
12797   0.2695
12804   0.2607
12813   0.2695
12822   0.2766
12832   0.2693
12839   0.2700
12851   0.2900
12856   0.3057
12865   0.3305
12881   0.3859
12890   0.3806
12900   0.3713
12912   0.3643
12921   0.3251
12934   0.3176
12941   0.3066
12949   0.2986
12958   0.2968
12970   0.2926
12982   0.2812
12994   0.2782
13006   0.2838
13019   0.2812
13028   0.2698
13037   0.2675
13046   0.2764
13057   0.2759
13065   0.2916
13074   0.2903
13087   0.2789
13094   0.2752
13100   0.2565
13108   0.2517
13116   0.2505
13125   0.2503
13133   0.2413
13146   0.2380
13154   0.2409
13163   0.2365
13172   0.2365
13184   0.2375
13193   0.2365
13199   0.2375
13208   0.2416
13216   0.2393
13224   0.2350
13233   0.2386
13245   0.2407
13254   0.2364
13263   0.2371
13272   0.2406
13280   0.2383
13292   0.2352
13297   0.2362
13309   0.2416
13325   0.2444
13331   0.2455
13343   0.2527
13348   0.2492
13358   0.2588
13370   0.2535
13377   0.2576
13383   0.2639
13389   0.2701
13395   0.2848
13404   0.2883
13413   0.2848
13421   0.3060
13428   0.2523
13435   0.2893
13444   0.2964
13451   0.2692
13461   0.2678
13470   0.2890
13482   0.2704
13489   0.2577
13497   0.2639
13501   0.2548
13509   0.2467
13521   0.2526
13530   0.2543
13538   0.2472
13547   0.2439
13555   0.2550
13564   0.2524
13573   0.2454
13585   0.2513
13597   0.2556
13602   0.2503
13610   0.2478
13619   0.2547
13627   0.2575
13635   0.2518
13644   0.2532
13656   0.2592
13662   0.2549
13671   0.2480
13684   0.2563
13693   0.2615
13705   0.2632
13715   0.2642
13723   0.2640
13731   0.2643
13740   0.2680
13745   0.2590
13755   0.2548
13763   0.2615
13772   0.2591
13784   0.2502
13796   0.2555
13804   0.2623
13813   0.2545
13822   0.2501
13830   0.2562
13842   0.2590
13847   0.2493
13856   0.2497
13868   0.2575
13880   0.2540
13896   0.2456
13905   0.2533
13917   0.2615
13929   0.2604
13938   0.2514
13946   0.2718
13954   0.3001
13959   0.2824
13967   0.2785
13975   0.2718
13985   0.2608
13997   0.2629
14007   0.2499
14019   0.2512
14026   0.2483
14038   0.2451
14049   0.2539
14058   0.2496
14066   0.2384
14072   0.2428
14084   0.2441
14093   0.2342
14109   0.2348
14122   0.2384
14134   0.2359
14142   0.2318
14152   0.2379
14159   0.2363
14167   0.2326
14180   0.2370
14192   0.2426
14197   0.2393
14206   0.2399
14213   0.2467
14219   0.2478
14232   0.2471
14244   0.2527
14253   0.2555
14265   0.2565
14272   0.2546
14277   0.2453
14289   0.2453
14297   0.2498
14305   0.2524
14317   0.2470
14325   0.2493
14334   0.2519
14339   0.2490
14350   0.2464
14362   0.2421
14371   0.2422
14379   0.2635
14389   0.2821
14396   0.2690
14409   0.3034
14420   0.3176
14433   0.3296
14441   0.2849
14452   0.2776
14461   0.2862
14473   0.2600
14482   0.2484
14494   0.2705
14506   0.2616
14511   0.2388
14523   0.2555
14535   0.2736
14544   0.2638
14551   0.2737
14559   0.2632
14571   0.2389
14580   0.2417
14588   0.2557
14598   0.2487
14607   0.2341
14619   0.2507
14625   0.2625
14633   0.2449
14642   0.2432
14651   0.2664
14667   0.2634
14675   0.2517
14691   0.2503
14699   0.2549
14708   0.2522
14716   0.2708
14724   0.2647
14733   0.2705
14740   0.2586
14749   0.2610
14756   0.2612
14763   0.2496
14779   0.2441
14788   0.2521
14795   0.2465
14803   0.2427
14813   0.2465
14822   0.2492
14831   0.2443
14844   0.2467
14850   0.2513
14862   0.2571
14871   0.2589
14883   0.2533
14892   0.2559
14901   0.2686
14911   0.2694
14918   0.2523
14934   0.2618
14946   0.2753
14956   0.2660
14963   0.2532
14973   0.2734
14983   0.2862
14995   0.2734
15007   0.2715
15015   0.2784
15026   0.3181
15034   0.3206
15046   0.3143
15051   0.3001
15063   0.2936
15073   0.2734
15083   0.2950
15093   0.2685
15103   0.2655
15109   0.2521
15117   0.2412
15127   0.2459
15140   0.2470
15145   0.2355
15154   0.2325
15159   0.2374
15164   0.2346
15173   0.2281
15182   0.2342
15191   0.2390
15199   0.2366
15208   0.2365
15217   0.2439
15226   0.2462
15233   0.2406
15242   0.2452
15250   0.2558
15266   0.2585
15277   0.2575
15285   0.2564
15294   0.2629
15303   0.2628
15315   0.2632
15324   0.2685
15331   0.2647
15340   0.2607
15349   0.2779
15359   0.3527
15366   0.2793
15374   0.2862
15380   0.3937
15385   0.3127
15393   0.2821
15402   0.2684
15413   0.2910
15424   0.2814
15432   0.3007
15441   0.2818
15450   0.2820
15458   0.2922
15465   0.3026
15473   0.3147
15481   0.3137
15490   0.3183
15498   0.3439
15507   0.3659
15512   0.3579
15517   0.3571
15530   0.3386
15541   0.3357
15549   0.3359
15558   0.3314
15570   0.3291
15578   0.3109
15587   0.3017
15594   0.2976
15600   0.3037
15612   0.3065
15624   0.3248
15631   0.3325
15643   0.3088
15652   0.3289
15662   0.3205
15670   0.3304
15679   0.3355
15688   0.3519
15699   0.3868
15706   0.3945
15716   0.3847
15729   0.4170
15740   0.4572
15750   0.4670
15762   0.4682
15771   0.4972
15781   0.5742
15788   0.6424
15800   0.6938
15804   0.7211
15812   0.7252
15823   0.6878
15830   0.5522
15835   0.5207
15841   0.5038
15850   0.4539
15862   0.4171
15874   0.3954
15883   0.3769
15893   0.3516
15904   0.3372
15917   0.3261
15927   0.3315
15939   0.3166
15949   0.2985
15958   0.3077
15966   0.3015
15974   0.3219
15982   0.3271
15988   0.3300
15998   0.3183
16007   0.3339
16017   0.3501
16022   0.3562
16033   0.3577
16040   0.3815
16051   0.3610
16058   0.3513
16067   0.3493
16083   0.3514
16091   0.3547
16100   0.3639
16106   0.3763
16113   0.3761
16121   0.3601
16128   0.3699
16138   0.3817
16150   0.3693
16160   0.3641
16169   0.3884
16178   0.3904
16190   0.3760
16200   0.3780
16209   0.3994
16217   0.4138
16225   0.4275
16233   0.4295
16244   0.3992
16251   0.3752
16258   0.3651
16270   0.3668
16277   0.3380
16285   0.3220
16293   0.3202
16305   0.3114
16312   0.2925
16328   0.2799
16335   0.2755
16344   0.2673
16356   0.2688
16368   0.2644
16379   0.2679
16388   0.2581
16396   0.2463
16405   0.2544
16410   0.2688
16416   0.2982
16426   0.2737
16432   0.2721
16442   0.2642
16451   0.2650
16457   0.2812
16465   0.2931
16474   0.3029
16484   0.3098
16493   0.3279
16500   0.3432
16511   0.3530
16519   0.3521
16528   0.3693
16534   0.3693
16542   0.3825
16548   0.3936
16556   0.3992
16568   0.4073
16579   0.4151
16586   0.3950
16595   0.4024
16601   0.4236
16611   0.4182
16620   0.4064
16629   0.4205
16635   0.4448
16640   0.5327
16651   0.4621
16660   0.4991
16668   0.4830
16678   0.4413
16685   0.4459
16692   0.4395
16703   0.4165
16710   0.3950
16718   0.3866
16726   0.3739
16734   0.3591
16743   0.3610
16753   0.3538
16763   0.3400
16772   0.3250
16784   0.3218
16792   0.3174
16805   0.3120
16818   0.3052
16826   0.3027
16836   0.3002
16841   0.3076
16849   0.3157
16856   0.2662
16865   0.2613
16872   0.2688
16883   0.2691
16890   0.3013
16899   0.3108
16907   0.3234
16916   0.3651
16926   0.4096
16938   0.3887
16947   0.3733
16956   0.4096
16963   0.3884
16973   0.3782
16984   0.3628
16995   0.3382
17007   0.3318
17016   0.3419
17027   0.3413
17036   0.3519
17044   0.3537
17053   0.3572
17062   0.3657
17071   0.3783
17083   0.4328
17095   0.4802
17104   0.5288
17115   0.5845
17123   0.5916
17131   0.5833
17141   0.5369
17148   0.4804
17159   0.4214
17166   0.3592
17176   0.3553
17192   0.3537
17208   0.3592
17216   0.3421
17225   0.3497
17236   0.3411
17245   0.3560
17253   0.3739
17258   0.4021
17265   0.4307
17277   0.4856
17286   0.5365
17298   0.5804
17309   0.4786
17321   0.3970
17326   0.3655
17333   0.3347
17345   0.3269
17351   0.3181
17360   0.3174
17370   0.3126
17379   0.3076
17387   0.2963
17395   0.2904
17407   0.2660
17418   0.2983
17427   0.2937
17437   0.2886
17445   0.2807
17451   0.2645
17458   0.2718
17466   0.2546
17473   0.2526
17482   0.2678
17487   0.2652
17499   0.2469
17508   0.2496
17514   0.2625
17519   0.2579
17532   0.2620
17537   0.2577
17546   0.2515
17555   0.2577
17560   0.2630
17569   0.2583
17582   0.2514
17588   0.2554
17595   0.2582
17603   0.2477
17611   0.2440
17620   0.2508
17628   0.2481
17637   0.2347
17642   0.2367
17652   0.2419
17664   0.2342
17672   0.2332
17684   0.2401
17694   0.2362
17706   0.2318
17718   0.2405
17725   0.2450
17730   0.2413
17739   0.2405
17746   0.2411
17758   0.2408
17765   0.2471
17774   0.2881
17783   0.3216
17795   0.3041
17805   0.2786
17815   0.2433
17823   0.2504
17831   0.2449
17842   0.2450
17850   0.2526
17859   0.2415
17871   0.2266
17880   0.2360
17889   0.2430
17899   0.2317
17908   0.2299
17915   0.2403
17923   0.2436
17932   0.2391
17941   0.2437
17953   0.2466
17962   0.2391
17970   0.2428
17982   0.2485
17992   0.2554
18000   0.2576
18005   0.2589
18015   0.2631
18024   0.2657
18034   0.2624
18043   0.2575
18053   0.2556
18063   0.2596
18072   0.2537
18081   0.2517
18094   0.2542
18100   0.2459
18110   0.2398
18119   0.2441
18128   0.2431
18140   0.2310
18149   0.2344
18162   0.2413
18174   0.2435
18180   0.2384
18188   0.2425
18198   0.2383
18206   0.2325
18215   0.2332
18224   0.2386
18234   0.2357
18250   0.2415
18258   0.2783
18270   0.4322
18280   0.4908
18290   0.5908
18298   0.6858
18309   0.9108
18314   0.8426
18323   0.8184
18332   0.7681
18344   0.7460
18356   0.7330
18365   0.7557
18374   0.7573
18382   0.7356
18390   0.7463
18399   0.7720
18406   0.7545
18415   0.7359
18421   0.7657
18429   0.7791
18435   0.7465
18442   0.7466
18448   0.7805
18460   0.7963
18472   0.8003
18485   0.7751
18496   0.7787
18501   0.7873
18510   0.7587
18517   0.7367
18529   0.7569
18537   0.7511
18550   0.7168
18559   0.7256
18568   0.7474
18581   0.7235
18590   0.7006
18599   0.7299
18608   0.7366
18616   0.7069
18624   0.7141
18633   0.7466
18645   0.7746
18652   0.8091
18661   0.8234
18669   0.8573
18677   0.8489
18687   0.8326
18693   0.8475
18701   0.8124
18710   0.8011
18722   0.8311
18727   0.8222
18739   0.7908
18747   0.8095
18752   0.8323
18764   0.8060
18773   0.8006
18782   0.8390
18794   0.8391
18801   0.8136
18810   0.8395
18817   0.8717
18826   0.8517
18834   0.8491
18841   0.8925
18850   0.8988
18857   0.8794
18869   0.9000
18878   0.9358
18887   0.9244
18896   0.9211
18908   0.9631
18917   0.9856
18926   0.9530
18938   0.9399
18950   0.9506
18959   0.9752
18967   0.9621
18979   0.9417
18986   0.8685
18994   0.8764
19003   0.9136
19012   0.8642
19017   0.8244
19026   0.8726
19038   0.8726
19047   0.8117
19053   0.8264
19060   0.8677
19069   0.8296
19077   0.8007
19086   0.8504
19102   0.8583
19111   0.8133
19119   0.8317
19126   0.8818
19138   0.9042
19146   0.8499
19155   0.8175
19167   0.8062
19179   0.7965
19191   0.7803
19197   0.7610
19204   0.7580
19212   0.7555
19218   0.7383
19225   0.7263
19235   0.7275
19244   0.7199
19254   0.6999
19264   0.6997
19276   0.7042
19285   0.6886
19290   0.6732
19301   0.6815
19310   0.6819
19319   0.6640
19327   0.6567
19335   0.6627
19341   0.6558
19346   0.6445
19356   0.6367
19364   0.6371
19372   0.6304
19380   0.6177
19388   0.6089
19397   0.6206
19406   0.6113
19415   0.5985
19420   0.6057
19427   0.6143
19434   0.6070
19439   0.6029
19448   0.6165
19457   0.6291
19465   0.6442
19473   0.6263
19480   0.6233
19489   0.5974
19497   0.6027
19504   0.6191
19510   0.6096
19518   0.6036
19531   0.6071
19543   0.6033
19555   0.5921
19563   0.5941
19575   0.5895
19584   0.5825
19589   0.5802
19598   0.5756
19605   0.5679
19613   0.5708
19629   0.5733
19645   0.5652
19652   0.5577
19668   0.5626
19675   0.5748
19687   0.6105
19695   0.6410
19707   0.6292
19715   0.6188
19723   0.6252
19732   0.6265
19741   0.6292
19753   0.6299
19758   0.6319
19765   0.6346
19774   0.6458
19781   0.6479
19789   0.6467
19798   0.6600
19807   0.6734
19813   0.6716
19822   0.6766
19834   0.7006
19842   0.7178
19848   0.7115
19853   0.7229
19865   0.7512
19874   0.7635
19883   0.7654
19888   0.7832
19897   0.8056
19910   0.8193
19919   0.8171
19932   0.8480
19944   0.9109
19956   0.9783
19968   1.0117
19980   0.9492
19992   0.9613
20004   0.8512
20014   0.8046
20020   0.7872
20027   0.8870
20034   0.8917
20042   0.9526
20053   0.8796
20062   0.7773
20075   0.7954
20088   0.8519
20104   0.8058
20117   0.8417
20129   0.7432
20141   0.7474
20147   0.7204
20157   0.7195
20165   0.7254
20174   0.7074
20183   0.6964
20192   0.7043
20201   0.7005
20209   0.6829
20218   0.6902
20231   0.6880
20244   0.6677
20252   0.6565
20261   0.6720
20267   0.6682
20275   0.6454
20284   0.6506
20293   0.6699
20305   0.6562
20314   0.6374
20330   0.6555
20339   0.7058
20351   0.6827
20361   0.6780
20367   0.6051
20375   0.5957
20387   0.5848
20399   0.5677
20411   0.5726
20420   0.5742
20429   0.5565
20439   0.5499
20451   0.5604
20458   0.5557
20471   0.5402
20480   0.5391
20487   0.5510
20493   0.5447
20502   0.5364
20511   0.5403
20517   0.5366
20526   0.5363
20535   0.5433
20541   0.5430
20557   0.5430
20564   0.5552
20573   0.5603
20581   0.5526
20594   0.5652
20606   0.5517
20613   0.5553
20629   0.5414
20638   0.5372
20646   0.5329
20658   0.5226
20666   0.5229
20675   0.5312
20684   0.5207
20693   0.5158
20709   0.5379
20716   0.5385
20723   0.5247
20731   0.5431
20740   0.5771
20756   0.5667
20765   0.5151
20774   0.5005
20786   0.5192
20797   0.5126
20809   0.5245
20821   0.5312
20831   0.5206
20844   0.5192
20850   0.5343
20859   0.5446
20868   0.5350
20875   0.5390
20881   0.5451
20889   0.5417
20901   0.5459
20910   0.5537
20918   0.5498
20926   0.5520
20939   0.5603
20945   0.5643
20956   0.5629
20965   0.5768
20974   0.5868
20983   0.5877
20991   0.6005
21000   0.6177
21012   0.6130
21025   0.6274
21034   0.6631
21050   0.6287
21057   0.6167
21069   0.6202
21079   0.6314
21087   0.6526
21095   0.6581
21105   0.6748
21114   0.7065
21124   0.6988
21134   0.6825
21141   0.6671
21149   0.6451
21154   0.6408
21166   0.6848
21175   0.6519
21185   0.6835
21195   0.7052
21205   0.7107
21214   0.6880
21222   0.7042
21227   0.6713
21237   0.6447
21246   0.6101
21252   0.5952
21259   0.5957
21269   0.5933
21278   0.5742
21287   0.5633
21299   0.5692
21307   0.5677
21316   0.5528
21324   0.5490
21336   0.5560
21352   0.5529
21361   0.5419
21370   0.5422
21379   0.5506
21391   0.5438
21403   0.5326
21415   0.5437
21424   0.5520
21432   0.5393
21442   0.5383
21454   0.5535
21464   0.5544
21470   0.5463
21479   0.5564
21491   0.5708
21501   0.5702
21511   0.5725
21521   0.5946
21527   0.6097
21536   0.6187
21545   0.6866
21552   0.7129
21561   0.6790
21570   0.6779
21580   0.6566
21588   0.6489
21597   0.6587
21602   0.6476
21613   0.6309
21622   0.6368
21630   0.6428
21638   0.6247
21644   0.6196
21653   0.6311
21665   0.6311
21674   0.6113
21684   0.6165
21697   0.6374
21713   0.6190
21722   0.5813
21735   0.6152
21743   0.6433
21750   0.5976
21755   0.5830
21760   0.6434
21769   0.6410
21781   0.5840
21793   0.6226
21805   0.6881
21813   0.6401
21820   0.6012
21832   0.6421
21842   0.6489
21847   0.6658
21857   0.6525
21866   0.6262
21874   0.6287
21883   0.6313
21896   0.6148
21906   0.6073
21915   0.6174
21924   0.6127
21937   0.6019
21946   0.6008
21954   0.6243
21963   0.6165
21975   0.6044
21984   0.6127
21996   0.6203
22003   0.6004
22011   0.5916
22017   0.6135
22026   0.6068
22039   0.5831
22051   0.5921
22059   0.6088
22071   0.6189
22084   0.6335
22094   0.6313
22110   0.6217
22126   0.6373
22138   0.6523
22148   0.6547
22157   0.6477
22166   0.6896
22176   0.6971
22189   0.6462
22201   0.6677
22217   0.7121
22226   0.6714
22233   0.6433
22241   0.7000
22249   0.7081
22258   0.6383
22271   0.6572
22279   0.7176
22288   0.6744
22297   0.6330
22305   0.6945
22314   0.7246
22323   0.6641
22335   0.6763
22344   0.7431
22357   0.7363
22365   0.6852
22378   0.7199
22390   0.7228
22402   0.6852
22412   0.6998
22423   0.6872
22434   0.7059
22442   0.7149
22447   0.6931
22456   0.6927
22472   0.7202
22484   0.7225
22495   0.7016
22504   0.7012
22512   0.6827
22517   0.7015
22526   0.7268
22536   0.7520
22546   0.7831
22556   0.7495
22566   0.7139
22575   0.7483
22585   0.7899
22594   0.7591
22603   0.7363
22608   0.7127
22617   0.7417
22627   0.7422
22639   0.6974
22651   0.6967
22659   0.7100
22667   0.7136
22673   0.6881
22683   0.6873
22692   0.6983
22704   0.6910
22712   0.6830
22724   0.6960
22733   0.6939
22745   0.6586
22753   0.6623
22761   0.6969
22769   0.6864
22776   0.6645
22788   0.6894
22797   0.7054
22806   0.6814
22814   0.6824
22821   0.7164
22830   0.7092
22839   0.6860
22851   0.7173
22860   0.7412
22872   0.7049
22885   0.6758
22897   0.6608
22909   0.6694
22918   0.6563
22930   0.6281
22942   0.6294
22951   0.6310
22961   0.6159
22970   0.6071
22978   0.6200
22987   0.6989
22996   0.6978
23006   0.8587
23014   0.7980
23022   0.6777
23031   0.6654
23043   0.6261
23052   0.6013
23062   0.6207
23074   0.6132
23083   0.5784
23093   0.5766
23106   0.5912
23118   0.5791
23130   0.5502
23140   0.5559
23149   0.5693
23161   0.5392
23169   0.5184
23181   0.5383
23190   0.5392
23206   0.5097
23222   0.5029
23231   0.5223
23240   0.5102
23250   0.4906
23259   0.4905
23271   0.4780
23280   0.4944
23289   0.4798
23299   0.4633
23308   0.4791
23316   0.4801
23323   0.4540
23330   0.4506
23343   0.4682
23352   0.4537
23361   0.4252
23377   0.4364
23385   0.4457
23393   0.4195
23401   0.4084
23411   0.4386
23421   0.4525
23429   0.4571
23436   0.4680
23445   0.4863
23457   0.4856
23468   0.4822
23481   0.5066
23489   0.5055
23501   0.4874
23510   0.5014
23519   0.5166
23526   0.5073
23542   0.5019
23548   0.5125
23560   0.5215
23566   0.5115
23574   0.5173
23582   0.5311
23595   0.5350
23601   0.5634
23611   0.5454
23620   0.5266
23632   0.5460
23644   0.5591
23650   0.5344
23656   0.5325
23663   0.5608
23670   0.5535
23678   0.5288
23685   0.5527
23693   0.5731
23701   0.5435
23717   0.5388
23725   0.5709
23732   0.5653
23740   0.5392
23749   0.5565
23758   0.5804
23766   0.5602
23773   0.5507
23783   0.5725
23792   0.5783
23801   0.5586
23814   0.5719
23826   0.5849
23835   0.5973
23847   0.6114
23855   0.5948
23864   0.5682
23873   0.5755
23881   0.6004
23891   0.5842
23902   0.5558
23914   0.5466
23921   0.5313
23929   0.5219
23940   0.5103
23947   0.5256
23954   0.5199
23962   0.5190
23970   0.5400
23981   0.5693
23991   0.5556
24002   0.5443
24014   0.5202
24022   0.5200
24033   0.4926
24041   0.4755
24049   0.4849
24058   0.4901
24070   0.4961
24080   0.5135
24089   0.5080
24100   0.5017
24110   0.4995
24117   0.4924
24126   0.5025
24135   0.5024
24148   0.5090
24155   0.5124
24160   0.5222
24168   0.5167
24176   0.5254
24184   0.5238
24192   0.5283
24200   0.4975
24210   0.4807
24226   0.4876
24234   0.4935
24239   0.5237
24248   0.5241
24260   0.5192
24270   0.5538
24277   0.5538
24283   0.5771
24291   0.5746
24300   0.5805
24309   0.5552
24317   0.5356
24330   0.5523
24339   0.5344
24351   0.5489
24362   0.5091
24373   0.5318
24382   0.5292
24391   0.5107
24400   0.5151
24409   0.5294
24415   0.5221
24424   0.5178
24433   0.5358
24439   0.5431
24451   0.5401
24461   0.5483
24469   0.5530
24477   0.5377
24485   0.5394
24498   0.5594
24510   0.5481
24522   0.5349
24534   0.5511
24544   0.5528
24557   0.5194
24570   0.5122
24582   0.5470
24587   0.5426
24599   0.5201
24610   0.4950
24621   0.5145
24630   0.4928
24638   0.5430
24643   0.4471
24651   0.4683
24659   0.5018
24666   0.5077
24676   0.5013
24684   0.5061
24693   0.4757
24705   0.4192
24717   0.3935
24726   0.4105
24735   0.4499
24743   0.5328
24755   0.5200
24764   0.5034
24776   0.5537
24785   0.6270
24794   0.6335
24803   0.6065
24808   0.5871
24817   0.5531
24826   0.5469
24837   0.5714
24844   0.5665
24850   0.4906
24860   0.4716
24873   0.5292
24885   0.5029
24893   0.5051
24904   0.5006
24917   0.4719
24929   0.4616
24941   0.4744
24954   0.4619
24964   0.4424
24976   0.3995
24981   0.3949
24990   0.4010
25000   0.4043
25008   0.4478
25015   0.4215
25027   0.3698
25036   0.4082
25045   0.4373
25052   0.3785
25060   0.3589
25071   0.4109
25079   0.4072
25088   0.3582
25093   0.3577
25105   0.3845
25117   0.3909
25126   0.4037
25135   0.4216
25147   0.4263
25160   0.4104
25166   0.4148
25175   0.4297
25184   0.4238
25196   0.4192
25202   0.4310
25209   0.4357
25225   0.4285
25234   0.4315
25243   0.4460
25248   0.4425
25256   0.4338
25265   0.4431
25278   0.4505
25290   0.4281
25302   0.4455
25314   0.4518
25326   0.4780
25336   0.4757
25342   0.4660
25351   0.4833
25357   0.5052
25367   0.5032
25375   0.4954
25390   0.5316
25398   0.5233
25408   0.4807
25421   0.5011
25428   0.5297
25435   0.4822
25447   0.4608
25456   0.4938
25462   0.4882
25469   0.4523
25478   0.4584
25487   0.4752
25495   0.4535
25507   0.4288
25519   0.4490
25532   0.4556
25544   0.4154
25552   0.4061
25559   0.4292
25568   0.4500
25573   0.4699
25581   0.5083
25588   0.5536
25596   0.5562
25601   0.5206
25609   0.5194
25616   0.5472
25628   0.5331
25637   0.5444
25649   0.5330
25657   0.5134
25673   0.4940
25685   0.4961
25697   0.5096
25707   0.5437
25712   0.5418
25718   0.5863
25731   0.5475
25743   0.5038
25754   0.5026
25763   0.5132
25774   0.5284
25783   0.5079
25792   0.5202
25802   0.5438
25818   0.5316
25827   0.5154
25840   0.4999
25851   0.4834
25859   0.4988
25868   0.5265
25880   0.5169
25889   0.4324
25897   0.3893
25908   0.3781
25916   0.3929
25926   0.4109
25934   0.4024
25942   0.4144
25954   0.4392
25963   0.4325
25971   0.4261
25984   0.4419
25993   0.4558
26005   0.4399
26014   0.4434
26023   0.4630
26032   0.4639
26041   0.4517
26048   0.4649
26054   0.4836
26061   0.4683
26070   0.4650
26082   0.4873
26094   0.4900
26106   0.4743
26115   0.4833
26127   0.5032
26137   0.5025
26146   0.4870
26156   0.4962
26167   0.4829
26177   0.4930
26183   0.4717
26189   0.4965
26197   0.5214
26209   0.5224
26218   0.4934
26227   0.4737
26233   0.4547
26238   0.4397
26247   0.4206
26258   0.3843
26266   0.3689
26276   0.3537
26285   0.3605
26292   0.3582
26301   0.3650
26312   0.3441
26321   0.3285
26330   0.3105
26336   0.3089
26342   0.3242
26349   0.3261
26361   0.3276
26368   0.3484
26380   0.3700
26392   0.3771
26402   0.3534
26410   0.3369
26417   0.3299
26425   0.3353
26434   0.3239
26446   0.3185
26455   0.3333
26467   0.3297
26474   0.3328
26486   0.3337
26493   0.3343
26506   0.3351
26515   0.3179
26524   0.3099
26533   0.3102
26540   0.3096
26550   0.3010
26558   0.2968
26567   0.3050
26576   0.2971
26588   0.2884
26595   0.2886
26608   0.2984
26617   0.2935
26629   0.2766
26645   0.2873
26657   0.2964
26665   0.2830
26674   0.2776
26682   0.2950
26691   0.2953
26700   0.2807
26712   0.2842
26721   0.3042
26729   0.2998
26734   0.2890
26742   0.3007
26750   0.3146
26762   0.3161
26771   0.3229
26778   0.3286
26787   0.3323
26799   0.3217
26806   0.3088
26815   0.3124
26820   0.3016
26833   0.2879
26842   0.2929
26850   0.2933
26856   0.2790
26863   0.2762
26875   0.2871
26888   0.2799
26900   0.2738
26909   0.2849
26918   0.2873
26930   0.2779
26935   0.2822
26940   0.2938
26949   0.2954
26958   0.2892
26967   0.2948
26976   0.3116
26985   0.3268
26993   0.3319
27002   0.3512
27012   0.3407
27019   0.3271
27028   0.3444
27037   0.3553
27049   0.3389
27062   0.3438
27078   0.3675
27087   0.3640
27103   0.3492
27112   0.3600
27121   0.3817
27127   0.3729
27140   0.3628
27151   0.3852
27159   0.3976
27171   0.3790
27179   0.3813
27188   0.4022
27196   0.3961
27205   0.3769
27215   0.3982
27226   0.4171
27235   0.3966
27244   0.3966
27251   0.4275
27260   0.4251
27265   0.4027
27271   0.4156
27278   0.4403
27283   0.4612
27296   0.4452
27305   0.4177
27310   0.3999
27316   0.4211
27325   0.4454
27333   0.4472
27345   0.4478
27356   0.4857
27363   0.4632
27370   0.4869
27386   0.3672
27395   0.3519
27404   0.3454
27416   0.3386
27422   0.3416
27434   0.3379
27441   0.3557
27450   0.3706
27456   0.3856
27463   0.4000
27471   0.4119
27479   0.4035
27489   0.4226
27494   0.4417
27507   0.4763
27519   0.5163
27527   0.5706
27535   0.6082
27545   0.5046
27554   0.5079
27563   0.4746
27570   0.4456
27582   0.4167
27589   0.4076
27599   0.3844
27607   0.3725
27615   0.3535
27622   0.3470
27627   0.3682
27637   0.3751
27643   0.3636
27648   0.3483
27657   0.3416
27666   0.3384
27682   0.3481
27691   0.3498
27698   0.3354
27707   0.3325
27714   0.3513
27726   0.3482
27732   0.3297
27744   0.3338
27753   0.3494
27762   0.3365
27771   0.3226
27783   0.3358
27795   0.3435
27807   0.3255
27815   0.3225
27827   0.3431
27836   0.3399
27843   0.3211
27856   0.3081
27869   0.2984
27881   0.3110
27890   0.3068
27902   0.2898
27910   0.2940
27918   0.3016
27924   0.2897
27933   0.2787
27942   0.2883
27952   0.2902
27958   0.2774
27965   0.2788
27977   0.2891
27986   0.2841
27995   0.2744
28001   0.2803
28008   0.2829
28020   0.2740
28025   0.2716
28031   0.2830
28041   0.2809
28050   0.2746
28062   0.2817
28074   0.2930
28080   0.2911
28088   0.2854
28097   0.2978
28105   0.3146
28115   0.3185
28121   0.3229
28129   0.3333
28139   0.3145
28145   0.3037
28157   0.3153
28166   0.3175
28176   0.3059
28186   0.3203
28196   0.3377
28206   0.3222
28216   0.3197
28223   0.3545
28232   0.3571
28241   0.3252
28253   0.3434
28262   0.3762
28272   0.3445
28284   0.3230
28296   0.3641
28305   0.3700
28314   0.3205
28326   0.3347
28335   0.3746
28345   0.3448
28351   0.3188
28363   0.3599
28375   0.3711
28387   0.3379
28397   0.3479
28410   0.3900
28420   0.3868
28430   0.3832
28435   0.4139
28445   0.4282
28455   0.4299
28467   0.4201
28476   0.4472
28485   0.4871
28492   0.4837
28501   0.5137
28509   0.5749
28521   0.6052
28531   0.6239
28538   0.6839
28543   0.7690
28553   0.7712
28558   0.7476
28570   0.7737
28579   0.6939
28588   0.7690
28600   0.7218
28610   0.7933
28618   0.7465
28625   0.6697
28635   0.5549
28645   0.6051
28654   0.6585
28663   0.7810
28673   0.8964
28685   1.0584
28695   1.1696
28701   1.3539
28710   1.3708
28720   1.2160
28732   1.0596
28742   0.9169
28748   0.7743
28758   0.6966
28763   0.5852
28773   0.4810
28783   0.4258
28793   0.4504
28805   0.3945
28821   0.3763
28837   0.3998
28848   0.3593
28856   0.2869
28872   0.2898
28880   0.3096
28889   0.2936
28901   0.2533
28907   0.2505
28914   0.2599
28923   0.2161
28931   0.2322
28943   0.2460
28950   0.2396
28955   0.2315
28964   0.2408
28977   0.2605
28990   0.2539
28999   0.2575
29011   0.3029
29021   0.3972
29029   0.5712
29038   0.4992
29045   0.5631
29055   0.5619
29065   0.5875
29077   0.5440
29085   0.4668
29101   0.4573
29109   0.4618
29118   0.4391
29130   0.4153
29139   0.4145
29145   0.4089
29153   0.3860
29161   0.3772
29170   0.3775
29177   0.3619
29189   0.3466
29197   0.3461
29205   0.3369
29221   0.3205
29230   0.3219
29241   0.3175
29248   0.2991
29257   0.2937
29264   0.3023
29276   0.2935
29286   0.2796
29298   0.2905
29307   0.2991
29316   0.2849
29325   0.2844
29332   0.2990
29340   0.2972
29348   0.2893
29357   0.2990
29369   0.3126
29378   0.3079
29388   0.3055
29400   0.3234
29407   0.3320
29416   0.3263
29425   0.3332
29433   0.3502
29445   0.3568
29455   0.3562
29464   0.3685
29474   0.3845
29484   0.3928
29489   0.3922
29500   0.3807
29507   0.4135
29515   0.4285
29523   0.4382
29535   0.5411
29545   0.5745
29552   0.5683
29561   0.6774
29573   0.7576
29582   0.7545
29595   0.8354
29608   0.9471
29620   0.9694
29631   1.0358
29643   0.4932
29652   0.4321
29660   0.3889
29666   0.3942
29673   0.3808
29682   0.3547
29691   0.3534
29700   0.3975
29709   0.3957
29716   0.3826
29726   0.3669
29735   0.3483
29747   0.3741
29759   0.3477
29768   0.3454
29777   0.3262
29787   0.3172
29796   0.3280
29806   0.3282
29816   0.3149
29823   0.3202
29833   0.3326
29843   0.3281
29855   0.3260
29868   0.3432
29876   0.3506
29885   0.3456
29896   0.3441
29904   0.3593
29916   0.3527
29928   0.3337
29937   0.3253
29946   0.3112
29955   0.2975
29967   0.3044
29980   0.2976
29986   0.2821
29995   0.2775
30008   0.2799
30019   0.2746
30027   0.2605
30036   0.2607
30044   0.2655
30050   0.2578
30062   0.2488
30069   0.2435
30079   0.2472
30088   0.2458
30096   0.2396
30103   0.2385
30116   0.2425
30128   0.2424
30136   0.2357
30145   0.2394
30154   0.2456
30163   0.2433
30174   0.2391
30186   0.2483
30195   0.2524
30203   0.2499
30210   0.2498
30216   0.2505
30223   0.2468
30232   0.2509
30241   0.2390
30249   0.2402
30258   0.2418
30267   0.2439
30275   0.2417
30283   0.2401
30292   0.2461
30301   0.2547
30310   0.2510
30322   0.2448
30331   0.2578
30347   0.2713
30353   0.2565
30362   0.2522
30371   0.2551
30378   0.2568
30385   0.2618
30393   0.2650
30404   0.2526
30412   0.2537
30419   0.2574
30431   0.2669
30443   0.2531
30455   0.2398
30471   0.2509
30480   0.2545
30489   0.2442
30495   0.2477
30504   0.2569
30512   0.2489
30525   0.2476
30533   0.2584
30543   0.2627
30551   0.2570
30557   0.2629
30566   0.2747
30574   0.2737
30582   0.2719
30592   0.2845
30605   0.2921
30617   0.2862
30629   0.2899
30641   0.3010
30653   0.3087
30658   0.3100
30670   0.3027
30681   0.3170
30689   0.3115
30705   0.3367
30716   0.3445
30726   0.3411
30735   0.3359
30744   0.3339
30754   0.3273
30763   0.3076
30776   0.3080
30786   0.3283
30796   0.3377
30807   0.3361
30815   0.3370
30828   0.3101
30839   0.2875
30846   0.2760
30854   0.2828
30865   0.2789
30874   0.2647
30883   0.2642
30888   0.2656
30896   0.2845
30906   0.2895
30916   0.2942
30926   0.2934
30936   0.2746
30941   0.2707
30954   0.2673
30962   0.2679
30971   0.2607
30984   0.2527
30993   0.2531
31002   0.2503
31011   0.2447
31023   0.2459
31032   0.2468
31041   0.2421
31047   0.2394
31056   0.2444
31068   0.2452
31080   0.2422
31092   0.2452
31104   0.2512
31111   0.2502
31120   0.2501
31129   0.2594
31139   0.2656
31146   0.2653
31158   0.2685
31163   0.2620
31172   0.2592
31188   0.2668
31197   0.2787
31207   0.4223
31219   0.4018
31228   0.3520
31241   0.3319
31248   0.3162
31256   0.2999
31265   0.2924
31277   0.2793
31289   0.2715
31301   0.2748
31313   0.2763
31326   0.2738
31335   0.2797
31344   0.3118
31353   0.3519
31364   0.3605
31372   0.3707
31381   0.3406
31394   0.3017
31401   0.2938
31407   0.2981
31415   0.2881
31423   0.2919
31432   0.2872
31440   0.2828
31453   0.2963
31461   0.2856
31470   0.2744
31479   0.2813
31491   0.2844
31500   0.2691
31506   0.2683
31515   0.2814
31523   0.2777
31531   0.2677
31540   0.2725
31552   0.2806
31561   0.2816
31570   0.2765
31579   0.2792
31587   0.2864
31599   0.2755
31604   0.2668
31616   0.2803
31632   0.2824
31638   0.2826
31650   0.2756
31655   0.2690
31665   0.2800
31677   0.2855
31684   0.2756
31690   0.2816
31696   0.2852
31702   0.2975
31711   0.2905
31720   0.3021
31728   0.3011
31735   0.2840
31742   0.2861
31751   0.2955
31758   0.2711
31768   0.2763
31777   0.2887
31789   0.2742
31796   0.2723
31804   0.2731
31808   0.2590
31816   0.2679
31828   0.2841
31837   0.2655
31845   0.2531
31854   0.2769
31862   0.2819
31871   0.2541
31880   0.2567
31892   0.2816
31904   0.2730
31909   0.2546
31917   0.2708
31926   0.2882
31934   0.2733
31942   0.2624
31951   0.2884
31963   0.2996
31969   0.2773
31978   0.2836
31991   0.3119
32000   0.3123
32012   0.2902
32022   0.2939
32030   0.2762
32038   0.2712
32047   0.2621
32052   0.2569
32062   0.2543
32070   0.2459
32079   0.2388
32091   0.2385
32103   0.2390
32111   0.2428
32120   0.2376
32129   0.2311
32137   0.2395
32149   0.2447
32154   0.2372
32163   0.2392
32175   0.2504
32187   0.2484
32203   0.2440
32212   0.2502
32224   0.2566
32236   0.2583
32245   0.2574
32253   0.2654
32261   0.2694
32266   0.2707
32274   0.2739
32282   0.2644
32292   0.2628
32304   0.2502
32314   0.2511
32326   0.2578
32333   0.2666
32345   0.2654
32356   0.2740
32365   0.2683
32373   0.2529
32379   0.2502
32391   0.2603
32400   0.2474
32416   0.2352
32429   0.2479
32441   0.2580
32449   0.2415
32459   0.2381
32466   0.2520
32474   0.2515
32487   0.2402
32499   0.2428
32504   0.2568
32513   0.2531
32520   0.2430
32526   0.2535
32539   0.2688
32551   0.2583
32560   0.2573
32572   0.2730
32579   0.2957
32584   0.3016
32596   0.3374
32604   0.3474
32612   0.3370
32624   0.3328
32632   0.3549
32641   0.3230
32646   0.2750
32657   0.2455
32669   0.2607
32678   0.2708
32686   0.2747
32696   0.3669
32703   0.3475
32716   0.3596
32727   0.3713
32740   0.3495
32748   0.3026
32759   0.3168
32768   0.3388
32780   0.3075
32789   0.2810
32801   0.3166
32813   0.3265
32818   0.2870
32830   0.2972
32842   0.3429
32851   0.3198
32858   0.3150
32866   0.3702
32878   0.2656
32887   0.2283
32895   0.2737
32905   0.2699
32914   0.2682
32926   0.2713
32932   0.2658
32940   0.2579
32949   0.2691
32958   0.2751
32974   0.2662
32982   0.2682
32998   0.2845
33006   0.3058
33015   0.2920
33023   0.2756
33031   0.2666
33040   0.2509
33047   0.2414
33056   0.2354
33063   0.2317
33070   0.2402
33086   0.2375
33095   0.2344
33102   0.2428
33110   0.2435
33120   0.2416
33129   0.2452
33138   0.2464
33151   0.2476
33157   0.2592
33169   0.2665
33178   0.2578
33190   0.2631
33199   0.2824
33208   0.2785
33218   0.2780
33225   0.2953
33241   0.3076
33253   0.3179
33263   0.3305
33270   0.3470
33280   0.3635
33290   0.3765
33302   0.4084
33314   0.5272
33322   0.5145
33333   0.6252
33341   0.7564
33353   0.7773
33358   0.7348
33370   0.7264
33380   0.5771
33390   0.4730
33400   0.3874
33410   0.4021
33416   0.4395
33424   0.3794
33434   0.3314
33447   0.3818
33452   0.3736
33461   0.3096
33466   0.3158
33471   0.3401
33480   0.3076
33489   0.2826
33498   0.3065
33506   0.3027
33515   0.2777
33524   0.2866
33533   0.2969
33540   0.2753
33549   0.2756
33557   0.2866
33573   0.2857
33584   0.2932
33592   0.2986
33601   0.2938
33610   0.2905
33622   0.3007
33631   0.3062
33638   0.2999
33647   0.3014
33656   0.3178
33666   0.3244
33673   0.3308
33681   0.3418
33687   0.3683
33692   0.3749
33700   0.3876
33709   0.4029
33720   0.4025
33731   0.4109
33739   0.3924
33748   0.3546
33757   0.3329
33765   0.3203
33772   0.3176
33780   0.3384
33788   0.3457
33797   0.3450
33805   0.3556
33814   0.3641
33819   0.3645
33824   0.3537
33837   0.3433
33848   0.3420
33856   0.3504
33865   0.3458
33877   0.3399
33885   0.3378
33894   0.3542
33901   0.3593
33907   0.3598
33919   0.3808
33931   0.4009
33938   0.3891
33950   0.3950
33959   0.4255
33969   0.4312
33977   0.4285
33986   0.4707
33995   0.4920
34006   0.4937
34013   0.4634
34023   0.4694
34036   0.5099
34047   0.4851
34057   0.4508
34069   0.4834
34078   0.5025
34088   0.4795
34095   0.4698
34107   0.4982
34111   0.5651
34119   0.6066
34130   0.6408
34137   0.5794
34142   0.5143
34148   0.5145
34157   0.5220
34169   0.5049
34181   0.4872
34190   0.5113
34200   0.4934
34211   0.4853
34224   0.5063
34234   0.4816
34246   0.5049
34256   0.4571
34265   0.3912
34273   0.3930
34281   0.3872
34289   0.3822
34295   0.3900
34305   0.3558
34314   0.3601
34324   0.3672
34329   0.3607
34340   0.3498
34347   0.3508
34358   0.3511
34365   0.3615
34374   0.3598
34390   0.3553
34398   0.3650
34407   0.3733
34413   0.3841
34420   0.3950
34428   0.3871
34435   0.3895
34445   0.4144
34457   0.4551
34467   0.4641
34476   0.4607
34485   0.4430
34497   0.4314
34507   0.4121
34516   0.4404
34524   0.4585
34532   0.4745
34540   0.4679
34551   0.4234
34558   0.4239
34565   0.3929
34577   0.3860
34584   0.3653
34592   0.3514
34600   0.3491
34612   0.3314
34619   0.3029
34635   0.3027
34642   0.3019
34651   0.3102
34663   0.3003
34675   0.2944
34686   0.2903
34695   0.3508
34703   0.3406
34712   0.3691
34717   0.3585
34723   0.3140
34733   0.3158
34739   0.3055
34749   0.3140
34758   0.2958
34764   0.2987
34772   0.3057
34781   0.3249
34791   0.3397
34800   0.3603
34807   0.3844
34818   0.3985
34826   0.4043
34835   0.4328
34841   0.4737
34849   0.5132
34855   0.5748
34863   0.6519
34875   0.6713
34886   0.5683
34893   0.5622
34902   0.6410
34908   0.5847
34918   0.5361
34927   0.6246
34936   0.6879
34942   0.6161
34947   0.5765
34958   0.4934
34967   0.5406
34975   0.5782
34985   0.5619
34992   0.5212
34999   0.4548
35010   0.4218
35017   0.4079
35025   0.4093
35033   0.4137
35041   0.4068
35050   0.4178
35060   0.4135
35070   0.3989
35079   0.3972
35091   0.3760
35099   0.3857
35112   0.3633
35125   0.3398
35133   0.3226
35143   0.3084
35148   0.3022
35156   0.3291
35163   0.3717
35172   0.3014
35179   0.2972
35190   0.3148
35197   0.3441
35206   0.3463
35214   0.3587
35223   0.3963
35233   0.4281
35245   0.4273
35254   0.4272
35263   0.4430
35270   0.4662
35280   0.4614
35291   0.4323
35302   0.3987
35314   0.4064
35323   0.4092
35334   0.4090
35343   0.4061
35351   0.3931
35360   0.3892
35369   0.3851
35378   0.3938
35390   0.4133
35402   0.4770
35411   0.5100
35422   0.5565
35430   0.5379
35438   0.4878
35448   0.4636
35455   0.4309
35466   0.3905
35473   0.3796
35483   0.3721
35499   0.3697
35515   0.3751
35523   0.3868
35532   0.4017
35543   0.4009
35552   0.4013
35560   0.4162
35565   0.4681
35572   0.5153
35584   0.5512
35593   0.5692
35605   0.5132
35616   0.4799
35628   0.4477
35633   0.4383
35640   0.3940
35652   0.3719
35658   0.3754
35667   0.3769
35677   0.3852
35686   0.3732
35694   0.3563
35702   0.3614
35714   0.3444
35725   0.3470
35734   0.3555
35744   0.3493
35752   0.3346
35758   0.3255
35765   0.3127
35773   0.3100
35780   0.3142
35789   0.3058
35794   0.3039
35806   0.2763
35815   0.2950
35821   0.3350
35826   0.3328
35839   0.3330
35844   0.3112
35853   0.3049
35862   0.3131
35867   0.3134
35876   0.2982
35889   0.2991
35895   0.3041
35902   0.2962
35910   0.2906
35918   0.2963
35927   0.2926
35935   0.2874
35944   0.2916
35949   0.2870
35959   0.2813
35971   0.2852
35979   0.2913
35991   0.2810
36001   0.2821
36013   0.2900
36025   0.2916
36032   0.2837
36037   0.2924
36046   0.2299
36053   0.2521
36065   0.2538
36072   0.2545
36081   0.2588
36090   0.3097
36102   0.3199
36112   0.2995
36122   0.2729
36130   0.2747
36138   0.2868
36149   0.2541
36157   0.2500
36166   0.2386
36178   0.2382
36187   0.2439
36196   0.2474
36206   0.2478
36215   0.2466
36222   0.2483
36230   0.2582
36239   0.2623
36248   0.2574
36260   0.2641
36269   0.2706
36277   0.2734
36289   0.2729
36299   0.2821
36307   0.2840
36312   0.2741
36322   0.2794
36331   0.2653
36341   0.2563
36350   0.2446
36360   0.2374
36370   0.2342
36379   0.2280
36388   0.2166
36401   0.2188
36407   0.2220
36417   0.2178
36426   0.2136
36435   0.2172
36447   0.2197
36456   0.2205
36469   0.2191
36481   0.2200
36487   0.2274
36495   0.2312
36505   0.2325
36513   0.2359
36522   0.2450
36531   0.2532
36541   0.2506
36557   0.2560
36565   0.2703
36577   0.3255
36587   0.3658
36597   0.3992
36605   0.5324
36616   1.0769
36621   1.0462
36630   1.0330
36639   1.0123
36651   0.9894
36663   1.0043
36672   1.0153
36681   1.0091
36689   0.9902
36697   1.0135
36706   1.0417
36713   1.0226
36722   1.0154
36728   1.0577
36736   1.0773
36742   1.0480
36749   1.0434
36755   1.0945
36767   1.1150
36779   1.1047
36792   1.1383
36803   1.1341
36808   1.1288
36817   1.0845
36824   1.0542
36836   1.0631
36844   1.0396
36857   0.9909
36866   0.9911
36875   0.9924
36888   0.9610
36897   0.9394
36906   0.9530
36915   0.9448
36923   0.9511
36931   0.9511
36940   0.9348
36952   0.9102
36959   0.8979
36968   0.9367
36976   0.9436
36984   1.0198
36994   1.0386
37000   1.0130
37008   0.9862
37017   0.9681
37029   1.0271
37034   1.0480
37046   1.0050
37054   1.0355
37059   1.0992
37071   1.0849
37080   1.0737
37089   1.1323
37101   1.1711
37108   1.1462
37117   1.1711
37124   1.2367
37133   1.2429
37141   1.2339
37148   1.2886
37157   1.3376
37164   1.3314
37176   1.3517
37185   1.4110
37194   1.4320
37203   1.4321
37215   1.4856
37224   1.5379
37233   1.5250
37245   1.5194
37257   1.6132
37266   1.2150
37274   1.2339
37286   1.2115
37293   1.1579
37301   1.1873
37310   1.2199
37319   1.1700
37324   1.1486
37333   1.1993
37345   1.1918
37354   1.1376
37360   1.1613
37367   1.1964
37376   1.1526
37384   1.1287
37393   1.1771
37409   1.1781
37418   1.1315
37426   1.1428
37433   1.1919
37445   1.2035
37453   0.9428
37462   0.9045
37474   0.8854
37486   0.8539
37498   0.8316
37504   0.8172
37511   0.8051
37519   0.7917
37525   0.7786
37532   0.7702
37542   0.7628
37551   0.7558
37561   0.7469
37571   0.7442
37583   0.7452
37592   0.7441
37597   0.7377
37608   0.7441
37617   0.7548
37626   0.7519
37634   0.7465
37642   0.7635
37648   0.7806
37653   0.7705
37663   0.7741
37671   0.8080
37679   0.8134
37687   0.8009
37695   0.8229
37704   0.8567
37713   0.8429
37722   0.8359
37727   0.8829
37734   0.9042
37741   0.8852
37746   0.9152
37755   0.9721
37764   0.9690
37772   0.9694
37780   0.8582
37787   0.8658
37796   0.8582
37804   0.8495
37811   0.8627
37817   0.8541
37825   0.8490
37838   0.8292
37850   0.8175
37862   0.8194
37870   0.8097
37882   0.7853
37891   0.7836
37896   0.7812
37905   0.7612
37912   0.7487
37920   0.7504
37936   0.7354
37952   0.7138
37959   0.7074
37975   0.6723
37982   0.6857
37994   0.7028
38002   0.7651
38014   0.8012
38022   0.8468
38030   0.8960
38039   0.8806
38048   0.8509
38060   0.8993
38065   0.9263
38072   0.8879
38081   0.9057
38088   0.9598
38096   0.9423
38105   0.9167
38114   0.9709
38120   0.9961
38129   0.9656
38141   0.9700
38149   1.0104
38155   1.0224
38160   1.0085
38172   1.0317
38181   1.0699
38190   1.0669
38195   1.0644
38204   1.0972
38217   1.1312
38226   1.1675
38239   1.1479
38251   1.0779
38263   1.0193
38275   0.9643
38287   0.8982
38299   0.9050
38311   0.8702
38321   0.8721
38327   0.7982
38334   0.8085
38341   0.7554
38349   0.8206
38360   0.7657
38369   0.7431
38382   0.8157
38395   1.0311
38411   0.9740
38424   1.0373
38436   0.9752
38448   0.9416
38454   0.9572
38464   0.9527
38472   0.9034
38481   0.8913
38490   0.9089
38499   0.8919
38508   0.8553
38516   0.8586
38525   0.8755
38538   0.8570
38551   0.8253
38559   0.8389
38568   0.8589
38574   0.8308
38582   0.8185
38591   0.8484
38600   0.8547
38612   0.8293
38621   0.8547
38637   0.8939
38646   0.9194
38658   0.9290
38668   0.7006
38674   0.7045
38682   0.6432
38694   0.6203
38706   0.6081
38718   0.6147
38727   0.6111
38736   0.5891
38746   0.5880
38758   0.6076
38765   0.6123
38778   0.6034
38787   0.6055
38794   0.6173
38800   0.6152
38809   0.6096
38818   0.6167
38824   0.6273
38833   0.6276
38842   0.6217
38848   0.6280
38864   0.6387
38871   0.6400
38880   0.6421
38888   0.6587
38901   0.6744
38913   0.6769
38920   0.6817
38936   0.6594
38945   0.6421
38953   0.6266
38965   0.6186
38973   0.5973
38982   0.5878
38991   0.5921
39000   0.5803
39016   0.5605
39023   0.5656
39030   0.5633
39038   0.5413
39047   0.5389
39063   0.5609
39072   0.5859
39081   0.6418
39093   0.6053
39104   0.6267
39116   0.6618
39128   0.6497
39138   0.6126
39151   0.6269
39157   0.6508
39166   0.6461
39175   0.6324
39182   0.6379
39188   0.6595
39196   0.6582
39208   0.6509
39217   0.6716
39225   0.6855
39233   0.6753
39246   0.6812
39252   0.7039
39263   0.7078
39272   0.7010
39281   0.7231
39290   0.7403
39298   0.7295
39307   0.7341
39319   0.7616
39332   0.7685
39341   0.7686
39357   0.7821
39364   0.8121
39376   0.8191
39386   0.8141
39394   0.8064
39402   0.7759
39412   0.7718
39421   0.7566
39431   0.7249
39441   0.7263
39448   0.6950
39456   0.7073
39461   0.6949
39473   0.7220
39482   0.7335
39492   0.7670
39502   0.7743
39512   0.8022
39521   0.7922
39529   0.7920
39534   0.7572
39544   0.7429
39553   0.7410
39559   0.7194
39566   0.7123
39576   0.7189
39585   0.7040
39594   0.6845
39606   0.6919
39614   0.6935
39623   0.6711
39631   0.6623
39643   0.6808
39659   0.6806
39668   0.6521
39677   0.6542
39686   0.6775
39698   0.6594
39710   0.6355
39722   0.6588
39731   0.6718
39739   0.6386
39749   0.6366
39761   0.6694
39771   0.6583
39777   0.6329
39786   0.6606
39798   0.6834
39808   0.6570
39818   0.6592
39828   0.6999
39834   0.7001
39843   0.6815
39852   0.7375
39859   0.6032
39868   0.5737
39877   0.5746
39887   0.5587
39895   0.5410
39904   0.5508
39909   0.5572
39920   0.5343
39929   0.5259
39937   0.5499
39945   0.5501
39951   0.5214
39960   0.5342
39972   0.5588
39981   0.5484
39991   0.5375
40004   0.5365
40020   0.5297
40029   0.5046
40042   0.5096
40050   0.5228
40057   0.5111
40062   0.4969
40067   0.5100
40076   0.5141
40088   0.4983
40100   0.5008
40112   0.5164
40120   0.5137
40127   0.4980
40139   0.4953
40149   0.4869
40154   0.4918
40164   0.5006
40173   0.5091
40181   0.5223
40190   0.5384
40203   0.5207
40213   0.5171
40222   0.5407
40231   0.5280
40244   0.5060
40253   0.5132
40261   0.5255
40270   0.5085
40282   0.4988
40291   0.5127
40303   0.5117
40310   0.5021
40318   0.4982
40324   0.5070
40333   0.5047
40346   0.4972
40358   0.5139
40366   0.5336
40378   0.5347
40391   0.5522
40401   0.5422
40417   0.5289
40433   0.5407
40445   0.5413
40455   0.5307
40464   0.5326
40473   0.5422
40483   0.5327
40496   0.5267
40508   0.5459
40524   0.5412
40533   0.5328
40540   0.5477
40548   0.5602
40556   0.5527
40565   0.5555
40578   0.5694
40586   0.5703
40595   0.5677
40604   0.5864
40612   0.5936
40621   0.5872
40630   0.6001
40642   0.6196
40651   0.6127
40664   0.6082
40672   0.6293
40685   0.6529
40697   0.6537
40709   0.6785
40719   0.6732
40730   0.6612
40741   0.6481
40749   0.6573
40754   0.6811
40763   0.6705
40779   0.6643
40791   0.6972
40802   0.7202
40811   0.6909
40819   0.6914
40824   0.6544
40833   0.6669
40843   0.6573
40853   0.6548
40863   0.6256
40873   0.6015
40882   0.6135
40892   0.6055
40901   0.5769
40910   0.5697
40915   0.5660
40924   0.6040
40934   0.6100
40946   0.6001
40958   0.6135
40966   0.6112
40974   0.6405
40980   0.5465
40990   0.5624
40999   0.5783
41011   0.5399
41019   0.5392
41031   0.5733
41040   0.5553
41052   0.5227
41060   0.5337
41068   0.5550
41076   0.5254
41083   0.5063
41095   0.5416
41104   0.5413
41113   0.5039
41121   0.5225
41128   0.5606
41137   0.5156
41146   0.4882
41158   0.5455
41167   0.5581
41179   0.5363
41192   0.5119
41204   0.5062
41216   0.5334
41225   0.5182
41237   0.4978
41249   0.5236
41258   0.5328
41268   0.5105
41277   0.5143
41285   0.5280
41294   0.5376
41303   0.5904
41313   0.7250
41321   0.6737
41329   0.6798
41338   0.6081
41350   0.5657
41359   0.5409
41369   0.5362
41381   0.5136
41390   0.4729
41400   0.4657
41413   0.4703
41425   0.4505
41437   0.4274
41447   0.4338
41456   0.4348
41468   0.4145
41476   0.4085
41488   0.4199
41497   0.4211
41513   0.4108
41529   0.4176
41538   0.4249
41547   0.4332
41557   0.4331
41566   0.4387
41578   0.4464
41587   0.4486
41596   0.4502
41606   0.4713
41615   0.4721
41623   0.4645
41630   0.4713
41637   0.4797
41650   0.4785
41659   0.4788
41668   0.4791
41684   0.4799
41692   0.4798
41700   0.4829
41708   0.4797
41718   0.4670
41728   0.4547
41736   0.4554
41743   0.4749
41752   0.4765
41764   0.4624
41775   0.4479
41788   0.4230
41796   0.4175
41808   0.4174
41817   0.4297
41826   0.4411
41833   0.4204
41849   0.4150
41855   0.4324
41867   0.4335
41873   0.4323
41881   0.4392
41889   0.4564
41902   0.4702
41908   0.4752
41918   0.4615
41927   0.4596
41939   0.4693
41951   0.4714
41957   0.4673
41963   0.4714
41970   0.4825
41977   0.4857
41985   0.4763
41992   0.4803
42000   0.4919
42008   0.4859
42024   0.4863
42032   0.4888
42039   0.4907
42047   0.4800
42056   0.4816
42065   0.4916
42073   0.4886
42080   0.4833
42090   0.4960
42099   0.5046
42108   0.4972
42121   0.4967
42133   0.5212
42142   0.5466
42154   0.5707
42162   0.5517
42171   0.5279
42180   0.5394
42188   0.5350
42198   0.5682
42209   0.5669
42221   0.5687
42228   0.5432
42236   0.5540
42247   0.5452
42254   0.5353
42261   0.5149
42269   0.5306
42277   0.5399
42288   0.5985
42298   0.6149
42309   0.5747
42321   0.5448
42329   0.5410
42340   0.5587
42348   0.6751
42356   0.6387
42365   0.6867
42377   0.8387
42387   0.9362
42396   0.9092
42407   0.8430
42417   0.7022
42424   0.6581
42433   0.5604
42442   0.5874
42455   0.4873
42462   0.4736
42467   0.4830
42475   0.4950
42483   0.4947
42491   0.5032
42499   0.4885
42507   0.4734
42517   0.4805
42533   0.4823
42541   0.4631
42546   0.4680
42555   0.4606
42567   0.4800
42577   0.4658
42584   0.4637
42590   0.4715
42598   0.4732
42607   0.4740
42616   0.4715
42624   0.4703
42637   0.4731
42646   0.4850
42658   0.4789
42669   0.4612
42680   0.4685
42689   0.4763
42698   0.4664
42707   0.4639
42716   0.4714
42722   0.4655
42731   0.4638
42740   0.4707
42746   0.4635
42758   0.4659
42768   0.4754
42776   0.4718
42784   0.4653
42792   0.4829
42805   0.4913
42817   0.4793
42829   0.4807
42841   0.5093
42851   0.5100
42864   0.4966
42877   0.5171
42889   0.5425
42894   0.5310
42906   0.5359
42917   0.5365
42928   0.5200
42937   0.5532
42945   0.5414
42950   0.4997
42958   0.4723
42966   0.4820
42973   0.4309
42983   0.4129
42991   0.4173
43000   0.4288
43012   0.4348
43024   0.4135
43033   0.4150
43042   0.4143
43050   0.4386
43062   0.4619
43071   0.4414
43083   0.4255
43092   0.4811
43101   0.5113
43110   0.5265
43115   0.5399
43124   0.5211
43133   0.4695
43144   0.4660
43151   0.4746
43157   0.4450
43167   0.4262
43180   0.4358
43192   0.4388
43200   0.4124
43211   0.4171
43224   0.4035
43236   0.3543
43248   0.3768
43261   0.3721
43271   0.3495
43283   0.3549
43288   0.3769
43297   0.3548
43307   0.3619
43315   0.3953
43322   0.3848
43334   0.3670
43343   0.3824
43352   0.3958
43359   0.3768
43367   0.3705
43378   0.3935
43386   0.4047
43395   0.3875
43400   0.3871
43412   0.3871
43424   0.4493
43433   0.4755
43442   0.4906
43454   0.4790
43467   0.4415
43473   0.4521
43482   0.4617
43491   0.4251
43503   0.4148
43509   0.4316
43516   0.4192
43532   0.3909
43541   0.4047
43550   0.4125
43555   0.3915
43563   0.3908
43572   0.4076
43585   0.3866
43597   0.4378
43609   0.4506
43621   0.4195
43633   0.4494
43643   0.5299
43649   0.4909
43658   0.4412
43664   0.4855
43674   0.5155
43682   0.4864
43697   0.4835
43705   0.4799
43715   0.4708
43728   0.4697
43735   0.4721
43742   0.4681
43754   0.4613
43763   0.4576
43769   0.4608
43776   0.4579
43785   0.4509
43794   0.4582
43802   0.4671
43814   0.4643
43826   0.4577
43839   0.4646
43851   0.4826
43859   0.4807
43866   0.4809
43875   0.5069
43880   0.5336
43888   0.5301
43895   0.5368
43903   0.5647
43908   0.5975
43916   0.5865
43923   0.5901
43935   0.5752
43944   0.5746
43956   0.5943
43964   0.6097
43980   0.5683
43992   0.5739
44004   0.5807
44014   0.6600
44019   0.6360
44025   0.6376
44038   0.6153
44050   0.5984
44061   0.5557
44070   0.5439
44081   0.5547
44090   0.5403
44099   0.5080
44109   0.5064
44125   0.5030
44134   0.4986
44147   0.5229
44158   0.5326
44166   0.5262
44175   0.5322
44187   0.5382
44196   0.5007
44204   0.4764
44215   0.4783
44223   0.4792
44233   0.4833
44241   0.4940
44249   0.4837
44261   0.4882
44270   0.4736
44278   0.4589
44291   0.4549
44300   0.4483
44312   0.4373
44321   0.4346
44330   0.4414
44339   0.4339
44348   0.4160
44355   0.4291
44361   0.4401
44368   0.4103
44377   0.3981
44389   0.4295
44401   0.4246
44413   0.3949
44422   0.4060
44434   0.4378
44444   0.4267
44453   0.4115
44463   0.4472
44474   0.4871
44484   0.5711
44490   0.4760
44496   0.5107
44504   0.6458
44516   0.5593
44525   0.5468
44534   0.5855
44540   0.7633
44545   0.8317
44554   0.8004
44565   0.7078
44573   0.6682
44583   0.6029
44592   0.6171
44599   0.6772
44608   0.6432
44619   0.5507
44628   0.4949
44637   0.4476
44643   0.4507
44649   0.4157
44656   0.3825
44668   0.3974
44675   0.4383
44687   0.4713
44699   0.4604
44709   0.5156
44717   0.5477
44724   0.5734
44732   0.5062
44741   0.3887
44753   0.3507
44762   0.3646
44774   0.4067
44781   0.4579
44793   0.4351
44800   0.4082
44813   0.4779
44822   0.3619
44831   0.3729
44840   0.3991
44847   0.3787
44857   0.3664
44865   0.3912
44874   0.3952
44883   0.3638
44895   0.3844
44902   0.4149
44915   0.3763
44924   0.3464
44936   0.3296
44952   0.3227
44964   0.3163
44972   0.2984
44981   0.2885
44989   0.2921
44998   0.2882
45007   0.2805
45019   0.2902
45028   0.2884
45036   0.3112
45041   0.3047
45049   0.3142
45057   0.3360
45069   0.3384
45078   0.3712
45085   0.3772
45094   0.3830
45106   0.3622
45113   0.3619
45122   0.3622
45127   0.3338
45140   0.3239
45149   0.3420
45157   0.3290
45163   0.3094
45170   0.3124
45182   0.3180
45195   0.2994
45207   0.2907
45216   0.2955
45225   0.3057
45237   0.3000
45242   0.2818
45247   0.2897
45256   0.3013
45265   0.3174
45274   0.3652
45283   0.3719
45292   0.4130
45300   0.3984
45309   0.4013
45319   0.3480
45326   0.3355
45335   0.3419
45344   0.3506
45356   0.3281
45369   0.3148
45385   0.3526
45394   0.3694
45410   0.3357
45419   0.3396
45428   0.3557
45434   0.3508
45447   0.3410
45458   0.3697
45466   0.3920
45478   0.3816
45486   0.3883
45495   0.4276
45503   0.4312
45512   0.4066
45522   0.4411
45533   0.4843
45542   0.4601
45551   0.4448
45558   0.5019
45567   0.5224
45572   0.4785
45578   0.5168
45585   0.5383
45590   0.5045
45603   0.4796
45612   0.5178
45617   0.5404
45623   0.5045
45632   0.5021
45640   0.5358
45652   0.5718
45663   0.5944
45670   0.5447
45677   0.4966
45693   0.4530
45702   0.4472
45711   0.4380
45723   0.4016
45729   0.4302
45741   0.4681
45748   0.4625
45757   0.5176
45763   0.4433
45770   0.5092
45778   0.5426
45786   0.6733
45796   0.7862
45801   0.7699
45814   0.7152
45826   0.7051
45834   0.8239
45842   0.9605
45852   1.0702
45861   1.1628
45870   1.1453
45877   0.9664
45889   0.9285
45896   0.8492
45906   0.6268
45914   0.5548
45922   0.5901
45929   0.5412
45934   0.4207
45944   0.3806
45950   0.3480
45955   0.3120
45964   0.3072
45973   0.3087
45989   0.3005
45998   0.3023
46005   0.3055
46014   0.3069
46021   0.3113
46033   0.3185
46039   0.3233
46051   0.3233
46060   0.3253
46069   0.3422
46078   0.3422
46090   0.3456
46102   0.3658
46114   0.3830
46122   0.3791
46134   0.4254
46143   0.4352
46150   0.4338
46163   0.4089
46176   0.3645
46188   0.3747
46197   0.3604
46209   0.3284
46217   0.3230
46225   0.3257
46231   0.3121
46240   0.3114
46249   0.3153
46259   0.2968
46265   0.2949
46272   0.2910
46284   0.2916
46293   0.2949
46302   0.2936
46308   0.2929
46315   0.2959
46327   0.2950
46332   0.2921
46338   0.2987
46348   0.3031
46357   0.2983
46369   0.3045
46381   0.3147
46387   0.3110
46395   0.3113
46404   0.3258
46412   0.3281
46422   0.3200
46428   0.3288
46436   0.3449
46446   0.3377
46452   0.3336
46464   0.3560
46473   0.3632
46483   0.3495
46493   0.3598
46503   0.3744
46513   0.3671
46523   0.3635
46530   0.3751
46539   0.3778
46548   0.3673
46560   0.3699
46569   0.3814
46579   0.3712
46591   0.3632
46603   0.3657
46612   0.3662
46621   0.3554
46633   0.3525
46642   0.3592
46652   0.3593
46658   0.3493
46670   0.3514
46682   0.3621
46694   0.3617
46704   0.3644
46717   0.3760
46727   0.3904
46737   0.3990
46742   0.4092
46752   0.4307
46762   0.4551
46774   0.4732
46783   0.4860
46792   0.5179
46799   0.5819
46808   0.6148
46816   0.6304
46828   0.7028
46838   0.7702
46845   0.7874
46850   0.8129
46860   0.8457
46865   0.8948
46877   0.8772
46886   0.8489
46895   0.8868
46907   0.8117
46917   0.7448
46925   0.8034
46932   0.8736
46942   0.7998
46952   0.7523
46961   0.6582
46970   0.6418
46980   0.7139
46992   0.6561
47002   0.6272
47008   0.7475
47017   0.7457
47027   0.6139
47039   0.5205
47049   0.4159
47055   0.4850
47065   0.5256
47070   0.4803
47080   0.4340
47090   0.4440
47100   0.4178
47112   0.3691
47128   0.3509
47144   0.2869
47155   0.2861
47163   0.3058
47179   0.3186
47187   0.3102
47196   0.2864
47208   0.2930
47214   0.2823
47221   0.2721
47230   0.2727
47238   0.2744
47250   0.2640
47257   0.2740
47262   0.2721
47271   0.2771
47284   0.3203
47297   0.3355
47306   0.2796
47318   0.3416
47328   0.3425
47336   0.4674
47345   0.4796
47352   0.4938
47362   0.6132
47372   0.7459
47384   0.6156
47392   0.5312
47408   0.4808
47416   0.4800
47425   0.4777
47437   0.4375
47446   0.4157
47452   0.4270
47460   0.4050
47468   0.3721
47477   0.3744
47484   0.3710
47496   0.3426
47504   0.3365
47512   0.3441
47528   0.3262
47537   0.3128
47548   0.3242
47555   0.3234
47564   0.3014
47571   0.3035
47583   0.2986
47593   0.2864
47605   0.2922
47614   0.2999
47623   0.2905
47632   0.2880
47639   0.3051
47647   0.3111
47655   0.2983
47664   0.3149
47676   0.3432
47685   0.3390
47695   0.3381
47707   0.3709
47714   0.3868
47723   0.3887
47732   0.4108
47740   0.4401
47752   0.4532
47762   0.4686
47771   0.5003
47781   0.5273
47791   0.5489
47796   0.4965
47807   0.4747
47814   0.5444
47822   0.7748
47830   0.9363
47842   1.0024
47852   1.0925
47859   1.2559
47868   1.4160
47880   1.4798
47889   1.5840
47902   1.7687
47915   1.8713
47927   1.9034
47938   1.9834
47950   0.7852
47959   0.6670
47967   0.5436
47973   0.5054
47980   0.4538
47989   0.4178
47998   0.4062
48007   0.4248
48016   0.4208
48023   0.4512
48033   0.4609
48042   0.4138
48054   0.4010
48066   0.3989
48075   0.4036
48084   0.3948
48094   0.3536
48103   0.3640
48113   0.3872
48123   0.3579
48130   0.3412
48140   0.3752
48150   0.3743
48162   0.3501
48175   0.3706
48183   0.3985
48192   0.4018
48203   0.3874
48211   0.4116
48223   0.3810
48235   0.3591
48244   0.3379
48253   0.3420
48262   0.3344
48274   0.3173
48287   0.3155
48293   0.3190
48302   0.3020
48315   0.2916
48326   0.2980
48334   0.2948
48343   0.2800
48351   0.2838
48357   0.2915
48369   0.2825
48376   0.2816
48386   0.2842
48395   0.2857
48403   0.2838
48410   0.2824
48423   0.2818
48435   0.2899
48443   0.2928
48452   0.2885
48461   0.2904
48470   0.3110
48481   0.3103
48493   0.3018
48502   0.3171
48510   0.3221
48517   0.3759
48523   0.3739
48530   0.4050
48539   0.3856
48548   0.3167
48556   0.2997
48565   0.2987
48574   0.2838
48582   0.3007
48590   0.3023
48599   0.2804
48608   0.2850
48617   0.2963
48629   0.2873
48638   0.2856
48654   0.2983
48660   0.3036
48669   0.2973
48678   0.3133
48685   0.2993
48692   0.2984
48700   0.3006
48711   0.3043
48719   0.3228
48726   0.2917
48738   0.2888
48750   0.2981
48762   0.2843
48778   0.2806
48787   0.2924
48796   0.2903
48802   0.2783
48811   0.2861
48819   0.2965
48832   0.2826
48840   0.2816
48850   0.2983
48858   0.2935
48864   0.2805
48873   0.2950
48881   0.3079
48889   0.2897
48899   0.2916
48912   0.3131
48924   0.3103
48936   0.2982
48948   0.3169
48960   0.3376
48965   0.3653
48977   0.3916
48988   0.4482
48996   0.4303
49012   0.4684
49023   0.4705
49033   0.4478
49042   0.3967
49051   0.4311
49061   0.4332
49070   0.4531
49083   0.5248
49093   0.5187
49103   0.5199
49114   0.5344
49122   0.4733
49135   0.4254
49146   0.4281
49153   0.3937
49161   0.4056
49172   0.4433
49181   0.4327
49190   0.4092
49195   0.3775
49203   0.3894
49213   0.3028
49223   0.3176
49233   0.2845
49243   0.2927
49248   0.2791
49261   0.2944
49269   0.2848
49278   0.2780
49291   0.2832
49300   0.2744
49309   0.2675
49318   0.2734
49330   0.2712
49339   0.2614
49348   0.2663
49354   0.2700
49363   0.2675
49375   0.2668
49387   0.2685
49399   0.2738
49411   0.2744
49418   0.2749
49427   0.2817
49436   0.2882
49446   0.2836
49453   0.2841
49465   0.3015
49470   0.2980
49479   0.3051
49495   0.3518
49504   0.3729
49514   0.4884
49526   0.4651
49535   0.4068
49548   0.3820
49555   0.3770
49563   0.3617
49572   0.3408
49584   0.3317
49596   0.3375
49608   0.3246
49620   0.3171
49633   0.3277
49642   0.3306
49651   0.3285
49660   0.3324
49671   0.3313
49679   0.3491
49688   0.3693
49701   0.3972
49708   0.4264
49714   0.3164
49722   0.3171
49730   0.3281
49739   0.3163
49747   0.3018
49760   0.3043
49768   0.3063
49777   0.2993
49786   0.2982
49798   0.3026
49807   0.2999
49813   0.2969
49822   0.3023
49830   0.3043
49838   0.2998
49847   0.3035
49859   0.3071
49868   0.3038
49877   0.3013
49886   0.3114
49894   0.3174
49906   0.3093
49911   0.3100
49923   0.3178
49939   0.3202
49945   0.3437
49957   0.5082
49962   0.5498
49972   0.4784
49984   0.3973
49991   0.4727
49997   0.4500
50003   0.3446
50009   0.3179
50018   0.3392
50027   0.3763
50035   0.3347
50042   0.3045
50049   0.3176
50058   0.3065
50065   0.3062
50075   0.2715
50084   0.2799
50096   0.2993
50103   0.3133
50111   0.3134
50115   0.3133
50123   0.3110
50135   0.3043
50144   0.3054
50152   0.3074
50161   0.3029
50169   0.3001
50178   0.3056
50187   0.3036
50199   0.2988
50211   0.3039
50216   0.3023
50224   0.2974
50233   0.2998
50241   0.3026
50249   0.2974
50258   0.2974
50270   0.3019
50276   0.2978
50285   0.2954
50298   0.3007
50307   0.3162
50319   0.3203
50329   0.3236
50337   0.3139
50345   0.3206
50354   0.3139
50359   0.3043
50369   0.3115
50377   0.3139
50386   0.3046
50398   0.3037
50410   0.3099
50418   0.3110
50427   0.3006
50436   0.2984
50444   0.3050
50456   0.3087
50461   0.3030
50470   0.3057
50482   0.3122
50494   0.3118
50510   0.3133
50519   0.3189
50531   0.3262
50543   0.3402
50552   0.3591
50560   0.3910
50568   0.3813
50573   0.3709
50581   0.4278
50589   0.3978
50599   0.3545
50611   0.3411
50621   0.3285
50633   0.3336
50640   0.3389
50652   0.3428
50663   0.3269
50672   0.3236
50680   0.3095
50686   0.3058
50698   0.3072
50707   0.3017
50723   0.2969
50736   0.2962
50748   0.2948
50756   0.2932
50766   0.2897
50773   0.2904
50781   0.2923
50794   0.2848
50806   0.2822
50811   0.2893
50820   0.2858
50827   0.2801
50833   0.2851
50846   0.2866
50858   0.2834
50867   0.2899
50879   0.3072
50886   0.3058
50891   0.3094
50903   0.3096
50911   0.3080
50919   0.3069
50931   0.2960
50939   0.2973
50948   0.2942
50953   0.2827
50964   0.2842
50976   0.2718
50985   0.2658
50993   0.2844
51003   0.2866
51010   0.2690
51023   0.2788
51034   0.2785
51047   0.2895
51055   0.2838
51066   0.2756
51075   0.2834
51087   0.2892
51096   0.2807
51108   0.2824
51120   0.2945
51125   0.2906
51137   0.2894
51149   0.3000
51158   0.2986
51165   0.2964
51173   0.2940
51185   0.2924
51194   0.2891
51202   0.2917
51212   0.2993
51221   0.2946
51233   0.2944
51239   0.3022
51247   0.3048
51256   0.3029
51265   0.3063
51281   0.3187
51289   0.3152
51305   0.3159
51313   0.3566
51322   0.3402
51330   0.3376
51338   0.3246
51347   0.3247
51354   0.3147
51363   0.3154
51370   0.3082
51377   0.2964
51393   0.2979
51402   0.2999
51409   0.2850
51417   0.2815
51427   0.2821
51436   0.2755
51445   0.2757
51458   0.2792
51464   0.2747
51476   0.2720
51485   0.2793
51497   0.2821
51506   0.2771
51515   0.2809
51525   0.2849
51532   0.2811
51548   0.2841
51560   0.2907
51570   0.2882
51577   0.2888
51587   0.3034
51597   0.3038
51609   0.2955
51621   0.2910
51629   0.2927
51640   0.3071
51648   0.3129
51660   0.3406
51665   0.3498
51677   0.3461
51687   0.3400
51697   0.3198
51707   0.2997
51717   0.3068
51723   0.2949
51731   0.2840
51741   0.2943
51754   0.2960
51759   0.2822
51768   0.2808
51773   0.2918
51778   0.2874
51787   0.2771
51796   0.2819
51805   0.2888
51813   0.2769
51822   0.2718
51831   0.2832
51840   0.2830
51847   0.2716
51856   0.2726
51864   0.2839
51880   0.2795
51891   0.2719
51899   0.2877
51908   0.2928
51917   0.2791
51929   0.2834
51938   0.3020
51945   0.2976
51954   0.2891
51963   0.3131
51973   0.3332
51980   0.3250
51988   0.3507
51994   0.3721
51999   0.3801
52007   0.3703
52016   0.3372
52027   0.3382
52038   0.3238
52046   0.3603
52055   0.3444
52064   0.3360
52072   0.3413
52079   0.3325
52087   0.3302
52095   0.3406
52104   0.3356
52112   0.3439
52121   0.3552
52126   0.3585
52131   0.3545
52144   0.3451
52155   0.3419
52163   0.3497
52172   0.3508
52184   0.3523
52192   0.3652
52201   0.3797
52208   0.3704
52214   0.3746
52226   0.3799
52238   0.4070
52245   0.3823
52257   0.3709
52266   0.3926
52276   0.3990
52284   0.3884
52293   0.4217
52302   0.4468
52313   0.4383
52320   0.3975
52330   0.3969
52343   0.4191
52354   0.3988
52364   0.3832
52376   0.4005
52385   0.3973
52395   0.3688
52402   0.3626
52414   0.3703
52418   0.3685
52426   0.3898
52437   0.3928
52444   0.3925
52449   0.3465
52455   0.3435
52464   0.3490
52476   0.3365
52488   0.3398
52497   0.3574
52507   0.3565
52518   0.3529
52531   0.3751
52541   0.3934
52553   0.4254
52563   0.3892
52572   0.3589
52580   0.3630
52588   0.3597
52596   0.3496
52602   0.3660
52612   0.3540
52621   0.3677
52631   0.3908
52636   0.3713
52647   0.3722
52654   0.3578
52665   0.3568
52672   0.3652
52681   0.3469
52697   0.3461
52705   0.3488
52714   0.3535
52720   0.3838
52727   0.3854
52735   0.3679
52742   0.3852
52752   0.4172
52764   0.4135
52774   0.4025
52783   0.4380
52792   0.4595
52804   0.4525
52814   0.4509
52823   0.5078
52831   0.5138
52839   0.5220
52847   0.5113
52858   0.4733
52865   0.4272
52872   0.3992
52884   0.3690
52891   0.3500
52899   0.3442
52907   0.3380
52919   0.3194
52926   0.3169
52942   0.3162
52949   0.3208
52958   0.3323
52970   0.3459
52982   0.3475
52993   0.3535
53002   0.3782
53010   0.3840
53019   0.3920
53024   0.3702
53030   0.3507
53040   0.3349
53046   0.3220
53056   0.3280
53065   0.3060
53071   0.3057
53079   0.3100
53088   0.3268
53098   0.3137
53107   0.3272
53114   0.3430
53125   0.3648
53133   0.3886
53142   0.4159
53148   0.4353
53156   0.4387
53162   0.4133
53170   0.4096
53182   0.4255
53193   0.4257
53200   0.4166
53209   0.4301
53215   0.4504
53225   0.4583
53234   0.4932
53243   0.5374
53249   0.5409
53254   0.6185
53265   0.5004
53274   0.5343
53282   0.5309
53292   0.5291
53299   0.4703
53306   0.4251
53317   0.4019
53324   0.3949
53332   0.3942
53340   0.3932
53348   0.3831
53357   0.3881
53367   0.3764
53377   0.3612
53386   0.3430
53398   0.3344
53406   0.3478
53419   0.3337
53432   0.3211
53440   0.3046
53450   0.3067
53455   0.3046
53463   0.3055
53470   0.3020
53479   0.3160
53486   0.3101
53497   0.3041
53504   0.3113
53513   0.3137
53521   0.3036
53530   0.3170
53540   0.3180
53552   0.3416
53561   0.3626
53570   0.3488
53577   0.3483
53587   0.4008
53598   0.3951
53609   0.3654
53621   0.3599
53630   0.3825
53641   0.3813
53650   0.3896
53658   0.3919
53667   0.3933
53676   0.3901
53685   0.3743
53697   0.4005
53709   0.4624
53718   0.5603
53729   0.6180
53737   0.5989
53745   0.5960
53755   0.5178
53762   0.4660
53773   0.4445
53780   0.4304
53790   0.4133
53806   0.4016
53822   0.3976
53830   0.3967
53839   0.4069
53850   0.4139
53859   0.4207
53867   0.4564
53872   0.5098
53879   0.5602
53891   0.5901
53900   0.5249
53912   0.4949
53923   0.4625
53935   0.4832
53940   0.4969
53947   0.4469
53959   0.3943
53965   0.3746
53974   0.3609
53984   0.3532
53993   0.3450
54001   0.3312
54009   0.3248
54021   0.3164
54032   0.3082
54041   0.3212
54051   0.3249
54059   0.3192
54065   0.3333
54072   0.3694
54080   0.3826
54087   0.3475
54096   0.3638
54101   0.3226
54113   0.3100
54122   0.3001
54128   0.2855
54133   0.2748
54146   0.2820
54151   0.2810
54160   0.2733
54169   0.2717
54174   0.2761
54183   0.2730
54196   0.2706
54202   0.2705
54209   0.2689
54217   0.2706
54225   0.2696
54234   0.2674
54242   0.2648
54251   0.2621
54256   0.2663
54266   0.2657
54278   0.2602
54286   0.2633
54298   0.2710
54308   0.2598
54320   0.2534
54332   0.2658
54339   0.2680
54344   0.2546
54353   0.2597
54360   0.2730
54372   0.2631
54379   0.2540
54388   0.2576
54397   0.2653
54409   0.2723
54419   0.2712
54429   0.2554
54437   0.2499
54445   0.2519
54456   0.2591
54464   0.2734
54473   0.2692
54485   0.2626
54494   0.2675
54503   0.2770
54513   0.2721
54522   0.2695
54529   0.2811
54537   0.2860
54546   0.2767
54555   0.2856
54567   0.3078
54576   0.2974
54584   0.2803
54596   0.3065
54606   0.3211
54614   0.3092
54619   0.3089
54629   0.3093
54638   0.2705
54648   0.2590
54657   0.2758
54667   0.2742
54677   0.2576
54686   0.2595
54695   0.2716
54708   0.2612
54714   0.2526
54724   0.2627
54733   0.2663
54742   0.2568
54754   0.2576
54763   0.2655
54776   0.2627
54788   0.2611
54794   0.2501
54802   0.2438
54812   0.2451
54820   0.2445
54829   0.2451
54838   0.2439
54848   0.2467
54864   0.2504
54872   0.2527
54884   0.2578
54894   0.2641
54904   0.3359
54912   0.4042
