    2   1.0109
    7   0.9389
   16   0.9380
   25   0.8796
   37   0.8656
   49   0.8881
   58   0.8966
   67   0.8924
   75   0.8980
   83   0.9098
   92   0.9203
   99   0.9244
  108   0.9332
  114   0.9483
  122   0.9701
  128   0.9810
  135   0.9956
  141   1.0205
  153   1.0362
  165   1.0745
  178   1.0641
  189   1.0867
  194   1.0427
  203   1.0169
  210   1.0370
  222   1.0254
  230   0.9786
  243   0.9895
  252   1.0098
  261   0.9734
  274   0.9524
  283   0.9829
  292   0.9908
  301   0.9534
  309   0.9804
  317   1.0239
  326   1.0207
  338   1.0325
  345   1.1343
  354   1.2045
  362   1.1892
  370   1.1682
  380   1.1081
  386   1.1249
  394   1.0747
  403   1.0304
  415   1.0238
  420   1.0367
  432   1.0007
  440   0.9888
  445   1.0156
  457   1.0037
  466   0.9765
  475   1.0067
  487   1.0290
  494   0.9979
  503   1.0110
  510   1.0592
  519   1.0502
  527   1.0322
  534   1.0900
  543   1.1263
  550   1.0974
  562   1.1198
  571   1.1941
  580   1.1995
  589   1.1793
  601   1.2545
  610   1.3154
  619   1.2981
  631   1.2504
  643   1.2072
  652   1.0815
  660   1.0419
  672   1.0351
  679   1.0255
  687   1.0155
  696   1.0199
  705   1.0271
  710   1.0193
  719   1.0162
  731   1.0317
  740   1.0397
  746   1.0369
  753   1.0465
  762   1.0687
  770   1.0792
  779   1.0800
  795   1.1026
  804   1.1268
  812   1.1339
  819   1.1519
  831   1.2003
  839   1.1385
  848   1.1625
  860   1.3146
  872   1.2567
  884   1.2176
  890   1.2257
  897   1.2132
  905   1.1636
  911   1.1545
  918   1.1657
  928   1.1306
  937   1.0934
  947   1.1056
  957   1.1039
  969   1.0585
  978   1.0444
  983   1.0640
  994   1.0474
 1003   1.0059
 1012   1.0109
 1020   1.0310
 1028   1.0051
 1034   0.9718
 1039   0.9526
 1049   0.9720
 1057   0.9676
 1065   0.9345
 1073   0.9369
 1081   0.9571
 1090   0.9350
 1099   0.9123
 1108   0.9305
 1113   0.9314
 1120   0.9029
 1127   0.9080
 1132   0.9317
 1141   0.9186
 1150   0.9277
 1158   0.9650
 1166   0.9615
 1173   0.9315
 1182   0.9247
 1190   0.9475
 1197   0.9222
 1203   0.8833
 1211   0.9046
 1224   0.9176
 1236   0.8674
 1248   0.8533
 1256   0.8920
 1268   0.8779
 1277   0.8308
 1282   0.8608
 1291   0.8897
 1298   0.8405
 1306   0.8257
 1322   0.8795
 1338   0.8768
 1345   0.8274
 1361   0.8181
 1368   0.8510
 1380   0.9124
 1388   0.9481
 1400   0.9197
 1408   0.9624
 1416   0.9219
 1425   0.9169
 1434   0.9254
 1446   0.9164
 1451   0.8889
 1458   0.8948
 1467   0.9107
 1474   0.8973
 1482   0.8877
 1491   0.9044
 1500   0.9124
 1506   0.9028
 1515   0.9089
 1527   0.9216
 1535   0.9213
 1541   0.9194
 1546   0.9326
 1558   0.9434
 1567   0.9439
 1576   0.9519
 1581   0.9705
 1590   0.9823
 1603   0.9961
 1612   1.0201
 1625   1.0228
 1637   1.0333
 1649   1.1017
 1661   1.1585
 1673   1.1438
 1685   1.0717
 1697   1.1160
 1707   1.1457
 1713   1.1349
 1720   1.1121
 1727   1.1854
 1735   1.2874
 1746   1.3095
 1755   1.2486
 1768   1.3064
 1781   1.4259
 1797   1.2501
 1810   1.2376
 1822   1.1950
 1834   1.0388
 1840   0.9842
 1850   0.9843
 1858   1.0194
 1867   0.9959
 1876   0.9600
 1885   0.9832
 1894   1.0016
 1902   0.9630
 1911   0.9491
 1924   0.9803
 1937   0.9769
 1945   0.9425
 1954   0.9496
 1960   0.9745
 1968   0.9507
 1977   0.9285
 1986   0.9577
 1998   0.9665
 2007   0.9334
 2023   0.9327
 2032   0.9328
 2044   0.9410
 2054   0.9708
 2060   0.9502
 2068   0.9432
 2080   0.9378
 2092   0.9248
 2104   0.9217
 2113   0.9216
 2122   0.9139
 2132   0.9104
 2144   0.9129
 2151   0.9070
 2164   0.9070
 2173   0.9134
 2180   0.9129
 2186   0.9071
 2195   0.9090
 2204   0.9148
 2210   0.9152
 2219   0.9118
 2228   0.9136
 2234   0.9219
 2250   0.9211
 2257   0.9132
 2266   0.9187
 2274   0.9235
 2287   0.9168
 2299   0.9064
 2306   0.8929
 2322   0.9014
 2331   0.9159
 2339   0.9071
 2351   0.8974
 2359   0.9045
 2368   0.9067
 2377   0.8954
 2386   0.8937
 2402   0.9033
 2409   0.9021
 2416   0.8948
 2424   0.8967
 2433   0.9071
 2449   0.9084
 2458   0.8961
 2467   0.8897
 2479   0.9080
 2490   0.9040
 2502   0.8932
 2514   0.8739
 2524   0.8851
 2537   0.8921
 2543   0.8743
 2552   0.8702
 2561   0.8904
 2568   0.9055
 2574   0.8852
 2582   0.8771
 2594   0.9027
 2603   0.9002
 2611   0.8755
 2619   0.8875
 2632   0.9112
 2638   0.8949
 2649   0.8722
 2658   0.8929
 2667   0.9090
 2676   0.8862
 2684   0.8787
 2693   0.9045
 2705   0.9055
 2718   0.8781
 2727   0.8868
 2743   0.9088
 2750   0.9090
 2762   0.9177
 2772   0.8864
 2780   0.9019
 2788   0.9177
 2798   0.9059
 2807   0.9139
 2817   0.9403
 2827   0.9038
 2834   0.8718
 2842   0.8743
 2847   0.8872
 2859   0.8955
 2868   0.9132
 2878   0.9197
 2888   0.9337
 2898   0.9572
 2907   0.9785
 2915   1.0028
 2920   0.9917
 2930   0.9854
 2939   1.0101
 2945   1.0102
 2952   0.9732
 2962   0.9676
 2971   0.9901
 2980   0.9682
 2992   0.9382
 3000   0.9538
 3009   0.9612
 3017   0.9288
 3029   0.9190
 3045   0.9393
 3054   0.9283
 3063   0.9000
 3072   0.9119
 3084   0.9264
 3096   0.8995
 3108   0.8859
 3117   0.9092
 3125   0.9044
 3135   0.8784
 3147   0.8910
 3157   0.9121
 3163   0.8929
 3172   0.8851
 3184   0.9143
 3194   0.9204
 3204   0.9018
 3214   0.9193
 3220   0.9504
 3229   0.9545
 3238   0.9915
 3245   0.9810
 3254   0.9439
 3263   0.9340
 3273   0.8867
 3281   0.9189
 3290   0.9367
 3295   0.8797
 3306   0.8554
 3315   0.8992
 3323   0.8938
 3331   0.8331
 3337   0.8413
 3346   0.8856
 3358   0.8558
 3367   0.8094
 3377   0.8336
 3390   0.8486
 3406   0.8293
 3415   0.8144
 3428   0.8376
 3436   0.8444
 3443   0.8289
 3448   0.8328
 3453   0.8510
 3462   0.8490
 3474   0.8443
 3486   0.8510
 3498   0.8580
 3506   0.8473
 3513   0.8478
 3525   0.8523
 3535   0.8598
 3540   0.8868
 3550   0.8827
 3559   0.9108
 3567   0.9155
 3576   0.9250
 3589   0.8985
 3599   0.8890
 3608   0.8979
 3617   0.8904
 3630   0.8774
 3639   0.8789
 3647   0.8841
 3656   0.8737
 3668   0.8689
 3677   0.8757
 3689   0.8729
 3696   0.8731
 3704   0.8799
 3710   0.8707
 3719   0.8680
 3732   0.8833
 3744   0.8835
 3752   0.8808
 3764   0.8822
 3777   0.8860
 3787   0.8771
 3803   0.8742
 3819   0.8651
 3831   0.8624
 3841   0.8591
 3850   0.8571
 3859   0.8613
 3869   0.8573
 3882   0.8523
 3894   0.8618
 3910   0.8673
 3919   0.8615
 3926   0.8649
 3934   0.8784
 3942   0.8769
 3951   0.8691
 3964   0.8828
 3972   0.8936
 3981   0.8809
 3990   0.8845
 3998   0.9080
 4007   0.9088
 4016   0.9000
 4028   0.9177
 4037   0.9329
 4050   0.9344
 4058   0.9366
 4071   0.9401
 4083   0.9600
 4095   0.9828
 4105   0.9833
 4116   0.9680
 4127   0.9818
 4135   0.9913
 4140   0.9792
 4149   0.9836
 4165   1.0062
 4177   1.0064
 4188   1.0027
 4197   1.0166
 4205   1.0162
 4210   1.0024
 4219   1.0180
 4229   1.0114
 4239   1.0276
 4249   1.0069
 4259   0.9813
 4268   0.9876
 4278   0.9983
 4287   0.9738
 4296   0.9670
 4301   0.9686
 4310   0.9807
 4320   0.9846
 4332   0.9335
 4344   0.9508
 4352   0.9541
 4360   0.9612
 4366   0.9359
 4376   0.9214
 4385   0.9135
 4397   0.9142
 4405   0.9128
 4417   0.8947
 4426   0.8892
 4438   0.8682
 4446   0.8783
 4454   0.8915
 4462   0.8789
 4469   0.8717
 4481   0.8933
 4490   0.8958
 4499   0.8733
 4507   0.8843
 4514   0.9094
 4523   0.8913
 4532   0.8783
 4544   0.9124
 4553   0.9251
 4565   0.8811
 4578   0.8662
 4590   0.8648
 4602   0.8548
 4611   0.8526
 4623   0.8509
 4635   0.8476
 4644   0.8444
 4654   0.8490
 4663   0.8495
 4671   0.8493
 4680   0.8454
 4689   0.8534
 4699   0.9547
 4707   0.9076
 4715   0.9127
 4724   0.8361
 4736   0.7800
 4745   0.7775
 4755   0.7710
 4767   0.7152
 4776   0.6863
 4786   0.7014
 4799   0.6751
 4811   0.6323
 4823   0.6364
 4833   0.6429
 4842   0.6166
 4854   0.5990
 4862   0.6125
 4874   0.6106
 4883   0.5908
 4899   0.5886
 4915   0.6009
 4924   0.6004
 4933   0.5869
 4943   0.5923
 4952   0.6070
 4964   0.5756
 4973   0.5573
 4982   0.5707
 4992   0.5642
 5001   0.5470
 5009   0.5521
 5016   0.5580
 5023   0.5540
 5036   0.5549
 5045   0.5685
 5054   0.5720
 5070   0.5655
 5078   0.5741
 5086   0.5825
 5094   0.5856
 5104   0.5863
 5114   0.5917
 5122   0.6080
 5129   0.6091
 5138   0.6196
 5150   0.6026
 5161   0.5921
 5174   0.6014
 5182   0.5982
 5194   0.5776
 5203   0.5769
 5212   0.5844
 5219   0.5757
 5235   0.5688
 5241   0.5842
 5253   0.6019
 5259   0.5789
 5267   0.5704
 5275   0.6108
 5288   0.6933
 5294   0.7636
 5304   0.7203
 5313   0.7285
 5325   0.8027
 5337   0.7751
 5343   0.7250
 5349   0.7815
 5356   0.8185
 5363   0.7594
 5371   0.7422
 5378   0.8064
 5386   0.7999
 5394   0.7473
 5410   0.7729
 5418   0.8136
 5425   0.7820
 5433   0.7579
 5442   0.7996
 5451   0.8149
 5459   0.7817
 5466   0.7860
 5476   0.8182
 5485   0.8068
 5494   0.7775
 5507   0.8199
 5519   0.8470
 5528   0.8214
 5540   0.8302
 5548   0.7874
 5557   0.7627
 5566   0.7504
 5574   0.7327
 5584   0.7221
 5595   0.7079
 5607   0.7083
 5614   0.6954
 5622   0.6944
 5633   0.6836
 5640   0.6947
 5647   0.6503
 5655   0.6438
 5663   0.6623
 5674   0.6659
 5684   0.6960
 5695   0.6772
 5707   0.6448
 5715   0.6453
 5726   0.6378
 5734   0.6706
 5742   0.6355
 5751   0.6660
 5763   0.7186
 5773   0.6888
 5782   0.6760
 5793   0.6545
 5803   0.6577
 5810   0.6380
 5819   0.6367
 5828   0.6432
 5841   0.6795
 5848   0.6807
 5853   0.6731
 5861   0.6565
 5869   0.6563
 5877   0.6668
 5885   0.6796
 5893   0.6545
 5903   0.6349
 5919   0.6368
 5927   0.6395
 5932   0.6633
 5941   0.6705
 5953   0.6975
 5963   0.6953
 5970   0.7597
 5976   0.8359
 5984   0.8504
 5993   0.8693
 6002   0.8573
 6010   0.8601
 6023   0.8343
 6032   0.8124
 6044   0.7551
 6055   0.7623
 6066   0.7820
 6075   0.7360
 6084   0.7036
 6093   0.7293
 6102   0.7214
 6108   0.6711
 6117   0.6778
 6126   0.7040
 6132   0.6763
 6144   0.6410
 6154   0.7181
 6162   0.7558
 6170   0.6720
 6178   0.6877
 6191   0.7988
 6203   0.7848
 6215   0.7171
 6227   0.8241
 6237   0.9042
 6250   0.8214
 6263   0.8450
 6275   0.9857
 6280   1.0428
 6292   0.9333
 6303   0.8846
 6314   0.7620
 6323   0.7840
 6331   0.7187
 6336   0.5993
 6344   0.6946
 6352   0.7434
 6359   0.6531
 6369   0.5903
 6377   0.5207
 6386   0.4838
 6398   0.5236
 6410   0.4644
 6419   0.4587
 6428   0.4585
 6436   0.4396
 6448   0.4449
 6457   0.4776
 6469   0.4857
 6478   0.4804
 6487   0.5005
 6496   0.5187
 6501   0.5270
 6510   0.4983
 6519   0.4718
 6530   0.4709
 6537   0.4744
 6543   0.4705
 6553   0.4467
 6566   0.4565
 6578   0.4690
 6586   0.4573
 6597   0.4586
 6610   0.4671
 6622   0.4709
 6634   0.4669
 6647   0.4638
 6657   0.4666
 6669   0.4680
 6674   0.4701
 6683   0.4577
 6693   0.4508
 6701   0.4667
 6708   0.4659
 6720   0.4535
 6729   0.4622
 6738   0.4773
 6745   0.4702
 6753   0.4711
 6764   0.4861
 6772   0.4896
 6781   0.4847
 6786   0.4917
 6798   0.5020
 6810   0.5002
 6819   0.5139
 6828   0.5195
 6840   0.5195
 6853   0.5065
 6859   0.5078
 6868   0.5143
 6877   0.5093
 6889   0.5018
 6895   0.5075
 6902   0.5233
 6918   0.5103
 6927   0.5102
 6936   0.5221
 6941   0.5138
 6949   0.5028
 6958   0.5219
 6971   0.5690
 6983   0.5190
 6995   0.5474
 7007   0.5051
 7019   0.5623
 7029   0.6540
 7035   0.6080
 7044   0.5142
 7050   0.5301
 7060   0.5611
 7068   0.5542
 7083   0.5991
 7091   0.5575
 7101   0.5115
 7114   0.5605
 7121   0.5835
 7128   0.5269
 7140   0.5249
 7149   0.5675
 7155   0.5575
 7162   0.5240
 7171   0.5419
 7180   0.5715
 7188   0.5593
 7200   0.5512
 7212   0.5769
 7225   0.5913
 7237   0.5888
 7245   0.5933
 7252   0.6276
 7261   0.6362
 7266   0.6460
 7274   0.6564
 7281   0.6934
 7289   0.6638
 7294   0.6352
 7302   0.6684
 7309   0.6788
 7321   0.6446
 7330   0.6171
 7342   0.6009
 7350   0.5868
 7366   0.5929
 7378   0.5944
 7390   0.6103
 7400   0.5983
 7405   0.5988
 7411   0.5902
 7424   0.5765
 7436   0.5639
 7447   0.5683
 7456   0.5496
 7467   0.5456
 7476   0.5591
 7485   0.5554
 7495   0.5368
 7511   0.5418
 7520   0.5472
 7533   0.5772
 7544   0.5885
 7552   0.5979
 7561   0.6457
 7573   0.6049
 7582   0.5815
 7590   0.5956
 7601   0.5892
 7609   0.5729
 7619   0.5512
 7627   0.5376
 7635   0.5502
 7647   0.5545
 7656   0.5242
 7664   0.5061
 7677   0.5178
 7686   0.5243
 7698   0.5136
 7707   0.5056
 7716   0.5212
 7725   0.5239
 7734   0.5006
 7741   0.5113
 7747   0.5267
 7754   0.5043
 7763   0.4912
 7775   0.5121
 7787   0.5145
 7799   0.5020
 7808   0.5082
 7820   0.5254
 7830   0.5235
 7839   0.5196
 7849   0.5458
 7860   0.6134
 7870   0.5701
 7876   0.5312
 7882   0.4946
 7890   0.5065
 7902   0.5047
 7911   0.4722
 7920   0.4655
 7926   0.4731
 7931   0.4899
 7940   0.5167
 7951   0.4912
 7959   0.4932
 7969   0.4845
 7978   0.5011
 7985   0.4878
 7994   0.5010
 8005   0.5182
 8014   0.4991
 8023   0.4774
 8029   0.4631
 8035   0.4758
 8042   0.4770
 8054   0.4917
 8061   0.5029
 8073   0.5520
 8085   0.5380
 8095   0.5047
 8103   0.4527
 8110   0.4433
 8118   0.4367
 8127   0.4336
 8139   0.4744
 8148   0.4815
 8160   0.4556
 8167   0.4690
 8179   0.4418
 8186   0.4212
 8199   0.4334
 8208   0.4453
 8217   0.4240
 8226   0.4097
 8233   0.4107
 8243   0.4099
 8251   0.4166
 8260   0.4131
 8269   0.4162
 8281   0.4105
 8288   0.4097
 8301   0.4081
 8310   0.4084
 8322   0.4071
 8338   0.4095
 8350   0.4103
 8358   0.4101
 8367   0.4143
 8375   0.4099
 8384   0.4064
 8393   0.4133
 8405   0.4155
 8414   0.4047
 8422   0.4193
 8427   0.4396
 8435   0.4312
 8443   0.4290
 8455   0.4376
 8464   0.4438
 8471   0.4554
 8480   0.4413
 8492   0.4342
 8499   0.4306
 8508   0.4224
 8513   0.4106
 8526   0.4179
 8535   0.4215
 8543   0.4123
 8549   0.4033
 8556   0.3912
 8568   0.4022
 8581   0.4075
 8593   0.3938
 8602   0.3901
 8611   0.4072
 8623   0.4202
 8628   0.4208
 8633   0.4279
 8642   0.4339
 8651   0.4465
 8660   0.4576
 8669   0.4587
 8678   0.4642
 8686   0.4512
 8695   0.4646
 8705   0.4435
 8712   0.4318
 8721   0.4525
 8730   0.4554
 8742   0.4317
 8755   0.4387
 8771   0.4601
 8780   0.4477
 8796   0.4368
 8805   0.4447
 8814   0.4523
 8820   0.4440
 8833   0.4439
 8844   0.4576
 8852   0.4626
 8864   0.4563
 8872   0.4658
 8881   0.4828
 8889   0.4857
 8898   0.4849
 8908   0.4889
 8919   0.4983
 8928   0.4968
 8937   0.5137
 8944   0.5171
 8953   0.5001
 8958   0.5016
 8964   0.5219
 8971   0.5150
 8976   0.4977
 8989   0.5228
 8998   0.5384
 9003   0.5228
 9009   0.5250
 9018   0.5498
 9026   0.5557
 9038   0.5208
 9049   0.4988
 9056   0.4574
 9063   0.4525
 9079   0.4267
 9088   0.4235
 9097   0.4107
 9109   0.4105
 9115   0.4234
 9127   0.4166
 9134   0.4376
 9143   0.4171
 9149   0.4233
 9156   0.4608
 9164   0.4954
 9172   0.6143
 9182   0.6441
 9187   0.6360
 9200   0.7125
 9212   0.6899
 9220   0.7667
 9228   0.7670
 9238   0.8797
 9247   0.9983
 9256   1.1221
 9263   1.0646
 9275   0.8869
 9282   0.6328
 9292   0.5674
 9300   0.4863
 9308   0.4675
 9315   0.4146
 9320   0.3987
 9330   0.3971
 9336   0.3984
 9341   0.4333
 9350   0.4369
 9359   0.4123
 9375   0.4219
 9384   0.4455
 9391   0.4316
 9400   0.4164
 9407   0.4337
 9419   0.4381
 9425   0.4224
 9437   0.4254
 9446   0.4397
 9455   0.4395
 9464   0.4354
 9476   0.4541
 9488   0.4678
 9500   0.4518
 9508   0.4558
 9520   0.5002
 9529   0.4953
 9536   0.4504
 9549   0.4516
 9562   0.4377
 9574   0.4259
 9583   0.4159
 9595   0.4161
 9603   0.4147
 9611   0.4100
 9617   0.3992
 9626   0.3985
 9635   0.3994
 9645   0.3892
 9651   0.3828
 9658   0.3795
 9670   0.3691
 9679   0.3560
 9688   0.3478
 9694   0.3446
 9701   0.3363
 9713   0.3174
 9718   0.3059
 9724   0.2938
 9734   0.2895
 9743   0.2774
 9755   0.2733
 9767   0.2683
 9773   0.2698
 9781   0.2668
 9790   0.2611
 9798   0.2591
 9808   0.2613
 9814   0.2675
 9822   0.2659
 9832   0.2653
 9838   0.2755
 9850   0.2870
 9859   0.2867
 9869   0.2909
 9879   0.3100
 9889   0.3182
 9899   0.3198
 9909   0.3332
 9916   0.3559
 9925   0.3665
 9934   0.3705
 9946   0.3955
 9955   0.4221
 9965   0.4286
 9977   0.4385
 9989   0.4749
 9998   0.5046
10007   0.5001
10019   0.5314
10028   0.5816
10038   0.6002
10044   0.6062
10056   0.6690
10068   0.7203
10080   0.7191
10090   0.7613
10103   0.8433
10113   0.8682
10123   0.8731
10128   0.9634
10138   1.0357
10148   1.0635
10160   0.9161
10169   0.8386
10178   0.7445
10185   0.7506
10194   0.7483
10202   0.7582
10214   0.8327
10224   0.8440
10231   0.8405
10236   0.9287
10246   1.0283
10251   1.0269
10263   1.0207
10272   1.0020
10281   0.9873
10293   0.9750
10303   0.9156
10311   0.8417
10318   0.7061
10328   0.6672
10338   0.7164
10347   0.6324
10356   0.4961
10366   0.5020
10378   0.4476
10388   0.4036
10394   0.4892
10403   0.5170
10413   0.4788
10425   0.4603
10435   0.3965
10441   0.3721
10451   0.3441
10456   0.3312
10466   0.3117
10476   0.3061
10486   0.3057
10498   0.3162
10514   0.3390
10530   0.3500
10541   0.3461
10549   0.3330
10565   0.3358
10573   0.3212
10582   0.3192
10594   0.3008
10600   0.3134
10607   0.3265
10616   0.3108
10624   0.2999
10636   0.3148
10643   0.3160
10648   0.3147
10657   0.3507
10670   0.3772
10683   0.3714
10692   0.3350
10704   0.3591
10714   0.5283
10722   0.6316
10731   0.7114
10738   0.8532
10748   0.9563
10758   0.6903
10770   0.6464
10778   0.5808
10794   0.5354
10802   0.5053
10811   0.4770
10823   0.4471
10832   0.4162
10838   0.3983
10846   0.3708
10854   0.3595
10863   0.3480
10870   0.3354
10882   0.3315
10890   0.3367
10898   0.3433
10914   0.3392
10923   0.3630
10934   0.3823
10941   0.3913
10950   0.4094
10957   0.4298
10969   0.3989
10979   0.3757
10991   0.3983
11000   0.3932
11009   0.3679
11018   0.3754
11025   0.3985
11033   0.3815
11041   0.3805
11050   0.4164
11062   0.4266
11071   0.4238
11081   0.4429
11093   0.4901
11100   0.4990
11109   0.5087
11118   0.5508
11126   0.5858
11138   0.6043
11148   0.6293
11157   0.6798
11167   0.7089
11177   0.7389
11182   0.7953
11193   0.8804
11200   1.0357
11208   1.0856
11216   1.2823
11228   1.3856
11238   1.3803
11245   1.3705
11254   1.3944
11266   1.4978
11275   1.5601
11288   1.5924
11301   1.6719
11313   1.8012
11324   1.8888
11336   0.4593
11345   0.4426
11353   0.4525
11359   0.4654
11366   0.5003
11375   0.4861
11384   0.4469
11393   0.4819
11402   0.5205
11409   0.5093
11419   0.5240
11428   0.4749
11440   0.4993
11452   0.4931
11461   0.4935
11470   0.4590
11480   0.4068
11489   0.4221
11499   0.4433
11509   0.3847
11516   0.3695
11526   0.4201
11536   0.3989
11548   0.3656
11561   0.4136
11569   0.4466
11578   0.4203
11589   0.4809
11597   0.5242
11609   0.5415
11621   0.4073
11630   0.3620
11639   0.3681
11648   0.3664
11660   0.3473
11673   0.3393
11679   0.3441
11688   0.3357
11701   0.3228
11712   0.3242
11720   0.3304
11729   0.3163
11737   0.3092
11743   0.2963
11755   0.2942
11762   0.2746
11772   0.2826
11781   0.2953
11789   0.2832
11796   0.2644
11809   0.2745
11821   0.2822
11829   0.2641
11838   0.2571
11847   0.2712
11856   0.2671
11867   0.2561
11879   0.2624
11888   0.2776
11896   0.2968
11903   0.3249
11909   0.3834
11916   0.4114
11925   0.4343
11934   0.3847
11942   0.2772
11951   0.2770
11960   0.3115
11968   0.3359
11976   0.3202
11985   0.2803
11994   0.2952
12003   0.3803
12015   0.3780
12024   0.3034
12040   0.2768
12046   0.2717
12055   0.2826
12064   0.2809
12071   0.2788
12078   0.2700
12086   0.2819
12097   0.2816
12105   0.2833
12112   0.2851
12124   0.2933
12136   0.2789
12148   0.2779
12164   0.2968
12173   0.2969
12182   0.2862
12188   0.3052
12197   0.3246
12205   0.3110
12218   0.3155
12226   0.3394
12236   0.3428
12244   0.3357
12250   0.3523
12259   0.3700
12267   0.3618
12275   0.3713
12285   0.3967
12298   0.4006
12310   0.4004
12322   0.4347
12334   0.4589
12346   0.4449
12351   0.4246
12363   0.3954
12374   0.4055
12382   0.4141
12398   0.4489
12409   0.4404
12419   0.4203
12428   0.3938
12437   0.4011
12447   0.4243
12456   0.4181
12469   0.4589
12479   0.4626
12489   0.4407
12500   0.4034
12508   0.3929
12521   0.3936
12532   0.3903
12539   0.3782
12547   0.3681
12558   0.3706
12567   0.3774
12576   0.3707
12581   0.3896
12589   0.4130
12599   0.4387
12609   0.4419
12619   0.4512
12629   0.4459
12634   0.4326
12647   0.4069
12655   0.4091
12664   0.3821
12677   0.3578
12686   0.3685
12695   0.3637
12704   0.3349
12716   0.3339
12725   0.3467
12734   0.3234
12740   0.3044
12749   0.3216
12761   0.3203
12773   0.2944
12785   0.3030
12797   0.3211
12804   0.3005
12813   0.2889
12822   0.3137
12832   0.3153
12839   0.2924
12851   0.3031
12856   0.2899
12865   0.3105
12881   0.3898
12890   0.3934
12900   0.3893
12912   0.3741
12921   0.3313
12934   0.3328
12941   0.3222
12949   0.3016
12958   0.3069
12970   0.3141
12982   0.2969
12994   0.3001
13006   0.3247
13019   0.3163
13028   0.3006
13037   0.3223
13046   0.3501
13057   0.3237
13065   0.2995
13074   0.2751
13087   0.2923
13094   0.2945
13100   0.3337
13108   0.3185
13116   0.3273
13125   0.3408
13133   0.3921
13146   0.4099
13154   0.3627
13163   0.3282
13172   0.3550
13184   0.3577
13193   0.3101
13199   0.3019
13208   0.3274
13216   0.3151
13224   0.2688
13233   0.2882
13245   0.3153
13254   0.2821
13263   0.2576
13272   0.3023
13280   0.3165
13292   0.2828
13297   0.2822
13309   0.3306
13325   0.3286
13331   0.2933
13343   0.2915
13348   0.3150
13358   0.3435
13370   0.2886
13377   0.2918
13383   0.3637
13389   0.3673
13395   0.3395
13404   0.3905
13413   0.3738
13421   0.3073
13428   0.3161
13435   0.3623
13444   0.3688
13451   0.3042
13461   0.3020
13470   0.2725
13482   0.2710
13489   0.2927
13497   0.2889
13501   0.2799
13509   0.2679
13521   0.2607
13530   0.2678
13538   0.2641
13547   0.2548
13555   0.2568
13564   0.2631
13573   0.2587
13585   0.2561
13597   0.2614
13602   0.2643
13610   0.2574
13619   0.2602
13627   0.2646
13635   0.2644
13644   0.2632
13656   0.2671
13662   0.2696
13671   0.2727
13684   0.2787
13693   0.2791
13705   0.2815
13715   0.2841
13723   0.2831
13731   0.2737
13740   0.2847
13745   0.2770
13755   0.2719
13763   0.2769
13772   0.2822
13784   0.2749
13796   0.2789
13804   0.2954
13813   0.2932
13822   0.2890
13830   0.3064
13842   0.3167
13847   0.3051
13856   0.3166
13868   0.3374
13880   0.3436
13896   0.3432
13905   0.3656
13917   0.3787
13929   0.3750
13938   0.3771
13946   0.3950
13954   0.4007
13959   0.3764
13967   0.3806
13975   0.4293
13985   0.4034
13997   0.3826
14007   0.4083
14019   0.4287
14026   0.4111
14038   0.4321
14049   0.4485
14058   0.4743
14066   0.4323
14072   0.3903
14084   0.4053
14093   0.4072
14109   0.3617
14122   0.3412
14134   0.3541
14142   0.3455
14152   0.3067
14159   0.3056
14167   0.3203
14180   0.3018
14192   0.2816
14197   0.2981
14206   0.3058
14213   0.2816
14219   0.2809
14232   0.3005
14244   0.2963
14253   0.2821
14265   0.2951
14272   0.3095
14277   0.3325
14289   0.3009
14297   0.3054
14305   0.3179
14317   0.3613
14325   0.3550
14334   0.3554
14339   0.3554
14350   0.3183
14362   0.3101
14371   0.3179
14379   0.3269
14389   0.3399
14396   0.3330
14409   0.3349
14420   0.3206
14433   0.3367
14441   0.3427
14452   0.3205
14461   0.3192
14473   0.3419
14482   0.3368
14494   0.3169
14506   0.3348
14511   0.3457
14523   0.3306
14535   0.3452
14544   0.3643
14551   0.3621
14559   0.3789
14571   0.3494
14580   0.3003
14588   0.3087
14598   0.2990
14607   0.2995
14619   0.3000
14625   0.3077
14633   0.3018
14642   0.2969
14651   0.3088
14667   0.3125
14675   0.3081
14691   0.3228
14699   0.3252
14708   0.3064
14716   0.2914
14724   0.3212
14733   0.2993
14740   0.2927
14749   0.2830
14756   0.2959
14763   0.3056
14779   0.2992
14788   0.2973
14795   0.3114
14803   0.3107
14813   0.3061
14822   0.3091
14831   0.3183
14844   0.3198
14850   0.3076
14862   0.3102
14871   0.3179
14883   0.3165
14892   0.3166
14901   0.3317
14911   0.3347
14918   0.3315
14934   0.3420
14946   0.3554
14956   0.3615
14963   0.3713
14973   0.3878
14983   0.3903
14995   0.4017
15007   0.4222
15015   0.4232
15026   0.4522
15034   0.4470
15046   0.4721
15051   0.4724
15063   0.5070
15073   0.5315
15083   0.4970
15093   0.4457
15103   0.4450
15109   0.4347
15117   0.4028
15127   0.3890
15140   0.3899
15145   0.3696
15154   0.3546
15159   0.3519
15164   0.3432
15173   0.3244
15182   0.3170
15191   0.3184
15199   0.3059
15208   0.2959
15217   0.2969
15226   0.2963
15233   0.2868
15242   0.2832
15250   0.2873
15266   0.2759
15277   0.2623
15285   0.2763
15294   0.2805
15303   0.2651
15315   0.2695
15324   0.2917
15331   0.2833
15340   0.2685
15349   0.2808
15359   0.2889
15366   0.3031
15374   0.3279
15380   0.3440
15385   0.2966
15393   0.2650
15402   0.2617
15413   0.2817
15424   0.2870
15432   0.3031
15441   0.2845
15450   0.2820
15458   0.2845
15465   0.2894
15473   0.2916
15481   0.3029
15490   0.3032
15498   0.3137
15507   0.3131
15512   0.3173
15517   0.3158
15530   0.3064
15541   0.3046
15549   0.3169
15558   0.3147
15570   0.3048
15578   0.3038
15587   0.2980
15594   0.3017
15600   0.3029
15612   0.3056
15624   0.3271
15631   0.3227
15643   0.3112
15652   0.3268
15662   0.3297
15670   0.3393
15679   0.3787
15688   0.3915
15699   0.4123
15706   0.3764
15716   0.3470
15729   0.3788
15740   0.3800
15750   0.3434
15762   0.3476
15771   0.3866
15781   0.3857
15788   0.3597
15800   0.3852
15804   0.3406
15812   0.3354
15823   0.3205
15830   0.3435
15835   0.3505
15841   0.3196
15850   0.3012
15862   0.3285
15874   0.3307
15883   0.2767
15893   0.2637
15904   0.2956
15917   0.3067
15927   0.3359
15939   0.3247
15949   0.2882
15958   0.2981
15966   0.2980
15974   0.3161
15982   0.3177
15988   0.3255
15998   0.3151
16007   0.3229
16017   0.3246
16022   0.3368
16033   0.3278
16040   0.3393
16051   0.3364
16058   0.3411
16067   0.3325
16083   0.3250
16091   0.3291
16100   0.3406
16106   0.3555
16113   0.3677
16121   0.3581
16128   0.3588
16138   0.3741
16150   0.3775
16160   0.3738
16169   0.3907
16178   0.4209
16190   0.4704
16200   0.4128
16209   0.4312
16217   0.4257
16225   0.4370
16233   0.5222
16244   0.5454
16251   0.3956
16258   0.3534
16270   0.3243
16277   0.3119
16285   0.2959
16293   0.2941
16305   0.2794
16312   0.2730
16328   0.2633
16335   0.2671
16344   0.2645
16356   0.2673
16368   0.2740
16379   0.2654
16388   0.2741
16396   0.2589
16405   0.2632
16410   0.2453
16416   0.2337
16426   0.2376
16432   0.2427
16442   0.2496
16451   0.2535
16457   0.2565
16465   0.2628
16474   0.2749
16484   0.2865
16493   0.2958
16500   0.3131
16511   0.3370
16519   0.3453
16528   0.3697
16534   0.3852
16542   0.4203
16548   0.4178
16556   0.4156
16568   0.4042
16579   0.3904
16586   0.3771
16595   0.3768
16601   0.3850
16611   0.3759
16620   0.3668
16629   0.3821
16635   0.3939
16640   0.4118
16651   0.4055
16660   0.3946
16668   0.4099
16678   0.4247
16685   0.4200
16692   0.4215
16703   0.4107
16710   0.3892
16718   0.3774
16726   0.3764
16734   0.3610
16743   0.3559
16753   0.3342
16763   0.3255
16772   0.3105
16784   0.3097
16792   0.3187
16805   0.3063
16818   0.2855
16826   0.2743
16836   0.2605
16841   0.2457
16849   0.2414
16856   0.2379
16865   0.2452
16872   0.2648
16883   0.2605
16890   0.2746
16899   0.2918
16907   0.3022
16916   0.3271
16926   0.3394
16938   0.3405
16947   0.3547
16956   0.3785
16963   0.3677
16973   0.3779
16984   0.3665
16995   0.3427
17007   0.3314
17016   0.3498
17027   0.3468
17036   0.3586
17044   0.3559
17053   0.3640
17062   0.3599
17071   0.3749
17083   0.3988
17095   0.4538
17104   0.4685
17115   0.4911
17123   0.4578
17131   0.4654
17141   0.4504
17148   0.4203
17159   0.3815
17166   0.3662
17176   0.3535
17192   0.3430
17208   0.3491
17216   0.3420
17225   0.3578
17236   0.3594
17245   0.3787
17253   0.3911
17258   0.4089
17265   0.4053
17277   0.3972
17286   0.3982
17298   0.3898
17309   0.3808
17321   0.3634
17326   0.3629
17333   0.3474
17345   0.3357
17351   0.3267
17360   0.3312
17370   0.3124
17379   0.3055
17387   0.2865
17395   0.2795
17407   0.2616
17418   0.2450
17427   0.2363
17437   0.2527
17445   0.2509
17451   0.2537
17458   0.2505
17466   0.2625
17473   0.2588
17482   0.2794
17487   0.2891
17499   0.2632
17508   0.2507
17514   0.2541
17519   0.2499
17532   0.2398
17537   0.2547
17546   0.2580
17555   0.2469
17560   0.2517
17569   0.2622
17582   0.2521
17588   0.2494
17595   0.2623
17603   0.2651
17611   0.2532
17620   0.2638
17628   0.2750
17637   0.2690
17642   0.2662
17652   0.2823
17664   0.2856
17672   0.2757
17684   0.2804
17694   0.2936
17706   0.2920
17718   0.2895
17725   0.2967
17730   0.3088
17739   0.3063
17746   0.3091
17758   0.3185
17765   0.3086
17774   0.3005
17783   0.3110
17795   0.3137
17805   0.3154
17815   0.3175
17823   0.3248
17831   0.3298
17842   0.3325
17850   0.3362
17859   0.3332
17871   0.3238
17880   0.3227
17889   0.3247
17899   0.3249
17908   0.3293
17915   0.3333
17923   0.3343
17932   0.3371
17941   0.3382
17953   0.3510
17962   0.3471
17970   0.3417
17982   0.3545
17992   0.3632
18000   0.3391
18005   0.3548
18015   0.3303
18024   0.3025
18034   0.2826
18043   0.3037
18053   0.3084
18063   0.2800
18072   0.2833
18081   0.3107
18094   0.2971
18100   0.2853
18110   0.2951
18119   0.2974
18128   0.2891
18140   0.2890
18149   0.2901
18162   0.2932
18174   0.2986
18180   0.2998
18188   0.3018
18198   0.3049
18206   0.3003
18215   0.3095
18224   0.3247
18234   0.3161
18250   0.3166
18258   0.3443
18270   0.3216
18280   0.3955
18290   0.5927
18298   0.6808
18309   1.0822
18314   1.0839
18323   1.0579
18332   1.0316
18344   1.0160
18356   0.9996
18365   1.0152
18374   1.0176
18382   0.9999
18390   0.9989
18399   1.0210
18406   1.0148
18415   0.9983
18421   1.0126
18429   1.0310
18435   1.0176
18442   1.0121
18448   0.9955
18460   0.9991
18472   0.9897
18485   1.0036
18496   1.0109
18501   1.0174
18510   1.0048
18517   0.9842
18529   0.9948
18537   1.0010
18550   0.9821
18559   0.9749
18568   0.9901
18581   0.9913
18590   0.9697
18599   0.9697
18608   0.9880
18616   0.9693
18624   0.9635
18633   0.9887
18645   1.0090
18652   1.0266
18661   1.0576
18669   1.0730
18677   1.0601
18687   1.0687
18693   1.1057
18701   1.0962
18710   1.0618
18722   1.0851
18727   1.1151
18739   1.0916
18747   1.0804
18752   1.1166
18764   1.1265
18773   1.1022
18782   1.1163
18794   1.1488
18801   1.1358
18810   1.1253
18817   1.1558
18826   1.1635
18834   1.1400
18841   1.1577
18850   1.1884
18857   1.1711
18869   1.1599
18878   1.1939
18887   1.2068
18896   1.1851
18908   1.1978
18917   1.2322
18926   1.2397
18938   1.2686
18950   1.3576
18959   1.1669
18967   1.1277
18979   1.1052
18986   1.0786
18994   1.0904
19003   1.0921
19012   1.0625
19017   1.0587
19026   1.0751
19038   1.0602
19047   1.0373
19053   1.0545
19060   1.0635
19069   1.0362
19077   1.0335
19086   1.0571
19102   1.0506
19111   1.0253
19119   1.0392
19126   1.0610
19138   1.0556
19146   1.1923
19155   1.1710
19167   1.1613
19179   1.1449
19191   1.1232
19197   1.1122
19204   1.1068
19212   1.0909
19218   1.0714
19225   1.0664
19235   1.0582
19244   1.0406
19254   1.0284
19264   1.0232
19276   1.0120
19285   0.9960
19290   0.9854
19301   0.9807
19310   0.9696
19319   0.9585
19327   0.9536
19335   0.9476
19341   0.9315
19346   0.9098
19356   0.9200
19364   0.9391
19372   0.9249
19380   0.9129
19388   0.9337
19397   0.9449
19406   0.9310
19415   0.9327
19420   0.9601
19427   0.9626
19434   0.9489
19439   0.9761
19448   1.0105
19457   0.9881
19465   0.9181
19473   0.9127
19480   0.8956
19489   0.9401
19497   0.9608
19504   0.9144
19510   0.9067
19518   0.9264
19531   0.9118
19543   0.8852
19555   0.8975
19563   0.9048
19575   0.8790
19584   0.8701
19589   0.8874
19598   0.8848
19605   0.8607
19613   0.8693
19629   0.8921
19645   0.8738
19652   0.8424
19668   0.8935
19675   0.8668
19687   0.8690
19695   0.8615
19707   0.8954
19715   0.9319
19723   0.9607
19732   0.9131
19741   0.9083
19753   0.9623
19758   0.9499
19765   0.9035
19774   0.9372
19781   0.9668
19789   0.9225
19798   0.9116
19807   0.9620
19813   0.9490
19822   0.9043
19834   0.9358
19842   0.9668
19848   0.9237
19853   0.9037
19865   0.9449
19874   0.9403
19883   0.8924
19888   0.9065
19897   0.9317
19910   0.9053
19919   0.8851
19932   0.9118
19944   0.9198
19956   0.8944
19968   0.8974
19980   0.8770
19992   0.8697
20004   0.9166
20014   0.9723
20020   0.9233
20027   0.9202
20034   0.8987
20042   0.8987
20053   0.8739
20062   0.8750
20075   0.8766
20088   1.1623
20104   1.0799
20117   0.9707
20129   0.9752
20141   0.9965
20147   0.9713
20157   0.9830
20165   0.9897
20174   0.9686
20183   0.9607
20192   0.9720
20201   0.9687
20209   0.9514
20218   0.9539
20231   0.9640
20244   0.9505
20252   0.9376
20261   0.9500
20267   0.9542
20275   0.9334
20284   0.9336
20293   0.9526
20305   0.9439
20314   0.9284
20330   0.9233
20339   0.9944
20351   1.0323
20361   0.7938
20367   0.7771
20375   0.7976
20387   0.8065
20399   0.7877
20411   0.7909
20420   0.8165
20429   0.8129
20439   0.7996
20451   0.8184
20458   0.8266
20471   0.7933
20480   0.7821
20487   0.8039
20493   0.7962
20502   0.7684
20511   0.7674
20517   0.7800
20526   0.7734
20535   0.7606
20541   0.7600
20557   0.7679
20564   0.7574
20573   0.7524
20581   0.7569
20594   0.8096
20606   0.8260
20613   0.8525
20629   0.8389
20638   0.8088
20646   0.8223
20658   0.8519
20666   0.8277
20675   0.8023
20684   0.8401
20693   0.8411
20709   0.7986
20716   0.8112
20723   0.8364
20731   0.8038
20740   0.7805
20756   0.7972
20765   0.8252
20774   0.8792
20786   0.8341
20797   0.7936
20809   0.7991
20821   0.8304
20831   0.8242
20844   0.7998
20850   0.8257
20859   0.8475
20868   0.8247
20875   0.8328
20881   0.8509
20889   0.8428
20901   0.8323
20910   0.8462
20918   0.8555
20926   0.8493
20939   0.8565
20945   0.8668
20956   0.8679
20965   0.8718
20974   0.8904
20983   0.8905
20991   0.8824
21000   0.8994
21012   0.9146
21025   0.9038
21034   0.8933
21050   0.9306
21057   0.9336
21069   0.9179
21079   0.8892
21087   0.8612
21095   0.8444
21105   0.8204
21114   0.8352
21124   0.8552
21134   0.8579
21141   0.9051
21149   0.9600
21154   0.9062
21166   0.8685
21175   0.8842
21185   0.9022
21195   0.9157
21205   0.9193
21214   0.8893
21222   0.9112
21227   0.9319
21237   0.9267
21246   0.9440
21252   0.9326
21259   0.9117
21269   0.9218
21278   0.9282
21287   0.9025
21299   0.8932
21307   0.9192
21316   0.9150
21324   0.8810
21336   0.8946
21352   0.9190
21361   0.8987
21370   0.8817
21379   0.9151
21391   0.9336
21403   0.8997
21415   0.9063
21424   0.9551
21432   0.9484
21442   0.9170
21454   0.9558
21464   0.9953
21470   0.9681
21479   0.9636
21491   1.0196
21501   1.0329
21511   1.0065
21521   1.0391
21527   1.0924
21536   1.0954
21545   1.1393
21552   0.7079
21561   0.7186
21570   0.7169
21580   0.7018
21588   0.6871
21597   0.6894
21602   0.6843
21613   0.6661
21622   0.6611
21630   0.6697
21638   0.6596
21644   0.6435
21653   0.6515
21665   0.6572
21674   0.6410
21684   0.6319
21697   0.6433
21713   0.6337
21722   0.6131
21735   0.6146
21743   0.6257
21750   0.6156
21755   0.6061
21760   0.6187
21769   0.6211
21781   0.6145
21793   0.6221
21805   0.6290
21813   0.6301
21820   0.6325
21832   0.6166
21842   0.6126
21847   0.6627
21857   0.6549
21866   0.6655
21874   0.6651
21883   0.6875
21896   0.6804
21906   0.6670
21915   0.6855
21924   0.6970
21937   0.6809
21946   0.6742
21954   0.6947
21963   0.6993
21975   0.6825
21984   0.6928
21996   0.7090
22003   0.6985
22011   0.6972
22017   0.7134
22026   0.7132
22039   0.7052
22051   0.7195
22059   0.7387
22071   0.7187
22084   0.6940
22094   0.7177
22110   0.7126
22126   0.7286
22138   0.7445
22148   0.7040
22157   0.6889
22166   0.7104
22176   0.7186
22189   0.7129
22201   0.7278
22217   0.7470
22226   0.7416
22233   0.7464
22241   0.7733
22249   0.7741
22258   0.7623
22271   0.7838
22279   0.8051
22288   0.7969
22297   0.7995
22305   0.8295
22314   0.8349
22323   0.8202
22335   0.8537
22344   0.8798
22357   0.8562
22365   0.8471
22378   0.8727
22390   0.8788
22402   0.9141
22412   0.9456
22423   0.9403
22434   0.9245
22442   0.9484
22447   0.9644
22456   0.9449
22472   0.9490
22484   0.9830
22495   0.9857
22504   0.9715
22512   0.9474
22517   0.9275
22526   0.9265
22536   0.9129
22546   0.9032
22556   0.8847
22566   0.8705
22575   0.8685
22585   0.8624
22594   0.8432
22603   0.8423
22608   0.8431
22617   0.8700
22627   0.8745
22639   0.8501
22651   0.8599
22659   0.8893
22667   0.8714
22673   0.7994
22683   0.8024
22692   0.8304
22704   0.7736
22712   0.7351
22724   0.7627
22733   0.7565
22745   0.7365
22753   0.7370
22761   0.7423
22769   0.7253
22776   0.7095
22788   0.7254
22797   0.7189
22806   0.7030
22814   0.7106
22821   0.7164
22830   0.7001
22839   0.6948
22851   0.7120
22860   0.7146
22872   0.7046
22885   0.6761
22897   0.6675
22909   0.6795
22918   0.6630
22930   0.6424
22942   0.6476
22951   0.6505
22961   0.6273
22970   0.6243
22978   0.6399
22987   0.6316
22996   0.7076
23006   0.7610
23014   0.7144
23022   0.6865
23031   0.6722
23043   0.6696
23052   0.6602
23062   0.6429
23074   0.6357
23083   0.6325
23093   0.6235
23106   0.6112
23118   0.6080
23130   0.6069
23140   0.5953
23149   0.5779
23161   0.5769
23169   0.5816
23181   0.5672
23190   0.5608
23206   0.5671
23222   0.5669
23231   0.5578
23240   0.5629
23250   0.5759
23259   0.5655
23271   0.5780
23280   0.5747
23289   0.5722
23299   0.5379
23308   0.5505
23316   0.5764
23323   0.5546
23330   0.5355
23343   0.5542
23352   0.5613
23361   0.5375
23377   0.5373
23385   0.5544
23393   0.5521
23401   0.5440
23411   0.5550
23421   0.5685
23429   0.5864
23436   0.6009
23445   0.6066
23457   0.5805
23468   0.5880
23481   0.5962
23489   0.5831
23501   0.5761
23510   0.5930
23519   0.5956
23526   0.5728
23542   0.5802
23548   0.6414
23560   0.6059
23566   0.5769
23574   0.6138
23582   0.6132
23595   0.6232
23601   0.6245
23611   0.6108
23620   0.6043
23632   0.6214
23644   0.6196
23650   0.6087
23656   0.6114
23663   0.6173
23670   0.6145
23678   0.6101
23685   0.6100
23693   0.6234
23701   0.6156
23717   0.6065
23725   0.6255
23732   0.6259
23740   0.6053
23749   0.6194
23758   0.6392
23766   0.6376
23773   0.6278
23783   0.6416
23792   0.6616
23801   0.6894
23814   0.7165
23826   0.8194
23835   0.9163
23847   0.9793
23855   0.8987
23864   0.8172
23873   0.7961
23881   0.7697
23891   0.7674
23902   0.7659
23914   0.7687
23921   0.7581
23929   0.7697
23940   0.7446
23947   0.7348
23954   0.7113
23962   0.7114
23970   0.7208
23981   0.7277
23991   0.7677
24002   0.7711
24014   0.7456
24022   0.7256
24033   0.6947
24041   0.6871
24049   0.6798
24058   0.6856
24070   0.7519
24080   0.7141
24089   0.7592
24100   0.7183
24110   0.7074
24117   0.6679
24126   0.6549
24135   0.6984
24148   0.7541
24155   0.7388
24160   0.7131
24168   0.6680
24176   0.6596
24184   0.6362
24192   0.6410
24200   0.6425
24210   0.6412
24226   0.6345
24234   0.6195
24239   0.6309
24248   0.6254
24260   0.6522
24270   0.6472
24277   0.6347
24283   0.6270
24291   0.6116
24300   0.6191
24309   0.6141
24317   0.6049
24330   0.6181
24339   0.6061
24351   0.5892
24362   0.5818
24373   0.5882
24382   0.5668
24391   0.5760
24400   0.5963
24409   0.5826
24415   0.5712
24424   0.5954
24433   0.6044
24439   0.5901
24451   0.5828
24461   0.5860
24469   0.5827
24477   0.5745
24485   0.5773
24498   0.5755
24510   0.5738
24522   0.5775
24534   0.5849
24544   0.5869
24557   0.5860
24570   0.6021
24582   0.6173
24587   0.6313
24599   0.6823
24610   0.6404
24621   0.5848
24630   0.5737
24638   0.5929
24643   0.5964
24651   0.6294
24659   0.6492
24666   0.6279
24676   0.6011
24684   0.5971
24693   0.5527
24705   0.5170
24717   0.5292
24726   0.4937
24735   0.5051
24743   0.4894
24755   0.4850
24764   0.4911
24776   0.4389
24785   0.4139
24794   0.4497
24803   0.4493
24808   0.4535
24817   0.4653
24826   0.4669
24837   0.4523
24844   0.4588
24850   0.4698
24860   0.4648
24873   0.4579
24885   0.4642
24893   0.4787
24904   0.4742
24917   0.4683
24929   0.4821
24941   0.5004
24954   0.4830
24964   0.4693
24976   0.4829
24981   0.4899
24990   0.4590
25000   0.4500
25008   0.4738
25015   0.4654
25027   0.4384
25036   0.4555
25045   0.4747
25052   0.4553
25060   0.4483
25071   0.4732
25079   0.4782
25088   0.4764
25093   0.4944
25105   0.5097
25117   0.5099
25126   0.5263
25135   0.5265
25147   0.5222
25160   0.5025
25166   0.4984
25175   0.5057
25184   0.4989
25196   0.4886
25202   0.4949
25209   0.5018
25225   0.4898
25234   0.4878
25243   0.5008
25248   0.5027
25256   0.4853
25265   0.4914
25278   0.5297
25290   0.6037
25302   0.5693
25314   0.5664
25326   0.5871
25336   0.5855
25342   0.5663
25351   0.5799
25357   0.6048
25367   0.5897
25375   0.5636
25390   0.5864
25398   0.6040
25408   0.5796
25421   0.5760
25428   0.5984
25435   0.5951
25447   0.5786
25456   0.5853
25462   0.5936
25469   0.5820
25478   0.5741
25487   0.5836
25495   0.5835
25507   0.5743
25519   0.5805
25532   0.5967
25544   0.5906
25552   0.5897
25559   0.6099
25568   0.6224
25573   0.6694
25581   0.7142
25588   0.7313
25596   0.7581
25601   0.7626
25609   0.7377
25616   0.7354
25628   0.7136
25637   0.7022
25649   0.6929
25657   0.6792
25673   0.6693
25685   0.6893
25697   0.6766
25707   0.6730
25712   0.6944
25718   0.6983
25731   0.6626
25743   0.6420
25754   0.6220
25763   0.5896
25774   0.5981
25783   0.6122
25792   0.5770
25802   0.5587
25818   0.5756
25827   0.5832
25840   0.6110
25851   0.6174
25859   0.6274
25868   0.6571
25880   0.6629
25889   0.6226
25897   0.5917
25908   0.5575
25916   0.5365
25926   0.5315
25934   0.5085
25942   0.5200
25954   0.5376
25963   0.5238
25971   0.5128
25984   0.5310
25993   0.5387
26005   0.5150
26014   0.5158
26023   0.5428
26032   0.5324
26041   0.5162
26048   0.5366
26054   0.5550
26061   0.5334
26070   0.5293
26082   0.5590
26094   0.5628
26106   0.5504
26115   0.5635
26127   0.5847
26137   0.5914
26146   0.5853
26156   0.5977
26167   0.6018
26177   0.5898
26183   0.6033
26189   0.6110
26197   0.5901
26209   0.5837
26218   0.6056
26227   0.6123
26233   0.5843
26238   0.5879
26247   0.5517
26258   0.5150
26266   0.4776
26276   0.4638
26285   0.4608
26292   0.4621
26301   0.4525
26312   0.4197
26321   0.3967
26330   0.3853
26336   0.3688
26342   0.3620
26349   0.3697
26361   0.4206
26368   0.5037
26380   0.4813
26392   0.5036
26402   0.4562
26410   0.4061
26417   0.3853
26425   0.3845
26434   0.3722
26446   0.3614
26455   0.3678
26467   0.3681
26474   0.3839
26486   0.3644
26493   0.3522
26506   0.3612
26515   0.3604
26524   0.3508
26533   0.3601
26540   0.3651
26550   0.3528
26558   0.3556
26567   0.3720
26576   0.3657
26588   0.3560
26595   0.3558
26608   0.3747
26617   0.3732
26629   0.3726
26645   0.3896
26657   0.3958
26665   0.3861
26674   0.3850
26682   0.3988
26691   0.4052
26700   0.3925
26712   0.3890
26721   0.4031
26729   0.4015
26734   0.3874
26742   0.3877
26750   0.4064
26762   0.4142
26771   0.4415
26778   0.4773
26787   0.4834
26799   0.4382
26806   0.4240
26815   0.4448
26820   0.4207
26833   0.4028
26842   0.4192
26850   0.4192
26856   0.3971
26863   0.3959
26875   0.4028
26888   0.3867
26900   0.3770
26909   0.3816
26918   0.3710
26930   0.4018
26935   0.4277
26940   0.4226
26949   0.4047
26958   0.4097
26967   0.4080
26976   0.3907
26985   0.4143
26993   0.4266
27002   0.4499
27012   0.4460
27019   0.4343
27028   0.4561
27037   0.4792
27049   0.4623
27062   0.4653
27078   0.4963
27087   0.4993
27103   0.4854
27112   0.5070
27121   0.5277
27127   0.5109
27140   0.5063
27151   0.5434
27159   0.5496
27171   0.5029
27179   0.5216
27188   0.5638
27196   0.5406
27205   0.5150
27215   0.5561
27226   0.5761
27235   0.5435
27244   0.5443
27251   0.5830
27260   0.5781
27265   0.5591
27271   0.5804
27278   0.6077
27283   0.6116
27296   0.6059
27305   0.5763
27310   0.5668
27316   0.5829
27325   0.5923
27333   0.5973
27345   0.6040
27356   0.6351
27363   0.5912
27370   0.5553
27386   0.5553
27395   0.5308
27404   0.4998
27416   0.5043
27422   0.5082
27434   0.5097
27441   0.5073
27450   0.5606
27456   0.5900
27463   0.6758
27471   0.5868
27479   0.5861
27489   0.6272
27494   0.6630
27507   0.7389
27519   0.6678
27527   0.6412
27535   0.6367
27545   0.6976
27554   0.6801
27563   0.6444
27570   0.6021
27582   0.6035
27589   0.5892
27599   0.5747
27607   0.5934
27615   0.6471
27622   0.7223
27627   0.5486
27637   0.6026
27643   0.5531
27648   0.6049
27657   0.5573
27666   0.5024
27682   0.5120
27691   0.5184
27698   0.4789
27707   0.4560
27714   0.4807
27726   0.4713
27732   0.4327
27744   0.4385
27753   0.4546
27762   0.4245
27771   0.4081
27783   0.4243
27795   0.4189
27807   0.3887
27815   0.3868
27827   0.4058
27836   0.3726
27843   0.3972
27856   0.3967
27869   0.4002
27881   0.3873
27890   0.3705
27902   0.3655
27910   0.3746
27918   0.3566
27924   0.3365
27933   0.3498
27942   0.3502
27952   0.3319
27958   0.3302
27965   0.3437
27977   0.3363
27986   0.3175
27995   0.3210
28001   0.3362
28008   0.3271
28020   0.3041
28025   0.3132
28031   0.3280
28041   0.3112
28050   0.2951
28062   0.3110
28074   0.3117
28080   0.2960
28088   0.2939
28097   0.3122
28105   0.3071
28115   0.2912
28121   0.2966
28129   0.3193
28139   0.3115
28145   0.2969
28157   0.3162
28166   0.3355
28176   0.3215
28186   0.3173
28196   0.3425
28206   0.3473
28216   0.3316
28223   0.3406
28232   0.3594
28241   0.3513
28253   0.3428
28262   0.3583
28272   0.3620
28284   0.3520
28296   0.3555
28305   0.3733
28314   0.3695
28326   0.3631
28335   0.3794
28345   0.3929
28351   0.3834
28363   0.3845
28375   0.4061
28387   0.4097
28397   0.3953
28410   0.4076
28420   0.4274
28430   0.4263
28435   0.4231
28445   0.4508
28455   0.4893
28467   0.4853
28476   0.4905
28485   0.5653
28492   0.6089
28501   0.6151
28509   0.6593
28521   0.7426
28531   0.6854
28538   0.6913
28543   0.7228
28553   0.7570
28558   0.8258
28570   0.8030
28579   0.7836
28588   0.8627
28600   0.8426
28610   0.8288
28618   0.8588
28625   0.8821
28635   0.8420
28645   0.8825
28654   0.9506
28663   1.0221
28673   1.0729
28685   1.1445
28695   1.1899
28701   1.2198
28710   1.2152
28720   1.1165
28732   1.0604
28742   0.9664
28748   0.9777
28758   0.9636
28763   0.9036
28773   0.8711
28783   0.8991
28793   0.8077
28805   0.7552
28821   0.7205
28837   0.7435
28848   0.6088
28856   0.4671
28872   0.3811
28880   0.3638
28889   0.3764
28901   0.3539
28907   0.3460
28914   0.3447
28923   0.3330
28931   0.3249
28943   0.3288
28950   0.3316
28955   0.3425
28964   0.3450
28977   0.3582
28990   0.3453
28999   0.3378
29011   0.3558
29021   0.3486
29029   0.3711
29038   0.3753
29045   0.3982
29055   0.4236
29065   0.5987
29077   0.4880
29085   0.4575
29101   0.4747
29109   0.4757
29118   0.4342
29130   0.4264
29139   0.4435
29145   0.4237
29153   0.3973
29161   0.4075
29170   0.4095
29177   0.3866
29189   0.3785
29197   0.3875
29205   0.3793
29221   0.3646
29230   0.3675
29241   0.3697
29248   0.3540
29257   0.3443
29264   0.3525
29276   0.3474
29286   0.3322
29298   0.3247
29307   0.3225
29316   0.3170
29325   0.3089
29332   0.3056
29340   0.3076
29348   0.3113
29357   0.3061
29369   0.3053
29378   0.3099
29388   0.3107
29400   0.3175
29407   0.3225
29416   0.3265
29425   0.3409
29433   0.3567
29445   0.3622
29455   0.3784
29464   0.4026
29474   0.4099
29484   0.4183
29489   0.4174
29500   0.3964
29507   0.3754
29515   0.3675
29523   0.3504
29535   0.3846
29545   0.3889
29552   0.4156
29561   0.4838
29573   0.4958
29582   0.5323
29595   0.5972
29608   0.6313
29620   0.8290
29631   0.9386
29643   0.8074
29652   0.6281
29660   0.5129
29666   0.4641
29673   0.4515
29682   0.4203
29691   0.3779
29700   0.4587
29709   0.5021
29716   0.5006
29726   0.5160
29735   0.4450
29747   0.4357
29759   0.3647
29768   0.3498
29777   0.3292
29787   0.3205
29796   0.3323
29806   0.3307
29816   0.3184
29823   0.3229
29833   0.3324
29843   0.3249
29855   0.3201
29868   0.3360
29876   0.3407
29885   0.3207
29896   0.3112
29904   0.3119
29916   0.3138
29928   0.2875
29937   0.3241
29946   0.3076
29955   0.2756
29967   0.2832
29980   0.3043
29986   0.2766
29995   0.2738
30008   0.2989
30019   0.2973
30027   0.2823
30036   0.2999
30044   0.3177
30050   0.3016
30062   0.3208
30069   0.2960
30079   0.2842
30088   0.3170
30096   0.3267
30103   0.2985
30116   0.3031
30128   0.3187
30136   0.3157
30145   0.3121
30154   0.3115
30163   0.3137
30174   0.3198
30186   0.3155
30195   0.3183
30203   0.3245
30210   0.3299
30216   0.3346
30223   0.3435
30232   0.3348
30241   0.3181
30249   0.3172
30258   0.3239
30267   0.3257
30275   0.3033
30283   0.2999
30292   0.3147
30301   0.3012
30310   0.2741
30322   0.2926
30331   0.3053
30347   0.2850
30353   0.2730
30362   0.2988
30371   0.2946
30378   0.2938
30385   0.2686
30393   0.3029
30404   0.3071
30412   0.3255
30419   0.3381
30431   0.3416
30443   0.3219
30455   0.3285
30471   0.3473
30480   0.3406
30489   0.3305
30495   0.3504
30504   0.3631
30512   0.3498
30525   0.3482
30533   0.3687
30543   0.3667
30551   0.3528
30557   0.3700
30566   0.3866
30574   0.3730
30582   0.3680
30592   0.3865
30605   0.3924
30617   0.3810
30629   0.3929
30641   0.4127
30653   0.4061
30658   0.4076
30670   0.3990
30681   0.4214
30689   0.4269
30705   0.4415
30716   0.5046
30726   0.5316
30735   0.4567
30744   0.4414
30754   0.3798
30763   0.3257
30776   0.3383
30786   0.3109
30796   0.2721
30807   0.2795
30815   0.3118
30828   0.3209
30839   0.3402
30846   0.3259
30854   0.3116
30865   0.3185
30874   0.3283
30883   0.3134
30888   0.3273
30896   0.3346
30906   0.4135
30916   0.3976
30926   0.5397
30936   0.4109
30941   0.4481
30954   0.4078
30962   0.3305
30971   0.3198
30984   0.3308
30993   0.3361
31002   0.3152
31011   0.3114
31023   0.3279
31032   0.3178
31041   0.2984
31047   0.3147
31056   0.3252
31068   0.3056
31080   0.2983
31092   0.3160
31104   0.3173
31111   0.3001
31120   0.3013
31129   0.3136
31139   0.3117
31146   0.3002
31158   0.3084
31163   0.3058
31172   0.3188
31188   0.3278
31197   0.3424
31207   0.5338
31219   0.5054
31228   0.4494
31241   0.4418
31248   0.4288
31256   0.4096
31265   0.4120
31277   0.4103
31289   0.3937
31301   0.3895
31313   0.3977
31326   0.3950
31335   0.3814
31344   0.3913
31353   0.4186
31364   0.3882
31372   0.3743
31381   0.3158
31394   0.3008
31401   0.2583
31407   0.2909
31415   0.2628
31423   0.2491
31432   0.2476
31440   0.2546
31453   0.2356
31461   0.2322
31470   0.2367
31479   0.2323
31491   0.2272
31500   0.2312
31506   0.2366
31515   0.2332
31523   0.2322
31531   0.2413
31540   0.2440
31552   0.2414
31561   0.2461
31570   0.2481
31579   0.2468
31587   0.2587
31599   0.2528
31604   0.2429
31616   0.2563
31632   0.2648
31638   0.2515
31650   0.2335
31655   0.2415
31665   0.2438
31677   0.2427
31684   0.2576
31690   0.2622
31696   0.2928
31702   0.2747
31711   0.2442
31720   0.2532
31728   0.2537
31735   0.2350
31742   0.2443
31751   0.2525
31758   0.2463
31768   0.2428
31777   0.2450
31789   0.2499
31796   0.2566
31804   0.2670
31808   0.2582
31816   0.2493
31828   0.2500
31837   0.2550
31845   0.2538
31854   0.2494
31862   0.2587
31871   0.2661
31880   0.2601
31892   0.2639
31904   0.2776
31909   0.2768
31917   0.2690
31926   0.2854
31934   0.2974
31942   0.2851
31951   0.2862
31963   0.3118
31969   0.3099
31978   0.2959
31991   0.3137
32000   0.3407
32012   0.3717
32022   0.3475
32030   0.3453
32038   0.3487
32047   0.3454
32052   0.3204
32062   0.3205
32070   0.3263
32079   0.3081
32091   0.2883
32103   0.3008
32111   0.3022
32120   0.2827
32129   0.2753
32137   0.2806
32149   0.2788
32154   0.2697
32163   0.2689
32175   0.2751
32187   0.2706
32203   0.2686
32212   0.2735
32224   0.2741
32236   0.2636
32245   0.2516
32253   0.2572
32261   0.2617
32266   0.2500
32274   0.2480
32282   0.2508
32292   0.2757
32304   0.2934
32314   0.4431
32326   0.4393
32333   0.3908
32345   0.3306
32356   0.2916
32365   0.2686
32373   0.2667
32379   0.2615
32391   0.2473
32400   0.2477
32416   0.2575
32429   0.2437
32441   0.2336
32449   0.2447
32459   0.2469
32466   0.2350
32474   0.2377
32487   0.2450
32499   0.2428
32504   0.2388
32513   0.2466
32520   0.2536
32526   0.2499
32539   0.2545
32551   0.2678
32560   0.2630
32572   0.2585
32579   0.2847
32584   0.2761
32596   0.2704
32604   0.3437
32612   0.3092
32624   0.2866
32632   0.3137
32641   0.3137
32646   0.2910
32657   0.3105
32669   0.3317
32678   0.2966
32686   0.2626
32696   0.2724
32703   0.2623
32716   0.2604
32727   0.2640
32740   0.2750
32748   0.2661
32759   0.2540
32768   0.2688
32780   0.2737
32789   0.2571
32801   0.2555
32813   0.2644
32818   0.2624
32830   0.2543
32842   0.2550
32851   0.2651
32858   0.2719
32866   0.2720
32878   0.2595
32887   0.2518
32895   0.2864
32905   0.2950
32914   0.2879
32926   0.2942
32932   0.3089
32940   0.3083
32949   0.3045
32958   0.3166
32974   0.3271
32982   0.3116
32998   0.3216
33006   0.3537
33015   0.3614
33023   0.3735
33031   0.3593
33040   0.3401
33047   0.3225
33056   0.3109
33063   0.3125
33070   0.3044
33086   0.2965
33095   0.2935
33102   0.2919
33110   0.2847
33120   0.2817
33129   0.2804
33138   0.2792
33151   0.2703
33157   0.2688
33169   0.2779
33178   0.2755
33190   0.2723
33199   0.2735
33208   0.2759
33218   0.2806
33225   0.2794
33241   0.2835
33253   0.2886
33263   0.2938
33270   0.2939
33280   0.2953
33290   0.2999
33302   0.3070
33314   0.3083
33322   0.3138
33333   0.3481
33341   0.3625
33353   0.4166
33358   0.3874
33370   0.4326
33380   0.4076
33390   0.3999
33400   0.3732
33410   0.3907
33416   0.3762
33424   0.3391
33434   0.3523
33447   0.3692
33452   0.3367
33461   0.3204
33466   0.3413
33471   0.3310
33480   0.2988
33489   0.3028
33498   0.3154
33506   0.2893
33515   0.2645
33524   0.2748
33533   0.2722
33540   0.2441
33549   0.2367
33557   0.2453
33573   0.2318
33584   0.2192
33592   0.2279
33601   0.2336
33610   0.2270
33622   0.2290
33631   0.2451
33638   0.2506
33647   0.2429
33656   0.2513
33666   0.2237
33673   0.2321
33681   0.2406
33687   0.2762
33692   0.2947
33700   0.2785
33709   0.3087
33720   0.2684
33731   0.2632
33739   0.2646
33748   0.2634
33757   0.2672
33765   0.2764
33772   0.2899
33780   0.2974
33788   0.3199
33797   0.3221
33805   0.3334
33814   0.3460
33819   0.3376
33824   0.3345
33837   0.3162
33848   0.3146
33856   0.3315
33865   0.3241
33877   0.3042
33885   0.3012
33894   0.2879
33901   0.2866
33907   0.2856
33919   0.2845
33931   0.3001
33938   0.3054
33950   0.2960
33959   0.3060
33969   0.3121
33977   0.3248
33986   0.3575
33995   0.3768
34006   0.4167
34013   0.3817
34023   0.3649
34036   0.4173
34047   0.4221
34057   0.3790
34069   0.3948
34078   0.4411
34088   0.4105
34095   0.3908
34107   0.4712
34111   0.4883
34119   0.6138
34130   0.6226
34137   0.5595
34142   0.4956
34148   0.4243
34157   0.4675
34169   0.4917
34181   0.4093
34190   0.4028
34200   0.4363
34211   0.3723
34224   0.3491
34234   0.3293
34246   0.3147
34256   0.3019
34265   0.2988
34273   0.2946
34281   0.3037
34289   0.3054
34295   0.3179
34305   0.3154
34314   0.3344
34324   0.3577
34329   0.3450
34340   0.3277
34347   0.3179
34358   0.3278
34365   0.3424
34374   0.3392
34390   0.3368
34398   0.3500
34407   0.3624
34413   0.3817
34420   0.3790
34428   0.3607
34435   0.3734
34445   0.3948
34457   0.3854
34467   0.3725
34476   0.4071
34485   0.4388
34497   0.4120
34507   0.3808
34516   0.4301
34524   0.4527
34532   0.4308
34540   0.4957
34551   0.4816
34558   0.4413
34565   0.3867
34577   0.3561
34584   0.3393
34592   0.3278
34600   0.3208
34612   0.2937
34619   0.2799
34635   0.2637
34642   0.2617
34651   0.2458
34663   0.2614
34675   0.2683
34686   0.3000
34695   0.3419
34703   0.2876
34712   0.3346
34717   0.2631
34723   0.2521
34733   0.2468
34739   0.2361
34749   0.2287
34758   0.2522
34764   0.2592
34772   0.2789
34781   0.2930
34791   0.2957
34800   0.3043
34807   0.3256
34818   0.3472
34826   0.3656
34835   0.3824
34841   0.3924
34849   0.4001
34855   0.3811
34863   0.3771
34875   0.4028
34886   0.3973
34893   0.3830
34902   0.3987
34908   0.4103
34918   0.3983
34927   0.4008
34936   0.4203
34942   0.4323
34947   0.4198
34958   0.4251
34967   0.4158
34975   0.4269
34985   0.4476
34992   0.4470
34999   0.4403
35010   0.4285
35017   0.4010
35025   0.3872
35033   0.3810
35041   0.3710
35050   0.3678
35060   0.3581
35070   0.3508
35079   0.3774
35091   0.3448
35099   0.3210
35112   0.3086
35125   0.2920
35133   0.2803
35143   0.2687
35148   0.2428
35156   0.2241
35163   0.2338
35172   0.2476
35179   0.2600
35190   0.2646
35197   0.2834
35206   0.3010
35214   0.3158
35223   0.3464
35233   0.3927
35245   0.3944
35254   0.3552
35263   0.3578
35270   0.3987
35280   0.4759
35291   0.4146
35302   0.3367
35314   0.3462
35323   0.3566
35334   0.3627
35343   0.3706
35351   0.3729
35360   0.3761
35369   0.3743
35378   0.3773
35390   0.4237
35402   0.4548
35411   0.5127
35422   0.5026
35430   0.4932
35438   0.4790
35448   0.4311
35455   0.4118
35466   0.3807
35473   0.3672
35483   0.3533
35499   0.3504
35515   0.3573
35523   0.3631
35532   0.3685
35543   0.3896
35552   0.4380
35560   0.4586
35565   0.4317
35572   0.4689
35584   0.4479
35593   0.5017
35605   0.5499
35616   0.5216
35628   0.4961
35633   0.4187
35640   0.3931
35652   0.3601
35658   0.3320
35667   0.3230
35677   0.3091
35686   0.3056
35694   0.2904
35702   0.2868
35714   0.2734
35725   0.2641
35734   0.3010
35744   0.2564
35752   0.2527
35758   0.2511
35765   0.2285
35773   0.2261
35780   0.2342
35789   0.2662
35794   0.2858
35806   0.3567
35815   0.3286
35821   0.2648
35826   0.2387
35839   0.2467
35844   0.2398
35853   0.2347
35862   0.2404
35867   0.2409
35876   0.2322
35889   0.2358
35895   0.2418
35902   0.2365
35910   0.2334
35918   0.2435
35927   0.2461
35935   0.2402
35944   0.2453
35949   0.2509
35959   0.2476
35971   0.2448
35979   0.2503
35991   0.2542
36001   0.2510
36013   0.2550
36025   0.2663
36032   0.2625
36037   0.2586
36046   0.2652
36053   0.2741
36065   0.2781
36072   0.2828
36081   0.2879
36090   0.2867
36102   0.2841
36112   0.2876
36122   0.2894
36130   0.2886
36138   0.2865
36149   0.2877
36157   0.2884
36166   0.2918
36178   0.2907
36187   0.2866
36196   0.2928
36206   0.2970
36215   0.2968
36222   0.2980
36230   0.3014
36239   0.3016
36248   0.3049
36260   0.3107
36269   0.3135
36277   0.3144
36289   0.3228
36299   0.3308
36307   0.3299
36312   0.3295
36322   0.3344
36331   0.3394
36341   0.3232
36350   0.3126
36360   0.3232
36370   0.3186
36379   0.3073
36388   0.3060
36401   0.3165
36407   0.3091
36417   0.2963
36426   0.2989
36435   0.3072
36447   0.3006
36456   0.2883
36469   0.2935
36481   0.2936
36487   0.2903
36495   0.2931
36505   0.2966
36513   0.2902
36522   0.2855
36531   0.2821
36541   0.2838
36557   0.2939
36565   0.3106
36577   0.3272
36587   0.3525
36597   0.4180
36605   0.4616
36616   0.7803
36621   0.7637
36630   0.7516
36639   0.7299
36651   0.7180
36663   0.7285
36672   0.7529
36681   0.7567
36689   0.7287
36697   0.7350
36706   0.7638
36713   0.7522
36722   0.7317
36728   0.7663
36736   0.7903
36742   0.7703
36749   0.7745
36755   0.8280
36767   0.8444
36779   0.8195
36792   0.8288
36803   0.8218
36808   0.8069
36817   0.7969
36824   0.7949
36836   0.7877
36844   0.7727
36857   0.7764
36866   0.7797
36875   0.7724
36888   0.7696
36897   0.7801
36906   0.7803
36915   0.7732
36923   0.7770
36931   0.7859
36940   0.7908
36952   0.7815
36959   0.7750
36968   0.7853
36976   0.7983
36984   0.8074
36994   0.8057
37000   0.8219
37008   0.7974
37017   0.7954
37029   0.7930
37034   0.7858
37046   0.7766
37054   0.7788
37059   0.7823
37071   0.7709
37080   0.7649
37089   0.7817
37101   0.7844
37108   0.7669
37117   0.7766
37124   0.7950
37133   0.7875
37141   0.7811
37148   0.8024
37157   0.8119
37164   0.7965
37176   0.8092
37185   0.8334
37194   0.8290
37203   0.8269
37215   0.8573
37224   0.8752
37233   0.8662
37245   0.8921
37257   0.9941
37266   0.8516
37274   0.8109
37286   0.8271
37293   0.8145
37301   0.7772
37310   0.7842
37319   0.8016
37324   0.7775
37333   0.7610
37345   0.7849
37354   0.7884
37360   0.7636
37367   0.7753
37376   0.8015
37384   0.7929
37393   0.7846
37409   0.8095
37418   0.8268
37426   0.8173
37433   0.8249
37445   0.8596
37453   1.4597
37462   1.3768
37474   1.2973
37486   1.2575
37498   1.2302
37504   1.1467
37511   1.0933
37519   1.0932
37525   1.0552
37532   0.9715
37542   0.9534
37551   0.9669
37561   0.9012
37571   0.8459
37583   0.8675
37592   0.8730
37597   0.8043
37608   0.7953
37617   0.8478
37626   0.8323
37634   0.7886
37642   0.8229
37648   0.8488
37653   0.8194
37663   0.7686
37671   0.7665
37679   0.7726
37687   0.7361
37695   0.7050
37704   0.7261
37713   0.7183
37722   0.6746
37727   0.6752
37734   0.6979
37741   0.6717
37746   0.6403
37755   0.6569
37764   0.6732
37772   0.6644
37780   0.7008
37787   0.7327
37796   0.7507
37804   0.7068
37811   0.6880
37817   0.6949
37825   0.6801
37838   0.6744
37850   0.6751
37862   0.6674
37870   0.6623
37882   0.6634
37891   0.6647
37896   0.6598
37905   0.6481
37912   0.6469
37920   0.6563
37936   0.6494
37952   0.6360
37959   0.6508
37975   0.6891
37982   0.6717
37994   0.6743
38002   0.7065
38014   0.7238
38022   0.7505
38030   0.7724
38039   0.7440
38048   0.7409
38060   0.7780
38065   0.7772
38072   0.7538
38081   0.7766
38088   0.7973
38096   0.7732
38105   0.7678
38114   0.7990
38120   0.7971
38129   0.7676
38141   0.7839
38149   0.8094
38155   0.7829
38160   0.7758
38172   0.8015
38181   0.7960
38190   0.7768
38195   0.7943
38204   0.8109
38217   0.8218
38226   0.7936
38239   0.8189
38251   0.8787
38263   0.9341
38275   0.9584
38287   0.8669
38299   0.8829
38311   0.8419
38321   0.8454
38327   0.8422
38334   0.7843
38341   0.7662
38349   0.7451
38360   0.7331
38369   0.7290
38382   0.7156
38395   0.8843
38411   0.8448
38424   0.8462
38436   0.8389
38448   0.8105
38454   0.7990
38464   0.7983
38472   0.8071
38481   0.8089
38490   0.7985
38499   0.7966
38508   0.8101
38516   0.8090
38525   0.7957
38538   0.8060
38551   0.8276
38559   0.8184
38568   0.8088
38574   0.8315
38582   0.8461
38591   0.8300
38600   0.8333
38612   0.8618
38621   0.8637
38637   0.8445
38646   0.8678
38658   0.8696
38668   0.6410
38674   0.6028
38682   0.5942
38694   0.5859
38706   0.5801
38718   0.5723
38727   0.5738
38736   0.5746
38746   0.5676
38758   0.5648
38765   0.5731
38778   0.5711
38787   0.5637
38794   0.5721
38800   0.5837
38809   0.5781
38818   0.5727
38824   0.5915
38833   0.5943
38842   0.5837
38848   0.5915
38864   0.6140
38871   0.6113
38880   0.6046
38888   0.6228
38901   0.6321
38913   0.6630
38920   0.6690
38936   0.6987
38945   0.6590
38953   0.6475
38965   0.6339
38973   0.6017
38982   0.5994
38991   0.6076
39000   0.5806
39016   0.5624
39023   0.5813
39030   0.5783
39038   0.5515
39047   0.5616
39063   0.5919
39072   0.5862
39081   0.5920
39093   0.6119
39104   0.6196
39116   0.6236
39128   0.6442
39138   0.6446
39151   0.6253
39157   0.6327
39166   0.6502
39175   0.6371
39182   0.6280
39188   0.6445
39196   0.6428
39208   0.6253
39217   0.6343
39225   0.6472
39233   0.6307
39246   0.6233
39252   0.6452
39263   0.6472
39272   0.6284
39281   0.6410
39290   0.6554
39298   0.6426
39307   0.6371
39319   0.6576
39332   0.6577
39341   0.6423
39357   0.6329
39364   0.6523
39376   0.6565
39386   0.6700
39394   0.7096
39402   0.7210
39412   0.7174
39421   0.7679
39431   0.7186
39441   0.7095
39448   0.7139
39456   0.6879
39461   0.6431
39473   0.6489
39482   0.6717
39492   0.6618
39502   0.6428
39512   0.6366
39521   0.6256
39529   0.6309
39534   0.6163
39544   0.6086
39553   0.6017
39559   0.5879
39566   0.5949
39576   0.6052
39585   0.5910
39594   0.5861
39606   0.6030
39614   0.6016
39623   0.5848
39631   0.5967
39643   0.6158
39659   0.6020
39668   0.5957
39677   0.6249
39686   0.6299
39698   0.6113
39710   0.6315
39722   0.6596
39731   0.6558
39739   0.6526
39749   0.6845
39761   0.7024
39771   0.6954
39777   0.7153
39786   0.7507
39798   0.7562
39808   0.7608
39818   0.7967
39828   0.8241
39834   0.8256
39843   0.8458
39852   0.9418
39859   0.5831
39868   0.5391
39877   0.5304
39887   0.5227
39895   0.5032
39904   0.4860
39909   0.4824
39920   0.4728
39929   0.4525
39937   0.4447
39945   0.4458
39951   0.4336
39960   0.4196
39972   0.4177
39981   0.4174
39991   0.4133
40004   0.4116
40020   0.4086
40029   0.4034
40042   0.4098
40050   0.4130
40057   0.4110
40062   0.4165
40067   0.4289
40076   0.4304
40088   0.4257
40100   0.4445
40112   0.4701
40120   0.4644
40127   0.4501
40139   0.4497
40149   0.4557
40154   0.4621
40164   0.4518
40173   0.4541
40181   0.4462
40190   0.4493
40203   0.4376
40213   0.4196
40222   0.4258
40231   0.4295
40244   0.4085
40253   0.3990
40261   0.4113
40270   0.4057
40282   0.3850
40291   0.3912
40303   0.3982
40310   0.3830
40318   0.3751
40324   0.3869
40333   0.3855
40346   0.3702
40358   0.3786
40366   0.3869
40378   0.4075
40391   0.4486
40401   0.4432
40417   0.4379
40433   0.4606
40445   0.4497
40455   0.4393
40464   0.4364
40473   0.4380
40483   0.4394
40496   0.4386
40508   0.4408
40524   0.4439
40533   0.4451
40540   0.4461
40548   0.4474
40556   0.4498
40565   0.4546
40578   0.4566
40586   0.4559
40595   0.4584
40604   0.4626
40612   0.4615
40621   0.4673
40630   0.4732
40642   0.4782
40651   0.4825
40664   0.4920
40672   0.4965
40685   0.5027
40697   0.5095
40709   0.5378
40719   0.5414
40730   0.5194
40741   0.5311
40749   0.5483
40754   0.5356
40763   0.5356
40779   0.5683
40791   0.5800
40802   0.5730
40811   0.5617
40819   0.5716
40824   0.5420
40833   0.5262
40843   0.5104
40853   0.5025
40863   0.4906
40873   0.4836
40882   0.4901
40892   0.4901
40901   0.4790
40910   0.4794
40915   0.4748
40924   0.4875
40934   0.4834
40946   0.4750
40958   0.4808
40966   0.4864
40974   0.5293
40980   0.5262
40990   0.4932
40999   0.5469
41011   0.5579
41019   0.5012
41031   0.5039
41040   0.5288
41052   0.5072
41060   0.4879
41068   0.5176
41076   0.5239
41083   0.4989
41095   0.5065
41104   0.5362
41113   0.5294
41121   0.5121
41128   0.5375
41137   0.5508
41146   0.5339
41158   0.5372
41167   0.5644
41179   0.4972
41192   0.4766
41204   0.5573
41216   0.5443
41225   0.4763
41237   0.5480
41249   0.5956
41258   0.5252
41268   0.5455
41277   0.6532
41285   0.7166
41294   0.8533
41303   1.0326
41313   0.6446
41321   0.5986
41329   0.5860
41338   0.5844
41350   0.5436
41359   0.5247
41369   0.5220
41381   0.4938
41390   0.4686
41400   0.4640
41413   0.4486
41425   0.4265
41437   0.4221
41447   0.4128
41456   0.3935
41468   0.3924
41476   0.3931
41488   0.3698
41497   0.3711
41513   0.3935
41529   0.3804
41538   0.3623
41547   0.4159
41557   0.4355
41566   0.3751
41578   0.4434
41587   0.4218
41596   0.3887
41606   0.4212
41615   0.4164
41623   0.3779
41630   0.3782
41637   0.4030
41650   0.3816
41659   0.3526
41668   0.3733
41684   0.3867
41692   0.3573
41700   0.3486
41708   0.3782
41718   0.3875
41728   0.3852
41736   0.3792
41743   0.3678
41752   0.3703
41764   0.3829
41775   0.3878
41788   0.3908
41796   0.3675
41808   0.3607
41817   0.3690
41826   0.3588
41833   0.3451
41849   0.3520
41855   0.3561
41867   0.3398
41873   0.3337
41881   0.3531
41889   0.3743
41902   0.3786
41908   0.3914
41918   0.3629
41927   0.3407
41939   0.3566
41951   0.3658
41957   0.3416
41963   0.3316
41970   0.3559
41977   0.3681
41985   0.3480
41992   0.3467
42000   0.3871
42008   0.4012
42024   0.3837
42032   0.3896
42039   0.3784
42047   0.3708
42056   0.3771
42065   0.3820
42073   0.3816
42080   0.3818
42090   0.3906
42099   0.3982
42108   0.3955
42121   0.4049
42133   0.4187
42142   0.4383
42154   0.4914
42162   0.4643
42171   0.4253
42180   0.4820
42188   0.4826
42198   0.4723
42209   0.4628
42221   0.4498
42228   0.4526
42236   0.4688
42247   0.4593
42254   0.4871
42261   0.5101
42269   0.5441
42277   0.5856
42288   0.6110
42298   0.5793
42309   0.5894
42321   0.5800
42329   0.5847
42340   0.5468
42348   0.5054
42356   0.4289
42365   0.4459
42377   0.4522
42387   0.4188
42396   0.4407
42407   0.4703
42417   0.4646
42424   0.4363
42433   0.4412
42442   0.4741
42455   0.4802
42462   0.4694
42467   0.4600
42475   0.4358
42483   0.4406
42491   0.4275
42499   0.4041
42507   0.3927
42517   0.3976
42533   0.3919
42541   0.3750
42546   0.3857
42555   0.4036
42567   0.4259
42577   0.4325
42584   0.4421
42590   0.4365
42598   0.4187
42607   0.4330
42616   0.4407
42624   0.4189
42637   0.4200
42646   0.4104
42658   0.4008
42669   0.4001
42680   0.3991
42689   0.3836
42698   0.3717
42707   0.3766
42716   0.3762
42722   0.3685
42731   0.3563
42740   0.3671
42746   0.3702
42758   0.3663
42768   0.3651
42776   0.3747
42784   0.3827
42792   0.3826
42805   0.3949
42817   0.4132
42829   0.4238
42841   0.4300
42851   0.4535
42864   0.4725
42877   0.4804
42889   0.4997
42894   0.5283
42906   0.5475
42917   0.4818
42928   0.5870
42937   0.4965
42945   0.4316
42950   0.4604
42958   0.4219
42966   0.4030
42973   0.3771
42983   0.3862
42991   0.4498
43000   0.5057
43012   0.4449
43024   0.3969
43033   0.3815
43042   0.3713
43050   0.3798
43062   0.3951
43071   0.4031
43083   0.4193
43092   0.4706
43101   0.4391
43110   0.3920
43115   0.3684
43124   0.3564
43133   0.3933
43144   0.4005
43151   0.3668
43157   0.4128
43167   0.4591
43180   0.4478
43192   0.3455
43200   0.3467
43211   0.4030
43224   0.4579
43236   0.4672
43248   0.3887
43261   0.4017
43271   0.4586
43283   0.4554
43288   0.4862
43297   0.4546
43307   0.4361
43315   0.4341
43322   0.4290
43334   0.4117
43343   0.4034
43352   0.4020
43359   0.3994
43367   0.3886
43378   0.3852
43386   0.3922
43395   0.3887
43400   0.3928
43412   0.3935
43424   0.4115
43433   0.4041
43442   0.4083
43454   0.4031
43467   0.4078
43473   0.4178
43482   0.4156
43491   0.4146
43503   0.4206
43509   0.4232
43516   0.4164
43532   0.4171
43541   0.4277
43550   0.4261
43555   0.4252
43563   0.4599
43572   0.4952
43585   0.4465
43597   0.4020
43609   0.3734
43621   0.3730
43633   0.4171
43643   0.4683
43649   0.4205
43658   0.3843
43664   0.4333
43674   0.4499
43682   0.4079
43697   0.3937
43705   0.4315
43715   0.4226
43728   0.3851
43735   0.4011
43742   0.4229
43754   0.3984
43763   0.3830
43769   0.4073
43776   0.4104
43785   0.3865
43794   0.3925
43802   0.4105
43814   0.4008
43826   0.3908
43839   0.4036
43851   0.4063
43859   0.4017
43866   0.4104
43875   0.4227
43880   0.4140
43888   0.4173
43895   0.4397
43903   0.4358
43908   0.4133
43916   0.4271
43923   0.4517
43935   0.4573
43944   0.4414
43956   0.4165
43964   0.4077
43980   0.4312
43992   0.4402
44004   0.4841
44014   0.4677
44019   0.4407
44025   0.4863
44038   0.4582
44050   0.4564
44061   0.4433
44070   0.4383
44081   0.4325
44090   0.4198
44099   0.4143
44109   0.4160
44125   0.4006
44134   0.3882
44147   0.3941
44158   0.4054
44166   0.4112
44175   0.4106
44187   0.4205
44196   0.4063
44204   0.4282
44215   0.4358
44223   0.4160
44233   0.3757
44241   0.3952
44249   0.4110
44261   0.3786
44270   0.3616
44278   0.3849
44291   0.3962
44300   0.3711
44312   0.3665
44321   0.4030
44330   0.3995
44339   0.3773
44348   0.3966
44355   0.4336
44361   0.4096
44368   0.3865
44377   0.4308
44389   0.4485
44401   0.4077
44413   0.4044
44422   0.4543
44434   0.4465
44444   0.4009
44453   0.4273
44463   0.4657
44474   0.4324
44484   0.4090
44490   0.3717
44496   0.3862
44504   0.4199
44516   0.3874
44525   0.3772
44534   0.4154
44540   0.4121
44545   0.3964
44554   0.3448
44565   0.3500
44573   0.3755
44583   0.3595
44592   0.4121
44599   0.4276
44608   0.4089
44619   0.3949
44628   0.3934
44637   0.3868
44643   0.4288
44649   0.4586
44656   0.4507
44668   0.4587
44675   0.4988
44687   0.4936
44699   0.4356
44709   0.4491
44717   0.4275
44724   0.3988
44732   0.4288
44741   0.3881
44753   0.3905
44762   0.4586
44774   0.4690
44781   0.4430
44793   0.4551
44800   0.4260
44813   0.3330
44822   0.3350
44831   0.3396
44840   0.3337
44847   0.3168
44857   0.3279
44865   0.3462
44874   0.3339
44883   0.3178
44895   0.3191
44902   0.3108
44915   0.3202
44924   0.3153
44936   0.3124
44952   0.3193
44964   0.3276
44972   0.3225
44981   0.3199
44989   0.3277
44998   0.3267
45007   0.3242
45019   0.3306
45028   0.3351
45036   0.3297
45041   0.3331
45049   0.3453
45057   0.3641
45069   0.3843
45078   0.4443
45085   0.4470
45094   0.3910
45106   0.3455
45113   0.3436
45122   0.3460
45127   0.3412
45140   0.3347
45149   0.3363
45157   0.3380
45163   0.3287
45170   0.3265
45182   0.3265
45195   0.3224
45207   0.3125
45216   0.3128
45225   0.3160
45237   0.3149
45242   0.3145
45247   0.3097
45256   0.3142
45265   0.3111
45274   0.3054
45283   0.3080
45292   0.3109
45300   0.3155
45309   0.3221
45319   0.3270
45326   0.3269
45335   0.3351
45344   0.3364
45356   0.3339
45369   0.3339
45385   0.3388
45394   0.3433
45410   0.3413
45419   0.3498
45428   0.3594
45434   0.3455
45447   0.3544
45458   0.3729
45466   0.3740
45478   0.3699
45486   0.3783
45495   0.3912
45503   0.3880
45512   0.3883
45522   0.4159
45533   0.4184
45542   0.3979
45551   0.4057
45558   0.4267
45567   0.4210
45572   0.3839
45578   0.3939
45585   0.3955
45590   0.3838
45603   0.4031
45612   0.4076
45617   0.3880
45623   0.3986
45632   0.4213
45640   0.4177
45652   0.4330
45663   0.4353
45670   0.4016
45677   0.3841
45693   0.3737
45702   0.3867
45711   0.3770
45723   0.3626
45729   0.3733
45741   0.3891
45748   0.3813
45757   0.3960
45763   0.4193
45770   0.3924
45778   0.3845
45786   0.4002
45796   0.4254
45801   0.4246
45814   0.4741
45826   0.4852
45834   0.5723
45842   0.7181
45852   0.7198
45861   0.7310
45870   0.6925
45877   0.6251
45889   0.5312
45896   0.5509
45906   0.5417
45914   0.5389
45922   0.5154
45929   0.4859
45934   0.4276
45944   0.3981
45950   0.3651
45955   0.3536
45964   0.3443
45973   0.3378
45989   0.3393
45998   0.3401
46005   0.3334
46014   0.3319
46021   0.3338
46033   0.3356
46039   0.3344
46051   0.3337
46060   0.3308
46069   0.3295
46078   0.3311
46090   0.3329
46102   0.3306
46114   0.3284
46122   0.3278
46134   0.3319
46143   0.3331
46150   0.3273
46163   0.3257
46176   0.3332
46188   0.3432
46197   0.3354
46209   0.3302
46217   0.3363
46225   0.3421
46231   0.3372
46240   0.3336
46249   0.3412
46259   0.3413
46265   0.3381
46272   0.3402
46284   0.3467
46293   0.3425
46302   0.3380
46308   0.3411
46315   0.3423
46327   0.3387
46332   0.3363
46338   0.3370
46348   0.3383
46357   0.3341
46369   0.3289
46381   0.3354
46387   0.3355
46395   0.3259
46404   0.3266
46412   0.3359
46422   0.3292
46428   0.3204
46436   0.3332
46446   0.3353
46452   0.3226
46464   0.3238
46473   0.3371
46483   0.3316
46493   0.3226
46503   0.3338
46513   0.3448
46523   0.3311
46530   0.3270
46539   0.3492
46548   0.3498
46560   0.3288
46569   0.3371
46579   0.3576
46591   0.3422
46603   0.3275
46612   0.3442
46621   0.3459
46633   0.3299
46642   0.3276
46652   0.3395
46658   0.3271
46670   0.3217
46682   0.3398
46694   0.3402
46704   0.3298
46717   0.3478
46727   0.3571
46737   0.3493
46742   0.3672
46752   0.4012
46762   0.4008
46774   0.4067
46783   0.4030
46792   0.4705
46799   0.5294
46808   0.5699
46816   0.5657
46828   0.6201
46838   0.6097
46845   0.6357
46850   0.6226
46860   0.6429
46865   0.7287
46877   0.7074
46886   0.6248
46895   0.6646
46907   0.5861
46917   0.5624
46925   0.5749
46932   0.5691
46942   0.5208
46952   0.4883
46961   0.4766
46970   0.4486
46980   0.4221
46992   0.4340
47002   0.4639
47008   0.4379
47017   0.3973
47027   0.4313
47039   0.4869
47049   0.4788
47055   0.4519
47065   0.4244
47070   0.4897
47080   0.5203
47090   0.5649
47100   0.5024
47112   0.4739
47128   0.4481
47144   0.3925
47155   0.3600
47163   0.3457
47179   0.3382
47187   0.3001
47196   0.3066
47208   0.2949
47214   0.2970
47221   0.3036
47230   0.3000
47238   0.2899
47250   0.3076
47257   0.3051
47262   0.3248
47271   0.3300
47284   0.3382
47297   0.3245
47306   0.3244
47318   0.4079
47328   0.4124
47336   0.4482
47345   0.4300
47352   0.5361
47362   0.5281
47372   0.6460
47384   0.4602
47392   0.3777
47408   0.3656
47416   0.3644
47425   0.3522
47437   0.3400
47446   0.3397
47452   0.3334
47460   0.3217
47468   0.3200
47477   0.3219
47484   0.3133
47496   0.3069
47504   0.3110
47512   0.3127
47528   0.3038
47537   0.3055
47548   0.3131
47555   0.3099
47564   0.3115
47571   0.3182
47583   0.3191
47593   0.3177
47605   0.3326
47614   0.3430
47623   0.3328
47632   0.3457
47639   0.3729
47647   0.3666
47655   0.3536
47664   0.3813
47676   0.3974
47685   0.3878
47695   0.3987
47707   0.4321
47714   0.4321
47723   0.4277
47732   0.4595
47740   0.4868
47752   0.4783
47762   0.4900
47771   0.5315
47781   0.5476
47791   0.5420
47796   0.5373
47807   0.5005
47814   0.4711
47822   0.4761
47830   0.4703
47842   0.4861
47852   0.4921
47859   0.4926
47868   0.5093
47880   0.5408
47889   0.5568
47902   0.5742
47915   0.6107
47927   0.6774
47938   0.8114
47950   0.8597
47959   0.7493
47967   0.6461
47973   0.6494
47980   0.6606
47989   0.5541
47998   0.5008
48007   0.5921
48016   0.6009
48023   0.5043
48033   0.5043
48042   0.4374
48054   0.3947
48066   0.4403
48075   0.4745
48084   0.4406
48094   0.4136
48103   0.4033
48113   0.3920
48123   0.3672
48130   0.3439
48140   0.3416
48150   0.3433
48162   0.3215
48175   0.3110
48183   0.3243
48192   0.3365
48203   0.3228
48211   0.3021
48223   0.3236
48235   0.3226
48244   0.3154
48253   0.3099
48262   0.3127
48274   0.3096
48287   0.3032
48293   0.3019
48302   0.3037
48315   0.3031
48326   0.3026
48334   0.3039
48343   0.3059
48351   0.3060
48357   0.3058
48369   0.3054
48376   0.3038
48386   0.3077
48395   0.3100
48403   0.3061
48410   0.3059
48423   0.3113
48435   0.3103
48443   0.3112
48452   0.3095
48461   0.3062
48470   0.3062
48481   0.3051
48493   0.3023
48502   0.3040
48510   0.3082
48517   0.3127
48523   0.3036
48530   0.3047
48539   0.3285
48548   0.3202
48556   0.3346
48565   0.3056
48574   0.2969
48582   0.2791
48590   0.2840
48599   0.2890
48608   0.2806
48617   0.2830
48629   0.2874
48638   0.2802
48654   0.2798
48660   0.2865
48669   0.2902
48678   0.2871
48685   0.2940
48692   0.3147
48700   0.3228
48711   0.3167
48719   0.3024
48726   0.2917
48738   0.2937
48750   0.2879
48762   0.2884
48778   0.2911
48787   0.2890
48796   0.2892
48802   0.2942
48811   0.2963
48819   0.2961
48832   0.2999
48840   0.3019
48850   0.3045
48858   0.3092
48864   0.3108
48873   0.3142
48881   0.3187
48889   0.3210
48899   0.3238
48912   0.3295
48924   0.3343
48936   0.3358
48948   0.3456
48960   0.3597
48965   0.3627
48977   0.3669
48988   0.3961
48996   0.3804
49012   0.4337
49023   0.4475
49033   0.4667
49042   0.4821
49051   0.5253
49061   0.5095
49070   0.4351
49083   0.4385
49093   0.3960
49103   0.3789
49114   0.3800
49122   0.3663
49135   0.3476
49146   0.3341
49153   0.3156
49161   0.3174
49172   0.3189
49181   0.3063
49190   0.3118
49195   0.3148
49203   0.3456
49213   0.3307
49223   0.3264
49233   0.3339
49243   0.3437
49248   0.3287
49261   0.3209
49269   0.3190
49278   0.3160
49291   0.3100
49300   0.3114
49309   0.3120
49318   0.3060
49330   0.3033
49339   0.3103
49348   0.3075
49354   0.2991
49363   0.3052
49375   0.3099
49387   0.2998
49399   0.3002
49411   0.3078
49418   0.3056
49427   0.3016
49436   0.3074
49446   0.3136
49453   0.3104
49465   0.3114
49470   0.3080
49479   0.3113
49495   0.3277
49504   0.3495
49514   0.4321
49526   0.4050
49535   0.3460
49548   0.3492
49555   0.3478
49563   0.3292
49572   0.3272
49584   0.3355
49596   0.3299
49608   0.3184
49620   0.3230
49633   0.3267
49642   0.3198
49651   0.3192
49660   0.3256
49671   0.3214
49679   0.3210
49688   0.3151
49701   0.3061
49708   0.3020
49714   0.2936
49722   0.2876
49730   0.2778
49739   0.2715
49747   0.2683
49760   0.2640
49768   0.2625
49777   0.2614
49786   0.2566
49798   0.2540
49807   0.2517
49813   0.2450
49822   0.2464
49830   0.2498
49838   0.2389
49847   0.2363
49859   0.2487
49868   0.2447
49877   0.2317
49886   0.2424
49894   0.2516
49906   0.2354
49911   0.2391
49923   0.2481
49939   0.2452
49945   0.2475
49957   0.2472
49962   0.2828
49972   0.2715
49984   0.3160
49991   0.4584
49997   0.4693
50003   0.4384
50009   0.4079
50018   0.4535
50027   0.4634
50035   0.3947
50042   0.3396
50049   0.3362
50058   0.3744
50065   0.3101
50075   0.2632
50084   0.2806
50096   0.2583
50103   0.2789
50111   0.2823
50115   0.2776
50123   0.2918
50135   0.2923
50144   0.2785
50152   0.2906
50161   0.3053
50169   0.2967
50178   0.2959
50187   0.3139
50199   0.3168
50211   0.3042
50216   0.3047
50224   0.3151
50233   0.3107
50241   0.3040
50249   0.3018
50258   0.3034
50270   0.3073
50276   0.3058
50285   0.2948
50298   0.2973
50307   0.3144
50319   0.3118
50329   0.3233
50337   0.3196
50345   0.3142
50354   0.3177
50359   0.3226
50369   0.3215
50377   0.3155
50386   0.3189
50398   0.3384
50410   0.3374
50418   0.3124
50427   0.3170
50436   0.3383
50444   0.3218
50456   0.3016
50461   0.3087
50470   0.3241
50482   0.3071
50494   0.2961
50510   0.3172
50519   0.3297
50531   0.3353
50543   0.3787
50552   0.3593
50560   0.3356
50568   0.4059
50573   0.4430
50581   0.4437
50589   0.3868
50599   0.3954
50611   0.4446
50621   0.3631
50633   0.3789
50640   0.4064
50652   0.3520
50663   0.3498
50672   0.2985
50680   0.2956
50686   0.2991
50698   0.2836
50707   0.2680
50723   0.2705
50736   0.2661
50748   0.2619
50756   0.2611
50766   0.2648
50773   0.2629
50781   0.2601
50794   0.2657
50806   0.2707
50811   0.2714
50820   0.2743
50827   0.2799
50833   0.2811
50846   0.2829
50858   0.2893
50867   0.2963
50879   0.2967
50886   0.3053
50891   0.3152
50903   0.3409
50911   0.3403
50919   0.3050
50931   0.2845
50939   0.2825
50948   0.2849
50953   0.2712
50964   0.2713
50976   0.2590
50985   0.2631
50993   0.2716
51003   0.2741
51010   0.2628
51023   0.2799
51034   0.2667
51047   0.2607
51055   0.2553
51066   0.2541
51075   0.2550
51087   0.2489
51096   0.2474
51108   0.2494
51120   0.2482
51125   0.2446
51137   0.2462
51149   0.2456
51158   0.2382
51165   0.2415
51173   0.2416
51185   0.2445
51194   0.2532
51202   0.2564
51212   0.2579
51221   0.2609
51233   0.2612
51239   0.2620
51247   0.2650
51256   0.2676
51265   0.2643
51281   0.2665
51289   0.2732
51305   0.2779
51313   0.2992
51322   0.2850
51330   0.2833
51338   0.2917
51347   0.2797
51354   0.2653
51363   0.2663
51370   0.2711
51377   0.2664
51393   0.2587
51402   0.2694
51409   0.2779
51417   0.2683
51427   0.2623
51436   0.2804
51445   0.2854
51458   0.2559
51464   0.2524
51476   0.2726
51485   0.2642
51497   0.2499
51506   0.2630
51515   0.2703
51525   0.2602
51532   0.2630
51548   0.2714
51560   0.2738
51570   0.2757
51577   0.2865
51587   0.2920
51597   0.2912
51609   0.2970
51621   0.3065
51629   0.2989
51640   0.3200
51648   0.3363
51660   0.3352
51665   0.3317
51677   0.3728
51687   0.4133
51697   0.4192
51707   0.3989
51717   0.4029
51723   0.3890
51731   0.3761
51741   0.3822
51754   0.3797
51759   0.3645
51768   0.3680
51773   0.3731
51778   0.3645
51787   0.3601
51796   0.3675
51805   0.3621
51813   0.3531
51822   0.3634
51831   0.3616
51840   0.3447
51847   0.3489
51856   0.3568
51864   0.3441
51880   0.3371
51891   0.3246
51899   0.3198
51908   0.3097
51917   0.2960
51929   0.2976
51938   0.2962
51945   0.2870
51954   0.2785
51963   0.2793
51973   0.2899
51980   0.2660
51988   0.2557
51994   0.2681
51999   0.2599
52007   0.2602
52016   0.2835
52027   0.2850
52038   0.2912
52046   0.3009
52055   0.2902
52064   0.2951
52072   0.2929
52079   0.3006
52087   0.3042
52095   0.3154
52104   0.3131
52112   0.3234
52121   0.3240
52126   0.3302
52131   0.3232
52144   0.3132
52155   0.3131
52163   0.3316
52172   0.3306
52184   0.3246
52192   0.3261
52201   0.3135
52208   0.3213
52214   0.3163
52226   0.3212
52238   0.3455
52245   0.3446
52257   0.3344
52266   0.3558
52276   0.3625
52284   0.3721
52293   0.4087
52302   0.4385
52313   0.4581
52320   0.4183
52330   0.4237
52343   0.4677
52354   0.4483
52364   0.4075
52376   0.4548
52385   0.5023
52395   0.4571
52402   0.4457
52414   0.5003
52418   0.5582
52426   0.5100
52437   0.5303
52444   0.6009
52449   0.5565
52455   0.6198
52464   0.4819
52476   0.4783
52488   0.4827
52497   0.4983
52507   0.4977
52518   0.4718
52531   0.4715
52541   0.5006
52553   0.4651
52563   0.3767
52572   0.3589
52580   0.3419
52588   0.3545
52596   0.3450
52602   0.3517
52612   0.3422
52621   0.3733
52631   0.3633
52636   0.3429
52647   0.3364
52654   0.3314
52665   0.3190
52672   0.3383
52681   0.3428
52697   0.3484
52705   0.3514
52714   0.3601
52720   0.3763
52727   0.3774
52735   0.3649
52742   0.3731
52752   0.3941
52764   0.3830
52774   0.3765
52783   0.3910
52792   0.3918
52804   0.3754
52814   0.3746
52823   0.4036
52831   0.4040
52839   0.4221
52847   0.4364
52858   0.4164
52865   0.3773
52872   0.3651
52884   0.3453
52891   0.3319
52899   0.3135
52907   0.3122
52919   0.2955
52926   0.2898
52942   0.2733
52949   0.2727
52958   0.2664
52970   0.2704
52982   0.2700
52993   0.2482
53002   0.2470
53010   0.2409
53019   0.2408
53024   0.2418
53030   0.2420
53040   0.2443
53046   0.2493
53056   0.2594
53065   0.2642
53071   0.2717
53079   0.2858
53088   0.2950
53098   0.3127
53107   0.3215
53114   0.3420
53125   0.3609
53133   0.3663
53142   0.3823
53148   0.3860
53156   0.3877
53162   0.3991
53170   0.4109
53182   0.4245
53193   0.4069
53200   0.3873
53209   0.4013
53215   0.4123
53225   0.4022
53234   0.3841
53243   0.4191
53249   0.4254
53254   0.4376
53265   0.4375
53274   0.4396
53282   0.4598
53292   0.4816
53299   0.4969
53306   0.4755
53317   0.4450
53324   0.4025
53332   0.3883
53340   0.3854
53348   0.3757
53357   0.3776
53367   0.3652
53377   0.3487
53386   0.3438
53398   0.3486
53406   0.3458
53419   0.3416
53432   0.3171
53440   0.3119
53450   0.2855
53455   0.2684
53463   0.2529
53470   0.2540
53479   0.2546
53486   0.2674
53497   0.2769
53504   0.2941
53513   0.3178
53521   0.3447
53530   0.3802
53540   0.4267
53552   0.4288
53561   0.4164
53570   0.4398
53577   0.4217
53587   0.4216
53598   0.3930
53609   0.3622
53621   0.3566
53630   0.3733
53641   0.3668
53650   0.3767
53658   0.3722
53667   0.3840
53676   0.3843
53685   0.3885
53697   0.3963
53709   0.4250
53718   0.4288
53729   0.4754
53737   0.5376
53745   0.5181
53755   0.4803
53762   0.4336
53773   0.3999
53780   0.3780
53790   0.3631
53806   0.3579
53822   0.3671
53830   0.3595
53839   0.3717
53850   0.3720
53859   0.4210
53867   0.4732
53872   0.4348
53879   0.4759
53891   0.4749
53900   0.5120
53912   0.6391
53923   0.6753
53935   0.6364
53940   0.5369
53947   0.4702
53959   0.3942
53965   0.3556
53974   0.3626
53984   0.3474
53993   0.3407
54001   0.3220
54009   0.3094
54021   0.2898
54032   0.2786
54041   0.2686
54051   0.2509
54059   0.2614
54065   0.2744
54072   0.2816
54080   0.2908
54087   0.3066
54096   0.3496
54101   0.2961
54113   0.2976
54122   0.3243
54128   0.3174
54133   0.2923
54146   0.2891
54151   0.2898
54160   0.2804
54169   0.2746
54174   0.2723
54183   0.2708
54196   0.2718
54202   0.2714
54209   0.2695
54217   0.2687
54225   0.2708
54234   0.2686
54242   0.2677
54251   0.2700
54256   0.2692
54266   0.2677
54278   0.2705
54286   0.2717
54298   0.2710
54308   0.2720
54320   0.2759
54332   0.2762
54339   0.2772
54344   0.2835
54353   0.2817
54360   0.2757
54372   0.2778
54379   0.2851
54388   0.2784
54397   0.2814
54409   0.2937
54419   0.2921
54429   0.3010
54437   0.3121
54445   0.3039
54456   0.2924
54464   0.3056
54473   0.3032
54485   0.2914
54494   0.2946
54503   0.3064
54513   0.2977
54522   0.2909
54529   0.3065
54537   0.3170
54546   0.2980
54555   0.2946
54567   0.3164
54576   0.3134
54584   0.2923
54596   0.3068
54606   0.3224
54614   0.3132
54619   0.3207
54629   0.3144
54638   0.3292
54648   0.3201
54657   0.3002
54667   0.3027
54677   0.3107
54686   0.2964
54695   0.2876
54708   0.2989
54714   0.2988
54724   0.2865
54733   0.2887
54742   0.3014
54754   0.2999
54763   0.2878
54776   0.2918
54788   0.2933
54794   0.2869
54802   0.2990
54812   0.3025
54820   0.2958
54829   0.3018
54838   0.3105
54848   0.3093
54864   0.3067
54872   0.3123
54884   0.3397
54894   0.3803
54904   0.4417
54912   0.5797
