    2   0.8490
    7   0.8427
   16   0.8631
   25   0.8388
   37   0.8089
   49   0.8279
   58   0.8373
   67   0.8065
   75   0.7966
   83   0.8331
   92   0.8360
   99   0.8027
  108   0.8161
  114   0.8542
  122   0.8366
  128   0.8139
  135   0.8466
  141   0.8747
  153   0.8562
  165   0.8592
  178   0.8405
  189   0.8135
  194   0.8107
  203   0.8060
  210   0.7748
  222   0.7681
  230   0.7774
  243   0.7604
  252   0.7346
  261   0.7442
  274   0.7507
  283   0.7230
  292   0.7103
  301   0.7319
  309   0.7170
  317   0.6920
  326   0.7073
  338   0.7626
  345   0.7559
  354   0.7452
  362   0.7063
  370   0.6926
  380   0.6633
  386   0.6657
  394   0.6748
  403   0.6885
  415   0.7039
  420   0.7102
  432   0.7176
  440   0.7348
  445   0.7497
  457   0.7564
  466   0.7697
  475   0.7902
  487   0.8019
  494   0.8116
  503   0.8301
  510   0.8504
  519   0.8597
  527   0.8734
  534   0.8995
  543   0.9192
  550   0.9228
  562   0.9502
  571   0.9792
  580   0.9860
  589   0.9988
  601   1.0390
  610   1.0613
  619   1.0717
  631   1.1147
  643   1.1908
  652   0.9497
  660   0.9464
  672   0.9368
  679   0.8889
  687   0.8968
  696   0.9287
  705   0.8959
  710   0.8650
  719   0.8980
  731   0.9060
  740   0.8644
  746   0.8637
  753   0.8990
  762   0.8843
  770   0.8522
  779   0.8787
  795   0.9007
  804   0.8722
  812   0.8630
  819   0.9019
  831   0.9302
  839   0.7186
  848   0.7072
  860   0.6815
  872   0.6709
  884   0.6745
  890   0.6614
  897   0.6568
  905   0.6693
  911   0.6742
  918   0.6670
  928   0.6746
  937   0.6934
  947   0.6956
  957   0.6908
  969   0.7063
  978   0.7307
  983   0.7309
  994   0.7269
 1003   0.7555
 1012   0.7749
 1020   0.7683
 1028   0.7785
 1034   0.7865
 1039   0.7685
 1049   0.7590
 1057   0.7602
 1065   0.7322
 1073   0.7142
 1081   0.7336
 1090   0.7283
 1099   0.6927
 1108   0.6954
 1113   0.7196
 1120   0.6997
 1127   0.6753
 1132   0.7022
 1141   0.7175
 1150   0.6904
 1158   0.6777
 1166   0.6857
 1173   0.6769
 1182   0.6803
 1190   0.6732
 1197   0.6510
 1203   0.6327
 1211   0.6584
 1224   0.6601
 1236   0.6339
 1248   0.6394
 1256   0.6683
 1268   0.6574
 1277   0.6439
 1282   0.6633
 1291   0.6732
 1298   0.6588
 1306   0.6623
 1322   0.6917
 1338   0.6909
 1345   0.6745
 1361   0.7214
 1368   0.7227
 1380   0.7404
 1388   0.7477
 1400   0.7196
 1408   0.7153
 1416   0.6838
 1425   0.6654
 1434   0.6815
 1446   0.6754
 1451   0.6443
 1458   0.6485
 1467   0.6687
 1474   0.6486
 1482   0.6304
 1491   0.6507
 1500   0.6626
 1506   0.6346
 1515   0.6341
 1527   0.6653
 1535   0.6630
 1541   0.6438
 1546   0.6668
 1558   0.6917
 1567   0.6790
 1576   0.6800
 1581   0.7127
 1590   0.7230
 1603   0.7055
 1612   0.7087
 1625   0.7397
 1637   0.7573
 1649   0.7926
 1661   0.8532
 1673   0.8019
 1685   0.8009
 1697   0.8361
 1707   0.8365
 1713   0.8019
 1720   0.8201
 1727   0.8275
 1735   0.8802
 1746   0.8496
 1755   0.8205
 1768   0.8803
 1781   1.1820
 1797   1.0644
 1810   1.0017
 1822   0.8720
 1834   0.8956
 1840   0.8296
 1850   0.8378
 1858   0.8626
 1867   0.8212
 1876   0.7871
 1885   0.8143
 1894   0.8104
 1902   0.7656
 1911   0.7586
 1924   0.7803
 1937   0.7599
 1945   0.7241
 1954   0.7374
 1960   0.7490
 1968   0.7174
 1977   0.6948
 1986   0.7231
 1998   0.7232
 2007   0.6895
 2023   0.6921
 2032   0.7205
 2044   0.7646
 2054   0.7773
 2060   0.7258
 2068   0.7079
 2080   0.7473
 2092   0.7172
 2104   0.6689
 2113   0.7031
 2122   0.7335
 2132   0.6917
 2144   0.6672
 2151   0.6617
 2164   0.7013
 2173   0.7027
 2180   0.6826
 2186   0.7098
 2195   0.7343
 2204   0.7310
 2210   0.7396
 2219   0.7531
 2228   0.7577
 2234   0.7639
 2250   0.7665
 2257   0.7805
 2266   0.7765
 2274   0.7512
 2287   0.7817
 2299   0.7774
 2306   0.7979
 2322   0.7514
 2331   0.6998
 2339   0.7106
 2351   0.7051
 2359   0.6841
 2368   0.6954
 2377   0.6967
 2386   0.6865
 2402   0.6923
 2409   0.7075
 2416   0.6950
 2424   0.6850
 2433   0.6948
 2449   0.7019
 2458   0.6861
 2467   0.6639
 2479   0.6782
 2490   0.6725
 2502   0.6725
 2514   0.6581
 2524   0.6585
 2537   0.6711
 2543   0.6544
 2552   0.6360
 2561   0.6474
 2568   0.6549
 2574   0.6386
 2582   0.6322
 2594   0.6480
 2603   0.6504
 2611   0.6302
 2619   0.6305
 2632   0.6497
 2638   0.6398
 2649   0.6269
 2658   0.6379
 2667   0.6456
 2676   0.6289
 2684   0.6238
 2693   0.6475
 2705   0.6421
 2718   0.6230
 2727   0.6279
 2743   0.6489
 2750   0.6577
 2762   0.7183
 2772   0.6986
 2780   0.7083
 2788   0.7083
 2798   0.7087
 2807   0.7423
 2817   0.7813
 2827   0.7901
 2834   0.8722
 2842   0.8682
 2847   0.8029
 2859   0.8096
 2868   0.8387
 2878   0.8377
 2888   0.8183
 2898   0.7951
 2907   0.7701
 2915   0.8038
 2920   0.6567
 2930   0.7285
 2939   0.7055
 2945   0.6931
 2952   0.6994
 2962   0.6859
 2971   0.6724
 2980   0.6667
 2992   0.6586
 3000   0.6483
 3009   0.6406
 3017   0.6305
 3029   0.6220
 3045   0.6176
 3054   0.6122
 3063   0.6035
 3072   0.5982
 3084   0.5914
 3096   0.5887
 3108   0.5910
 3117   0.5936
 3125   0.5884
 3135   0.5902
 3147   0.5956
 3157   0.5985
 3163   0.5989
 3172   0.6093
 3184   0.6187
 3194   0.6209
 3204   0.6328
 3214   0.6484
 3220   0.6552
 3229   0.6664
 3238   0.7476
 3245   0.6720
 3254   0.6509
 3263   0.6483
 3273   0.6265
 3281   0.6254
 3290   0.6370
 3295   0.6276
 3306   0.6132
 3315   0.6203
 3323   0.6283
 3331   0.6145
 3337   0.6114
 3346   0.6216
 3358   0.6233
 3367   0.6123
 3377   0.6107
 3390   0.6168
 3406   0.6162
 3415   0.6029
 3428   0.6032
 3436   0.6120
 3443   0.6094
 3448   0.5986
 3453   0.6072
 3462   0.6164
 3474   0.6047
 3486   0.5997
 3498   0.6143
 3506   0.6144
 3513   0.6022
 3525   0.5991
 3535   0.5870
 3540   0.6090
 3550   0.6334
 3559   0.6465
 3567   0.6623
 3576   0.6693
 3589   0.6306
 3599   0.6184
 3608   0.6449
 3617   0.6294
 3630   0.5949
 3639   0.6035
 3647   0.6183
 3656   0.5924
 3668   0.5743
 3677   0.5998
 3689   0.6030
 3696   0.5742
 3704   0.5817
 3710   0.6097
 3719   0.5967
 3732   0.5830
 3744   0.6100
 3752   0.6297
 3764   0.6291
 3777   0.6528
 3787   0.6606
 3803   0.6683
 3819   0.6634
 3831   0.6831
 3841   0.6623
 3850   0.6404
 3859   0.6688
 3869   0.6803
 3882   0.6501
 3894   0.6541
 3910   0.6845
 3919   0.6692
 3926   0.6498
 3934   0.6747
 3942   0.6909
 3951   0.6643
 3964   0.6680
 3972   0.6948
 3981   0.6938
 3990   0.6761
 3998   0.6931
 4007   0.7169
 4016   0.7080
 4028   0.7026
 4037   0.7189
 4050   0.7324
 4058   0.7458
 4071   0.7538
 4083   0.7673
 4095   0.7609
 4105   0.7867
 4116   0.8239
 4127   0.8197
 4135   0.7985
 4140   0.8224
 4149   0.8545
 4165   0.8401
 4177   0.8315
 4188   0.8719
 4197   0.8785
 4205   0.8561
 4210   0.8383
 4219   0.8102
 4229   0.7881
 4239   0.7423
 4249   0.7418
 4259   0.7352
 4268   0.7020
 4278   0.6752
 4287   0.6862
 4296   0.6631
 4301   0.6693
 4310   0.6833
 4320   0.6744
 4332   0.6833
 4344   0.6875
 4352   0.7145
 4360   0.6868
 4366   0.6544
 4376   0.6632
 4385   0.6564
 4397   0.6386
 4405   0.6432
 4417   0.6561
 4426   0.6461
 4438   0.6315
 4446   0.6429
 4454   0.6500
 4462   0.6500
 4469   0.6450
 4481   0.6586
 4490   0.6601
 4499   0.6515
 4507   0.6546
 4514   0.6660
 4523   0.6669
 4532   0.6558
 4544   0.6693
 4553   0.6829
 4565   0.7202
 4578   0.6615
 4590   0.6428
 4602   0.6848
 4611   0.6763
 4623   0.6220
 4635   0.6322
 4644   0.6556
 4654   0.6233
 4663   0.5887
 4671   0.6040
 4680   0.5665
 4689   0.6091
 4699   0.6580
 4707   0.5977
 4715   0.6036
 4724   0.5994
 4736   0.5704
 4745   0.5586
 4755   0.5827
 4767   0.5744
 4776   0.5551
 4786   0.5655
 4799   0.5937
 4811   0.5805
 4823   0.5848
 4833   0.6055
 4842   0.6143
 4854   0.5976
 4862   0.5604
 4874   0.5536
 4883   0.5566
 4899   0.5221
 4915   0.4970
 4924   0.5080
 4933   0.4962
 4943   0.4600
 4952   0.4679
 4964   0.4726
 4973   0.4485
 4982   0.4394
 4992   0.4613
 5001   0.4553
 5009   0.4290
 5016   0.4374
 5023   0.4569
 5036   0.4404
 5045   0.4267
 5054   0.4437
 5070   0.4499
 5078   0.4256
 5086   0.4227
 5094   0.4504
 5104   0.4717
 5114   0.4710
 5122   0.4945
 5129   0.5040
 5138   0.5091
 5150   0.4875
 5161   0.4780
 5174   0.4899
 5182   0.4810
 5194   0.4609
 5203   0.4675
 5212   0.4785
 5219   0.4602
 5235   0.4502
 5241   0.4597
 5253   0.4577
 5259   0.4339
 5267   0.4282
 5275   0.4499
 5288   0.4734
 5294   0.4875
 5304   0.4743
 5313   0.4788
 5325   0.5078
 5337   0.5049
 5343   0.4924
 5349   0.5220
 5356   0.5372
 5363   0.5165
 5371   0.5252
 5378   0.5587
 5386   0.5571
 5394   0.5365
 5410   0.5611
 5418   0.5861
 5425   0.5664
 5433   0.5613
 5442   0.5927
 5451   0.6031
 5459   0.5821
 5466   0.6025
 5476   0.6460
 5485   0.6434
 5494   0.6301
 5507   0.6760
 5519   0.7043
 5528   0.6961
 5540   0.6936
 5548   0.6720
 5557   0.6314
 5566   0.5949
 5574   0.5992
 5584   0.6103
 5595   0.5836
 5607   0.5756
 5614   0.5671
 5622   0.5815
 5633   0.5537
 5640   0.5349
 5647   0.5122
 5655   0.4996
 5663   0.5110
 5674   0.5262
 5684   0.5537
 5695   0.5440
 5707   0.5092
 5715   0.5178
 5726   0.4968
 5734   0.5031
 5742   0.5032
 5751   0.5249
 5763   0.5178
 5773   0.5244
 5782   0.5497
 5793   0.5221
 5803   0.5178
 5810   0.5482
 5819   0.5639
 5828   0.5565
 5841   0.5039
 5848   0.5248
 5853   0.5384
 5861   0.5322
 5869   0.5364
 5877   0.5442
 5885   0.5382
 5893   0.5125
 5903   0.5092
 5919   0.5191
 5927   0.5172
 5932   0.5383
 5941   0.5363
 5953   0.5672
 5963   0.6025
 5970   0.5691
 5976   0.5818
 5984   0.5631
 5993   0.5521
 6002   0.5542
 6010   0.5715
 6023   0.5946
 6032   0.5812
 6044   0.5428
 6055   0.5594
 6066   0.5729
 6075   0.5470
 6084   0.5354
 6093   0.5581
 6102   0.5518
 6108   0.5290
 6117   0.5397
 6126   0.5505
 6132   0.5376
 6144   0.5293
 6154   0.5471
 6162   0.5595
 6170   0.5468
 6178   0.5570
 6191   0.5736
 6203   0.5688
 6215   0.5706
 6227   0.5921
 6237   0.6021
 6250   0.6009
 6263   0.6147
 6275   0.6388
 6280   0.6364
 6292   0.6338
 6303   0.5790
 6314   0.5817
 6323   0.5699
 6331   0.6036
 6336   0.5737
 6344   0.4992
 6352   0.4394
 6359   0.4637
 6369   0.4027
 6377   0.3978
 6386   0.4213
 6398   0.4516
 6410   0.4799
 6419   0.4358
 6428   0.4702
 6436   0.5208
 6448   0.5600
 6457   0.5395
 6469   0.4781
 6478   0.5020
 6487   0.4609
 6496   0.4205
 6501   0.4300
 6510   0.4144
 6519   0.3945
 6530   0.3950
 6537   0.3962
 6543   0.3796
 6553   0.3758
 6566   0.3756
 6578   0.3688
 6586   0.3583
 6597   0.3661
 6610   0.3599
 6622   0.3556
 6634   0.3540
 6647   0.3614
 6657   0.3432
 6669   0.3584
 6674   0.3626
 6683   0.3337
 6693   0.3389
 6701   0.3625
 6708   0.3505
 6720   0.3315
 6729   0.3462
 6738   0.3561
 6745   0.3447
 6753   0.3413
 6764   0.3480
 6772   0.3514
 6781   0.3412
 6786   0.3462
 6798   0.3614
 6810   0.3603
 6819   0.3700
 6828   0.3729
 6840   0.3809
 6853   0.3675
 6859   0.3689
 6868   0.3870
 6877   0.3775
 6889   0.3650
 6895   0.3804
 6902   0.3878
 6918   0.3748
 6927   0.3783
 6936   0.3925
 6941   0.3876
 6949   0.3808
 6958   0.3950
 6971   0.4061
 6983   0.4017
 6995   0.4102
 7007   0.4207
 7019   0.4411
 7029   0.4325
 7035   0.4194
 7044   0.4441
 7050   0.4653
 7060   0.4303
 7068   0.4228
 7083   0.4528
 7091   0.4440
 7101   0.4166
 7114   0.4295
 7121   0.4465
 7128   0.4282
 7140   0.4186
 7149   0.4381
 7155   0.4433
 7162   0.4174
 7171   0.4170
 7180   0.4504
 7188   0.4480
 7200   0.4300
 7212   0.4466
 7225   0.4716
 7237   0.4566
 7245   0.4501
 7252   0.4765
 7261   0.4942
 7266   0.5187
 7274   0.5428
 7281   0.5530
 7289   0.5934
 7294   0.5761
 7302   0.5448
 7309   0.5244
 7321   0.4974
 7330   0.4929
 7342   0.5020
 7350   0.4988
 7366   0.5071
 7378   0.5609
 7390   0.6171
 7400   0.6070
 7405   0.5528
 7411   0.5273
 7424   0.4937
 7436   0.4767
 7447   0.4528
 7456   0.4344
 7467   0.4250
 7476   0.4229
 7485   0.4050
 7495   0.3932
 7511   0.3894
 7520   0.3936
 7533   0.4155
 7544   0.4186
 7552   0.4436
 7561   0.4829
 7573   0.4890
 7582   0.4480
 7590   0.4224
 7601   0.4220
 7609   0.3986
 7619   0.3972
 7627   0.3868
 7635   0.3931
 7647   0.4054
 7656   0.3892
 7664   0.3781
 7677   0.3913
 7686   0.4020
 7698   0.3849
 7707   0.3794
 7716   0.4004
 7725   0.4024
 7734   0.3847
 7741   0.3987
 7747   0.4198
 7754   0.4115
 7763   0.4017
 7775   0.4269
 7787   0.4388
 7799   0.4214
 7808   0.4277
 7820   0.4533
 7830   0.4467
 7839   0.4299
 7849   0.4508
 7860   0.4702
 7870   0.4366
 7876   0.4953
 7882   0.5408
 7890   0.4735
 7902   0.4809
 7911   0.5804
 7920   0.5885
 7926   0.5281
 7931   0.4509
 7940   0.4405
 7951   0.3359
 7959   0.3153
 7969   0.2964
 7978   0.3101
 7985   0.3171
 7994   0.3012
 8005   0.2893
 8014   0.2948
 8023   0.3458
 8029   0.3647
 8035   0.3019
 8042   0.2910
 8054   0.3010
 8061   0.3043
 8073   0.2991
 8085   0.2856
 8095   0.3367
 8103   0.3814
 8110   0.3866
 8118   0.4380
 8127   0.3683
 8139   0.4044
 8148   0.3639
 8160   0.3503
 8167   0.3919
 8179   0.3808
 8186   0.3536
 8199   0.3775
 8208   0.3509
 8217   0.3334
 8226   0.3233
 8233   0.3071
 8243   0.2945
 8251   0.2916
 8260   0.3141
 8269   0.2998
 8281   0.2838
 8288   0.2958
 8301   0.2839
 8310   0.2891
 8322   0.2980
 8338   0.2871
 8350   0.2797
 8358   0.2905
 8367   0.3058
 8375   0.2955
 8384   0.2889
 8393   0.3115
 8405   0.3305
 8414   0.3084
 8422   0.3220
 8427   0.3725
 8435   0.3641
 8443   0.3383
 8455   0.3429
 8464   0.3192
 8471   0.3218
 8480   0.3078
 8492   0.3046
 8499   0.3225
 8508   0.3103
 8513   0.2890
 8526   0.3224
 8535   0.3377
 8543   0.3091
 8549   0.3083
 8556   0.3401
 8568   0.3373
 8581   0.3149
 8593   0.3318
 8602   0.3648
 8611   0.3476
 8623   0.3093
 8628   0.3453
 8633   0.3909
 8642   0.3710
 8651   0.3874
 8660   0.3643
 8669   0.3429
 8678   0.3329
 8686   0.3143
 8695   0.3378
 8705   0.3263
 8712   0.2920
 8721   0.2997
 8730   0.3216
 8742   0.3011
 8755   0.2917
 8771   0.3163
 8780   0.3281
 8796   0.3008
 8805   0.3088
 8814   0.3413
 8820   0.3427
 8833   0.3165
 8844   0.3382
 8852   0.3568
 8864   0.3514
 8872   0.3496
 8881   0.3669
 8889   0.3803
 8898   0.3668
 8908   0.3671
 8919   0.3949
 8928   0.3939
 8937   0.3804
 8944   0.3920
 8953   0.4171
 8958   0.4119
 8964   0.4893
 8971   0.4961
 8976   0.4779
 8989   0.4148
 8998   0.4368
 9003   0.4274
 9009   0.4083
 9018   0.4315
 9026   0.4658
 9038   0.4542
 9049   0.4585
 9056   0.4536
 9063   0.4368
 9079   0.4466
 9088   0.4178
 9097   0.4099
 9109   0.4242
 9115   0.3822
 9127   0.3454
 9134   0.3570
 9143   0.3639
 9149   0.3378
 9156   0.3228
 9164   0.3244
 9172   0.3300
 9182   0.3235
 9187   0.3534
 9200   0.3755
 9212   0.3571
 9220   0.3922
 9228   0.4070
 9238   0.4378
 9247   0.4695
 9256   0.4930
 9263   0.4826
 9275   0.4393
 9282   0.4244
 9292   0.3888
 9300   0.3735
 9308   0.3371
 9315   0.3212
 9320   0.3087
 9330   0.3135
 9336   0.3025
 9341   0.2990
 9350   0.2998
 9359   0.2829
 9375   0.2863
 9384   0.2884
 9391   0.2794
 9400   0.2747
 9407   0.2824
 9419   0.2774
 9425   0.2709
 9437   0.2742
 9446   0.2783
 9455   0.2709
 9464   0.2687
 9476   0.2744
 9488   0.2730
 9500   0.2725
 9508   0.2726
 9520   0.2729
 9529   0.2767
 9536   0.2823
 9549   0.2951
 9562   0.2887
 9574   0.2716
 9583   0.2753
 9595   0.2734
 9603   0.2702
 9611   0.2640
 9617   0.2603
 9626   0.2657
 9635   0.2703
 9645   0.2650
 9651   0.2641
 9658   0.2993
 9670   0.3195
 9679   0.2877
 9688   0.2795
 9694   0.3246
 9701   0.3298
 9713   0.2848
 9718   0.2840
 9724   0.3317
 9734   0.3164
 9743   0.2717
 9755   0.2965
 9767   0.3433
 9773   0.3186
 9781   0.2978
 9790   0.3405
 9798   0.3768
 9808   0.3461
 9814   0.3460
 9822   0.4022
 9832   0.4171
 9838   0.3704
 9850   0.3821
 9859   0.4251
 9869   0.4072
 9879   0.3818
 9889   0.4139
 9899   0.4317
 9909   0.3978
 9916   0.4006
 9925   0.4379
 9934   0.4224
 9946   0.3959
 9955   0.4317
 9965   0.4469
 9977   0.4124
 9989   0.4252
 9998   0.4644
10007   0.4505
10019   0.4419
10028   0.4888
10038   0.5022
10044   0.4852
10056   0.5237
10068   0.5631
10080   0.5574
10090   0.5733
10103   0.6271
10113   0.6393
10123   0.6404
10128   0.6890
10138   0.7289
10148   0.7272
10160   0.7119
10169   0.6841
10178   0.7915
10185   0.8368
10194   0.8085
10202   0.8355
10214   0.9736
10224   1.0083
10231   0.9878
10236   0.8889
10246   0.8967
10251   1.0521
10263   1.0355
10272   0.9323
10281   0.8621
10293   0.8107
10303   0.7670
10311   0.7056
10318   0.6729
10328   0.6714
10338   0.6571
10347   0.6019
10356   0.5541
10366   0.5377
10378   0.5287
10388   0.5357
10394   0.5514
10403   0.5649
10413   0.5302
10425   0.5108
10435   0.4619
10441   0.4510
10451   0.4712
10456   0.4767
10466   0.5742
10476   0.5112
10486   0.4972
10498   0.4854
10514   0.4948
10530   0.4791
10541   0.5181
10549   0.4717
10565   0.4047
10573   0.4117
10582   0.4369
10594   0.3651
10600   0.3411
10607   0.4177
10616   0.3924
10624   0.3360
10636   0.2907
10643   0.2995
10648   0.3174
10657   0.3198
10670   0.3262
10683   0.3351
10692   0.3427
10704   0.3592
10714   0.5311
10722   0.5783
10731   0.5026
10738   0.5502
10748   0.5934
10758   0.5732
10770   0.4615
10778   0.4092
10794   0.4044
10802   0.3906
10811   0.3644
10823   0.3548
10832   0.3550
10838   0.3390
10846   0.3236
10854   0.3258
10863   0.3220
10870   0.3059
10882   0.3004
10890   0.3057
10898   0.2985
10914   0.2866
10923   0.2899
10934   0.2964
10941   0.2885
10950   0.2790
10957   0.2925
10969   0.2814
10979   0.2786
10991   0.2975
11000   0.3116
11009   0.3033
11018   0.3199
11025   0.3495
11033   0.3538
11041   0.3545
11050   0.3838
11062   0.4044
11071   0.4039
11081   0.4276
11093   0.4634
11100   0.4678
11109   0.4804
11118   0.5248
11126   0.5433
11138   0.5526
11148   0.5712
11157   0.6120
11167   0.6366
11177   0.6485
11182   0.6724
11193   0.6324
11200   0.6379
11208   0.6019
11216   0.6312
11228   0.5936
11238   0.5057
11245   0.4433
11254   0.4451
11266   0.4619
11275   0.4042
11288   0.3857
11301   0.4274
11313   0.4814
11324   0.5158
11336   1.0064
11345   0.9139
11353   0.8738
11359   0.9896
11366   1.1034
11375   0.9602
11384   0.8503
11393   0.6921
11402   0.6521
11409   0.6381
11419   0.6510
11428   0.6071
11440   0.5363
11452   0.4951
11461   0.4836
11470   0.4475
11480   0.4428
11489   0.4636
11499   0.4441
11509   0.4154
11516   0.4348
11526   0.4462
11536   0.4177
11548   0.4145
11561   0.4471
11569   0.4470
11578   0.3885
11589   0.3627
11597   0.3397
11609   0.3290
11621   0.3298
11630   0.3109
11639   0.2964
11648   0.2904
11660   0.2913
11673   0.2812
11679   0.2718
11688   0.2691
11701   0.2711
11712   0.2666
11720   0.2578
11729   0.2581
11737   0.2609
11743   0.2589
11755   0.2586
11762   0.2692
11772   0.2696
11781   0.2588
11789   0.2590
11796   0.2618
11809   0.2595
11821   0.2727
11829   0.2743
11838   0.2658
11847   0.2665
11856   0.2777
11867   0.2774
11879   0.2709
11888   0.2749
11896   0.2957
11903   0.3098
11909   0.3181
11916   0.3286
11925   0.3281
11934   0.3074
11942   0.3118
11951   0.3234
11960   0.3185
11968   0.2927
11976   0.2972
11985   0.3143
11994   0.3014
12003   0.2872
12015   0.2979
12024   0.3071
12040   0.2845
12046   0.2770
12055   0.3019
12064   0.2897
12071   0.3090
12078   0.3181
12086   0.3346
12097   0.3304
12105   0.3164
12112   0.2967
12124   0.2979
12136   0.2999
12148   0.2760
12164   0.2805
12173   0.2964
12182   0.2759
12188   0.2671
12197   0.2917
12205   0.2895
12218   0.2659
12226   0.2733
12236   0.2976
12244   0.2879
12250   0.2757
12259   0.2933
12267   0.3058
12275   0.2922
12285   0.2928
12298   0.3167
12310   0.3179
12322   0.3097
12334   0.3232
12346   0.3414
12351   0.3477
12363   0.3570
12374   0.3870
12382   0.4022
12398   0.4618
12409   0.4182
12419   0.3879
12428   0.3629
12437   0.3663
12447   0.3544
12456   0.3688
12469   0.3780
12479   0.3881
12489   0.3837
12500   0.3678
12508   0.3721
12521   0.3603
12532   0.3658
12539   0.3434
12547   0.3563
12558   0.3694
12567   0.3483
12576   0.3331
12581   0.3244
12589   0.3185
12599   0.3063
12609   0.3051
12619   0.3158
12629   0.3302
12634   0.3163
12647   0.2741
12655   0.2545
12664   0.2435
12677   0.2464
12686   0.2448
12695   0.2362
12704   0.2369
12716   0.2425
12725   0.2355
12734   0.2378
12740   0.2459
12749   0.2499
12761   0.2483
12773   0.2542
12785   0.2617
12797   0.2677
12804   0.2700
12813   0.2820
12822   0.2897
12832   0.2930
12839   0.3031
12851   0.3199
12856   0.2947
12865   0.3032
12881   0.3524
12890   0.3984
12900   0.7063
12912   0.6383
12921   0.5920
12934   0.5672
12941   0.5273
12949   0.5070
12958   0.5051
12970   0.4673
12982   0.4371
12994   0.4407
13006   0.4302
13019   0.3992
13028   0.3979
13037   0.4106
13046   0.3786
13057   0.3497
13065   0.3376
13074   0.3346
13087   0.3504
13094   0.3688
13100   0.3305
13108   0.3105
13116   0.3249
13125   0.3140
13133   0.3060
13146   0.3096
13154   0.3125
13163   0.3121
13172   0.3237
13184   0.3323
13193   0.3286
13199   0.3352
13208   0.3503
13216   0.3517
13224   0.3511
13233   0.3623
13245   0.3654
13254   0.3568
13263   0.3704
13272   0.3796
13280   0.3772
13292   0.3771
13297   0.3841
13309   0.3819
13325   0.3813
13331   0.3756
13343   0.3566
13348   0.3303
13358   0.3504
13370   0.3236
13377   0.3247
13383   0.2970
13389   0.3177
13395   0.2837
13404   0.3007
13413   0.3081
13421   0.3469
13428   0.3647
13435   0.3834
13444   0.4084
13451   0.3946
13461   0.4122
13470   0.3940
13482   0.3914
13489   0.4129
13497   0.4318
13501   0.4351
13509   0.4162
13521   0.4213
13530   0.4302
13538   0.4110
13547   0.4048
13555   0.4272
13564   0.4134
13573   0.3980
13585   0.4099
13597   0.4198
13602   0.3958
13610   0.3957
13619   0.4188
13627   0.4085
13635   0.3884
13644   0.4162
13656   0.4327
13662   0.4055
13671   0.4032
13684   0.4516
13693   0.4479
13705   0.4523
13715   0.4462
13723   0.3961
13731   0.3945
13740   0.4094
13745   0.3798
13755   0.3491
13763   0.3675
13772   0.3755
13784   0.3411
13796   0.3374
13804   0.3622
13813   0.3521
13822   0.3274
13830   0.3426
13842   0.3578
13847   0.3396
13856   0.3312
13868   0.3542
13880   0.3599
13896   0.3432
13905   0.3409
13917   0.3682
13929   0.3883
13938   0.3919
13946   0.3875
13954   0.4167
13959   0.4417
13967   0.4417
13975   0.4119
13985   0.3855
13997   0.3612
14007   0.3577
14019   0.3345
14026   0.3447
14038   0.3955
14049   0.3714
14058   0.3563
14066   0.3580
14072   0.3481
14084   0.3323
14093   0.3326
14109   0.3262
14122   0.3095
14134   0.3099
14142   0.3191
14152   0.3106
14159   0.2972
14167   0.3052
14180   0.3116
14192   0.2957
14197   0.2933
14206   0.3056
14213   0.3007
14219   0.2897
14232   0.2991
14244   0.3093
14253   0.2900
14265   0.2883
14272   0.3119
14277   0.3161
14289   0.3374
14297   0.3507
14305   0.3725
14317   0.3381
14325   0.3452
14334   0.3782
14339   0.3627
14350   0.3422
14362   0.3512
14371   0.3716
14379   0.3365
14389   0.3355
14396   0.3633
14409   0.3409
14420   0.3312
14433   0.3310
14441   0.3167
14452   0.3196
14461   0.3438
14473   0.3391
14482   0.3182
14494   0.3368
14506   0.3642
14511   0.3425
14523   0.3288
14535   0.3690
14544   0.3831
14551   0.3953
14559   0.3945
14571   0.3478
14580   0.3296
14588   0.3293
14598   0.3479
14607   0.3337
14619   0.3249
14625   0.3367
14633   0.3510
14642   0.3397
14651   0.3375
14667   0.3582
14675   0.3670
14691   0.3623
14699   0.3670
14708   0.3436
14716   0.3465
14724   0.3316
14733   0.3243
14740   0.3216
14749   0.3187
14756   0.3162
14763   0.3163
14779   0.3085
14788   0.3077
14795   0.3199
14803   0.3178
14813   0.3128
14822   0.3176
14831   0.3325
14844   0.3364
14850   0.3302
14862   0.3397
14871   0.3490
14883   0.3467
14892   0.3498
14901   0.3563
14911   0.3606
14918   0.3596
14934   0.3623
14946   0.3747
14956   0.3781
14963   0.3772
14973   0.3896
14983   0.3984
14995   0.3972
15007   0.3986
15015   0.3861
15026   0.3882
15034   0.3664
15046   0.3692
15051   0.3868
15063   0.4002
15073   0.3993
15083   0.3657
15093   0.3546
15103   0.3466
15109   0.3565
15117   0.3541
15127   0.3475
15140   0.3496
15145   0.3573
15154   0.3538
15159   0.3523
15164   0.3626
15173   0.3671
15182   0.3625
15191   0.3693
15199   0.3783
15208   0.3796
15217   0.3833
15226   0.3964
15233   0.4084
15242   0.4044
15250   0.4022
15266   0.4079
15277   0.4075
15285   0.4116
15294   0.4366
15303   0.4316
15315   0.4153
15324   0.4464
15331   0.4727
15340   0.4530
15349   0.4461
15359   0.4653
15366   0.5103
15374   0.5028
15380   0.5473
15385   0.4867
15393   0.4986
15402   0.4618
15413   0.4562
15424   0.4343
15432   0.4297
15441   0.4138
15450   0.4046
15458   0.3879
15465   0.3812
15473   0.3741
15481   0.3682
15490   0.3494
15498   0.3434
15507   0.3387
15512   0.3243
15517   0.3295
15530   0.3509
15541   0.3614
15549   0.3667
15558   0.3769
15570   0.3843
15578   0.3977
15587   0.4058
15594   0.4185
15600   0.4243
15612   0.4345
15624   0.4507
15631   0.4441
15643   0.4435
15652   0.4614
15662   0.4776
15670   0.4821
15679   0.4976
15688   0.5183
15699   0.5101
15706   0.4859
15716   0.4983
15729   0.5191
15740   0.4962
15750   0.4832
15762   0.5001
15771   0.5056
15781   0.4858
15788   0.4788
15800   0.5404
15804   0.5847
15812   0.6056
15823   0.6341
15830   0.5811
15835   0.5251
15841   0.5260
15850   0.5372
15862   0.5148
15874   0.5098
15883   0.5296
15893   0.5157
15904   0.4966
15917   0.5086
15927   0.5365
15939   0.5482
15949   0.5006
15958   0.4696
15966   0.4525
15974   0.4476
15982   0.4361
15988   0.4414
15998   0.4228
16007   0.4222
16017   0.4088
16022   0.4143
16033   0.3954
16040   0.4176
16051   0.3945
16058   0.3777
16067   0.3668
16083   0.3759
16091   0.3548
16100   0.3665
16106   0.3864
16113   0.3972
16121   0.3741
16128   0.3787
16138   0.3871
16150   0.3862
16160   0.4089
16169   0.4121
16178   0.3994
16190   0.3745
16200   0.3659
16209   0.4218
16217   0.4419
16225   0.4912
16233   0.4620
16244   0.4419
16251   0.3835
16258   0.3753
16270   0.3532
16277   0.3643
16285   0.3559
16293   0.3682
16305   0.3630
16312   0.3732
16328   0.3798
16335   0.3989
16344   0.4018
16356   0.4179
16368   0.4247
16379   0.4320
16388   0.4415
16396   0.4295
16405   0.3986
16410   0.3909
16416   0.3824
16426   0.3754
16432   0.3846
16442   0.3852
16451   0.3895
16457   0.3776
16465   0.3726
16474   0.3575
16484   0.3724
16493   0.3660
16500   0.3755
16511   0.3844
16519   0.4060
16528   0.4180
16534   0.3991
16542   0.3932
16548   0.3925
16556   0.3974
16568   0.3816
16579   0.3860
16586   0.3768
16595   0.3786
16601   0.3846
16611   0.3910
16620   0.3977
16629   0.4045
16635   0.4175
16640   0.4248
16651   0.4442
16660   0.4660
16668   0.4665
16678   0.5181
16685   0.5640
16692   0.4970
16703   0.4453
16710   0.4194
16718   0.3986
16726   0.4091
16734   0.3962
16743   0.4043
16753   0.4067
16763   0.3912
16772   0.3948
16784   0.3809
16792   0.4234
16805   0.4214
16818   0.4101
16826   0.3984
16836   0.4000
16841   0.4052
16849   0.4031
16856   0.4076
16865   0.3663
16872   0.4032
16883   0.3844
16890   0.3955
16899   0.4091
16907   0.4105
16916   0.4157
16926   0.4506
16938   0.4626
16947   0.4271
16956   0.4547
16963   0.3973
16973   0.4142
16984   0.4469
16995   0.3911
17007   0.4207
17016   0.4206
17027   0.4147
17036   0.4129
17044   0.4036
17053   0.4058
17062   0.3993
17071   0.4132
17083   0.4253
17095   0.4594
17104   0.4869
17115   0.5963
17123   0.6018
17131   0.5940
17141   0.5556
17148   0.4672
17159   0.4283
17166   0.4021
17176   0.3941
17192   0.3945
17208   0.4046
17216   0.4104
17225   0.4236
17236   0.4278
17245   0.4490
17253   0.4726
17258   0.4946
17265   0.4935
17277   0.4768
17286   0.4515
17298   0.4586
17309   0.4433
17321   0.4378
17326   0.4392
17333   0.4408
17345   0.4392
17351   0.4262
17360   0.4347
17370   0.4225
17379   0.4336
17387   0.4308
17395   0.4429
17407   0.4320
17418   0.3985
17427   0.4166
17437   0.4091
17445   0.4172
17451   0.4230
17458   0.4292
17466   0.4429
17473   0.4447
17482   0.4642
17487   0.4607
17499   0.4477
17508   0.4467
17514   0.4398
17519   0.4256
17532   0.4173
17537   0.4118
17546   0.4007
17555   0.3882
17560   0.3826
17569   0.3767
17582   0.3701
17588   0.3652
17595   0.3651
17603   0.3620
17611   0.3533
17620   0.3523
17628   0.3601
17637   0.3535
17642   0.3453
17652   0.3514
17664   0.3549
17672   0.3442
17684   0.3405
17694   0.3512
17706   0.3466
17718   0.3424
17725   0.3478
17730   0.3170
17739   0.3009
17746   0.3189
17758   0.3182
17765   0.3141
17774   0.3108
17783   0.3338
17795   0.3418
17805   0.3285
17815   0.3358
17823   0.3445
17831   0.3551
17842   0.3573
17850   0.3861
17859   0.3670
17871   0.3405
17880   0.3594
17889   0.3638
17899   0.3382
17908   0.3438
17915   0.3732
17923   0.3557
17932   0.3320
17941   0.3478
17953   0.3580
17962   0.3352
17970   0.3269
17982   0.3452
17992   0.3423
18000   0.3276
18005   0.3320
18015   0.3004
18024   0.3063
18034   0.3074
18043   0.2995
18053   0.2956
18063   0.3039
18072   0.3021
18081   0.2946
18094   0.2966
18100   0.3038
18110   0.3027
18119   0.2948
18128   0.2965
18140   0.3009
18149   0.2970
18162   0.2842
18174   0.2939
18180   0.3001
18188   0.3069
18198   0.3102
18206   0.3253
18215   0.3281
18224   0.3257
18234   0.3462
18250   0.3572
18258   0.3441
18270   0.3870
18280   0.4275
18290   0.4174
18298   0.4335
18309   1.4417
18314   1.3755
18323   1.3082
18332   1.3767
18344   1.2998
18356   1.2639
18365   1.3100
18374   1.2938
18382   1.2491
18390   1.2859
18399   1.3291
18406   1.2821
18415   1.2582
18421   1.3108
18429   1.3202
18435   1.2660
18442   1.2637
18448   1.3117
18460   1.3147
18472   1.2793
18485   1.3037
18496   1.2945
18501   1.3241
18510   1.2887
18517   1.2337
18529   1.2536
18537   1.2614
18550   1.1999
18559   1.1801
18568   1.2165
18581   1.1890
18590   1.1209
18599   1.1448
18608   1.1679
18616   1.1023
18624   1.1000
18633   1.1586
18645   1.1982
18652   1.2579
18661   1.2879
18669   1.2906
18677   1.2625
18687   1.2322
18693   1.2436
18701   1.1978
18710   1.2167
18722   1.2935
18727   1.2802
18739   1.2393
18747   1.3136
18752   1.3700
18764   1.3090
18773   1.3193
18782   1.4252
18794   1.4209
18801   1.3579
18810   1.4400
18817   1.5137
18826   1.4466
18834   1.4441
18841   1.5608
18850   1.5628
18857   1.4891
18869   1.5694
18878   1.6584
18887   1.6047
18896   1.5941
18908   1.7056
18917   1.7428
18926   1.6877
18938   1.6774
18950   1.6898
18959   1.5058
18967   1.5221
18979   1.4753
18986   1.3715
18994   1.4439
19003   1.5231
19012   1.4272
19017   1.3904
19026   1.5070
19038   1.5110
19047   1.4032
19053   1.4567
19060   1.5535
19069   1.4821
19077   1.4299
19086   1.5521
19102   1.5819
19111   1.4774
19119   1.5014
19126   1.6303
19138   1.6829
19146   1.3583
19155   1.3148
19167   1.2850
19179   1.2646
19191   1.2419
19197   1.2158
19204   1.1931
19212   1.1737
19218   1.1576
19225   1.1340
19235   1.1128
19244   1.0989
19254   1.0817
19264   1.0573
19276   1.0410
19285   1.0290
19290   1.0027
19301   0.9881
19310   0.9828
19319   0.9647
19327   0.9421
19335   0.9299
19341   0.9333
19346   0.8996
19356   0.8576
19364   0.9004
19372   0.9185
19380   0.8625
19388   0.8596
19397   0.9108
19406   0.8877
19415   0.8291
19420   0.8645
19427   0.9032
19434   0.8532
19439   0.8194
19448   0.8677
19457   0.8812
19465   0.8523
19473   0.9040
19480   0.9188
19489   0.9545
19497   0.9168
19504   0.8689
19510   0.9031
19518   0.8981
19531   0.8390
19543   0.8444
19555   0.8762
19563   0.8385
19575   0.7991
19584   0.8344
19589   0.8379
19598   0.7897
19605   0.7843
19613   0.8153
19629   0.7888
19645   0.7502
19652   0.7647
19668   0.7826
19675   0.8186
19687   0.8593
19695   0.8904
19707   0.9313
19715   0.9511
19723   0.9742
19732   0.9472
19741   0.9543
19753   0.9998
19758   1.0015
19765   0.9708
19774   1.0073
19781   1.0445
19789   1.0161
19798   1.0103
19807   1.0641
19813   1.0677
19822   1.0310
19834   1.0604
19842   1.1049
19848   1.0815
19853   1.0689
19865   1.1201
19874   1.1341
19883   1.1054
19888   1.1225
19897   1.1732
19910   1.1981
19919   1.1970
19932   1.2355
19944   1.2672
19956   1.3097
19968   1.2581
19980   1.2461
19992   1.2907
20004   1.2632
20014   1.2623
20020   1.2536
20027   1.2653
20034   1.2547
20042   1.2527
20053   1.2512
20062   1.2774
20075   1.2750
20088   1.2629
20104   1.2547
20117   1.1837
20129   1.0959
20141   1.0323
20147   1.0026
20157   1.0538
20165   1.0518
20174   0.9893
20183   1.0044
20192   1.0549
20201   1.0091
20209   0.9744
20218   1.0215
20231   1.0393
20244   0.9897
20252   0.9963
20261   1.0468
20267   1.0327
20275   0.9989
20284   1.0374
20293   1.0727
20305   1.0399
20314   1.0467
20330   1.0987
20339   1.1542
20351   1.1911
20361   0.8532
20367   0.8151
20375   0.7800
20387   0.7629
20399   0.7578
20411   0.7439
20420   0.7260
20429   0.7218
20439   0.7254
20451   0.7102
20458   0.7023
20471   0.7157
20480   0.7179
20487   0.7035
20493   0.7089
20502   0.7248
20511   0.7133
20517   0.7001
20526   0.7211
20535   0.7323
20541   0.7124
20557   0.7119
20564   0.7397
20573   0.7336
20581   0.7057
20594   0.6747
20606   0.6802
20613   0.6916
20629   0.7104
20638   0.6959
20646   0.6913
20658   0.6863
20666   0.6773
20675   0.6812
20684   0.6855
20693   0.6774
20709   0.6835
20716   0.7055
20723   0.7027
20731   0.6938
20740   0.7204
20756   0.7351
20765   0.7295
20774   0.7604
20786   0.7372
20797   0.7125
20809   0.7051
20821   0.7087
20831   0.6985
20844   0.6906
20850   0.6975
20859   0.7013
20868   0.6885
20875   0.6954
20881   0.7080
20889   0.6969
20901   0.6908
20910   0.7112
20918   0.7181
20926   0.6993
20939   0.7096
20945   0.7383
20956   0.7274
20965   0.7057
20974   0.7440
20983   0.7775
20991   0.7453
21000   0.7373
21012   0.7994
21025   0.8074
21034   0.7720
21050   0.7735
21057   0.8213
21069   0.8483
21079   0.8673
21087   0.9051
21095   0.8915
21105   0.9186
21114   0.9431
21124   0.9137
21134   0.8782
21141   0.8393
21149   0.8681
21154   0.8229
21166   0.8451
21175   0.8128
21185   0.8483
21195   0.8093
21205   0.8497
21214   0.8555
21222   0.8331
21227   0.7412
21237   0.7629
21246   0.7788
21252   0.7638
21259   0.7441
21269   0.7536
21278   0.7537
21287   0.7281
21299   0.7240
21307   0.7408
21316   0.7205
21324   0.7049
21336   0.7225
21352   0.7244
21361   0.7008
21370   0.7097
21379   0.7281
21391   0.7118
21403   0.7058
21415   0.7290
21424   0.7364
21432   0.7168
21442   0.7322
21454   0.7557
21464   0.7404
21470   0.7369
21479   0.7693
21491   0.7759
21501   0.7575
21511   0.7840
21521   0.8174
21527   0.8081
21536   0.8088
21545   0.8869
21552   0.9163
21561   0.8058
21570   0.7786
21580   0.7232
21588   0.7130
21597   0.7218
21602   0.6909
21613   0.6494
21622   0.6501
21630   0.6569
21638   0.6163
21644   0.5865
21653   0.6022
21665   0.6050
21674   0.5625
21684   0.5469
21697   0.5756
21713   0.5464
21722   0.5205
21735   0.5591
21743   0.5640
21750   0.5216
21755   0.5320
21760   0.5710
21769   0.5477
21781   0.5206
21793   0.5588
21805   0.5782
21813   0.5396
21820   0.5219
21832   0.5553
21842   0.5434
21847   0.5268
21857   0.5233
21866   0.5645
21874   0.5734
21883   0.5959
21896   0.5586
21906   0.5325
21915   0.5665
21924   0.5613
21937   0.5154
21946   0.5232
21954   0.5503
21963   0.5176
21975   0.4884
21984   0.5196
21996   0.5231
22003   0.4797
22011   0.4810
22017   0.5118
22026   0.4887
22039   0.4578
22051   0.4854
22059   0.4994
22071   0.5056
22084   0.5445
22094   0.5616
22110   0.5505
22126   0.5752
22138   0.6106
22148   0.6108
22157   0.6019
22166   0.6485
22176   0.6634
22189   0.6230
22201   0.6379
22217   0.6831
22226   0.6585
22233   0.6303
22241   0.6775
22249   0.6962
22258   0.6508
22271   0.6527
22279   0.7034
22288   0.6938
22297   0.6585
22305   0.6952
22314   0.7278
22323   0.6925
22335   0.6870
22344   0.7383
22357   0.7390
22365   0.7026
22378   0.7408
22390   0.7702
22402   0.7880
22412   0.8029
22423   0.7658
22434   0.7436
22442   0.7805
22447   0.8031
22456   0.7784
22472   0.7873
22484   0.8402
22495   0.8588
22504   0.8566
22512   0.8449
22517   0.7808
22526   0.7882
22536   0.7985
22546   0.7722
22556   0.7155
22566   0.7220
22575   0.7414
22585   0.7072
22594   0.6820
22603   0.7051
22608   0.7251
22617   0.7681
22627   0.7537
22639   0.7239
22651   0.7331
22659   0.7452
22667   0.7390
22673   0.7068
22683   0.7105
22692   0.7202
22704   0.6989
22712   0.6813
22724   0.7011
22733   0.7029
22745   0.6527
22753   0.6597
22761   0.7004
22769   0.6748
22776   0.6386
22788   0.6764
22797   0.6926
22806   0.6470
22814   0.6502
22821   0.6956
22830   0.6783
22839   0.6433
22851   0.6854
22860   0.7152
22872   0.6729
22885   0.6337
22897   0.6022
22909   0.6121
22918   0.6031
22930   0.5645
22942   0.5571
22951   0.5649
22961   0.5497
22970   0.5310
22978   0.5233
22987   0.5135
22996   0.5263
23006   0.7175
23014   0.6526
23022   0.6654
23031   0.5342
23043   0.4976
23052   0.4888
23062   0.4747
23074   0.4457
23083   0.4308
23093   0.4311
23106   0.4095
23118   0.4016
23130   0.4077
23140   0.3910
23149   0.3816
23161   0.3904
23169   0.3826
23181   0.3660
23190   0.3739
23206   0.3806
23222   0.3639
23231   0.3614
23240   0.3795
23250   0.3764
23259   0.3706
23271   0.3574
23280   0.3407
23289   0.3294
23299   0.3455
23308   0.3475
23316   0.3268
23323   0.3280
23330   0.3431
23343   0.3368
23352   0.3207
23361   0.3318
23377   0.3418
23385   0.3245
23393   0.3200
23401   0.3359
23411   0.3362
23421   0.3295
23429   0.3470
23436   0.3554
23445   0.3663
23457   0.3485
23468   0.3372
23481   0.3562
23489   0.3527
23501   0.3302
23510   0.3396
23519   0.3564
23526   0.3419
23542   0.3313
23548   0.3499
23560   0.3559
23566   0.3353
23574   0.3488
23582   0.3689
23595   0.3830
23601   0.4074
23611   0.3835
23620   0.3740
23632   0.4013
23644   0.4058
23650   0.3815
23656   0.3975
23663   0.4207
23670   0.4051
23678   0.3968
23685   0.4256
23693   0.4342
23701   0.4081
23717   0.4165
23725   0.4486
23732   0.4357
23740   0.4135
23749   0.4382
23758   0.4627
23766   0.4464
23773   0.4387
23783   0.4741
23792   0.4829
23801   0.4578
23814   0.4760
23826   0.5085
23835   0.5076
23847   0.5402
23855   0.5170
23864   0.4791
23873   0.4669
23881   0.4750
23891   0.4883
23902   0.4674
23914   0.4846
23921   0.4381
23929   0.4232
23940   0.3984
23947   0.4287
23954   0.4103
23962   0.4576
23970   0.5081
23981   0.6008
23991   0.6138
24002   0.5837
24014   0.5190
24022   0.5496
24033   0.5126
24041   0.5103
24049   0.4625
24058   0.4801
24070   0.4538
24080   0.4055
24089   0.3924
24100   0.4242
24110   0.4050
24117   0.3650
24126   0.3616
24135   0.3679
24148   0.3679
24155   0.3417
24160   0.3490
24168   0.3575
24176   0.3793
24184   0.3932
24192   0.3980
24200   0.3747
24210   0.3616
24226   0.3771
24234   0.3794
24239   0.4054
24248   0.4181
24260   0.4409
24270   0.4731
24277   0.4596
24283   0.4271
24291   0.4426
24300   0.4560
24309   0.4251
24317   0.4056
24330   0.4346
24339   0.4314
24351   0.3960
24362   0.4019
24373   0.4217
24382   0.4015
24391   0.3906
24400   0.4162
24409   0.4146
24415   0.3925
24424   0.4066
24433   0.4270
24439   0.4078
24451   0.3977
24461   0.4267
24469   0.4299
24477   0.4004
24485   0.4100
24498   0.4421
24510   0.4294
24522   0.4098
24534   0.4418
24544   0.4532
24557   0.4332
24570   0.4435
24582   0.4743
24587   0.4698
24599   0.4718
24610   0.4648
24621   0.4469
24630   0.4499
24638   0.4086
24643   0.4743
24651   0.4118
24659   0.3885
24666   0.3673
24676   0.3188
24684   0.3281
24693   0.3499
24705   0.3492
24717   0.3633
24726   0.3518
24735   0.3660
24743   0.3724
24755   0.3724
24764   0.3582
24776   0.3481
24785   0.3633
24794   0.3775
24803   0.3942
24808   0.3733
24817   0.3704
24826   0.3612
24837   0.3383
24844   0.3331
24850   0.3322
24860   0.3265
24873   0.3169
24885   0.3139
24893   0.3177
24904   0.3159
24917   0.3077
24929   0.3015
24941   0.3136
24954   0.3093
24964   0.3072
24976   0.2982
24981   0.2960
24990   0.2930
25000   0.2903
25008   0.2880
25015   0.2840
25027   0.2781
25036   0.2766
25045   0.2834
25052   0.2846
25060   0.2778
25071   0.2816
25079   0.2916
25088   0.2919
25093   0.2878
25105   0.2976
25117   0.3042
25126   0.3127
25135   0.3219
25147   0.3121
25160   0.3062
25166   0.3288
25175   0.3364
25184   0.3154
25196   0.3290
25202   0.3549
25209   0.3382
25225   0.3219
25234   0.3650
25243   0.3784
25248   0.3391
25256   0.3566
25265   0.4091
25278   0.3974
25290   0.3886
25302   0.3733
25314   0.3600
25326   0.3775
25336   0.3734
25342   0.3428
25351   0.3424
25357   0.3563
25367   0.3418
25375   0.3133
25390   0.3208
25398   0.3448
25408   0.3267
25421   0.3127
25428   0.3398
25435   0.3401
25447   0.3156
25456   0.3267
25462   0.3448
25469   0.3260
25478   0.3197
25487   0.3327
25495   0.3319
25507   0.3152
25519   0.3235
25532   0.3430
25544   0.3331
25552   0.3181
25559   0.3239
25568   0.3177
25573   0.3327
25581   0.3452
25588   0.3684
25596   0.3842
25601   0.4021
25609   0.3955
25616   0.4080
25628   0.4052
25637   0.4049
25649   0.4315
25657   0.4331
25673   0.4260
25685   0.4534
25697   0.4639
25707   0.5669
25712   0.5063
25718   0.5161
25731   0.4600
25743   0.4387
25754   0.4149
25763   0.3934
25774   0.3824
25783   0.3793
25792   0.3677
25802   0.3439
25818   0.3488
25827   0.3308
25840   0.3495
25851   0.3504
25859   0.3343
25868   0.3300
25880   0.3189
25889   0.3094
25897   0.3063
25908   0.3021
25916   0.2958
25926   0.3043
25934   0.2994
25942   0.2939
25954   0.2971
25963   0.2994
25971   0.2890
25984   0.2965
25993   0.3040
26005   0.3032
26014   0.3007
26023   0.3122
26032   0.3148
26041   0.3042
26048   0.3121
26054   0.3269
26061   0.3136
26070   0.3062
26082   0.3193
26094   0.3175
26106   0.3040
26115   0.3158
26127   0.3335
26137   0.3324
26146   0.3282
26156   0.3522
26167   0.3668
26177   0.3668
26183   0.4021
26189   0.4536
26197   0.4505
26209   0.4413
26218   0.4514
26227   0.4266
26233   0.4300
26238   0.4571
26247   0.3997
26258   0.3892
26266   0.4216
26276   0.4190
26285   0.4164
26292   0.4500
26301   0.4795
26312   0.4310
26321   0.4055
26330   0.4272
26336   0.4134
26342   0.4040
26349   0.3931
26361   0.4059
26368   0.4048
26380   0.3827
26392   0.3932
26402   0.3273
26410   0.3364
26417   0.3318
26425   0.3293
26434   0.3145
26446   0.3236
26455   0.3369
26467   0.3413
26474   0.3391
26486   0.3203
26493   0.3178
26506   0.3054
26515   0.3055
26524   0.3203
26533   0.3216
26540   0.3067
26550   0.3062
26558   0.3015
26567   0.3144
26576   0.3226
26588   0.3321
26595   0.3548
26608   0.3748
26617   0.3680
26629   0.3678
26645   0.3674
26657   0.3758
26665   0.3678
26674   0.3643
26682   0.3679
26691   0.3710
26700   0.3669
26712   0.3707
26721   0.3773
26729   0.3740
26734   0.3655
26742   0.3756
26750   0.3655
26762   0.3851
26771   0.3860
26778   0.3911
26787   0.3672
26799   0.3604
26806   0.3721
26815   0.3826
26820   0.3733
26833   0.3701
26842   0.3739
26850   0.3747
26856   0.3667
26863   0.3665
26875   0.3676
26888   0.3637
26900   0.3613
26909   0.3601
26918   0.3621
26930   0.3548
26935   0.3575
26940   0.3731
26949   0.3564
26958   0.3343
26967   0.3518
26976   0.3619
26985   0.3626
26993   0.3578
27002   0.3634
27012   0.3684
27019   0.3627
27028   0.3607
27037   0.3721
27049   0.3761
27062   0.3725
27078   0.3736
27087   0.3800
27103   0.3792
27112   0.3777
27121   0.3701
27127   0.3586
27140   0.3766
27151   0.3747
27159   0.3685
27171   0.3642
27179   0.3529
27188   0.3547
27196   0.3594
27205   0.3454
27215   0.3396
27226   0.3592
27235   0.3599
27244   0.3426
27251   0.3541
27260   0.3731
27265   0.3620
27271   0.3526
27278   0.3807
27283   0.4079
27296   0.4115
27305   0.3845
27310   0.3845
27316   0.3950
27325   0.4101
27333   0.4203
27345   0.4559
27356   0.4643
27363   0.4367
27370   0.4203
27386   0.4009
27395   0.3908
27404   0.3993
27416   0.4018
27422   0.3851
27434   0.3657
27441   0.3668
27450   0.4433
27456   0.4827
27463   0.4308
27471   0.3997
27479   0.4231
27489   0.5187
27494   0.5952
27507   0.5962
27519   0.5591
27527   0.5773
27535   0.6878
27545   0.7618
27554   0.9179
27563   0.8752
27570   0.7336
27582   0.6170
27589   0.5300
27599   0.5113
27607   0.4712
27615   0.4833
27622   0.4460
27627   0.3819
27637   0.3473
27643   0.3592
27648   0.3404
27657   0.3243
27666   0.3308
27682   0.3307
27691   0.3023
27698   0.3035
27707   0.3219
27714   0.3053
27726   0.2878
27732   0.3040
27744   0.3116
27753   0.2945
27762   0.2984
27771   0.3110
27783   0.3095
27795   0.2973
27807   0.3029
27815   0.3220
27827   0.3221
27836   0.3123
27843   0.3216
27856   0.3143
27869   0.3204
27881   0.3279
27890   0.3173
27902   0.3215
27910   0.3302
27918   0.3324
27924   0.3253
27933   0.3302
27942   0.3429
27952   0.3409
27958   0.3413
27965   0.3547
27977   0.3602
27986   0.3548
27995   0.3616
28001   0.3720
28008   0.3745
28020   0.3649
28025   0.3709
28031   0.3850
28041   0.3812
28050   0.3687
28062   0.3726
28074   0.3861
28080   0.3792
28088   0.3670
28097   0.3736
28105   0.3822
28115   0.3716
28121   0.3584
28129   0.3631
28139   0.3648
28145   0.3559
28157   0.3546
28166   0.3581
28176   0.3581
28186   0.3502
28196   0.3503
28206   0.3529
28216   0.3513
28223   0.3441
28232   0.3424
28241   0.3417
28253   0.3383
28262   0.3362
28272   0.3351
28284   0.3303
28296   0.3271
28305   0.3261
28314   0.3209
28326   0.3222
28335   0.3264
28345   0.3225
28351   0.3212
28363   0.3158
28375   0.3188
28387   0.3249
28397   0.3295
28410   0.3322
28420   0.3453
28430   0.3658
28435   0.3741
28445   0.3924
28455   0.4285
28467   0.4508
28476   0.4690
28485   0.5100
28492   0.5476
28501   0.5843
28509   0.6109
28521   0.6844
28531   0.7157
28538   0.6755
28543   0.7065
28553   0.6608
28558   0.6388
28570   0.6766
28579   0.6631
28588   0.6796
28600   0.6451
28610   0.5851
28618   0.5552
28625   0.5410
28635   0.4708
28645   0.4389
28654   0.4833
28663   0.5096
28673   0.5935
28685   0.6871
28695   0.7773
28701   0.8891
28710   0.8576
28720   0.7270
28732   0.6165
28742   0.5135
28748   0.4662
28758   0.4261
28763   0.4117
28773   0.3946
28783   0.3908
28793   0.3990
28805   0.3985
28821   0.3801
28837   0.3705
28848   0.3788
28856   0.3805
28872   0.3834
28880   0.3717
28889   0.3623
28901   0.3621
28907   0.3539
28914   0.3469
28923   0.3467
28931   0.3442
28943   0.3364
28950   0.3406
28955   0.3388
28964   0.3320
28977   0.3390
28990   0.3390
28999   0.3239
29011   0.3131
29021   0.3144
29029   0.3084
29038   0.3128
29045   0.3458
29055   0.3963
29065   0.5960
29077   0.4638
29085   0.4445
29101   0.4366
29109   0.4284
29118   0.4155
29130   0.4065
29139   0.4012
29145   0.3937
29153   0.3828
29161   0.3758
29170   0.3734
29177   0.3670
29189   0.3550
29197   0.3531
29205   0.3541
29221   0.3463
29230   0.3379
29241   0.3429
29248   0.3432
29257   0.3311
29264   0.3352
29276   0.3486
29286   0.3367
29298   0.3332
29307   0.3499
29316   0.3543
29325   0.3406
29332   0.3497
29340   0.3655
29348   0.3570
29357   0.3477
29369   0.3625
29378   0.3790
29388   0.3635
29400   0.3661
29407   0.3941
29416   0.3990
29425   0.3898
29433   0.4069
29445   0.4322
29455   0.4250
29464   0.4247
29474   0.4500
29484   0.4681
29489   0.4671
29500   0.4493
29507   0.4399
29515   0.4717
29523   0.4800
29535   0.4824
29545   0.4956
29552   0.5398
29561   0.5662
29573   0.5794
29582   0.6106
29595   0.6598
29608   0.6854
29620   0.8022
29631   0.8858
29643   0.6688
29652   0.5774
29660   0.5070
29666   0.4785
29673   0.4813
29682   0.4602
29691   0.4312
29700   0.4455
29709   0.4592
29716   0.4471
29726   0.4729
29735   0.4495
29747   0.4440
29759   0.4258
29768   0.4227
29777   0.3972
29787   0.3916
29796   0.3987
29806   0.3804
29816   0.3605
29823   0.3684
29833   0.3700
29843   0.3471
29855   0.3430
29868   0.3584
29876   0.3481
29885   0.3325
29896   0.3401
29904   0.3483
29916   0.3458
29928   0.3326
29937   0.3200
29946   0.3222
29955   0.3106
29967   0.3091
29980   0.3162
29986   0.3141
29995   0.3104
30008   0.3186
30019   0.3251
30027   0.3231
30036   0.3300
30044   0.3454
30050   0.3416
30062   0.3393
30069   0.3463
30079   0.3531
30088   0.3524
30096   0.3544
30103   0.3575
30116   0.3510
30128   0.3521
30136   0.3641
30145   0.3676
30154   0.3733
30163   0.3836
30174   0.3827
30186   0.3656
30195   0.3630
30203   0.3590
30210   0.4065
30216   0.4510
30223   0.4905
30232   0.3806
30241   0.3459
30249   0.3629
30258   0.3710
30267   0.3587
30275   0.3637
30283   0.3565
30292   0.3458
30301   0.3471
30310   0.3468
30322   0.3402
30331   0.3428
30347   0.3432
30353   0.3404
30362   0.3416
30371   0.3492
30378   0.3517
30385   0.3567
30393   0.3515
30404   0.3470
30412   0.3518
30419   0.3569
30431   0.3648
30443   0.3712
30455   0.3693
30471   0.3782
30480   0.3837
30489   0.3846
30495   0.3891
30504   0.3909
30512   0.3909
30525   0.3930
30533   0.3973
30543   0.3867
30551   0.3939
30557   0.4069
30566   0.3933
30574   0.3892
30582   0.4148
30592   0.4119
30605   0.3944
30617   0.4074
30629   0.4166
30641   0.4190
30653   0.4251
30658   0.4217
30670   0.4235
30681   0.4479
30689   0.4549
30705   0.4682
30716   0.4842
30726   0.5036
30735   0.4857
30744   0.4846
30754   0.4622
30763   0.4608
30776   0.4815
30786   0.4962
30796   0.4889
30807   0.5021
30815   0.4761
30828   0.4691
30839   0.4883
30846   0.4509
30854   0.4341
30865   0.4582
30874   0.4275
30883   0.3957
30888   0.3946
30896   0.4054
30906   0.3583
30916   0.3816
30926   0.3714
30936   0.3943
30941   0.3406
30954   0.3181
30962   0.3310
30971   0.3163
30984   0.3206
30993   0.3216
31002   0.3088
31011   0.3227
31023   0.3378
31032   0.3288
31041   0.3258
31047   0.3424
31056   0.3463
31068   0.3312
31080   0.3384
31092   0.3487
31104   0.3408
31111   0.3391
31120   0.3500
31129   0.3532
31139   0.3480
31146   0.3502
31158   0.3592
31163   0.3529
31172   0.3512
31188   0.3767
31197   0.3910
31207   0.4491
31219   0.4279
31228   0.4059
31241   0.3941
31248   0.3833
31256   0.3806
31265   0.3778
31277   0.3701
31289   0.3615
31301   0.3619
31313   0.3645
31326   0.3593
31335   0.3550
31344   0.3660
31353   0.3815
31364   0.3751
31372   0.3791
31381   0.3661
31394   0.3518
31401   0.3503
31407   0.3477
31415   0.3526
31423   0.3550
31432   0.3683
31440   0.3628
31453   0.3723
31461   0.3782
31470   0.3620
31479   0.3634
31491   0.3903
31500   0.3879
31506   0.3739
31515   0.4028
31523   0.4256
31531   0.4059
31540   0.4164
31552   0.4639
31561   0.4639
31570   0.4311
31579   0.4895
31587   0.5517
31599   0.5009
31604   0.4845
31616   0.5796
31632   0.6017
31638   0.5472
31650   0.5715
31655   0.5883
31665   0.5671
31677   0.6211
31684   0.5687
31690   0.6119
31696   0.5967
31702   0.6196
31711   0.6743
31720   0.6457
31728   0.6274
31735   0.6673
31742   0.5524
31751   0.5046
31758   0.4910
31768   0.4381
31777   0.4222
31789   0.4286
31796   0.4415
31804   0.4638
31808   0.4706
31816   0.4748
31828   0.4711
31837   0.4690
31845   0.4681
31854   0.4690
31862   0.4743
31871   0.4774
31880   0.4721
31892   0.4742
31904   0.4882
31909   0.4823
31917   0.4729
31926   0.4799
31934   0.4815
31942   0.4714
31951   0.4751
31963   0.4882
31969   0.4756
31978   0.4641
31991   0.4817
32000   0.4736
32012   0.4678
32022   0.4445
32030   0.4331
32038   0.4160
32047   0.4061
32052   0.4010
32062   0.4025
32070   0.4008
32079   0.3945
32091   0.3921
32103   0.4005
32111   0.3933
32120   0.3833
32129   0.3810
32137   0.3987
32149   0.4019
32154   0.3928
32163   0.3973
32175   0.4220
32187   0.4268
32203   0.4165
32212   0.4398
32224   0.4695
32236   0.5039
32245   0.5278
32253   0.5506
32261   0.5656
32266   0.5946
32274   0.6070
32282   0.6302
32292   0.5788
32304   0.4894
32314   0.5926
32326   0.5963
32333   0.5304
32345   0.5206
32356   0.5123
32365   0.4934
32373   0.4490
32379   0.4486
32391   0.4577
32400   0.4213
32416   0.3966
32429   0.4146
32441   0.4049
32449   0.3747
32459   0.3779
32466   0.3818
32474   0.3616
32487   0.3487
32499   0.3591
32504   0.3551
32513   0.3457
32520   0.3493
32526   0.3582
32539   0.3479
32551   0.3464
32560   0.3501
32572   0.3536
32579   0.3485
32584   0.3541
32596   0.3404
32604   0.3359
32612   0.3368
32624   0.3529
32632   0.3399
32641   0.4526
32646   0.3818
32657   0.3815
32669   0.3670
32678   0.3968
32686   0.4238
32696   0.4324
32703   0.5335
32716   0.4745
32727   0.4629
32740   0.4400
32748   0.4053
32759   0.3950
32768   0.4065
32780   0.3837
32789   0.3560
32801   0.3668
32813   0.3736
32818   0.3469
32830   0.3355
32842   0.3529
32851   0.3564
32858   0.3426
32866   0.3391
32878   0.3397
32887   0.3461
32895   0.3463
32905   0.3483
32914   0.3480
32926   0.3442
32932   0.3487
32940   0.3527
32949   0.3479
32958   0.3498
32974   0.3569
32982   0.3578
32998   0.3587
33006   0.3629
33015   0.3509
33023   0.3529
33031   0.3398
33040   0.3538
33047   0.3521
33056   0.3462
33063   0.3393
33070   0.3368
33086   0.3369
33095   0.3267
33102   0.3223
33110   0.3228
33120   0.3155
33129   0.3136
33138   0.3213
33151   0.3172
33157   0.3020
33169   0.3017
33178   0.3051
33190   0.3047
33199   0.2951
33208   0.2982
33218   0.3035
33225   0.2963
33241   0.2961
33253   0.3054
33263   0.3006
33270   0.2874
33280   0.2979
33290   0.3075
33302   0.3038
33314   0.2959
33322   0.2766
33333   0.2871
33341   0.2695
33353   0.2803
33358   0.2747
33370   0.2806
33380   0.2927
33390   0.2884
33400   0.2825
33410   0.2874
33416   0.2816
33424   0.2717
33434   0.2742
33447   0.2809
33452   0.2779
33461   0.2710
33466   0.2753
33471   0.2760
33480   0.2717
33489   0.2680
33498   0.2712
33506   0.2747
33515   0.2710
33524   0.2687
33533   0.2775
33540   0.2793
33549   0.2734
33557   0.2727
33573   0.2798
33584   0.2797
33592   0.2785
33601   0.2882
33610   0.2923
33622   0.2909
33631   0.2960
33638   0.3044
33647   0.3080
33656   0.3178
33666   0.3199
33673   0.3210
33681   0.3397
33687   0.3733
33692   0.3638
33700   0.3843
33709   0.3513
33720   0.3310
33731   0.3215
33739   0.3158
33748   0.3196
33757   0.3230
33765   0.3217
33772   0.3178
33780   0.3217
33788   0.3262
33797   0.3327
33805   0.3414
33814   0.3398
33819   0.3626
33824   0.3432
33837   0.3393
33848   0.3378
33856   0.3397
33865   0.3338
33877   0.3298
33885   0.3328
33894   0.3269
33901   0.3418
33907   0.3427
33919   0.3380
33931   0.3416
33938   0.3338
33950   0.3237
33959   0.3244
33969   0.3261
33977   0.3365
33986   0.3536
33995   0.3608
34006   0.3670
34013   0.3511
34023   0.3448
34036   0.3662
34047   0.3615
34057   0.3426
34069   0.3513
34078   0.3869
34088   0.3775
34095   0.3480
34107   0.3573
34111   0.3758
34119   0.3604
34130   0.3568
34137   0.3608
34142   0.3432
34148   0.3559
34157   0.3549
34169   0.3361
34181   0.3423
34190   0.3479
34200   0.3355
34211   0.3202
34224   0.3268
34234   0.3342
34246   0.3404
34256   0.3201
34265   0.3220
34273   0.3159
34281   0.3220
34289   0.3273
34295   0.3253
34305   0.3257
34314   0.3245
34324   0.3318
34329   0.3407
34340   0.3374
34347   0.3376
34358   0.3433
34365   0.3534
34374   0.3552
34390   0.3731
34398   0.3815
34407   0.3957
34413   0.4173
34420   0.4218
34428   0.4017
34435   0.4039
34445   0.4225
34457   0.4471
34467   0.4746
34476   0.5017
34485   0.5319
34497   0.4736
34507   0.5310
34516   0.5138
34524   0.4458
34532   0.4872
34540   0.4574
34551   0.4145
34558   0.3755
34565   0.3526
34577   0.3422
34584   0.3354
34592   0.3249
34600   0.3230
34612   0.3179
34619   0.3145
34635   0.3152
34642   0.3137
34651   0.3112
34663   0.3119
34675   0.3213
34686   0.3219
34695   0.3242
34703   0.3179
34712   0.3181
34717   0.3107
34723   0.3110
34733   0.3142
34739   0.3170
34749   0.3137
34758   0.3070
34764   0.3149
34772   0.3159
34781   0.3196
34791   0.3239
34800   0.3326
34807   0.3266
34818   0.3328
34826   0.3362
34835   0.3544
34841   0.3611
34849   0.3561
34855   0.3681
34863   0.3908
34875   0.3985
34886   0.4095
34893   0.4236
34902   0.4829
34908   0.5747
34918   0.5732
34927   0.6091
34936   0.7090
34942   0.7866
34947   0.8257
34958   0.7441
34967   0.6374
34975   0.7249
34985   0.7249
34992   0.6120
34999   0.5202
35010   0.4210
35017   0.3500
35025   0.3543
35033   0.3600
35041   0.3500
35050   0.3541
35060   0.3476
35070   0.3330
35079   0.3281
35091   0.3250
35099   0.3247
35112   0.3214
35125   0.3132
35133   0.3093
35143   0.3061
35148   0.3051
35156   0.3073
35163   0.3080
35172   0.3119
35179   0.3078
35190   0.3058
35197   0.3092
35206   0.3092
35214   0.3139
35223   0.3222
35233   0.3277
35245   0.3224
35254   0.3217
35263   0.3299
35270   0.3313
35280   0.3426
35291   0.3465
35302   0.3379
35314   0.3427
35323   0.3479
35334   0.3433
35343   0.3501
35351   0.3462
35360   0.3373
35369   0.3421
35378   0.3467
35390   0.3853
35402   0.4574
35411   0.5199
35422   0.5510
35430   0.5320
35438   0.5219
35448   0.4716
35455   0.4774
35466   0.4304
35473   0.3774
35483   0.3376
35499   0.3373
35515   0.3405
35523   0.3426
35532   0.3470
35543   0.3483
35552   0.3537
35560   0.3658
35565   0.3863
35572   0.3829
35584   0.4297
35593   0.4832
35605   0.5298
35616   0.4562
35628   0.3862
35633   0.3715
35640   0.3748
35652   0.3442
35658   0.3359
35667   0.3312
35677   0.3203
35686   0.3176
35694   0.3111
35702   0.3130
35714   0.3107
35725   0.3166
35734   0.3235
35744   0.3208
35752   0.3190
35758   0.3180
35765   0.3082
35773   0.3147
35780   0.3174
35789   0.3271
35794   0.3184
35806   0.3143
35815   0.3156
35821   0.2914
35826   0.2831
35839   0.2973
35844   0.2955
35853   0.2804
35862   0.2884
35867   0.3040
35876   0.2933
35889   0.2836
35895   0.3001
35902   0.3052
35910   0.2861
35918   0.2872
35927   0.3025
35935   0.2938
35944   0.2794
35949   0.2943
35959   0.3020
35971   0.2823
35979   0.2795
35991   0.2989
36001   0.2957
36013   0.2824
36025   0.2905
36032   0.3079
36037   0.2908
36046   0.2815
36053   0.3146
36065   0.2777
36072   0.2664
36081   0.2666
36090   0.2766
36102   0.2698
36112   0.2669
36122   0.2912
36130   0.3025
36138   0.2988
36149   0.3128
36157   0.3415
36166   0.3366
36178   0.3248
36187   0.3252
36196   0.3380
36206   0.3308
36215   0.3207
36222   0.3337
36230   0.3389
36239   0.3304
36248   0.3269
36260   0.3439
36269   0.3406
36277   0.3305
36289   0.3409
36299   0.3557
36307   0.3588
36312   0.3625
36322   0.3557
36331   0.3517
36341   0.3374
36350   0.3370
36360   0.3388
36370   0.3333
36379   0.3271
36388   0.3318
36401   0.3294
36407   0.3196
36417   0.3170
36426   0.3178
36435   0.3118
36447   0.3126
36456   0.3070
36469   0.3111
36481   0.3090
36487   0.3193
36495   0.3096
36505   0.3128
36513   0.3128
36522   0.3015
36531   0.2992
36541   0.3101
36557   0.2993
36565   0.2878
36577   0.3122
36587   0.3336
36597   0.3671
36605   0.5076
36616   0.8929
36621   0.8635
36630   0.8231
36639   0.8198
36651   0.7285
36663   0.7183
36672   0.7441
36681   0.7357
36689   0.7061
36697   0.7254
36706   0.7494
36713   0.7239
36722   0.7119
36728   0.7445
36736   0.7512
36742   0.7246
36749   0.7296
36755   0.7583
36767   0.7567
36779   0.7536
36792   0.7720
36803   0.7776
36808   0.7701
36817   0.7498
36824   0.7308
36836   0.7354
36844   0.7247
36857   0.7031
36866   0.7006
36875   0.7010
36888   0.6849
36897   0.6740
36906   0.6790
36915   0.6780
36923   0.6682
36931   0.6772
36940   0.6935
36952   0.7141
36959   0.7054
36968   0.7172
36976   0.7157
36984   0.7207
36994   0.7359
37000   0.7741
37008   0.7816
37017   0.7548
37029   0.7711
37034   0.8013
37046   0.7857
37054   0.7727
37059   0.8098
37071   0.8220
37080   0.7928
37089   0.8124
37101   0.8521
37108   0.8337
37117   0.8212
37124   0.8653
37133   0.8817
37141   0.8548
37148   0.8753
37157   0.9184
37164   0.9056
37176   0.8936
37185   0.9387
37194   0.9573
37203   0.9328
37215   0.9570
37224   1.0076
37233   1.0135
37245   1.0179
37257   1.1178
37266   0.8603
37274   0.8617
37286   0.8454
37293   0.8112
37301   0.8224
37310   0.8480
37319   0.8214
37324   0.8018
37333   0.8339
37345   0.8443
37354   0.8082
37360   0.8157
37367   0.8531
37376   0.8421
37384   0.8204
37393   0.8565
37409   0.8837
37418   0.8596
37426   0.8614
37433   0.9257
37445   1.0074
37453   0.7136
37462   0.7009
37474   0.6731
37486   0.6651
37498   0.6661
37504   0.6416
37511   0.6278
37519   0.6355
37525   0.6306
37532   0.6081
37542   0.6094
37551   0.6201
37561   0.6093
37571   0.5980
37583   0.6056
37592   0.6073
37597   0.5958
37608   0.5963
37617   0.6072
37626   0.6031
37634   0.5957
37642   0.6059
37648   0.6106
37653   0.6020
37663   0.6010
37671   0.6133
37679   0.6160
37687   0.6124
37695   0.6160
37704   0.6265
37713   0.6309
37722   0.6237
37727   0.6225
37734   0.6404
37741   0.6429
37746   0.6315
37755   0.6454
37764   0.6763
37772   0.7125
37780   0.7192
37787   0.7314
37796   0.7232
37804   0.6773
37811   0.6604
37817   0.6761
37825   0.6533
37838   0.6358
37850   0.6526
37862   0.6488
37870   0.6217
37882   0.6214
37891   0.6450
37896   0.6302
37905   0.6054
37912   0.6241
37920   0.6496
37936   0.6276
37952   0.6103
37959   0.6409
37975   0.6438
37982   0.7034
37994   0.7334
38002   0.7413
38014   0.7243
38022   0.7151
38030   0.7113
38039   0.7020
38048   0.6972
38060   0.7003
38065   0.6964
38072   0.6860
38081   0.6911
38088   0.6923
38096   0.6819
38105   0.6830
38114   0.6952
38120   0.6900
38129   0.6864
38141   0.7053
38149   0.7102
38155   0.6964
38160   0.7077
38172   0.7272
38181   0.7177
38190   0.7193
38195   0.7411
38204   0.7595
38217   0.7571
38226   0.7606
38239   0.8351
38251   0.8572
38263   0.8891
38275   0.8881
38287   0.8477
38299   0.9029
38311   0.9197
38321   0.8709
38327   0.8007
38334   0.8233
38341   0.7563
38349   0.7399
38360   0.7179
38369   0.7876
38382   0.9306
38395   1.1502
38411   0.9997
38424   0.9259
38436   0.8050
38448   0.7215
38454   0.6938
38464   0.6845
38472   0.6828
38481   0.6619
38490   0.6546
38499   0.6605
38508   0.6459
38516   0.6363
38525   0.6469
38538   0.6439
38551   0.6277
38559   0.6352
38568   0.6455
38574   0.6273
38582   0.6223
38591   0.6421
38600   0.6357
38612   0.6132
38621   0.6255
38637   0.6441
38646   0.6610
38658   0.6743
38668   0.7346
38674   0.6483
38682   0.6255
38694   0.5955
38706   0.5763
38718   0.5839
38727   0.5854
38736   0.5614
38746   0.5557
38758   0.5729
38765   0.5651
38778   0.5496
38787   0.5612
38794   0.5773
38800   0.5707
38809   0.5674
38818   0.5837
38824   0.5913
38833   0.5846
38842   0.5894
38848   0.6006
38864   0.5844
38871   0.5783
38880   0.5931
38888   0.6015
38901   0.6343
38913   0.6251
38920   0.6287
38936   0.6162
38945   0.5943
38953   0.5619
38965   0.5838
38973   0.5973
38982   0.5610
38991   0.5484
39000   0.5962
39016   0.5962
39023   0.5491
39030   0.5661
39038   0.6146
39047   0.5822
39063   0.5593
39072   0.5843
39081   0.6036
39093   0.5921
39104   0.5904
39116   0.6038
39128   0.5964
39138   0.5783
39151   0.5727
39157   0.5812
39166   0.5695
39175   0.5631
39182   0.5850
39188   0.5797
39196   0.5544
39208   0.5624
39217   0.5917
39225   0.5836
39233   0.5715
39246   0.5944
39252   0.6201
39263   0.6166
39272   0.6226
39281   0.6639
39290   0.6834
39298   0.6836
39307   0.7065
39319   0.7364
39332   0.7505
39341   0.7490
39357   0.7528
39364   0.7835
39376   0.8092
39386   0.8070
39394   0.8460
39402   0.8659
39412   0.8169
39421   0.8046
39431   0.7654
39441   0.7255
39448   0.7137
39456   0.6430
39461   0.6780
39473   0.6902
39482   0.7188
39492   0.7376
39502   0.7276
39512   0.7467
39521   0.7265
39529   0.7315
39534   0.6958
39544   0.6919
39553   0.6797
39559   0.6329
39566   0.6280
39576   0.6493
39585   0.6266
39594   0.5980
39606   0.6150
39614   0.6326
39623   0.6040
39631   0.5903
39643   0.6195
39659   0.6273
39668   0.5960
39677   0.6017
39686   0.6318
39698   0.6244
39710   0.6148
39722   0.6353
39731   0.6679
39739   0.6671
39749   0.6675
39761   0.7025
39771   0.7294
39777   0.7278
39786   0.7416
39798   0.7919
39808   0.8118
39818   0.8131
39828   0.8566
39834   0.9036
39843   0.9210
39852   0.9828
39859   0.7067
39868   0.6823
39877   0.6821
39887   0.6689
39895   0.6285
39904   0.6127
39909   0.6144
39920   0.5904
39929   0.5559
39937   0.5584
39945   0.5568
39951   0.5281
39960   0.5094
39972   0.5296
39981   0.5202
39991   0.4892
40004   0.4953
40020   0.4653
40029   0.4670
40042   0.5047
40050   0.4879
40057   0.4560
40062   0.4873
40067   0.5055
40076   0.4672
40088   0.4666
40100   0.5095
40112   0.4980
40120   0.4662
40127   0.4810
40139   0.5030
40149   0.4972
40154   0.5217
40164   0.5329
40173   0.5147
40181   0.4974
40190   0.4974
40203   0.4875
40213   0.4680
40222   0.4635
40231   0.4602
40244   0.4455
40253   0.4353
40261   0.4347
40270   0.4266
40282   0.4172
40291   0.4147
40303   0.4100
40310   0.4062
40318   0.3994
40324   0.3940
40333   0.4012
40346   0.4132
40358   0.3962
40366   0.3759
40378   0.3980
40391   0.4046
40401   0.3969
40417   0.4028
40433   0.4399
40445   0.4582
40455   0.4469
40464   0.4620
40473   0.4961
40483   0.4868
40496   0.4747
40508   0.4900
40524   0.5046
40533   0.4969
40540   0.4978
40548   0.5162
40556   0.5230
40565   0.5158
40578   0.5218
40586   0.5399
40595   0.5449
40604   0.5397
40612   0.5482
40621   0.5698
40630   0.5734
40642   0.5627
40651   0.5704
40664   0.6042
40672   0.5998
40685   0.5902
40697   0.5789
40709   0.5483
40719   0.5869
40730   0.5443
40741   0.5442
40749   0.5978
40754   0.5955
40763   0.5733
40779   0.6177
40791   0.6687
40802   0.6510
40811   0.6540
40819   0.6834
40824   0.5839
40833   0.5346
40843   0.5101
40853   0.4885
40863   0.4731
40873   0.4722
40882   0.4631
40892   0.4685
40901   0.4775
40910   0.4985
40915   0.5090
40924   0.4978
40934   0.5137
40946   0.5496
40958   0.6092
40966   0.6428
40974   0.6730
40980   0.6200
40990   0.6139
40999   0.6014
41011   0.5839
41019   0.5722
41031   0.5712
41040   0.5665
41052   0.5441
41060   0.5310
41068   0.5499
41076   0.5434
41083   0.5154
41095   0.5225
41104   0.5378
41113   0.5201
41121   0.5100
41128   0.5198
41137   0.5183
41146   0.5003
41158   0.5037
41167   0.5157
41179   0.5193
41192   0.5012
41204   0.4917
41216   0.5054
41225   0.5033
41237   0.4907
41249   0.4966
41258   0.5093
41268   0.5116
41277   0.5192
41285   0.5620
41294   0.5887
41303   0.6844
41313   0.5805
41321   0.5286
41329   0.5234
41338   0.4864
41350   0.4710
41359   0.4472
41369   0.4403
41381   0.4403
41390   0.4286
41400   0.4162
41413   0.4177
41425   0.4200
41437   0.4143
41447   0.4076
41456   0.4145
41468   0.4146
41476   0.4023
41488   0.4006
41497   0.4050
41513   0.4015
41529   0.3912
41538   0.3902
41547   0.3964
41557   0.3933
41566   0.3804
41578   0.3835
41587   0.4046
41596   0.3980
41606   0.4190
41615   0.3995
41623   0.3765
41630   0.4012
41637   0.4141
41650   0.3874
41659   0.3874
41668   0.4228
41684   0.4151
41692   0.3881
41700   0.4090
41708   0.4312
41718   0.4244
41728   0.3750
41736   0.3970
41743   0.4229
41752   0.4216
41764   0.3974
41775   0.3948
41788   0.3894
41796   0.3850
41808   0.3957
41817   0.3988
41826   0.3902
41833   0.3977
41849   0.4115
41855   0.4076
41867   0.4186
41873   0.4424
41881   0.4383
41889   0.4183
41902   0.4106
41908   0.3998
41918   0.3906
41927   0.3885
41939   0.3833
41951   0.3813
41957   0.3804
41963   0.3754
41970   0.3757
41977   0.3790
41985   0.3852
41992   0.3961
42000   0.3894
42008   0.3931
42024   0.4030
42032   0.4084
42039   0.3976
42047   0.4020
42056   0.4189
42065   0.4112
42073   0.4063
42080   0.4171
42090   0.4297
42099   0.4271
42108   0.4269
42121   0.4512
42133   0.4573
42142   0.4509
42154   0.4332
42162   0.4199
42171   0.4297
42180   0.4179
42188   0.4472
42198   0.4485
42209   0.4515
42221   0.4472
42228   0.4205
42236   0.4235
42247   0.4288
42254   0.4319
42261   0.4208
42269   0.4116
42277   0.4311
42288   0.4200
42298   0.4761
42309   0.6165
42321   0.6290
42329   0.5015
42340   0.5088
42348   0.5477
42356   0.5485
42365   0.5144
42377   0.4214
42387   0.4150
42396   0.4426
42407   0.4063
42417   0.3962
42424   0.4262
42433   0.4345
42442   0.4290
42455   0.4416
42462   0.4402
42467   0.4346
42475   0.4287
42483   0.4220
42491   0.4113
42499   0.4208
42507   0.4287
42517   0.4198
42533   0.4175
42541   0.4375
42546   0.4363
42555   0.4522
42567   0.4755
42577   0.4780
42584   0.4894
42590   0.4882
42598   0.4716
42607   0.4558
42616   0.4420
42624   0.4360
42637   0.4392
42646   0.4545
42658   0.4473
42669   0.4218
42680   0.4223
42689   0.4318
42698   0.4242
42707   0.4130
42716   0.4215
42722   0.4253
42731   0.4138
42740   0.4092
42746   0.4224
42758   0.4190
42768   0.4017
42776   0.4096
42784   0.4209
42792   0.4146
42805   0.4044
42817   0.4174
42829   0.4263
42841   0.4172
42851   0.4182
42864   0.4381
42877   0.4404
42889   0.4450
42894   0.4591
42906   0.4910
42917   0.4812
42928   0.4717
42937   0.4722
42945   0.4422
42950   0.4313
42958   0.4053
42966   0.3891
42973   0.3898
42983   0.4099
42991   0.4171
43000   0.4228
43012   0.4372
43024   0.4388
43033   0.4229
43042   0.4240
43050   0.4107
43062   0.4145
43071   0.4086
43083   0.3998
43092   0.4084
43101   0.4141
43110   0.3946
43115   0.4013
43124   0.3976
43133   0.4000
43144   0.3948
43151   0.4000
43157   0.4071
43167   0.4004
43180   0.3965
43192   0.4038
43200   0.4067
43211   0.4009
43224   0.3883
43236   0.3825
43248   0.3856
43261   0.3838
43271   0.3772
43283   0.3752
43288   0.3664
43297   0.3617
43307   0.3626
43315   0.3600
43322   0.3522
43334   0.3534
43343   0.3587
43352   0.3552
43359   0.3497
43367   0.3509
43378   0.3562
43386   0.3517
43395   0.3433
43400   0.3470
43412   0.3691
43424   0.3622
43433   0.3748
43442   0.3736
43454   0.3704
43467   0.3634
43473   0.3595
43482   0.3624
43491   0.3576
43503   0.3463
43509   0.3536
43516   0.3557
43532   0.3465
43541   0.3396
43550   0.3483
43555   0.3505
43563   0.3378
43572   0.3399
43585   0.3553
43597   0.3980
43609   0.3977
43621   0.3907
43633   0.3899
43643   0.3776
43649   0.3696
43658   0.3759
43664   0.3790
43674   0.3698
43682   0.3649
43697   0.3644
43705   0.3643
43715   0.3618
43728   0.3560
43735   0.3576
43742   0.3615
43754   0.3589
43763   0.3584
43769   0.3626
43776   0.3667
43785   0.3651
43794   0.3611
43802   0.3650
43814   0.3688
43826   0.3680
43839   0.3675
43851   0.3701
43859   0.3715
43866   0.3736
43875   0.3954
43880   0.4163
43888   0.4339
43895   0.4249
43903   0.4387
43908   0.4273
43916   0.4175
43923   0.4013
43935   0.4006
43944   0.3961
43956   0.4031
43964   0.4108
43980   0.4210
43992   0.4276
44004   0.4740
44014   0.5081
44019   0.4415
44025   0.4152
44038   0.4015
44050   0.3776
44061   0.3708
44070   0.3707
44081   0.3747
44090   0.3771
44099   0.3769
44109   0.3795
44125   0.3824
44134   0.3822
44147   0.3768
44158   0.3807
44166   0.3777
44175   0.3795
44187   0.3900
44196   0.3865
44204   0.3910
44215   0.3921
44223   0.3874
44233   0.3966
44241   0.4058
44249   0.3905
44261   0.3816
44270   0.3874
44278   0.3797
44291   0.3682
44300   0.3731
44312   0.3712
44321   0.3674
44330   0.3717
44339   0.3751
44348   0.3662
44355   0.3666
44361   0.3781
44368   0.3760
44377   0.3730
44389   0.3803
44401   0.3833
44413   0.3777
44422   0.3755
44434   0.3827
44444   0.3825
44453   0.3801
44463   0.3963
44474   0.3967
44484   0.3940
44490   0.3825
44496   0.3722
44504   0.3831
44516   0.3976
44525   0.3878
44534   0.3810
44540   0.4058
44545   0.4044
44554   0.3958
44565   0.3803
44573   0.3842
44583   0.3694
44592   0.3677
44599   0.3965
44608   0.3812
44619   0.4015
44628   0.4532
44637   0.4976
44643   0.4385
44649   0.4747
44656   0.4034
44668   0.4239
44675   0.4499
44687   0.4190
44699   0.4293
44709   0.4463
44717   0.4186
44724   0.4271
44732   0.3696
44741   0.4153
44753   0.4269
44762   0.4222
44774   0.4304
44781   0.4828
44793   0.4725
44800   0.4262
44813   0.4185
44822   0.4181
44831   0.3885
44840   0.3700
44847   0.3824
44857   0.3757
44865   0.3473
44874   0.3524
44883   0.3676
44895   0.3636
44902   0.3498
44915   0.3448
44924   0.3308
44936   0.3318
44952   0.3336
44964   0.3223
44972   0.3177
44981   0.3225
44989   0.3262
44998   0.3155
45007   0.3125
45019   0.3280
45028   0.3281
45036   0.3269
45041   0.3334
45049   0.3494
45057   0.3400
45069   0.3349
45078   0.3441
45085   0.3373
45094   0.3316
45106   0.3241
45113   0.3183
45122   0.3123
45127   0.3055
45140   0.3046
45149   0.3050
45157   0.3025
45163   0.2986
45170   0.3070
45182   0.3138
45195   0.3024
45207   0.3060
45216   0.3244
45225   0.3327
45237   0.3852
45242   0.3614
45247   0.3338
45256   0.3083
45265   0.3141
45274   0.3256
45283   0.3406
45292   0.3504
45300   0.3469
45309   0.3547
45319   0.3436
45326   0.3332
45335   0.3459
45344   0.3586
45356   0.3531
45369   0.3621
45385   0.3794
45394   0.3750
45410   0.3621
45419   0.3648
45428   0.3822
45434   0.3849
45447   0.3678
45458   0.3649
45466   0.3738
45478   0.3666
45486   0.3563
45495   0.3676
45503   0.3645
45512   0.3514
45522   0.3544
45533   0.3627
45542   0.3528
45551   0.3533
45558   0.3635
45567   0.3658
45572   0.3681
45578   0.3722
45585   0.3736
45590   0.3821
45603   0.4021
45612   0.4424
45617   0.4415
45623   0.4323
45632   0.4711
45640   0.5114
45652   0.5084
45663   0.4946
45670   0.4938
45677   0.4628
45693   0.4536
45702   0.4037
45711   0.4148
45723   0.4343
45729   0.4124
45741   0.3714
45748   0.3404
45757   0.3493
45763   0.3486
45770   0.3631
45778   0.3877
45786   0.4247
45796   0.4495
45801   0.4243
45814   0.4396
45826   0.4457
45834   0.4934
45842   0.5163
45852   0.5930
45861   0.6256
45870   0.6150
45877   0.5514
45889   0.4890
45896   0.4691
45906   0.4411
45914   0.3871
45922   0.3597
45929   0.3508
45934   0.3528
45944   0.3693
45950   0.3647
45955   0.3895
45964   0.4018
45973   0.4141
45989   0.3832
45998   0.3706
46005   0.3893
46014   0.3943
46021   0.3712
46033   0.3669
46039   0.3637
46051   0.3607
46060   0.3599
46069   0.3551
46078   0.3442
46090   0.3527
46102   0.3578
46114   0.3588
46122   0.3569
46134   0.3492
46143   0.3527
46150   0.3670
46163   0.3561
46176   0.3479
46188   0.3458
46197   0.3404
46209   0.3351
46217   0.3246
46225   0.3178
46231   0.3086
46240   0.3118
46249   0.3009
46259   0.2925
46265   0.2874
46272   0.2868
46284   0.2831
46293   0.2771
46302   0.2744
46308   0.2739
46315   0.2645
46327   0.2619
46332   0.2603
46338   0.2606
46348   0.2565
46357   0.2538
46369   0.2534
46381   0.2534
46387   0.2523
46395   0.2459
46404   0.2463
46412   0.2514
46422   0.2509
46428   0.2423
46436   0.2485
46446   0.2579
46452   0.2513
46464   0.2491
46473   0.2592
46483   0.2641
46493   0.2558
46503   0.2661
46513   0.2807
46523   0.2754
46530   0.2733
46539   0.2909
46548   0.2982
46560   0.2939
46569   0.2962
46579   0.3113
46591   0.3137
46603   0.3047
46612   0.3025
46621   0.3054
46633   0.3014
46642   0.2961
46652   0.3015
46658   0.3008
46670   0.2964
46682   0.3071
46694   0.3173
46704   0.3153
46717   0.3269
46727   0.3435
46737   0.3660
46742   0.3779
46752   0.3815
46762   0.4449
46774   0.4033
46783   0.4024
46792   0.4550
46799   0.4902
46808   0.5599
46816   0.6112
46828   0.6896
46838   0.6529
46845   0.5982
46850   0.5155
46860   0.4496
46865   0.4389
46877   0.4321
46886   0.3974
46895   0.4433
46907   0.4729
46917   0.4518
46925   0.4686
46932   0.5068
46942   0.5680
46952   0.5976
46961   0.5960
46970   0.5499
46980   0.5703
46992   0.5566
47002   0.5496
47008   0.6121
47017   0.6031
47027   0.6997
47039   0.7124
47049   0.6240
47055   0.5016
47065   0.5026
47070   0.5030
47080   0.4562
47090   0.5404
47100   0.5273
47112   0.4469
47128   0.4322
47144   0.4102
47155   0.4498
47163   0.4308
47179   0.3433
47187   0.3532
47196   0.3559
47208   0.3095
47214   0.3070
47221   0.3007
47230   0.2820
47238   0.2801
47250   0.3038
47257   0.3368
47262   0.3184
47271   0.3155
47284   0.2924
47297   0.2713
47306   0.2879
47318   0.3149
47328   0.3492
47336   0.3681
47345   0.4258
47352   0.5489
47362   0.6372
47372   0.3939
47384   0.3840
47392   0.3638
47408   0.3814
47416   0.3810
47425   0.3448
47437   0.3404
47446   0.3514
47452   0.3322
47460   0.3095
47468   0.3192
47477   0.3141
47484   0.2932
47496   0.2911
47504   0.2952
47512   0.2825
47528   0.2705
47537   0.2760
47548   0.2751
47555   0.2621
47564   0.2562
47571   0.2594
47583   0.2588
47593   0.2530
47605   0.2609
47614   0.2610
47623   0.2584
47632   0.2633
47639   0.2744
47647   0.2722
47655   0.2710
47664   0.2814
47676   0.2924
47685   0.2938
47695   0.2973
47707   0.3155
47714   0.3229
47723   0.3220
47732   0.3346
47740   0.3558
47752   0.3588
47762   0.3633
47771   0.3815
47781   0.3931
47791   0.3987
47796   0.3859
47807   0.3731
47814   0.3646
47822   0.3921
47830   0.4178
47842   0.4571
47852   0.4192
47859   0.4571
47868   0.4900
47880   0.4484
47889   0.4516
47902   0.5096
47915   0.5181
47927   0.5483
47938   0.6020
47950   0.5796
47959   0.5198
47967   0.4288
47973   0.4569
47980   0.4171
47989   0.3266
47998   0.3402
48007   0.3724
48016   0.3579
48023   0.3587
48033   0.3611
48042   0.3291
48054   0.3439
48066   0.3780
48075   0.4583
48084   0.4243
48094   0.3490
48103   0.3792
48113   0.4049
48123   0.3440
48130   0.3112
48140   0.3562
48150   0.3478
48162   0.2935
48175   0.3081
48183   0.3552
48192   0.3481
48203   0.4766
48211   0.4067
48223   0.3347
48235   0.2909
48244   0.2738
48253   0.2802
48262   0.2821
48274   0.2707
48287   0.2651
48293   0.2712
48302   0.2667
48315   0.2603
48326   0.2582
48334   0.2596
48343   0.2552
48351   0.2528
48357   0.2535
48369   0.2521
48376   0.2470
48386   0.2517
48395   0.2562
48403   0.2496
48410   0.2490
48423   0.2542
48435   0.2547
48443   0.2567
48452   0.2546
48461   0.2566
48470   0.2641
48481   0.2635
48493   0.2631
48502   0.2733
48510   0.3005
48517   0.2847
48523   0.2663
48530   0.2611
48539   0.2602
48548   0.2597
48556   0.2689
48565   0.2608
48574   0.2533
48582   0.2536
48590   0.2530
48599   0.2503
48608   0.2441
48617   0.2487
48629   0.2466
48638   0.2410
48654   0.2403
48660   0.2434
48669   0.2431
48678   0.2425
48685   0.2439
48692   0.2434
48700   0.2373
48711   0.2417
48719   0.2357
48726   0.2413
48738   0.2366
48750   0.2255
48762   0.2257
48778   0.2366
48787   0.2312
48796   0.2262
48802   0.2313
48811   0.2356
48819   0.2364
48832   0.2383
48840   0.2419
48850   0.2453
48858   0.2461
48864   0.2473
48873   0.2540
48881   0.2572
48889   0.2573
48899   0.2611
48912   0.2694
48924   0.2750
48936   0.2755
48948   0.2819
48960   0.2889
48965   0.2910
48977   0.2952
48988   0.3214
48996   0.3190
49012   0.3058
49023   0.3356
49033   0.3305
49042   0.3107
49051   0.3375
49061   0.3702
49070   0.3968
49083   0.3541
49093   0.3262
49103   0.3034
49114   0.2913
49122   0.3018
49135   0.2899
49146   0.2848
49153   0.2736
49161   0.2726
49172   0.2767
49181   0.2669
49190   0.2613
49195   0.2586
49203   0.2687
49213   0.2885
49223   0.2932
49233   0.3263
49243   0.3159
49248   0.2649
49261   0.2513
49269   0.2683
49278   0.2501
49291   0.2397
49300   0.2524
49309   0.2576
49318   0.2434
49330   0.2512
49339   0.2626
49348   0.2582
49354   0.2544
49363   0.2614
49375   0.2569
49387   0.2510
49399   0.2547
49411   0.2591
49418   0.2553
49427   0.2580
49436   0.2663
49446   0.2637
49453   0.2596
49465   0.2657
49470   0.2768
49479   0.2990
49495   0.3794
49504   0.3467
49514   0.3276
49526   0.3044
49535   0.2853
49548   0.2837
49555   0.2704
49563   0.2616
49572   0.2653
49584   0.2613
49596   0.2487
49608   0.2503
49620   0.2561
49633   0.2525
49642   0.2441
49651   0.2542
49660   0.2516
49671   0.2737
49679   0.2852
49688   0.2471
49701   0.2442
49708   0.2395
49714   0.2381
49722   0.2361
49730   0.2367
49739   0.2385
49747   0.2393
49760   0.2413
49768   0.2427
49777   0.2441
49786   0.2443
49798   0.2465
49807   0.2447
49813   0.2450
49822   0.2501
49830   0.2529
49838   0.2583
49847   0.2555
49859   0.2628
49868   0.2599
49877   0.2596
49886   0.2679
49894   0.2713
49906   0.2692
49911   0.2718
49923   0.2774
49939   0.2798
49945   0.2774
49957   0.2842
49962   0.2856
49972   0.2962
49984   0.2968
49991   0.2926
49997   0.2964
50003   0.3100
50009   0.3256
50018   0.3381
50027   0.3357
50035   0.3177
50042   0.3012
50049   0.3063
50058   0.2968
50065   0.2959
50075   0.2857
50084   0.2823
50096   0.2772
50103   0.2783
50111   0.2762
50115   0.2691
50123   0.2653
50135   0.2651
50144   0.2629
50152   0.2594
50161   0.2569
50169   0.2580
50178   0.2561
50187   0.2522
50199   0.2520
50211   0.2525
50216   0.2486
50224   0.2480
50233   0.2496
50241   0.2481
50249   0.2460
50258   0.2421
50270   0.2440
50276   0.2417
50285   0.2384
50298   0.2387
50307   0.2397
50319   0.2398
50329   0.2433
50337   0.2393
50345   0.2408
50354   0.2479
50359   0.2418
50369   0.2387
50377   0.2451
50386   0.2450
50398   0.2417
50410   0.2427
50418   0.2503
50427   0.2482
50436   0.2444
50444   0.2534
50456   0.2551
50461   0.2500
50470   0.2530
50482   0.2629
50494   0.2614
50510   0.2618
50519   0.2713
50531   0.2781
50543   0.2783
50552   0.2786
50560   0.2909
50568   0.3023
50573   0.3129
50581   0.3149
50589   0.3307
50599   0.3133
50611   0.3365
50621   0.3250
50633   0.4262
50640   0.3866
50652   0.3015
50663   0.2962
50672   0.2764
50680   0.2732
50686   0.2722
50698   0.2626
50707   0.2551
50723   0.2552
50736   0.2529
50748   0.2430
50756   0.2443
50766   0.2422
50773   0.2439
50781   0.2392
50794   0.2378
50806   0.2380
50811   0.2385
50820   0.2347
50827   0.2344
50833   0.2340
50846   0.2314
50858   0.2328
50867   0.2344
50879   0.2352
50886   0.2373
50891   0.2386
50903   0.2370
50911   0.2438
50919   0.2480
50931   0.2477
50939   0.2535
50948   0.2734
50953   0.2635
50964   0.2685
50976   0.2789
50985   0.2701
50993   0.2741
51003   0.2969
51010   0.2798
51023   0.2826
51034   0.2900
51047   0.2798
51055   0.2649
51066   0.2722
51075   0.2767
51087   0.2668
51096   0.2633
51108   0.2665
51120   0.2661
51125   0.2569
51137   0.2637
51149   0.2715
51158   0.2633
51165   0.2643
51173   0.2639
51185   0.2641
51194   0.2585
51202   0.2597
51212   0.2573
51221   0.2513
51233   0.2551
51239   0.2550
51247   0.2524
51256   0.2589
51265   0.2635
51281   0.2592
51289   0.2587
51305   0.2709
51313   0.2951
51322   0.2964
51330   0.3139
51338   0.2822
51347   0.2853
51354   0.2743
51363   0.2887
51370   0.2894
51377   0.2747
51393   0.2698
51402   0.2785
51409   0.2720
51417   0.2632
51427   0.2676
51436   0.2649
51445   0.2628
51458   0.2645
51464   0.2666
51476   0.2692
51485   0.2652
51497   0.2674
51506   0.2730
51515   0.2785
51525   0.2802
51532   0.2844
51548   0.2891
51560   0.2997
51570   0.3008
51577   0.3120
51587   0.3308
51597   0.3327
51609   0.3335
51621   0.3195
51629   0.3244
51640   0.3057
51648   0.3036
51660   0.4333
51665   0.5287
51677   0.5427
51687   0.5124
51697   0.5070
51707   0.4822
51717   0.4886
51723   0.4883
51731   0.4592
51741   0.4590
51754   0.4681
51759   0.4578
51768   0.4421
51773   0.4488
51778   0.4498
51787   0.4362
51796   0.4371
51805   0.4361
51813   0.4303
51822   0.4294
51831   0.4334
51840   0.4252
51847   0.4274
51856   0.4446
51864   0.4272
51880   0.4127
51891   0.4582
51899   0.4731
51908   0.4232
51917   0.4369
51929   0.4815
51938   0.4511
51945   0.4194
51954   0.4490
51963   0.4121
51973   0.4118
51980   0.4274
51988   0.4336
51994   0.4159
51999   0.3948
52007   0.3709
52016   0.3600
52027   0.3655
52038   0.3603
52046   0.3590
52055   0.3564
52064   0.3634
52072   0.3657
52079   0.3751
52087   0.3799
52095   0.3852
52104   0.4064
52112   0.4373
52121   0.4546
52126   0.4561
52131   0.4433
52144   0.4206
52155   0.4029
52163   0.4158
52172   0.4031
52184   0.3862
52192   0.3809
52201   0.3719
52208   0.3717
52214   0.3679
52226   0.3713
52238   0.3785
52245   0.3839
52257   0.3835
52266   0.3919
52276   0.3907
52284   0.4054
52293   0.4387
52302   0.4578
52313   0.4746
52320   0.4445
52330   0.4283
52343   0.4539
52354   0.4521
52364   0.4218
52376   0.4291
52385   0.4519
52395   0.4345
52402   0.4031
52414   0.4248
52418   0.3942
52426   0.4511
52437   0.4564
52444   0.4151
52449   0.3747
52455   0.3662
52464   0.3330
52476   0.3448
52488   0.3690
52497   0.3586
52507   0.3451
52518   0.3728
52531   0.3900
52541   0.4014
52553   0.3857
52563   0.3621
52572   0.3693
52580   0.3699
52588   0.3977
52596   0.4052
52602   0.4176
52612   0.4192
52621   0.4379
52631   0.4150
52636   0.4122
52647   0.3989
52654   0.3881
52665   0.3932
52672   0.4048
52681   0.4117
52697   0.4151
52705   0.4255
52714   0.4266
52720   0.4275
52727   0.4357
52735   0.4395
52742   0.4356
52752   0.4425
52764   0.4556
52774   0.4581
52783   0.4646
52792   0.4699
52804   0.4752
52814   0.4847
52823   0.5238
52831   0.5066
52839   0.5432
52847   0.5101
52858   0.4951
52865   0.4919
52872   0.4693
52884   0.4412
52891   0.4231
52899   0.3812
52907   0.3521
52919   0.3701
52926   0.3618
52942   0.3548
52949   0.3551
52958   0.3522
52970   0.3561
52982   0.3628
52993   0.3729
53002   0.3715
53010   0.3670
53019   0.3629
53024   0.3459
53030   0.3362
53040   0.3408
53046   0.3413
53056   0.3397
53065   0.3397
53071   0.3452
53079   0.3482
53088   0.3732
53098   0.3583
53107   0.3952
53114   0.4053
53125   0.4329
53133   0.4456
53142   0.4787
53148   0.4892
53156   0.5078
53162   0.4965
53170   0.4863
53182   0.5006
53193   0.4904
53200   0.4688
53209   0.4735
53215   0.4823
53225   0.4648
53234   0.4485
53243   0.4623
53249   0.4735
53254   0.4887
53265   0.4909
53274   0.4794
53282   0.5176
53292   0.5694
53299   0.5611
53306   0.5584
53317   0.5183
53324   0.4712
53332   0.4765
53340   0.4824
53348   0.4645
53357   0.4555
53367   0.4297
53377   0.4144
53386   0.3937
53398   0.3897
53406   0.3943
53419   0.3729
53432   0.3567
53440   0.3391
53450   0.3495
53455   0.3457
53463   0.3365
53470   0.3307
53479   0.3306
53486   0.3194
53497   0.3377
53504   0.3404
53513   0.3450
53521   0.3458
53530   0.3540
53540   0.3399
53552   0.3334
53561   0.3695
53570   0.3851
53577   0.4014
53587   0.4380
53598   0.4242
53609   0.4155
53621   0.4287
53630   0.4591
53641   0.4497
53650   0.4575
53658   0.4464
53667   0.4556
53676   0.4492
53685   0.4537
53697   0.4688
53709   0.5364
53718   0.5478
53729   0.5955
53737   0.5748
53745   0.5055
53755   0.4890
53762   0.4607
53773   0.4382
53780   0.4372
53790   0.4243
53806   0.4187
53822   0.4282
53830   0.4242
53839   0.4386
53850   0.4193
53859   0.4448
53867   0.4219
53872   0.4433
53879   0.4725
53891   0.5024
53900   0.5498
53912   0.6821
53923   0.7461
53935   0.6494
53940   0.6720
53947   0.6170
53959   0.4578
53965   0.4179
53974   0.4078
53984   0.3947
53993   0.3803
54001   0.3638
54009   0.3538
54021   0.3633
54032   0.3681
54041   0.3903
54051   0.3911
54059   0.4162
54065   0.4128
54072   0.4177
54080   0.4276
54087   0.4168
54096   0.4490
54101   0.4258
54113   0.4165
54122   0.4604
54128   0.4600
54133   0.4114
54146   0.4128
54151   0.4083
54160   0.3863
54169   0.3777
54174   0.3808
54183   0.3674
54196   0.3520
54202   0.3531
54209   0.3543
54217   0.3373
54225   0.3320
54234   0.3395
54242   0.3339
54251   0.3178
54256   0.3198
54266   0.3273
54278   0.3218
54286   0.3145
54298   0.3163
54308   0.3204
54320   0.3235
54332   0.3196
54339   0.3197
54344   0.3117
54353   0.3235
54360   0.3106
54372   0.2931
54379   0.2863
54388   0.2888
54397   0.2883
54409   0.2903
54419   0.2931
54429   0.2961
54437   0.3107
54445   0.2955
54456   0.2830
54464   0.2887
54473   0.2905
54485   0.2785
54494   0.2715
54503   0.2854
54513   0.2831
54522   0.2688
54529   0.2735
54537   0.2828
54546   0.2751
54555   0.2648
54567   0.2647
54576   0.2698
54584   0.2714
54596   0.2650
54606   0.2647
54614   0.2772
54619   0.2691
54629   0.2819
54638   0.2887
54648   0.2758
54657   0.2742
54667   0.2932
54677   0.2878
54686   0.2713
54695   0.2710
54708   0.2788
54714   0.2735
54724   0.2710
54733   0.2763
54742   0.2805
54754   0.2760
54763   0.2759
54776   0.2909
54788   0.2879
54794   0.2874
54802   0.2946
54812   0.2988
54820   0.2957
54829   0.2987
54838   0.3043
54848   0.3011
54864   0.2980
54872   0.3118
54884   0.3241
54894   0.3586
54904   0.4015
54912   0.3749
