    2   0.8934
    7   0.8719
   16   0.8783
   25   0.9130
   37   0.8637
   49   0.8675
   58   0.8621
   67   0.8825
   75   0.8945
   83   0.8924
   92   0.8943
   99   0.9079
  108   0.9163
  114   0.9202
  122   0.9289
  128   0.9453
  135   0.9547
  141   0.9577
  153   0.9649
  165   1.0035
  178   1.0202
  189   1.0388
  194   0.9964
  203   0.9718
  210   1.0044
  222   0.9936
  230   0.9470
  243   0.9599
  252   0.9818
  261   0.9424
  274   0.9224
  283   0.9523
  292   0.9463
  301   0.9236
  309   0.9050
  317   0.9030
  326   0.8849
  338   0.8772
  345   0.8561
  354   0.9099
  362   0.9521
  370   0.9768
  380   0.9604
  386   0.9751
  394   0.9740
  403   0.9562
  415   0.9767
  420   0.9941
  432   0.9718
  440   0.9667
  445   1.0011
  457   1.0023
  466   0.9772
  475   1.0004
  487   1.0308
  494   1.0089
  503   1.0070
  510   1.0505
  519   1.0561
  527   1.0348
  534   1.0652
  543   1.1027
  550   1.0847
  562   1.0874
  571   1.1344
  580   1.1449
  589   1.1313
  601   1.1716
  610   1.2135
  619   1.2133
  631   1.2073
  643   1.2653
  652   1.0404
  660   0.9928
  672   0.9704
  679   0.9627
  687   0.9696
  696   0.9663
  705   0.9540
  710   0.9526
  719   0.9633
  731   0.9568
  740   0.9481
  746   0.9583
  753   0.9641
  762   0.9534
  770   0.9512
  779   0.9661
  795   0.9716
  804   0.9655
  812   0.9761
  819   0.9892
  831   1.0056
  839   0.9249
  848   0.8751
  860   0.8365
  872   0.8337
  884   0.8273
  890   0.7842
  897   0.7714
  905   0.7885
  911   0.7758
  918   0.7418
  928   0.7490
  937   0.7654
  947   0.7455
  957   0.7309
  969   0.7459
  978   0.7561
  983   0.7380
  994   0.7362
 1003   0.7565
 1012   0.7577
 1020   0.7476
 1028   0.7557
 1034   0.7721
 1039   0.7708
 1049   0.7701
 1057   0.7832
 1065   0.7975
 1073   0.7975
 1081   0.7923
 1090   0.8085
 1099   0.8247
 1108   0.8215
 1113   0.8271
 1120   0.8484
 1127   0.8576
 1132   0.8620
 1141   0.8779
 1150   0.8959
 1158   0.9553
 1166   0.9157
 1173   0.8980
 1182   0.9256
 1190   0.9224
 1197   0.8837
 1203   0.8873
 1211   0.9189
 1224   0.9081
 1236   0.8847
 1248   0.9030
 1256   0.9272
 1268   0.9102
 1277   0.9084
 1282   0.9446
 1291   0.9537
 1298   0.9394
 1306   0.9620
 1322   0.9933
 1338   0.9909
 1345   0.9876
 1361   1.0146
 1368   1.0436
 1380   1.0044
 1388   1.0365
 1400   1.0365
 1408   0.9990
 1416   1.0152
 1425   1.0234
 1434   1.0191
 1446   1.0184
 1451   1.0210
 1458   1.0221
 1467   1.0253
 1474   1.0325
 1482   1.0322
 1491   1.0392
 1500   1.0453
 1506   1.0499
 1515   1.0570
 1527   1.0719
 1535   1.0746
 1541   1.0809
 1546   1.1021
 1558   1.1148
 1567   1.1167
 1576   1.1327
 1581   1.1570
 1590   1.1653
 1603   1.1679
 1612   1.1855
 1625   1.2061
 1637   1.1995
 1649   1.2311
 1661   1.2315
 1673   1.2458
 1685   1.2839
 1697   1.2528
 1707   1.2305
 1713   1.2249
 1720   1.2735
 1727   1.2814
 1735   1.3178
 1746   1.2979
 1755   1.2471
 1768   1.2642
 1781   1.0107
 1797   0.9964
 1810   0.9572
 1822   0.9301
 1834   0.8891
 1840   0.9194
 1850   0.9088
 1858   0.8608
 1867   0.8726
 1876   0.9103
 1885   0.8803
 1894   0.8509
 1902   0.8912
 1911   0.9052
 1924   0.8629
 1937   0.8639
 1945   0.9171
 1954   0.9054
 1960   0.8653
 1968   0.9103
 1977   0.9588
 1986   0.9232
 1998   0.9144
 2007   0.9881
 2023   1.0152
 2032   0.9998
 2044   0.9960
 2054   0.8106
 2060   0.7713
 2068   0.7347
 2080   0.7146
 2092   0.7047
 2104   0.7258
 2113   0.7272
 2122   0.7045
 2132   0.7084
 2144   0.7326
 2151   0.7184
 2164   0.6958
 2173   0.7139
 2180   0.7283
 2186   0.7016
 2195   0.6952
 2204   0.7238
 2210   0.7188
 2219   0.6890
 2228   0.7012
 2234   0.7187
 2250   0.6967
 2257   0.6831
 2266   0.7124
 2274   0.7095
 2287   0.7396
 2299   0.7550
 2306   0.7778
 2322   0.8003
 2331   0.7885
 2339   0.8421
 2351   0.8185
 2359   0.7846
 2368   0.8073
 2377   0.8164
 2386   0.7748
 2402   0.7691
 2409   0.7986
 2416   0.7888
 2424   0.7589
 2433   0.7726
 2449   0.8129
 2458   0.8341
 2467   0.8519
 2479   0.8432
 2490   0.8111
 2502   0.8023
 2514   0.8385
 2524   0.8329
 2537   0.7947
 2543   0.8163
 2552   0.8468
 2561   0.8177
 2568   0.7998
 2574   0.8399
 2582   0.8373
 2594   0.8007
 2603   0.8189
 2611   0.8532
 2619   0.8206
 2632   0.8051
 2638   0.8473
 2649   0.8556
 2658   0.8199
 2667   0.8359
 2676   0.8714
 2684   0.8485
 2693   0.8309
 2705   0.8704
 2718   0.8836
 2727   0.8488
 2743   0.8616
 2750   0.9020
 2762   0.9246
 2772   0.9422
 2780   0.9562
 2788   0.9267
 2798   0.9072
 2807   0.9164
 2817   0.8988
 2827   0.8632
 2834   0.8298
 2842   0.7889
 2847   0.7788
 2859   0.7957
 2868   0.7812
 2878   0.7843
 2888   0.7632
 2898   0.7621
 2907   0.7578
 2915   0.7322
 2920   0.7260
 2930   0.7845
 2939   0.7401
 2945   0.7199
 2952   0.7628
 2962   0.7728
 2971   0.7285
 2980   0.7402
 2992   0.7821
 3000   0.7578
 3009   0.7327
 3017   0.7774
 3029   0.7896
 3045   0.7486
 3054   0.7647
 3063   0.8085
 3072   0.7866
 3084   0.7637
 3096   0.8073
 3108   0.8263
 3117   0.7943
 3125   0.8020
 3135   0.8504
 3147   0.8448
 3157   0.8209
 3163   0.8615
 3172   0.8944
 3184   0.8678
 3194   0.8765
 3204   0.9294
 3214   0.9336
 3220   0.9098
 3229   0.9431
 3238   1.0208
 3245   0.7452
 3254   0.7106
 3263   0.6926
 3273   0.6698
 3281   0.6680
 3290   0.6658
 3295   0.6481
 3306   0.6358
 3315   0.6362
 3323   0.6323
 3331   0.6184
 3337   0.6119
 3346   0.6159
 3358   0.6112
 3367   0.5990
 3377   0.5930
 3390   0.6031
 3406   0.5832
 3415   0.5601
 3428   0.5869
 3436   0.5940
 3443   0.5618
 3448   0.5612
 3453   0.5916
 3462   0.5811
 3474   0.5536
 3486   0.5781
 3498   0.6025
 3506   0.5790
 3513   0.5507
 3525   0.5853
 3535   0.5968
 3540   0.5924
 3550   0.5771
 3559   0.5660
 3567   0.5725
 3576   0.5986
 3589   0.5760
 3599   0.5538
 3608   0.5804
 3617   0.5858
 3630   0.5561
 3639   0.5589
 3647   0.5811
 3656   0.5623
 3668   0.5393
 3677   0.5607
 3689   0.5669
 3696   0.5367
 3704   0.5367
 3710   0.5592
 3719   0.5450
 3732   0.5292
 3744   0.5498
 3752   0.5637
 3764   0.5639
 3777   0.5981
 3787   0.6051
 3803   0.5886
 3819   0.6105
 3831   0.6391
 3841   0.6228
 3850   0.6163
 3859   0.6564
 3869   0.6529
 3882   0.6191
 3894   0.6382
 3910   0.6671
 3919   0.6466
 3926   0.6295
 3934   0.6628
 3942   0.6730
 3951   0.6441
 3964   0.6536
 3972   0.6845
 3981   0.6723
 3990   0.6580
 3998   0.6843
 4007   0.6984
 4016   0.6790
 4028   0.6843
 4037   0.7123
 4050   0.7119
 4058   0.6903
 4071   0.7192
 4083   0.7489
 4095   0.7706
 4105   0.7920
 4116   0.7581
 4127   0.7598
 4135   0.8034
 4140   0.7945
 4149   0.7742
 4165   0.8106
 4177   0.8471
 4188   0.8209
 4197   0.8206
 4205   0.8542
 4210   0.7477
 4219   0.6882
 4229   0.6814
 4239   0.6824
 4249   0.6570
 4259   0.6463
 4268   0.6600
 4278   0.6621
 4287   0.6402
 4296   0.6458
 4301   0.6457
 4310   0.6689
 4320   0.6625
 4332   0.6623
 4344   0.6639
 4352   0.6955
 4360   0.6684
 4366   0.6411
 4376   0.6689
 4385   0.6806
 4397   0.6431
 4405   0.6467
 4417   0.6832
 4426   0.6755
 4438   0.6363
 4446   0.6565
 4454   0.6905
 4462   0.6670
 4469   0.6478
 4481   0.6897
 4490   0.6998
 4499   0.6603
 4507   0.6749
 4514   0.7141
 4523   0.6921
 4532   0.6682
 4544   0.7111
 4553   0.7263
 4565   0.6841
 4578   0.6501
 4590   0.6308
 4602   0.6467
 4611   0.6341
 4623   0.6016
 4635   0.6045
 4644   0.6136
 4654   0.5908
 4663   0.5733
 4671   0.5889
 4680   0.5707
 4689   0.6110
 4699   0.8557
 4707   0.8307
 4715   0.7730
 4724   0.7507
 4736   0.7202
 4745   0.6848
 4755   0.6634
 4767   0.6455
 4776   0.6148
 4786   0.5895
 4799   0.5791
 4811   0.5624
 4823   0.5360
 4833   0.5248
 4842   0.5200
 4854   0.4996
 4862   0.4828
 4874   0.4852
 4883   0.4838
 4899   0.4628
 4915   0.4531
 4924   0.4722
 4933   0.4756
 4943   0.4508
 4952   0.4409
 4964   0.4440
 4973   0.4397
 4982   0.4196
 4992   0.4226
 5001   0.4430
 5009   0.4331
 5016   0.4150
 5023   0.4300
 5036   0.4397
 5045   0.4319
 5054   0.4355
 5070   0.4440
 5078   0.4453
 5086   0.4561
 5094   0.4723
 5104   0.5027
 5114   0.4886
 5122   0.4917
 5129   0.4887
 5138   0.4905
 5150   0.4807
 5161   0.4741
 5174   0.4856
 5182   0.4735
 5194   0.4626
 5203   0.4674
 5212   0.4655
 5219   0.4474
 5235   0.4460
 5241   0.4503
 5253   0.4432
 5259   0.4276
 5267   0.4261
 5275   0.4395
 5288   0.4464
 5294   0.4658
 5304   0.4659
 5313   0.4574
 5325   0.4759
 5337   0.4880
 5343   0.4837
 5349   0.4912
 5356   0.5093
 5363   0.5141
 5371   0.4978
 5378   0.4993
 5386   0.5189
 5394   0.5226
 5410   0.5265
 5418   0.5289
 5425   0.5317
 5433   0.5345
 5442   0.5393
 5451   0.5447
 5459   0.5451
 5466   0.5504
 5476   0.5623
 5485   0.5644
 5494   0.5930
 5507   0.6200
 5519   0.6058
 5528   0.6158
 5540   0.5929
 5548   0.5761
 5557   0.5768
 5566   0.6095
 5574   0.5927
 5584   0.5779
 5595   0.5844
 5607   0.5570
 5614   0.5406
 5622   0.5514
 5633   0.5456
 5640   0.5614
 5647   0.5606
 5655   0.5836
 5663   0.5985
 5674   0.5991
 5684   0.5965
 5695   0.5945
 5707   0.5814
 5715   0.5807
 5726   0.5654
 5734   0.5545
 5742   0.5681
 5751   0.6100
 5763   0.6358
 5773   0.6196
 5782   0.6028
 5793   0.5714
 5803   0.5729
 5810   0.5461
 5819   0.5482
 5828   0.5676
 5841   0.5773
 5848   0.5618
 5853   0.5493
 5861   0.5250
 5869   0.5181
 5877   0.5109
 5885   0.5216
 5893   0.5199
 5903   0.5042
 5919   0.4846
 5927   0.4995
 5932   0.4993
 5941   0.5379
 5953   0.5527
 5963   0.5639
 5970   0.5453
 5976   0.5330
 5984   0.5392
 5993   0.5381
 6002   0.5474
 6010   0.5535
 6023   0.5302
 6032   0.5312
 6044   0.5271
 6055   0.5003
 6066   0.4960
 6075   0.4863
 6084   0.4742
 6093   0.4792
 6102   0.4801
 6108   0.4682
 6117   0.4678
 6126   0.4843
 6132   0.4783
 6144   0.4713
 6154   0.4990
 6162   0.5062
 6170   0.4877
 6178   0.4985
 6191   0.5266
 6203   0.5175
 6215   0.5037
 6227   0.5314
 6237   0.5456
 6250   0.5293
 6263   0.5355
 6275   0.5725
 6280   0.5754
 6292   0.5769
 6303   0.5607
 6314   0.5408
 6323   0.5890
 6331   0.6478
 6336   0.6790
 6344   0.6261
 6352   0.6201
 6359   0.5647
 6369   0.6862
 6377   0.5483
 6386   0.5019
 6398   0.4697
 6410   0.4614
 6419   0.4297
 6428   0.4399
 6436   0.4334
 6448   0.4593
 6457   0.4923
 6469   0.4659
 6478   0.4152
 6487   0.4320
 6496   0.4349
 6501   0.4151
 6510   0.4114
 6519   0.4109
 6530   0.3901
 6537   0.3836
 6543   0.4009
 6553   0.3988
 6566   0.3739
 6578   0.3838
 6586   0.4032
 6597   0.3990
 6610   0.3862
 6622   0.3972
 6634   0.3991
 6647   0.3882
 6657   0.3801
 6669   0.3892
 6674   0.3912
 6683   0.3811
 6693   0.3812
 6701   0.3890
 6708   0.3851
 6720   0.3801
 6729   0.3817
 6738   0.3863
 6745   0.3822
 6753   0.3799
 6764   0.3789
 6772   0.3790
 6781   0.3734
 6786   0.3760
 6798   0.3824
 6810   0.3931
 6819   0.4120
 6828   0.4255
 6840   0.4227
 6853   0.4049
 6859   0.4122
 6868   0.4243
 6877   0.4119
 6889   0.4021
 6895   0.4176
 6902   0.4186
 6918   0.4052
 6927   0.4110
 6936   0.4238
 6941   0.4162
 6949   0.4086
 6958   0.4200
 6971   0.4273
 6983   0.4235
 6995   0.4375
 7007   0.4401
 7019   0.4507
 7029   0.4420
 7035   0.4311
 7044   0.4385
 7050   0.4513
 7060   0.4341
 7068   0.4230
 7083   0.4366
 7091   0.4446
 7101   0.4292
 7114   0.4296
 7121   0.4440
 7128   0.4419
 7140   0.4311
 7149   0.4391
 7155   0.4512
 7162   0.4435
 7171   0.4373
 7180   0.4506
 7188   0.4567
 7200   0.4420
 7212   0.4483
 7225   0.4711
 7237   0.4687
 7245   0.4594
 7252   0.4750
 7261   0.4929
 7266   0.5179
 7274   0.5304
 7281   0.5409
 7289   0.5530
 7294   0.5382
 7302   0.5401
 7309   0.5638
 7321   0.5716
 7330   0.5567
 7342   0.5401
 7350   0.5377
 7366   0.5542
 7378   0.5941
 7390   0.6087
 7400   0.5855
 7405   0.5469
 7411   0.5113
 7424   0.4787
 7436   0.4514
 7447   0.4380
 7456   0.4225
 7467   0.4382
 7476   0.4468
 7485   0.4287
 7495   0.4204
 7511   0.4401
 7520   0.4477
 7533   0.4704
 7544   0.4816
 7552   0.4830
 7561   0.4988
 7573   0.4830
 7582   0.4709
 7590   0.4728
 7601   0.4799
 7609   0.4757
 7619   0.4621
 7627   0.4857
 7635   0.4649
 7647   0.4332
 7656   0.4382
 7664   0.4384
 7677   0.4291
 7686   0.4223
 7698   0.4173
 7707   0.4133
 7716   0.4167
 7725   0.4123
 7734   0.4056
 7741   0.4131
 7747   0.4174
 7754   0.4074
 7763   0.4066
 7775   0.4192
 7787   0.4211
 7799   0.4119
 7808   0.4212
 7820   0.4348
 7830   0.4277
 7839   0.4252
 7849   0.4652
 7860   0.4621
 7870   0.4985
 7876   0.4829
 7882   0.4349
 7890   0.4275
 7902   0.4308
 7911   0.4364
 7920   0.4588
 7926   0.4341
 7931   0.4222
 7940   0.4065
 7951   0.4045
 7959   0.3952
 7969   0.4175
 7978   0.5915
 7985   0.6242
 7994   0.5488
 8005   0.4332
 8014   0.4912
 8023   0.4911
 8029   0.4956
 8035   0.4998
 8042   0.5033
 8054   0.5108
 8061   0.4874
 8073   0.4363
 8085   0.4309
 8095   0.4077
 8103   0.3947
 8110   0.3911
 8118   0.4003
 8127   0.3788
 8139   0.4169
 8148   0.4131
 8160   0.4106
 8167   0.4246
 8179   0.4172
 8186   0.4151
 8199   0.4034
 8208   0.3913
 8217   0.3731
 8226   0.3618
 8233   0.3614
 8243   0.3609
 8251   0.3520
 8260   0.3532
 8269   0.3643
 8281   0.3598
 8288   0.3359
 8301   0.3396
 8310   0.3416
 8322   0.3411
 8338   0.3384
 8350   0.3362
 8358   0.3336
 8367   0.3273
 8375   0.3284
 8384   0.3296
 8393   0.3223
 8405   0.3143
 8414   0.3196
 8422   0.3205
 8427   0.3062
 8435   0.3052
 8443   0.3261
 8455   0.3358
 8464   0.3446
 8471   0.3508
 8480   0.3508
 8492   0.3408
 8499   0.3388
 8508   0.3492
 8513   0.3426
 8526   0.3308
 8535   0.3436
 8543   0.3544
 8549   0.3395
 8556   0.3396
 8568   0.3606
 8581   0.3480
 8593   0.3364
 8602   0.3440
 8611   0.3641
 8623   0.3575
 8628   0.3465
 8633   0.3522
 8642   0.3625
 8651   0.3682
 8660   0.3785
 8669   0.3812
 8678   0.3821
 8686   0.3745
 8695   0.3897
 8705   0.3794
 8712   0.3645
 8721   0.3741
 8730   0.3838
 8742   0.3684
 8755   0.3642
 8771   0.3826
 8780   0.3827
 8796   0.3689
 8805   0.3749
 8814   0.3865
 8820   0.3817
 8833   0.3777
 8844   0.3847
 8852   0.3880
 8864   0.3818
 8872   0.3816
 8881   0.3933
 8889   0.3908
 8898   0.3823
 8908   0.3904
 8919   0.3962
 8928   0.3866
 8937   0.3837
 8944   0.3920
 8953   0.3912
 8958   0.3806
 8964   0.3886
 8971   0.4033
 8976   0.3959
 8989   0.3894
 8998   0.4131
 9003   0.4182
 9009   0.3983
 9018   0.4065
 9026   0.4247
 9038   0.4568
 9049   0.4282
 9056   0.4180
 9063   0.3935
 9079   0.3770
 9088   0.3672
 9097   0.3645
 9109   0.3581
 9115   0.3500
 9127   0.3503
 9134   0.3546
 9143   0.3656
 9149   0.3718
 9156   0.3702
 9164   0.4205
 9172   0.4965
 9182   0.5639
 9187   0.6160
 9200   0.5715
 9212   0.4987
 9220   0.5654
 9228   0.6192
 9238   0.6665
 9247   0.5723
 9256   0.4896
 9263   0.4791
 9275   0.4981
 9282   0.4714
 9292   0.4150
 9300   0.4022
 9308   0.3713
 9315   0.3530
 9320   0.3564
 9330   0.3499
 9336   0.3461
 9341   0.3514
 9350   0.3472
 9359   0.3372
 9375   0.3451
 9384   0.3529
 9391   0.3464
 9400   0.3455
 9407   0.3576
 9419   0.3595
 9425   0.3520
 9437   0.3590
 9446   0.3698
 9455   0.3689
 9464   0.3669
 9476   0.3799
 9488   0.3822
 9500   0.3766
 9508   0.3764
 9520   0.3802
 9529   0.3793
 9536   0.3850
 9549   0.3748
 9562   0.3750
 9574   0.3762
 9583   0.3807
 9595   0.3773
 9603   0.3781
 9611   0.3819
 9617   0.3839
 9626   0.3837
 9635   0.3881
 9645   0.3854
 9651   0.3838
 9658   0.3875
 9670   0.3887
 9679   0.3817
 9688   0.3794
 9694   0.3873
 9701   0.3917
 9713   0.3850
 9718   0.3863
 9724   0.3950
 9734   0.3957
 9743   0.3985
 9755   0.4038
 9767   0.4018
 9773   0.4086
 9781   0.4209
 9790   0.4093
 9798   0.3978
 9808   0.4176
 9814   0.4193
 9822   0.3929
 9832   0.3976
 9838   0.4178
 9850   0.3989
 9859   0.3730
 9869   0.3935
 9879   0.4030
 9889   0.3740
 9899   0.3674
 9909   0.3891
 9916   0.3816
 9925   0.3591
 9934   0.3673
 9946   0.3809
 9955   0.3691
 9965   0.3574
 9977   0.3642
 9989   0.3759
 9998   0.3706
10007   0.3564
10019   0.3677
10028   0.3911
10038   0.3820
10044   0.3674
10056   0.4040
10068   0.4312
10080   0.4119
10090   0.4172
10103   0.4766
10113   0.4978
10123   0.4712
10128   0.4904
10138   0.5505
10148   0.4849
10160   0.4635
10169   0.5070
10178   0.5567
10185   0.5047
10194   0.5179
10202   0.5926
10214   0.5836
10224   0.5329
10231   0.6061
10236   0.5863
10246   0.6897
10251   0.8101
10263   0.8113
10272   0.7209
10281   0.6464
10293   0.5614
10303   0.5989
10311   0.5478
10318   0.4665
10328   0.5262
10338   0.5686
10347   0.4847
10356   0.4655
10366   0.5905
10378   0.7352
10388   0.8792
10394   1.1570
10403   1.2048
10413   0.9969
10425   0.9080
10435   0.7207
10441   0.5926
10451   0.5167
10456   0.4332
10466   0.4630
10476   0.5836
10486   0.6110
10498   0.5123
10514   0.5120
10530   0.4085
10541   0.3369
10549   0.3020
10565   0.2908
10573   0.2846
10582   0.2805
10594   0.2784
10600   0.2723
10607   0.2799
10616   0.2808
10624   0.2702
10636   0.2571
10643   0.2613
10648   0.2731
10657   0.2946
10670   0.3152
10683   0.3125
10692   0.3102
10704   0.3191
10714   0.3318
10722   0.3325
10731   0.3188
10738   0.3469
10748   0.3777
10758   0.7877
10770   0.6023
10778   0.4523
10794   0.4392
10802   0.4274
10811   0.4126
10823   0.4099
10832   0.4051
10838   0.3911
10846   0.3829
10854   0.3889
10863   0.3827
10870   0.3684
10882   0.3715
10890   0.3810
10898   0.3681
10914   0.3607
10923   0.3768
10934   0.3776
10941   0.3649
10950   0.3721
10957   0.3886
10969   0.3932
10979   0.3891
10991   0.3969
11000   0.4100
11009   0.4066
11018   0.4060
11025   0.4188
11033   0.4260
11041   0.4217
11050   0.4302
11062   0.4485
11071   0.4493
11081   0.4457
11093   0.4679
11100   0.4821
11109   0.4701
11118   0.4810
11126   0.5139
11138   0.5141
11148   0.5058
11157   0.5347
11167   0.5549
11177   0.5482
11182   0.5326
11193   0.5218
11200   0.5284
11208   0.5519
11216   0.6081
11228   0.6577
11238   0.6793
11245   0.6446
11254   0.6547
11266   0.7248
11275   0.7945
11288   0.8429
11301   0.8859
11313   0.9745
11324   1.0951
11336   1.0433
11345   0.9413
11353   0.7963
11359   0.7999
11366   0.8180
11375   0.6629
11384   0.6196
11393   0.7402
11402   0.7467
11409   0.6304
11419   0.5977
11428   0.5423
11440   0.5228
11452   0.5386
11461   0.5444
11470   0.5109
11480   0.4629
11489   0.4705
11499   0.4898
11509   0.4531
11516   0.4354
11526   0.4680
11536   0.4619
11548   0.4240
11561   0.4442
11569   0.4790
11578   0.4531
11589   0.4362
11597   0.4141
11609   0.4050
11621   0.4131
11630   0.3974
11639   0.3818
11648   0.3807
11660   0.3839
11673   0.3721
11679   0.3602
11688   0.3614
11701   0.3684
11712   0.3571
11720   0.3512
11729   0.3535
11737   0.3638
11743   0.3505
11755   0.3427
11762   0.3449
11772   0.3425
11781   0.3324
11789   0.3252
11796   0.3242
11809   0.3180
11821   0.3138
11829   0.3126
11838   0.3092
11847   0.3082
11856   0.3086
11867   0.3088
11879   0.3107
11888   0.3164
11896   0.3155
11903   0.3082
11909   0.3245
11916   0.3318
11925   0.3413
11934   0.3267
11942   0.3063
11951   0.3254
11960   0.3304
11968   0.3258
11976   0.3286
11985   0.3443
11994   0.3483
12003   0.3385
12015   0.3488
12024   0.3742
12040   0.3707
12046   0.3608
12055   0.3878
12064   0.4244
12071   0.4364
12078   0.4245
12086   0.4245
12097   0.4063
12105   0.3770
12112   0.3776
12124   0.3756
12136   0.3638
12148   0.3538
12164   0.3554
12173   0.3531
12182   0.3455
12188   0.3441
12197   0.3495
12205   0.3448
12218   0.3385
12226   0.3406
12236   0.3446
12244   0.3431
12250   0.3385
12259   0.3373
12267   0.3460
12275   0.3489
12285   0.3478
12298   0.3579
12310   0.3598
12322   0.3666
12334   0.3851
12346   0.4022
12351   0.4006
12363   0.4030
12374   0.4171
12382   0.3865
12398   0.3797
12409   0.3958
12419   0.3699
12428   0.3497
12437   0.3581
12447   0.3600
12456   0.3488
12469   0.3380
12479   0.3401
12489   0.3500
12500   0.3625
12508   0.3515
12521   0.3362
12532   0.3267
12539   0.3260
12547   0.3305
12558   0.3283
12567   0.3269
12576   0.3247
12581   0.3174
12589   0.3277
12599   0.3233
12609   0.3243
12619   0.3325
12629   0.2993
12634   0.3160
12647   0.3256
12655   0.3185
12664   0.3090
12677   0.3148
12686   0.3238
12695   0.3194
12704   0.3169
12716   0.3313
12725   0.3322
12734   0.3198
12740   0.3300
12749   0.3435
12761   0.3328
12773   0.3299
12785   0.3472
12797   0.3484
12804   0.3430
12813   0.3551
12822   0.3667
12832   0.3665
12839   0.3686
12851   0.3731
12856   0.3697
12865   0.3648
12881   0.3627
12890   0.3804
12900   0.5729
12912   0.5543
12921   0.4826
12934   0.4549
12941   0.4600
12949   0.4382
12958   0.4071
12970   0.4008
12982   0.4067
12994   0.3844
13006   0.3713
13019   0.3805
13028   0.3849
13037   0.3769
13046   0.3628
13057   0.3616
13065   0.3875
13074   0.3797
13087   0.3479
13094   0.3298
13100   0.3327
13108   0.3192
13116   0.3151
13125   0.3106
13133   0.3127
13146   0.3095
13154   0.2975
13163   0.2969
13172   0.2966
13184   0.2888
13193   0.2860
13199   0.2880
13208   0.2805
13216   0.2768
13224   0.2824
13233   0.2835
13245   0.2767
13254   0.2783
13263   0.2863
13272   0.2868
13280   0.2827
13292   0.2915
13297   0.3001
13309   0.2945
13325   0.2981
13331   0.3187
13343   0.3175
13348   0.3244
13358   0.3838
13370   0.4528
13377   0.4056
13383   0.4216
13389   0.5323
13395   0.5670
13404   0.6193
13413   0.6318
13421   0.5454
13428   0.5088
13435   0.5408
13444   0.5356
13451   0.4329
13461   0.4571
13470   0.4204
13482   0.4272
13489   0.4286
13497   0.3835
13501   0.3770
13509   0.3613
13521   0.3559
13530   0.3553
13538   0.3546
13547   0.3490
13555   0.3456
13564   0.3491
13573   0.3474
13585   0.3434
13597   0.3453
13602   0.3441
13610   0.3318
13619   0.3340
13627   0.3471
13635   0.3376
13644   0.3275
13656   0.3370
13662   0.3470
13671   0.3290
13684   0.3233
13693   0.3546
13705   0.3608
13715   0.3967
13723   0.4183
13731   0.4300
13740   0.3995
13745   0.3767
13755   0.3841
13763   0.3855
13772   0.3631
13784   0.3572
13796   0.3631
13804   0.3608
13813   0.3498
13822   0.3461
13830   0.3511
13842   0.3458
13847   0.3347
13856   0.3422
13868   0.3468
13880   0.3309
13896   0.3269
13905   0.3448
13917   0.3486
13929   0.3318
13938   0.3187
13946   0.3407
13954   0.3504
13959   0.3790
13967   0.4342
13975   0.4321
13985   0.4087
13997   0.3550
14007   0.3188
14019   0.3078
14026   0.3103
14038   0.2949
14049   0.2887
14058   0.2833
14066   0.2910
14072   0.2934
14084   0.2873
14093   0.2915
14109   0.3036
14122   0.3012
14134   0.2953
14142   0.3068
14152   0.3172
14159   0.3136
14167   0.3101
14180   0.3300
14192   0.3298
14197   0.3187
14206   0.3316
14213   0.3453
14219   0.3382
14232   0.3353
14244   0.3526
14253   0.3583
14265   0.3575
14272   0.3601
14277   0.3717
14289   0.3362
14297   0.3030
14305   0.2966
14317   0.2796
14325   0.2768
14334   0.2690
14339   0.2726
14350   0.2830
14362   0.2816
14371   0.2713
14379   0.2896
14389   0.2905
14396   0.3035
14409   0.2982
14420   0.2909
14433   0.2818
14441   0.2796
14452   0.2787
14461   0.2786
14473   0.2764
14482   0.2712
14494   0.2757
14506   0.2793
14511   0.2745
14523   0.2766
14535   0.2854
14544   0.2861
14551   0.2895
14559   0.3065
14571   0.2972
14580   0.2894
14588   0.2956
14598   0.3096
14607   0.3048
14619   0.2962
14625   0.3089
14633   0.3188
14642   0.3040
14651   0.3047
14667   0.3273
14675   0.3224
14691   0.3205
14699   0.3132
14708   0.3015
14716   0.2922
14724   0.2821
14733   0.2892
14740   0.3023
14749   0.2990
14756   0.2764
14763   0.2723
14779   0.2768
14788   0.2711
14795   0.2606
14803   0.2653
14813   0.2672
14822   0.2591
14831   0.2587
14844   0.2603
14850   0.2589
14862   0.2607
14871   0.2640
14883   0.2672
14892   0.2675
14901   0.2751
14911   0.2761
14918   0.2724
14934   0.2828
14946   0.2950
14956   0.2847
14963   0.2844
14973   0.3010
14983   0.3019
14995   0.2827
15007   0.2709
15015   0.2815
15026   0.2796
15034   0.2978
15046   0.3167
15051   0.2734
15063   0.2487
15073   0.2517
15083   0.2580
15093   0.2645
15103   0.2736
15109   0.2641
15117   0.2566
15127   0.2640
15140   0.2677
15145   0.2564
15154   0.2546
15159   0.2682
15164   0.2682
15173   0.2587
15182   0.2658
15191   0.2814
15199   0.2780
15208   0.2761
15217   0.2922
15226   0.3116
15233   0.3075
15242   0.3180
15250   0.3343
15266   0.3287
15277   0.3289
15285   0.3342
15294   0.3333
15303   0.3291
15315   0.3267
15324   0.3390
15331   0.3446
15340   0.3359
15349   0.3402
15359   0.3518
15366   0.3642
15374   0.4058
15380   0.5205
15385   0.4723
15393   0.4586
15402   0.3803
15413   0.3930
15424   0.3872
15432   0.4221
15441   0.3824
15450   0.3711
15458   0.3742
15465   0.3773
15473   0.3713
15481   0.3819
15490   0.3861
15498   0.4097
15507   0.4144
15512   0.3911
15517   0.3990
15530   0.4051
15541   0.4049
15549   0.4082
15558   0.3986
15570   0.3901
15578   0.3986
15587   0.3963
15594   0.3929
15600   0.4049
15612   0.4396
15624   0.4777
15631   0.4566
15643   0.4419
15652   0.4814
15662   0.4753
15670   0.4783
15679   0.5360
15688   0.5481
15699   0.5993
15706   0.5563
15716   0.5344
15729   0.6114
15740   0.6070
15750   0.5309
15762   0.5549
15771   0.6603
15781   0.7122
15788   0.6511
15800   0.8099
15804   0.8465
15812   0.8339
15823   0.8672
15830   0.7642
15835   0.6135
15841   0.5545
15850   0.5078
15862   0.5018
15874   0.4400
15883   0.4899
15893   0.4398
15904   0.4275
15917   0.4530
15927   0.4915
15939   0.5146
15949   0.4567
15958   0.4305
15966   0.4185
15974   0.4276
15982   0.4136
15988   0.4372
15998   0.4116
16007   0.4150
16017   0.4157
16022   0.4210
16033   0.4043
16040   0.4073
16051   0.3948
16058   0.3981
16067   0.4087
16083   0.3929
16091   0.3983
16100   0.4078
16106   0.4193
16113   0.4106
16121   0.3969
16128   0.4198
16138   0.4497
16150   0.4509
16160   0.4467
16169   0.4961
16178   0.5265
16190   0.4986
16200   0.5001
16209   0.5405
16217   0.5495
16225   0.5692
16233   0.5571
16244   0.5198
16251   0.4827
16258   0.4641
16270   0.4391
16277   0.4149
16285   0.3850
16293   0.3802
16305   0.3655
16312   0.3580
16328   0.3525
16335   0.3603
16344   0.3750
16356   0.3962
16368   0.4359
16379   0.4110
16388   0.4906
16396   0.4469
16405   0.4238
16410   0.3849
16416   0.3755
16426   0.3677
16432   0.4047
16442   0.3658
16451   0.3486
16457   0.3546
16465   0.3607
16474   0.3686
16484   0.3868
16493   0.3953
16500   0.4164
16511   0.4446
16519   0.4598
16528   0.4932
16534   0.5299
16542   0.5398
16548   0.5023
16556   0.4917
16568   0.5131
16579   0.5060
16586   0.4879
16595   0.5054
16601   0.5345
16611   0.5143
16620   0.5060
16629   0.5299
16635   0.5574
16640   0.5257
16651   0.5358
16660   0.5877
16668   0.5861
16678   0.5484
16685   0.5329
16692   0.5226
16703   0.5087
16710   0.4985
16718   0.4797
16726   0.5033
16734   0.4731
16743   0.4761
16753   0.4354
16763   0.4152
16772   0.4148
16784   0.4122
16792   0.4098
16805   0.4001
16818   0.3744
16826   0.3473
16836   0.3424
16841   0.3488
16849   0.3616
16856   0.3847
16865   0.4234
16872   0.3875
16883   0.3500
16890   0.3633
16899   0.3889
16907   0.4132
16916   0.4256
16926   0.4548
16938   0.5098
16947   0.4802
16956   0.4888
16963   0.4698
16973   0.4843
16984   0.5243
16995   0.5337
17007   0.5439
17016   0.5187
17027   0.4925
17036   0.4812
17044   0.4473
17053   0.4653
17062   0.4575
17071   0.4735
17083   0.4862
17095   0.4984
17104   0.5376
17115   0.5467
17123   0.5227
17131   0.5121
17141   0.4843
17148   0.5746
17159   0.5373
17166   0.4886
17176   0.4429
17192   0.4291
17208   0.4450
17216   0.4455
17225   0.4809
17236   0.5000
17245   0.5688
17253   0.5521
17258   0.5386
17265   0.5551
17277   0.5298
17286   0.5014
17298   0.5159
17309   0.4952
17321   0.5179
17326   0.5138
17333   0.4604
17345   0.4561
17351   0.4539
17360   0.4481
17370   0.4093
17379   0.4020
17387   0.3819
17395   0.3858
17407   0.3613
17418   0.3363
17427   0.3480
17437   0.3284
17445   0.3350
17451   0.3431
17458   0.3530
17466   0.3497
17473   0.3426
17482   0.3506
17487   0.3543
17499   0.3457
17508   0.3447
17514   0.3381
17519   0.3369
17532   0.3379
17537   0.3336
17546   0.3310
17555   0.3267
17560   0.3231
17569   0.3201
17582   0.3163
17588   0.3079
17595   0.3069
17603   0.3001
17611   0.2943
17620   0.2920
17628   0.2903
17637   0.2839
17642   0.2749
17652   0.2764
17664   0.2693
17672   0.2599
17684   0.2551
17694   0.2567
17706   0.2486
17718   0.2449
17725   0.2448
17730   0.2441
17739   0.2437
17746   0.2472
17758   0.2451
17765   0.2426
17774   0.2437
17783   0.2566
17795   0.2474
17805   0.2681
17815   0.2586
17823   0.2791
17831   0.2640
17842   0.2655
17850   0.2641
17859   0.2579
17871   0.2525
17880   0.2557
17889   0.2660
17899   0.2655
17908   0.2628
17915   0.2707
17923   0.2777
17932   0.2794
17941   0.2816
17953   0.2828
17962   0.2832
17970   0.2895
17982   0.2971
17992   0.2926
18000   0.2944
18005   0.2833
18015   0.2898
18024   0.2728
18034   0.2684
18043   0.2727
18053   0.2712
18063   0.2701
18072   0.2663
18081   0.2629
18094   0.2626
18100   0.2583
18110   0.2565
18119   0.2587
18128   0.2571
18140   0.2517
18149   0.2493
18162   0.2505
18174   0.2489
18180   0.2488
18188   0.2504
18198   0.2497
18206   0.2478
18215   0.2551
18224   0.2531
18234   0.2525
18250   0.2546
18258   0.2569
18270   0.2670
18280   0.2804
18290   0.2912
18298   0.3228
18309   1.1660
18314   1.2035
18323   1.1523
18332   1.0937
18344   1.1079
18356   1.0748
18365   1.1113
18374   1.1598
18382   1.1155
18390   1.0923
18399   1.1569
18406   1.1689
18415   1.1105
18421   1.1246
18429   1.1899
18435   1.1618
18442   1.1066
18448   1.1617
18460   1.2254
18472   1.2455
18485   1.3044
18496   1.3103
18501   1.3092
18510   1.2411
18517   1.2241
18529   1.2626
18537   1.2236
18550   1.1694
18559   1.2043
18568   1.2175
18581   1.1513
18590   1.1376
18599   1.1892
18608   1.1619
18616   1.1116
18624   1.1554
18633   1.2010
18645   1.2064
18652   1.2666
18661   1.2935
18669   1.3419
18677   1.3321
18687   1.3924
18693   1.3596
18701   1.3271
18710   1.2939
18722   1.3418
18727   1.3524
18739   1.2988
18747   1.3115
18752   1.3651
18764   1.3372
18773   1.3050
18782   1.3627
18794   1.3899
18801   1.3371
18810   1.3512
18817   1.4182
18826   1.3989
18834   1.3639
18841   1.4240
18850   1.4587
18857   1.4142
18869   1.4281
18878   1.4953
18887   1.4898
18896   1.4607
18908   1.5101
18917   1.5564
18926   1.5513
18938   1.5604
18950   1.5876
18959   1.3689
18967   1.2875
18979   1.2422
18986   1.2165
18994   1.2784
19003   1.2928
19012   1.2361
19017   1.2538
19026   1.3108
19038   1.2830
19047   1.2463
19053   1.3005
19060   1.3256
19069   1.2763
19077   1.2809
19086   1.3446
19102   1.3311
19111   1.2931
19119   1.3383
19126   1.3905
19138   1.4043
19146   1.2149
19155   1.1871
19167   1.1382
19179   1.1218
19191   1.1161
19197   1.0821
19204   1.0471
19212   1.0383
19218   1.0353
19225   0.9970
19235   0.9689
19244   0.9718
19254   0.9625
19264   0.9220
19276   0.9094
19285   0.9211
19290   0.8987
19301   0.8653
19310   0.8731
19319   0.8821
19327   0.8492
19335   0.8289
19341   0.8514
19346   0.8351
19356   0.8069
19364   0.8318
19372   0.8516
19380   0.8206
19388   0.8090
19397   0.8430
19406   0.8452
19415   0.8092
19420   0.8166
19427   0.8518
19434   0.8345
19439   0.8113
19448   0.8436
19457   0.8385
19465   0.8464
19473   0.8796
19480   0.8997
19489   0.9119
19497   0.8638
19504   0.8612
19510   0.8900
19518   0.8622
19531   0.8206
19543   0.8445
19555   0.8608
19563   0.8181
19575   0.8035
19584   0.8391
19589   0.8266
19598   0.7829
19605   0.7963
19613   0.8261
19629   0.7914
19645   0.7657
19652   0.7977
19668   0.8013
19675   0.8451
19687   0.8806
19695   0.8993
19707   0.9234
19715   0.9334
19723   0.9791
19732   0.9510
19741   0.9145
19753   0.9601
19758   0.9816
19765   0.9299
19774   0.9307
19781   0.9859
19789   0.9638
19798   0.9234
19807   0.9657
19813   0.9980
19822   0.9544
19834   0.9437
19842   1.0005
19848   0.9993
19853   0.9593
19865   0.9917
19874   1.0356
19883   1.0113
19888   0.9945
19897   1.0420
19910   1.0853
19919   1.1236
19932   1.0904
19944   1.0296
19956   1.0164
19968   0.9611
19980   0.9540
19992   0.9470
20004   0.9992
20014   1.0305
20020   1.0137
20027   1.0119
20034   0.9648
20042   0.9282
20053   0.9008
20062   0.8799
20075   0.8940
20088   0.8356
20104   0.8333
20117   0.8732
20129   0.9127
20141   0.9062
20147   0.9360
20157   0.9722
20165   0.9960
20174   0.9503
20183   0.9461
20192   0.9968
20201   0.9807
20209   0.9353
20218   0.9721
20231   1.0061
20244   0.9570
20252   0.9450
20261   1.0022
20267   0.9919
20275   0.9419
20284   0.9775
20293   1.0081
20305   0.9640
20314   0.9508
20330   1.0041
20339   1.0288
20351   1.0427
20361   0.8070
20367   0.6876
20375   0.7035
20387   0.6799
20399   0.6502
20411   0.6496
20420   0.6641
20429   0.6399
20439   0.6254
20451   0.6452
20458   0.6431
20471   0.6286
20480   0.6378
20487   0.6523
20493   0.6470
20502   0.6446
20511   0.6562
20517   0.6601
20526   0.6530
20535   0.6586
20541   0.6722
20557   0.6729
20564   0.6688
20573   0.6818
20581   0.6954
20594   0.6880
20606   0.7101
20613   0.7196
20629   0.7165
20638   0.6882
20646   0.6818
20658   0.6999
20666   0.6881
20675   0.6643
20684   0.6783
20693   0.6880
20709   0.6648
20716   0.6580
20723   0.6846
20731   0.6791
20740   0.6585
20756   0.6730
20765   0.6987
20774   0.7122
20786   0.6952
20797   0.6731
20809   0.6755
20821   0.7033
20831   0.6948
20844   0.6770
20850   0.7026
20859   0.7190
20868   0.6938
20875   0.6993
20881   0.7307
20889   0.7185
20901   0.6994
20910   0.7295
20918   0.7486
20926   0.7224
20939   0.7261
20945   0.7612
20956   0.7613
20965   0.7459
20974   0.7747
20983   0.8042
20991   0.7902
21000   0.7917
21012   0.8342
21025   0.8589
21034   0.8470
21050   0.8564
21057   0.9644
21069   1.0226
21079   1.0476
21087   1.0749
21095   1.0593
21105   1.0164
21114   1.0294
21124   0.9956
21134   0.9112
21141   0.8453
21149   0.8016
21154   0.7607
21166   0.7787
21175   0.7988
21185   0.8090
21195   0.8098
21205   0.8113
21214   0.7768
21222   0.7970
21227   0.7479
21237   0.7497
21246   0.7366
21252   0.7041
21259   0.7087
21269   0.7279
21278   0.7027
21287   0.6872
21299   0.7120
21307   0.7140
21316   0.6852
21324   0.6925
21336   0.7177
21352   0.7027
21361   0.6905
21370   0.7188
21379   0.7264
21391   0.7021
21403   0.7148
21415   0.7459
21424   0.7347
21432   0.7194
21442   0.7492
21454   0.7674
21464   0.7474
21470   0.7543
21479   0.7871
21491   0.7902
21501   0.7800
21511   0.8054
21521   0.8330
21527   0.8278
21536   0.8316
21545   0.8952
21552   0.7683
21561   0.7207
21570   0.7034
21580   0.6930
21588   0.6733
21597   0.6579
21602   0.6529
21613   0.6404
21622   0.6222
21630   0.6193
21638   0.6171
21644   0.6005
21653   0.5904
21665   0.5973
21674   0.5907
21684   0.5729
21697   0.5783
21713   0.5703
21722   0.5724
21735   0.5731
21743   0.5665
21750   0.5637
21755   0.5646
21760   0.5644
21769   0.5630
21781   0.5614
21793   0.5606
21805   0.5650
21813   0.5652
21820   0.5595
21832   0.5618
21842   0.5572
21847   0.5717
21857   0.5891
21866   0.5680
21874   0.5585
21883   0.5614
21896   0.5492
21906   0.5407
21915   0.5493
21924   0.5478
21937   0.5314
21946   0.5352
21954   0.5450
21963   0.5326
21975   0.5175
21984   0.5306
21996   0.5353
22003   0.5155
22011   0.5122
22017   0.5325
22026   0.5274
22039   0.5148
22051   0.5345
22059   0.5428
22071   0.5484
22084   0.5763
22094   0.5764
22110   0.5575
22126   0.5827
22138   0.6080
22148   0.5898
22157   0.5818
22166   0.5982
22176   0.5930
22189   0.5770
22201   0.5865
22217   0.5996
22226   0.5858
22233   0.5844
22241   0.6019
22249   0.5987
22258   0.5877
22271   0.6063
22279   0.6192
22288   0.6054
22297   0.6089
22305   0.6385
22314   0.6377
22323   0.6203
22335   0.6413
22344   0.6676
22357   0.6523
22365   0.6506
22378   0.6853
22390   0.7010
22402   0.7193
22412   0.7277
22423   0.7055
22434   0.7067
22442   0.7298
22447   0.7215
22456   0.7106
22472   0.7328
22484   0.7460
22495   0.7324
22504   0.7421
22512   0.7335
22517   0.7190
22526   0.7457
22536   0.7462
22546   0.7432
22556   0.7101
22566   0.6982
22575   0.7174
22585   0.7145
22594   0.6866
22603   0.7022
22608   0.6667
22617   0.6964
22627   0.6957
22639   0.6652
22651   0.6763
22659   0.6731
22667   0.6666
22673   0.6440
22683   0.6330
22692   0.6356
22704   0.6247
22712   0.6127
22724   0.6142
22733   0.6147
22745   0.6012
22753   0.5943
22761   0.6074
22769   0.6043
22776   0.5888
22788   0.5996
22797   0.6131
22806   0.6009
22814   0.5971
22821   0.6177
22830   0.6225
22839   0.6043
22851   0.6232
22860   0.6469
22872   0.6428
22885   0.6214
22897   0.6060
22909   0.6137
22918   0.6073
22930   0.5905
22942   0.5925
22951   0.6011
22961   0.6029
22970   0.6105
22978   0.6235
22987   0.6288
22996   0.6697
23006   0.7743
23014   0.7137
23022   0.6800
23031   0.6656
23043   0.6284
23052   0.5963
23062   0.5978
23074   0.5866
23083   0.5451
23093   0.5304
23106   0.5429
23118   0.5230
23130   0.4904
23140   0.4979
23149   0.4989
23161   0.4621
23169   0.4517
23181   0.4660
23190   0.4551
23206   0.4344
23222   0.4335
23231   0.4424
23240   0.4295
23250   0.4121
23259   0.4161
23271   0.4343
23280   0.4177
23289   0.3919
23299   0.4060
23308   0.4108
23316   0.3954
23323   0.3956
23330   0.4112
23343   0.4055
23352   0.3990
23361   0.4160
23377   0.4258
23385   0.4200
23393   0.4256
23401   0.4454
23411   0.4482
23421   0.4368
23429   0.4418
23436   0.4337
23445   0.4428
23457   0.4266
23468   0.4102
23481   0.4196
23489   0.4124
23501   0.3931
23510   0.3884
23519   0.3948
23526   0.3846
23542   0.3746
23548   0.3799
23560   0.3994
23566   0.3875
23574   0.3694
23582   0.3916
23595   0.4054
23601   0.4218
23611   0.4132
23620   0.4054
23632   0.4222
23644   0.4368
23650   0.4336
23656   0.4358
23663   0.4549
23670   0.4630
23678   0.4569
23685   0.4781
23693   0.4857
23701   0.4692
23717   0.4733
23725   0.4960
23732   0.4863
23740   0.4704
23749   0.4870
23758   0.4995
23766   0.4857
23773   0.4857
23783   0.5083
23792   0.5118
23801   0.5303
23814   0.5580
23826   0.5643
23835   0.5750
23847   0.5777
23855   0.5491
23864   0.5396
23873   0.5138
23881   0.5224
23891   0.5274
23902   0.5107
23914   0.5068
23921   0.4895
23929   0.4997
23940   0.4758
23947   0.4967
23954   0.4927
23962   0.5238
23970   0.5687
23981   0.6519
23991   0.5978
24002   0.5968
24014   0.5727
24022   0.5436
24033   0.5135
24041   0.4991
24049   0.4953
24058   0.4918
24070   0.4716
24080   0.4718
24089   0.4512
24100   0.4399
24110   0.4240
24117   0.4306
24126   0.4456
24135   0.4525
24148   0.4508
24155   0.4738
24160   0.4893
24168   0.4689
24176   0.4731
24184   0.4740
24192   0.4764
24200   0.4634
24210   0.4434
24226   0.4529
24234   0.4577
24239   0.4781
24248   0.4884
24260   0.5113
24270   0.5198
24277   0.5237
24283   0.5315
24291   0.5183
24300   0.5223
24309   0.5071
24317   0.4762
24330   0.4811
24339   0.4837
24351   0.4885
24362   0.4847
24373   0.4763
24382   0.4698
24391   0.4647
24400   0.4583
24409   0.4521
24415   0.4398
24424   0.4386
24433   0.4445
24439   0.4284
24451   0.4169
24461   0.4402
24469   0.4442
24477   0.4090
24485   0.4229
24498   0.4638
24510   0.4468
24522   0.4198
24534   0.4663
24544   0.4959
24557   0.4570
24570   0.4736
24582   0.5347
24587   0.5273
24599   0.4948
24610   0.4572
24621   0.4341
24630   0.4370
24638   0.4343
24643   0.4310
24651   0.4126
24659   0.4039
24666   0.3881
24676   0.3705
24684   0.3713
24693   0.4081
24705   0.4282
24717   0.4352
24726   0.4240
24735   0.4446
24743   0.4284
24755   0.5197
24764   0.5438
24776   0.5164
24785   0.5398
24794   0.6169
24803   0.6080
24808   0.5734
24817   0.5602
24826   0.5276
24837   0.4777
24844   0.4501
24850   0.4466
24860   0.4160
24873   0.3860
24885   0.3820
24893   0.3838
24904   0.3452
24917   0.3469
24929   0.3525
24941   0.3589
24954   0.3578
24964   0.3494
24976   0.3790
24981   0.3501
24990   0.3428
25000   0.3517
25008   0.3469
25015   0.3388
25027   0.3461
25036   0.3455
25045   0.3381
25052   0.3425
25060   0.3495
25071   0.3511
25079   0.3480
25088   0.3544
25093   0.3665
25105   0.3646
25117   0.3807
25126   0.3749
25135   0.3721
25147   0.3603
25160   0.3529
25166   0.3530
25175   0.3487
25184   0.3365
25196   0.3338
25202   0.3350
25209   0.3243
25225   0.3141
25234   0.3151
25243   0.3168
25248   0.3069
25256   0.2996
25265   0.3065
25278   0.3103
25290   0.3170
25302   0.3106
25314   0.3122
25326   0.3239
25336   0.3182
25342   0.3099
25351   0.3172
25357   0.3218
25367   0.3204
25375   0.3204
25390   0.3291
25398   0.3301
25408   0.3269
25421   0.3334
25428   0.3399
25435   0.3406
25447   0.3401
25456   0.3504
25462   0.3585
25469   0.3570
25478   0.3611
25487   0.3731
25495   0.3782
25507   0.3777
25519   0.3913
25532   0.4064
25544   0.4074
25552   0.4041
25559   0.4198
25568   0.4351
25573   0.4372
25581   0.4525
25588   0.4793
25596   0.4908
25601   0.4653
25609   0.4696
25616   0.4998
25628   0.5063
25637   0.4910
25649   0.5065
25657   0.5492
25673   0.5607
25685   0.5099
25697   0.6353
25707   0.6027
25712   0.5667
25718   0.5290
25731   0.4901
25743   0.4583
25754   0.4517
25763   0.4298
25774   0.4246
25783   0.4276
25792   0.4168
25802   0.3971
25818   0.3957
25827   0.3914
25840   0.4084
25851   0.4157
25859   0.4186
25868   0.4356
25880   0.4311
25889   0.4244
25897   0.4320
25908   0.4087
25916   0.4082
25926   0.3999
25934   0.3920
25942   0.3792
25954   0.3771
25963   0.3733
25971   0.3633
25984   0.3577
25993   0.3576
26005   0.3523
26014   0.3450
26023   0.3421
26032   0.3369
26041   0.3271
26048   0.3222
26054   0.3238
26061   0.3233
26070   0.3136
26082   0.3205
26094   0.3288
26106   0.3233
26115   0.3242
26127   0.3602
26137   0.3698
26146   0.3290
26156   0.3384
26167   0.3538
26177   0.3716
26183   0.3938
26189   0.4099
26197   0.4290
26209   0.4637
26218   0.5000
26227   0.5597
26233   0.6521
26238   0.6293
26247   0.5377
26258   0.5026
26266   0.4561
26276   0.4182
26285   0.4453
26292   0.4808
26301   0.4810
26312   0.4365
26321   0.4288
26330   0.4137
26336   0.4005
26342   0.3829
26349   0.3767
26361   0.3828
26368   0.3768
26380   0.3470
26392   0.3390
26402   0.3358
26410   0.3284
26417   0.3580
26425   0.3624
26434   0.3730
26446   0.3788
26455   0.3739
26467   0.3925
26474   0.3812
26486   0.3704
26493   0.3295
26506   0.3476
26515   0.3433
26524   0.3246
26533   0.3288
26540   0.3274
26550   0.3201
26558   0.3178
26567   0.3227
26576   0.3252
26588   0.3187
26595   0.3154
26608   0.3147
26617   0.3130
26629   0.3093
26645   0.3122
26657   0.3151
26665   0.3121
26674   0.3101
26682   0.3138
26691   0.3110
26700   0.3104
26712   0.3110
26721   0.3131
26729   0.3158
26734   0.3212
26742   0.3305
26750   0.3334
26762   0.3450
26771   0.3360
26778   0.3314
26787   0.3275
26799   0.3182
26806   0.3254
26815   0.3198
26820   0.3118
26833   0.3137
26842   0.3181
26850   0.3084
26856   0.3049
26863   0.3142
26875   0.3170
26888   0.3113
26900   0.3208
26909   0.3336
26918   0.3483
26930   0.3486
26935   0.3307
26940   0.3405
26949   0.3358
26958   0.3283
26967   0.3344
26976   0.3441
26985   0.3509
26993   0.3391
27002   0.3395
27012   0.3449
27019   0.3355
27028   0.3295
27037   0.3346
27049   0.3320
27062   0.3227
27078   0.3232
27087   0.3277
27103   0.3184
27112   0.3159
27121   0.3250
27127   0.3178
27140   0.3111
27151   0.3090
27159   0.3145
27171   0.3235
27179   0.3212
27188   0.3171
27196   0.3269
27205   0.3381
27215   0.3331
27226   0.3316
27235   0.3472
27244   0.3554
27251   0.3515
27260   0.3591
27265   0.3645
27271   0.3728
27278   0.3921
27283   0.4005
27296   0.3944
27305   0.3974
27310   0.4204
27316   0.4227
27325   0.3898
27333   0.3936
27345   0.4050
27356   0.3964
27363   0.4347
27370   0.4071
27386   0.3927
27395   0.3669
27404   0.3608
27416   0.3688
27422   0.3464
27434   0.3277
27441   0.3417
27450   0.3716
27456   0.4694
27463   0.5737
27471   0.5568
27479   0.6647
27489   0.8144
27494   0.8106
27507   1.0355
27519   1.1260
27527   1.3712
27535   1.3059
27545   1.0734
27554   1.0563
27563   0.8958
27570   0.7423
27582   0.6420
27589   0.5512
27599   0.5775
27607   0.5680
27615   0.4673
27622   0.4056
27627   0.3440
27637   0.3394
27643   0.3686
27648   0.3420
27657   0.3348
27666   0.3300
27682   0.3244
27691   0.3257
27698   0.3257
27707   0.3196
27714   0.3157
27726   0.3212
27732   0.3205
27744   0.3165
27753   0.3193
27762   0.3227
27771   0.3188
27783   0.3158
27795   0.3208
27807   0.3213
27815   0.3198
27827   0.3241
27836   0.3236
27843   0.3213
27856   0.3225
27869   0.3217
27881   0.3239
27890   0.3221
27902   0.3199
27910   0.3236
27918   0.3239
27924   0.3243
27933   0.3260
27942   0.3309
27952   0.3321
27958   0.3345
27965   0.3398
27977   0.3440
27986   0.3452
27995   0.3525
28001   0.3574
28008   0.3635
28020   0.3684
28025   0.3721
28031   0.3675
28041   0.3752
28050   0.3784
28062   0.3655
28074   0.3651
28080   0.3824
28088   0.3795
28097   0.3673
28105   0.3749
28115   0.3885
28121   0.3717
28129   0.3626
28139   0.3615
28145   0.3565
28157   0.3508
28166   0.3452
28176   0.3437
28186   0.3393
28196   0.3339
28206   0.3304
28216   0.3280
28223   0.3287
28232   0.3257
28241   0.3202
28253   0.3215
28262   0.3219
28272   0.3170
28284   0.3101
28296   0.3159
28305   0.3216
28314   0.3118
28326   0.3032
28335   0.3180
28345   0.3260
28351   0.3102
28363   0.3078
28375   0.3307
28387   0.3386
28397   0.3217
28410   0.3337
28420   0.3660
28430   0.3759
28435   0.3669
28445   0.3925
28455   0.4300
28467   0.4343
28476   0.4422
28485   0.4745
28492   0.4940
28501   0.5198
28509   0.5531
28521   0.5853
28531   0.5551
28538   0.5333
28543   0.6261
28553   0.6467
28558   0.6023
28570   0.6822
28579   0.6279
28588   0.6282
28600   0.6265
28610   0.5157
28618   0.4874
28625   0.4667
28635   0.4497
28645   0.5062
28654   0.5313
28663   0.6031
28673   0.6378
28685   0.7155
28695   0.7523
28701   0.8351
28710   0.8447
28720   0.7514
28732   0.6915
28742   0.6350
28748   0.6070
28758   0.5673
28763   0.4911
28773   0.4313
28783   0.4412
28793   0.4619
28805   0.4117
28821   0.3703
28837   0.3213
28848   0.3164
28856   0.3082
28872   0.3021
28880   0.3154
28889   0.3044
28901   0.2835
28907   0.2929
28914   0.3060
28923   0.2836
28931   0.2718
28943   0.2782
28950   0.2759
28955   0.2851
28964   0.2895
28977   0.2945
28990   0.2784
28999   0.2763
29011   0.2943
29021   0.2992
29029   0.3151
29038   0.3493
29045   0.4251
29055   0.4877
29065   0.6747
29077   0.5951
29085   0.5733
29101   0.5738
29109   0.5674
29118   0.5280
29130   0.5092
29139   0.5114
29145   0.4918
29153   0.4629
29161   0.4663
29170   0.4648
29177   0.4420
29189   0.4353
29197   0.4480
29205   0.4431
29221   0.4260
29230   0.4423
29241   0.4581
29248   0.4521
29257   0.4594
29264   0.4680
29276   0.4595
29286   0.4491
29298   0.4351
29307   0.4142
29316   0.3849
29325   0.3831
29332   0.3654
29340   0.3344
29348   0.3342
29357   0.3389
29369   0.3327
29378   0.3204
29388   0.3159
29400   0.3277
29407   0.3316
29416   0.3193
29425   0.3191
29433   0.3341
29445   0.3404
29455   0.3375
29464   0.3464
29474   0.3716
29484   0.4052
29489   0.4841
29500   0.6034
29507   0.7815
29515   0.9303
29523   1.1093
29535   1.1195
29545   1.0311
29552   1.1475
29561   1.2767
29573   1.2206
29582   1.2371
29595   1.4230
29608   1.5072
29620   1.5296
29631   1.6040
29643   1.0573
29652   0.9857
29660   0.9188
29666   0.9473
29673   0.8957
29682   0.8217
29691   0.8533
29700   0.9236
29709   0.8790
29716   0.8532
29726   0.8047
29735   0.7697
29747   0.7495
29759   0.6886
29768   0.6304
29777   0.5869
29787   0.5790
29796   0.5514
29806   0.5047
29816   0.4889
29823   0.4838
29833   0.4536
29843   0.4197
29855   0.4321
29868   0.4390
29876   0.4192
29885   0.4270
29896   0.3748
29904   0.3798
29916   0.3617
29928   0.3630
29937   0.3413
29946   0.3499
29955   0.3470
29967   0.3255
29980   0.3202
29986   0.3270
29995   0.3190
30008   0.3072
30019   0.3109
30027   0.3140
30036   0.3108
30044   0.3064
30050   0.3137
30062   0.3261
30069   0.3240
30079   0.3141
30088   0.3135
30096   0.3190
30103   0.3103
30116   0.2996
30128   0.3101
30136   0.3118
30145   0.3001
30154   0.3010
30163   0.3172
30174   0.3038
30186   0.2951
30195   0.3079
30203   0.3172
30210   0.3185
30216   0.3131
30223   0.3246
30232   0.3144
30241   0.3024
30249   0.2996
30258   0.3093
30267   0.3107
30275   0.3114
30283   0.3208
30292   0.3335
30301   0.3378
30310   0.3356
30322   0.3564
30331   0.3815
30347   0.3745
30353   0.3797
30362   0.4176
30371   0.4375
30378   0.4142
30385   0.4592
30393   0.4360
30404   0.4159
30412   0.4174
30419   0.3896
30431   0.3756
30443   0.3806
30455   0.3685
30471   0.3446
30480   0.3466
30489   0.3470
30495   0.3279
30504   0.3187
30512   0.3144
30525   0.3059
30533   0.3090
30543   0.3111
30551   0.3032
30557   0.3049
30566   0.3168
30574   0.3170
30582   0.3184
30592   0.3294
30605   0.3353
30617   0.3357
30629   0.3586
30641   0.3793
30653   0.3889
30658   0.3831
30670   0.3862
30681   0.4833
30689   0.4927
30705   0.4925
30716   0.4692
30726   0.4402
30735   0.4688
30744   0.5866
30754   0.6106
30763   0.6008
30776   0.7329
30786   0.7383
30796   0.5803
30807   0.4945
30815   0.4791
30828   0.4423
30839   0.3961
30846   0.3813
30854   0.3868
30865   0.4121
30874   0.4040
30883   0.3927
30888   0.3881
30896   0.4014
30906   0.4306
30916   0.4005
30926   0.3985
30936   0.4326
30941   0.3824
30954   0.4347
30962   0.4168
30971   0.4065
30984   0.3990
30993   0.3949
31002   0.3840
31011   0.3745
31023   0.3750
31032   0.3709
31041   0.3654
31047   0.3683
31056   0.3645
31068   0.3599
31080   0.3563
31092   0.3640
31104   0.3639
31111   0.3528
31120   0.3611
31129   0.3665
31139   0.3608
31146   0.3676
31158   0.3763
31163   0.3948
31172   0.3957
31188   0.3782
31197   0.4323
31207   0.5216
31219   0.5046
31228   0.4311
31241   0.4066
31248   0.4042
31256   0.4056
31265   0.3999
31277   0.3878
31289   0.3922
31301   0.4013
31313   0.3974
31326   0.3896
31335   0.3987
31344   0.4148
31353   0.4196
31364   0.4732
31372   0.4222
31381   0.3951
31394   0.3614
31401   0.3486
31407   0.3230
31415   0.3212
31423   0.3193
31432   0.3414
31440   0.3141
31453   0.3062
31461   0.3138
31470   0.3057
31479   0.2942
31491   0.2972
31500   0.2959
31506   0.2865
31515   0.2849
31523   0.2915
31531   0.2843
31540   0.2817
31552   0.2904
31561   0.2901
31570   0.2839
31579   0.2912
31587   0.3022
31599   0.2969
31604   0.2961
31616   0.3078
31632   0.3111
31638   0.3050
31650   0.3087
31655   0.3024
31665   0.2987
31677   0.3044
31684   0.3340
31690   0.3244
31696   0.3117
31702   0.3236
31711   0.3144
31720   0.3253
31728   0.3412
31735   0.3286
31742   0.3337
31751   0.3482
31758   0.3505
31768   0.3371
31777   0.3204
31789   0.3140
31796   0.3086
31804   0.3116
31808   0.3004
31816   0.2902
31828   0.2882
31837   0.2845
31845   0.2756
31854   0.2703
31862   0.2720
31871   0.2694
31880   0.2647
31892   0.2652
31904   0.2650
31909   0.2637
31917   0.2654
31926   0.2640
31934   0.2921
31942   0.2939
31951   0.2614
31963   0.2644
31969   0.2871
31978   0.2825
31991   0.2656
32000   0.2774
32012   0.2895
32022   0.3070
32030   0.3492
32038   0.3652
32047   0.3350
32052   0.3143
32062   0.3435
32070   0.3482
32079   0.3170
32091   0.3191
32103   0.3423
32111   0.3279
32120   0.3109
32129   0.3248
32137   0.3306
32149   0.3081
32154   0.2919
32163   0.3106
32175   0.3120
32187   0.2855
32203   0.2883
32212   0.3053
32224   0.3037
32236   0.2823
32245   0.2730
32253   0.2990
32261   0.3019
32266   0.2924
32274   0.3099
32282   0.3786
32292   0.3902
32304   0.3245
32314   0.3525
32326   0.4034
32333   0.4025
32345   0.3324
32356   0.3119
32365   0.3054
32373   0.3012
32379   0.3047
32391   0.3014
32400   0.2925
32416   0.2951
32429   0.2994
32441   0.2934
32449   0.2874
32459   0.2940
32466   0.2994
32474   0.2958
32487   0.2955
32499   0.3031
32504   0.3060
32513   0.3066
32520   0.3094
32526   0.3161
32539   0.3218
32551   0.3258
32560   0.3233
32572   0.3320
32579   0.3363
32584   0.3183
32596   0.3181
32604   0.3209
32612   0.3250
32624   0.3294
32632   0.2907
32641   0.2782
32646   0.2726
32657   0.2781
32669   0.2700
32678   0.2696
32686   0.2778
32696   0.2864
32703   0.2821
32716   0.2967
32727   0.3071
32740   0.3094
32748   0.2935
32759   0.2876
32768   0.3020
32780   0.2922
32789   0.2766
32801   0.2862
32813   0.2932
32818   0.2755
32830   0.2698
32842   0.2927
32851   0.2681
32858   0.2593
32866   0.2512
32878   0.2473
32887   0.2464
32895   0.2466
32905   0.2460
32914   0.2484
32926   0.2465
32932   0.2466
32940   0.2502
32949   0.2514
32958   0.2494
32974   0.2545
32982   0.2574
32998   0.2580
33006   0.2581
33015   0.2568
33023   0.2591
33031   0.2516
33040   0.2499
33047   0.2514
33056   0.2462
33063   0.2474
33070   0.2462
33086   0.2434
33095   0.2439
33102   0.2489
33110   0.2493
33120   0.2461
33129   0.2492
33138   0.2561
33151   0.2567
33157   0.2539
33169   0.2564
33178   0.2603
33190   0.2594
33199   0.2606
33208   0.2667
33218   0.2706
33225   0.2719
33241   0.2773
33253   0.2813
33263   0.2881
33270   0.2859
33280   0.2950
33290   0.2942
33302   0.2997
33314   0.2994
33322   0.3183
33333   0.2947
33341   0.3116
33353   0.3096
33358   0.3059
33370   0.2810
33380   0.2704
33390   0.2781
33400   0.2804
33410   0.2930
33416   0.2901
33424   0.2825
33434   0.2893
33447   0.3000
33452   0.2975
33461   0.2970
33466   0.3063
33471   0.3128
33480   0.3095
33489   0.3120
33498   0.3232
33506   0.3289
33515   0.3234
33524   0.3283
33533   0.3425
33540   0.3494
33549   0.3475
33557   0.3465
33573   0.3565
33584   0.3607
33592   0.3323
33601   0.3244
33610   0.3305
33622   0.3257
33631   0.3178
33638   0.3247
33647   0.3314
33656   0.3327
33666   0.3335
33673   0.3387
33681   0.3581
33687   0.3649
33692   0.3647
33700   0.3775
33709   0.3882
33720   0.3899
33731   0.3703
33739   0.3939
33748   0.3858
33757   0.3826
33765   0.3816
33772   0.3837
33780   0.3874
33788   0.4012
33797   0.4072
33805   0.4134
33814   0.4241
33819   0.4349
33824   0.4281
33837   0.4151
33848   0.4047
33856   0.4136
33865   0.4059
33877   0.3898
33885   0.3902
33894   0.3885
33901   0.3886
33907   0.3928
33919   0.4015
33931   0.4344
33938   0.4207
33950   0.4001
33959   0.4010
33969   0.4094
33977   0.4164
33986   0.4559
33995   0.4784
34006   0.4850
34013   0.4525
34023   0.4546
34036   0.4860
34047   0.4751
34057   0.4482
34069   0.4706
34078   0.4930
34088   0.4770
34095   0.4671
34107   0.5010
34111   0.5277
34119   0.5444
34130   0.5117
34137   0.4799
34142   0.4561
34148   0.4629
34157   0.4553
34169   0.4328
34181   0.4225
34190   0.4318
34200   0.4317
34211   0.4203
34224   0.4256
34234   0.4187
34246   0.4334
34256   0.4102
34265   0.3888
34273   0.3840
34281   0.3836
34289   0.3917
34295   0.4010
34305   0.4022
34314   0.4139
34324   0.4076
34329   0.4067
34340   0.4053
34347   0.3878
34358   0.3901
34365   0.4024
34374   0.4129
34390   0.4107
34398   0.4145
34407   0.4176
34413   0.4476
34420   0.4636
34428   0.4611
34435   0.4720
34445   0.4998
34457   0.5063
34467   0.5039
34476   0.5601
34485   0.5905
34497   0.5593
34507   0.5429
34516   0.6029
34524   0.6071
34532   0.5789
34540   0.6177
34551   0.5807
34558   0.5007
34565   0.4582
34577   0.4618
34584   0.4293
34592   0.4107
34600   0.4002
34612   0.4034
34619   0.3838
34635   0.3828
34642   0.3717
34651   0.3699
34663   0.3578
34675   0.3592
34686   0.3454
34695   0.3557
34703   0.3621
34712   0.3832
34717   0.3809
34723   0.3883
34733   0.3563
34739   0.3541
34749   0.3659
34758   0.3688
34764   0.3910
34772   0.4082
34781   0.4169
34791   0.4207
34800   0.4245
34807   0.4551
34818   0.4528
34826   0.4556
34835   0.4761
34841   0.5048
34849   0.5069
34855   0.4813
34863   0.4870
34875   0.5145
34886   0.5076
34893   0.4847
34902   0.5223
34908   0.5556
34918   0.5334
34927   0.5326
34936   0.5967
34942   0.6256
34947   0.6490
34958   0.6532
34967   0.6482
34975   0.6870
34985   0.6874
34992   0.6359
34999   0.6009
35010   0.5619
35017   0.5718
35025   0.5137
35033   0.4909
35041   0.4665
35050   0.4555
35060   0.4300
35070   0.4265
35079   0.4097
35091   0.4024
35099   0.4017
35112   0.3861
35125   0.3819
35133   0.3779
35143   0.3680
35148   0.3646
35156   0.3562
35163   0.3739
35172   0.3819
35179   0.3824
35190   0.3877
35197   0.3971
35206   0.3968
35214   0.4022
35223   0.4238
35233   0.4366
35245   0.4267
35254   0.4267
35263   0.4605
35270   0.4958
35280   0.4850
35291   0.4462
35302   0.4119
35314   0.4081
35323   0.4331
35334   0.4445
35343   0.4648
35351   0.4603
35360   0.4715
35369   0.4649
35378   0.4758
35390   0.4932
35402   0.5301
35411   0.5882
35422   0.6342
35430   0.5992
35438   0.5908
35448   0.5276
35455   0.5208
35466   0.4781
35473   0.4631
35483   0.4317
35499   0.4369
35515   0.4427
35523   0.4483
35532   0.4675
35543   0.4806
35552   0.4969
35560   0.5570
35565   0.6292
35572   0.7451
35584   0.8673
35593   0.9145
35605   0.8108
35616   0.6788
35628   0.5346
35633   0.4904
35640   0.4506
35652   0.4316
35658   0.4079
35667   0.3943
35677   0.3860
35686   0.3791
35694   0.3738
35702   0.3746
35714   0.3659
35725   0.3543
35734   0.3454
35744   0.3377
35752   0.3359
35758   0.3619
35765   0.3428
35773   0.3522
35780   0.3728
35789   0.4533
35794   0.4561
35806   0.3815
35815   0.4059
35821   0.3839
35826   0.3475
35839   0.3577
35844   0.3346
35853   0.3104
35862   0.3143
35867   0.3144
35876   0.2972
35889   0.2858
35895   0.2841
35902   0.2824
35910   0.2774
35918   0.2657
35927   0.2623
35935   0.2653
35944   0.2619
35949   0.2535
35959   0.2526
35971   0.2567
35979   0.2509
35991   0.2510
36001   0.2523
36013   0.2539
36025   0.2594
36032   0.2637
36037   0.2695
36046   0.2689
36053   0.2794
36065   0.2760
36072   0.2683
36081   0.2507
36090   0.2531
36102   0.2576
36112   0.2615
36122   0.2612
36130   0.2594
36138   0.2553
36149   0.2613
36157   0.2815
36166   0.2671
36178   0.2605
36187   0.2624
36196   0.2605
36206   0.2546
36215   0.2577
36222   0.2595
36230   0.2557
36239   0.2601
36248   0.2610
36260   0.2601
36269   0.2655
36277   0.2658
36289   0.2698
36299   0.2758
36307   0.2735
36312   0.2803
36322   0.2753
36331   0.2742
36341   0.2708
36350   0.2604
36360   0.2601
36370   0.2608
36379   0.2550
36388   0.2503
36401   0.2553
36407   0.2530
36417   0.2473
36426   0.2469
36435   0.2535
36447   0.2506
36456   0.2463
36469   0.2458
36481   0.2443
36487   0.2477
36495   0.2505
36505   0.2497
36513   0.2497
36522   0.2551
36531   0.2637
36541   0.2610
36557   0.2637
36565   0.2676
36577   0.3829
36587   0.4920
36597   0.5478
36605   0.7095
36616   1.2438
36621   1.2460
36630   1.2572
36639   1.1775
36651   1.2061
36663   1.2561
36672   1.2195
36681   1.1732
36689   1.1999
36697   1.2164
36706   1.1591
36713   1.1414
36722   1.1835
36728   1.1674
36736   1.1118
36742   1.1325
36749   1.1779
36755   1.1457
36767   1.1000
36779   1.0885
36792   1.0499
36803   1.0430
36808   1.0431
36817   1.0684
36824   1.0816
36836   1.0828
36844   1.1035
36857   1.1468
36866   1.1481
36875   1.1448
36888   1.1921
36897   1.2234
36906   1.2070
36915   1.2370
36923   1.3068
36931   1.2909
36940   1.2603
36952   1.3190
36959   1.3573
36968   1.3147
36976   1.2816
36984   1.2278
36994   1.1604
37000   1.1046
37008   1.0969
37017   1.1083
37029   1.0817
37034   1.0665
37046   1.0813
37054   1.0880
37059   1.0622
37071   1.0575
37080   1.0817
37089   1.0822
37101   1.0576
37108   1.0639
37117   1.0946
37124   1.0847
37133   1.0686
37141   1.0941
37148   1.1205
37157   1.1069
37164   1.1072
37176   1.1478
37185   1.1579
37194   1.1393
37203   1.1641
37215   1.2088
37224   1.2053
37233   1.1859
37245   1.1953
37257   1.1945
37266   1.3938
37274   1.1984
37286   1.2295
37293   1.1805
37301   1.1455
37310   1.1842
37319   1.1823
37324   1.1278
37333   1.1352
37345   1.1724
37354   1.1403
37360   1.1116
37367   1.1481
37376   1.1536
37384   1.1145
37393   1.1283
37409   1.1584
37418   1.1395
37426   1.1232
37433   1.1546
37445   1.1755
37453   1.2655
37462   1.2411
37474   1.2332
37486   1.2326
37498   1.2411
37504   1.2243
37511   1.1954
37519   1.2039
37525   1.2106
37532   1.1834
37542   1.1672
37551   1.1868
37561   1.1792
37571   1.1472
37583   1.1510
37592   1.1720
37597   1.1449
37608   1.1195
37617   1.1367
37626   1.1407
37634   1.1080
37642   1.1043
37648   1.1239
37653   1.1065
37663   1.0775
37671   1.0966
37679   1.1084
37687   1.0769
37695   1.0677
37704   1.0961
37713   1.0922
37722   1.0509
37727   1.0581
37734   1.0962
37741   1.0659
37746   1.0253
37755   1.0570
37764   1.0824
37772   1.0747
37780   1.0812
37787   1.1035
37796   1.1130
37804   1.0938
37811   1.0823
37817   1.1065
37825   1.1045
37838   1.0604
37850   1.0621
37862   1.0895
37870   1.0621
37882   1.0303
37891   1.0597
37896   1.0707
37905   1.0269
37912   1.0206
37920   1.0641
37936   1.0484
37952   1.0050
37959   1.0284
37975   1.0805
37982   1.1014
37994   1.1270
38002   1.1385
38014   1.1615
38022   1.1679
38030   1.1854
38039   1.1853
38048   1.1559
38060   1.1678
38065   1.2018
38072   1.1843
38081   1.1649
38088   1.2063
38096   1.2252
38105   1.1913
38114   1.2014
38120   1.2494
38129   1.2354
38141   1.2085
38149   1.2519
38155   1.2798
38160   1.2464
38172   1.2530
38181   1.3125
38190   1.3112
38195   1.2857
38204   1.3137
38217   1.3416
38226   1.3474
38239   1.3985
38251   1.2776
38263   1.3162
38275   1.2719
38287   1.3432
38299   1.4356
38311   1.4190
38321   1.3623
38327   1.3199
38334   1.3190
38341   1.3384
38349   1.3817
38360   1.3740
38369   1.3699
38382   1.4091
38395   1.1304
38411   1.1445
38424   1.1529
38436   1.1287
38448   1.1193
38454   1.1275
38464   1.1382
38472   1.1520
38481   1.1366
38490   1.1276
38499   1.1490
38508   1.1556
38516   1.1373
38525   1.1500
38538   1.1658
38551   1.1606
38559   1.1508
38568   1.1721
38574   1.1929
38582   1.1751
38591   1.1751
38600   1.2124
38612   1.2184
38621   1.1985
38637   1.2116
38646   1.2191
38658   1.2748
38668   0.9142
38674   0.8768
38682   0.8893
38694   0.9188
38706   0.8672
38718   0.8629
38727   0.9248
38736   0.9221
38746   0.8759
38758   0.8646
38765   0.8561
38778   0.8514
38787   0.8563
38794   0.8505
38800   0.8362
38809   0.8371
38818   0.8407
38824   0.8262
38833   0.8089
38842   0.8224
38848   0.8270
38864   0.8048
38871   0.7998
38880   0.8346
38888   0.8357
38901   0.8236
38913   0.8440
38920   0.8345
38936   0.8535
38945   0.8456
38953   0.8374
38965   0.8610
38973   0.8634
38982   0.8409
38991   0.8494
39000   0.8714
39016   0.8566
39023   0.8410
39030   0.8657
39038   0.8753
39047   0.8582
39063   0.8788
39072   0.9023
39081   0.9115
39093   0.9111
39104   0.9004
39116   0.9092
39128   0.9273
39138   0.9174
39151   0.9127
39157   0.9376
39166   0.9450
39175   0.9260
39182   0.9388
39188   0.9547
39196   0.9396
39208   0.9301
39217   0.9477
39225   0.9534
39233   0.9296
39246   0.9330
39252   0.9572
39263   0.9442
39272   0.9201
39281   0.9507
39290   0.9731
39298   0.9471
39307   0.9456
39319   0.9834
39332   0.9852
39341   0.9626
39357   0.9556
39364   0.9864
39376   1.0204
39386   1.0330
39394   1.0460
39402   1.0201
39412   1.0079
39421   1.0071
39431   0.9651
39441   0.9316
39448   0.8897
39456   0.8738
39461   0.8896
39473   0.9387
39482   0.9421
39492   0.9894
39502   0.9752
39512   1.0020
39521   1.0066
39529   0.9936
39534   0.8786
39544   0.9144
39553   0.9268
39559   0.9034
39566   0.9071
39576   0.9375
39585   0.9217
39594   0.8976
39606   0.9271
39614   0.9412
39623   0.9152
39631   0.9149
39643   0.9474
39659   0.9422
39668   0.9174
39677   0.9456
39686   0.9707
39698   0.9460
39710   0.9462
39722   0.9820
39731   0.9851
39739   0.9657
39749   0.9882
39761   1.0185
39771   1.0055
39777   1.0034
39786   1.0420
39798   1.0535
39808   1.0371
39818   1.0608
39828   1.0950
39834   1.0902
39843   1.0869
39852   1.1384
39859   0.8373
39868   0.7832
39877   0.7812
39887   0.7687
39895   0.7336
39904   0.7268
39909   0.7296
39920   0.6997
39929   0.6789
39937   0.6854
39945   0.6798
39951   0.6516
39960   0.6478
39972   0.6608
39981   0.6425
39991   0.6218
40004   0.6287
40020   0.6130
40029   0.5980
40042   0.6202
40050   0.6229
40057   0.5976
40062   0.6038
40067   0.6242
40076   0.6098
40088   0.5984
40100   0.6243
40112   0.6325
40120   0.6091
40127   0.6215
40139   0.6450
40149   0.6350
40154   0.6300
40164   0.6272
40173   0.6399
40181   0.6465
40190   0.6526
40203   0.6226
40213   0.6083
40222   0.6323
40231   0.6252
40244   0.5891
40253   0.5960
40261   0.6199
40270   0.5920
40282   0.5674
40291   0.5964
40303   0.5982
40310   0.5642
40318   0.5636
40324   0.5872
40333   0.5696
40346   0.5485
40358   0.5684
40366   0.5845
40378   0.5836
40391   0.6178
40401   0.6281
40417   0.6095
40433   0.6312
40445   0.6604
40455   0.6531
40464   0.6425
40473   0.6764
40483   0.6808
40496   0.6500
40508   0.6612
40524   0.6891
40533   0.6737
40540   0.6557
40548   0.6887
40556   0.7016
40565   0.6711
40578   0.6759
40586   0.7166
40595   0.7069
40604   0.6836
40612   0.7179
40621   0.7452
40630   0.7164
40642   0.7152
40651   0.7587
40664   0.7671
40672   0.7402
40685   0.7801
40697   0.8087
40709   0.7986
40719   0.8342
40730   0.7911
40741   0.7492
40749   0.8025
40754   0.8338
40763   0.7704
40779   0.7782
40791   0.8569
40802   0.8675
40811   0.8340
40819   0.7935
40824   0.7286
40833   0.7150
40843   0.7134
40853   0.6817
40863   0.6481
40873   0.6711
40882   0.6650
40892   0.6491
40901   0.6554
40910   0.6874
40915   0.7087
40924   0.7485
40934   0.7646
40946   0.7590
40958   0.7720
40966   0.7532
40974   0.7888
40980   0.7938
40990   0.7542
40999   0.7490
41011   0.7404
41019   0.7321
41031   0.7326
41040   0.7167
41052   0.6810
41060   0.6881
41068   0.7085
41076   0.6856
41083   0.6658
41095   0.6896
41104   0.6948
41113   0.6636
41121   0.6682
41128   0.6933
41137   0.6830
41146   0.6648
41158   0.6884
41167   0.7027
41179   0.6923
41192   0.6674
41204   0.6479
41216   0.6651
41225   0.6615
41237   0.6328
41249   0.6351
41258   0.6499
41268   0.6346
41277   0.6149
41285   0.6294
41294   0.6713
41303   0.6867
41313   0.6322
41321   0.5873
41329   0.5813
41338   0.5390
41350   0.5294
41359   0.5201
41369   0.5147
41381   0.5070
41390   0.5021
41400   0.5000
41413   0.4985
41425   0.4971
41437   0.4933
41447   0.4928
41456   0.4970
41468   0.4958
41476   0.4914
41488   0.4954
41497   0.4982
41513   0.5027
41529   0.4917
41538   0.4947
41547   0.5040
41557   0.5019
41566   0.4925
41578   0.4979
41587   0.4806
41596   0.4716
41606   0.4746
41615   0.4623
41623   0.4577
41630   0.4625
41637   0.4585
41650   0.4512
41659   0.4685
41668   0.4734
41684   0.4586
41692   0.4659
41700   0.5133
41708   0.5169
41718   0.5103
41728   0.4867
41736   0.5145
41743   0.5158
41752   0.5133
41764   0.5026
41775   0.4940
41788   0.4924
41796   0.4882
41808   0.4802
41817   0.4816
41826   0.4723
41833   0.4657
41849   0.4690
41855   0.4741
41867   0.4784
41873   0.4640
41881   0.4595
41889   0.4828
41902   0.5093
41908   0.5189
41918   0.4964
41927   0.5063
41939   0.5394
41951   0.5306
41957   0.5111
41963   0.5402
41970   0.5614
41977   0.5390
41985   0.5355
41992   0.5693
42000   0.5744
42008   0.5509
42024   0.5597
42032   0.5894
42039   0.5829
42047   0.5555
42056   0.5740
42065   0.6007
42073   0.5871
42080   0.5780
42090   0.6021
42099   0.6113
42108   0.5935
42121   0.5989
42133   0.6266
42142   0.6272
42154   0.6570
42162   0.6465
42171   0.6159
42180   0.6203
42188   0.6209
42198   0.6428
42209   0.6130
42221   0.5930
42228   0.5885
42236   0.6016
42247   0.5955
42254   0.6054
42261   0.5806
42269   0.6275
42277   0.6697
42288   0.7497
42298   0.7977
42309   0.8452
42321   0.8126
42329   0.7884
42340   0.6383
42348   0.6261
42356   0.6036
42365   0.7390
42377   0.7682
42387   0.6566
42396   0.6704
42407   0.6181
42417   0.5800
42424   0.5611
42433   0.6399
42442   0.6193
42455   0.5996
42462   0.5805
42467   0.5856
42475   0.5576
42483   0.5591
42491   0.5609
42499   0.5691
42507   0.5598
42517   0.5429
42533   0.5426
42541   0.5501
42546   0.5583
42555   0.5418
42567   0.5752
42577   0.5689
42584   0.5665
42590   0.5798
42598   0.5711
42607   0.5714
42616   0.5576
42624   0.5473
42637   0.5496
42646   0.5449
42658   0.5222
42669   0.5283
42680   0.5379
42689   0.5187
42698   0.5052
42707   0.5198
42716   0.5212
42722   0.4989
42731   0.5055
42740   0.5248
42746   0.5126
42758   0.5062
42768   0.5331
42776   0.5390
42784   0.5235
42792   0.5371
42805   0.5601
42817   0.5541
42829   0.5524
42841   0.5766
42851   0.5835
42864   0.5709
42877   0.5807
42889   0.6092
42894   0.6104
42906   0.6363
42917   0.6451
42928   0.5930
42937   0.5963
42945   0.5585
42950   0.5221
42958   0.5119
42966   0.4814
42973   0.4591
42983   0.4343
42991   0.4276
43000   0.4164
43012   0.4228
43024   0.4231
43033   0.4122
43042   0.4135
43050   0.4056
43062   0.3826
43071   0.3790
43083   0.3837
43092   0.3746
43101   0.3629
43110   0.3553
43115   0.3453
43124   0.3675
43133   0.4407
43144   0.4335
43151   0.3933
43157   0.4055
43167   0.3989
43180   0.3909
43192   0.3958
43200   0.4020
43211   0.3867
43224   0.3850
43236   0.3987
43248   0.3961
43261   0.3840
43271   0.3871
43283   0.3999
43288   0.4023
43297   0.3926
43307   0.3952
43315   0.4074
43322   0.4039
43334   0.3976
43343   0.4045
43352   0.4107
43359   0.4059
43367   0.4065
43378   0.4167
43386   0.4163
43395   0.4122
43400   0.4171
43412   0.4323
43424   0.4382
43433   0.4374
43442   0.4399
43454   0.4341
43467   0.4296
43473   0.4317
43482   0.4353
43491   0.4316
43503   0.4257
43509   0.4312
43516   0.4331
43532   0.4271
43541   0.4274
43550   0.4339
43555   0.4310
43563   0.4257
43572   0.4293
43585   0.4352
43597   0.4267
43609   0.4321
43621   0.4368
43633   0.4493
43643   0.4479
43649   0.4385
43658   0.4479
43664   0.4627
43674   0.4484
43682   0.4393
43697   0.4552
43705   0.4593
43715   0.4422
43728   0.4457
43735   0.4642
43742   0.4573
43754   0.4433
43763   0.4575
43769   0.4720
43776   0.4556
43785   0.4481
43794   0.4713
43802   0.4753
43814   0.4562
43826   0.4606
43839   0.4782
43851   0.4621
43859   0.4506
43866   0.4558
43875   0.4907
43880   0.4801
43888   0.5306
43895   0.5947
43903   0.6229
43908   0.5993
43916   0.5865
43923   0.5581
43935   0.6007
43944   0.5923
43956   0.6918
43964   0.6661
43980   0.6534
43992   0.7165
44004   0.6508
44014   0.5703
44019   0.5790
44025   0.5725
44038   0.5209
44050   0.4848
44061   0.4602
44070   0.4481
44081   0.4483
44090   0.4556
44099   0.4475
44109   0.4416
44125   0.4406
44134   0.4472
44147   0.4710
44158   0.4792
44166   0.4878
44175   0.5049
44187   0.5237
44196   0.5153
44204   0.4881
44215   0.4890
44223   0.4887
44233   0.4688
44241   0.4739
44249   0.4457
44261   0.4276
44270   0.4400
44278   0.4316
44291   0.4440
44300   0.4492
44312   0.4353
44321   0.4307
44330   0.4412
44339   0.4372
44348   0.4225
44355   0.4309
44361   0.4431
44368   0.4304
44377   0.4231
44389   0.4370
44401   0.4372
44413   0.4248
44422   0.4306
44434   0.4433
44444   0.4335
44453   0.4263
44463   0.4405
44474   0.4437
44484   0.4295
44490   0.4228
44496   0.4128
44504   0.4084
44516   0.4091
44525   0.4063
44534   0.3939
44540   0.3872
44545   0.3938
44554   0.3750
44565   0.3738
44573   0.3705
44583   0.3633
44592   0.3755
44599   0.3719
44608   0.3804
44619   0.3715
44628   0.3384
44637   0.3380
44643   0.3604
44649   0.3589
44656   0.3492
44668   0.3551
44675   0.3846
44687   0.4662
44699   0.5396
44709   0.5281
44717   0.5291
44724   0.5399
44732   0.5568
44741   0.5275
44753   0.5250
44762   0.4370
44774   0.4088
44781   0.3856
44793   0.3631
44800   0.3577
44813   0.3676
44822   0.3220
44831   0.3677
44840   0.3624
44847   0.3240
44857   0.3422
44865   0.3741
44874   0.3617
44883   0.3410
44895   0.3546
44902   0.3794
44915   0.3730
44924   0.3309
44936   0.3262
44952   0.3341
44964   0.3402
44972   0.3364
44981   0.3400
44989   0.3483
44998   0.3524
45007   0.3552
45019   0.3611
45028   0.3740
45036   0.3901
45041   0.4015
45049   0.3841
45057   0.3794
45069   0.4099
45078   0.4157
45085   0.4382
45094   0.4287
45106   0.4237
45113   0.4222
45122   0.4070
45127   0.4114
45140   0.3969
45149   0.3696
45157   0.3625
45163   0.3589
45170   0.3478
45182   0.3295
45195   0.3199
45207   0.3276
45216   0.3282
45225   0.3174
45237   0.3161
45242   0.3173
45247   0.3148
45256   0.3181
45265   0.3181
45274   0.3089
45283   0.3245
45292   0.3382
45300   0.3353
45309   0.3545
45319   0.3486
45326   0.3351
45335   0.3463
45344   0.3553
45356   0.3428
45369   0.3447
45385   0.3625
45394   0.3598
45410   0.3538
45419   0.3663
45428   0.3777
45434   0.3738
45447   0.3799
45458   0.3900
45466   0.3974
45478   0.3958
45486   0.4022
45495   0.4082
45503   0.4118
45512   0.4111
45522   0.4163
45533   0.4266
45542   0.4268
45551   0.4302
45558   0.4418
45567   0.4520
45572   0.4408
45578   0.4722
45585   0.4803
45590   0.4526
45603   0.4485
45612   0.4685
45617   0.4848
45623   0.4754
45632   0.4754
45640   0.5157
45652   0.5424
45663   0.5901
45670   0.5340
45677   0.4944
45693   0.4661
45702   0.4810
45711   0.5237
45723   0.5605
45729   0.5753
45741   0.5541
45748   0.6253
45757   0.6924
45763   0.6985
45770   0.7216
45778   0.6957
45786   0.8218
45796   0.8537
45801   0.7476
45814   0.8130
45826   0.7760
45834   0.9444
45842   0.9805
45852   1.1333
45861   1.1115
45870   0.9996
45877   0.8716
45889   0.7883
45896   0.6310
45906   0.5945
45914   0.5805
45922   0.6079
45929   0.5513
45934   0.3977
45944   0.4415
45950   0.4259
45955   0.3798
45964   0.3828
45973   0.3626
45989   0.3396
45998   0.3567
46005   0.3646
46014   0.3456
46021   0.3500
46033   0.3604
46039   0.3490
46051   0.3471
46060   0.3571
46069   0.3553
46078   0.3434
46090   0.3482
46102   0.3577
46114   0.3498
46122   0.3406
46134   0.3479
46143   0.3522
46150   0.3533
46163   0.3497
46176   0.3387
46188   0.3484
46197   0.3388
46209   0.3170
46217   0.3150
46225   0.3240
46231   0.3139
46240   0.3012
46249   0.3058
46259   0.3058
46265   0.2933
46272   0.2938
46284   0.2976
46293   0.2884
46302   0.2811
46308   0.2863
46315   0.2852
46327   0.2748
46332   0.2745
46338   0.2814
46348   0.2769
46357   0.2752
46369   0.2798
46381   0.2823
46387   0.2810
46395   0.2841
46404   0.2844
46412   0.2877
46422   0.2913
46428   0.2928
46436   0.2942
46446   0.2967
46452   0.3012
46464   0.3041
46473   0.3015
46483   0.2970
46493   0.3051
46503   0.3110
46513   0.3011
46523   0.2975
46530   0.3128
46539   0.3126
46548   0.2972
46560   0.3069
46569   0.3261
46579   0.3180
46591   0.3129
46603   0.3350
46612   0.3506
46621   0.3432
46633   0.3541
46642   0.3837
46652   0.3940
46658   0.3915
46670   0.4249
46682   0.4581
46694   0.4605
46704   0.4740
46717   0.5223
46727   0.5488
46737   0.5499
46742   0.5880
46752   0.6432
46762   0.6530
46774   0.6435
46783   0.6116
46792   0.6102
46799   0.6621
46808   0.6236
46816   0.6193
46828   0.7038
46838   0.7003
46845   0.6453
46850   0.6829
46860   0.6964
46865   0.5934
46877   0.5787
46886   0.5487
46895   0.6262
46907   0.5877
46917   0.5123
46925   0.5406
46932   0.6037
46942   0.5713
46952   0.5226
46961   0.4559
46970   0.4560
46980   0.4438
46992   0.3889
47002   0.3783
47008   0.4208
47017   0.4381
47027   0.4331
47039   0.4059
47049   0.4215
47055   0.4632
47065   0.4812
47070   0.4689
47080   0.4936
47090   0.4768
47100   0.4374
47112   0.4311
47128   0.4169
47144   0.3955
47155   0.3547
47163   0.3093
47179   0.3056
47187   0.3097
47196   0.3590
47208   0.3068
47214   0.3010
47221   0.3121
47230   0.2587
47238   0.2393
47250   0.2655
47257   0.2395
47262   0.2356
47271   0.2585
47284   0.2855
47297   0.2927
47306   0.2844
47318   0.3230
47328   0.4252
47336   0.5279
47345   0.5338
47352   0.5207
47362   0.5563
47372   0.6266
47384   0.5403
47392   0.4546
47408   0.4671
47416   0.4650
47425   0.4241
47437   0.4062
47446   0.4187
47452   0.3981
47460   0.3643
47468   0.3692
47477   0.3713
47484   0.3435
47496   0.3308
47504   0.3433
47512   0.3331
47528   0.3076
47537   0.3090
47548   0.3179
47555   0.3053
47564   0.2895
47571   0.2921
47583   0.2848
47593   0.2800
47605   0.2835
47614   0.2842
47623   0.2830
47632   0.2833
47639   0.2922
47647   0.2922
47655   0.2871
47664   0.2949
47676   0.3048
47685   0.3003
47695   0.3020
47707   0.3154
47714   0.3207
47723   0.3192
47732   0.3288
47740   0.3429
47752   0.3454
47762   0.3509
47771   0.3703
47781   0.3866
47791   0.4006
47796   0.4784
47807   0.6942
47814   0.8984
47822   0.9904
47830   1.1544
47842   1.3635
47852   1.3220
47859   1.2491
47868   1.1591
47880   1.3894
47889   1.5028
47902   1.3835
47915   1.4160
47927   1.5952
47938   1.7085
47950   0.3305
47959   0.3270
47967   0.3584
47973   0.3351
47980   0.3318
47989   0.3228
47998   0.3009
48007   0.2966
48016   0.3091
48023   0.3425
48033   0.3521
48042   0.3354
48054   0.3278
48066   0.3708
48075   0.3668
48084   0.3878
48094   0.3528
48103   0.3223
48113   0.3459
48123   0.3592
48130   0.3291
48140   0.3170
48150   0.3403
48162   0.3479
48175   0.3287
48183   0.3242
48192   0.3325
48203   0.3631
48211   0.3808
48223   0.3577
48235   0.3307
48244   0.3191
48253   0.3244
48262   0.3116
48274   0.2950
48287   0.2959
48293   0.2974
48302   0.2847
48315   0.2832
48326   0.2849
48334   0.2797
48343   0.2749
48351   0.2764
48357   0.2773
48369   0.2736
48376   0.2735
48386   0.2784
48395   0.2774
48403   0.2731
48410   0.2727
48423   0.2733
48435   0.2749
48443   0.2767
48452   0.2761
48461   0.2770
48470   0.2777
48481   0.2772
48493   0.2771
48502   0.2733
48510   0.2930
48517   0.3123
48523   0.3144
48530   0.3185
48539   0.3094
48548   0.3130
48556   0.3202
48565   0.2995
48574   0.2875
48582   0.2823
48590   0.2862
48599   0.2875
48608   0.2793
48617   0.2783
48629   0.2830
48638   0.2825
48654   0.2776
48660   0.2823
48669   0.2913
48678   0.2838
48685   0.2814
48692   0.2856
48700   0.2833
48711   0.2800
48719   0.2790
48726   0.2841
48738   0.2930
48750   0.2927
48762   0.2894
48778   0.2989
48787   0.3036
48796   0.3003
48802   0.3038
48811   0.3167
48819   0.3198
48832   0.3159
48840   0.3316
48850   0.3422
48858   0.3334
48864   0.3400
48873   0.3649
48881   0.3657
48889   0.3573
48899   0.3828
48912   0.4052
48924   0.4024
48936   0.4094
48948   0.4501
48960   0.4729
48965   0.4701
48977   0.4569
48988   0.5197
48996   0.5082
49012   0.5298
49023   0.5324
49033   0.4917
49042   0.5194
49051   0.5080
49061   0.5493
49070   0.4971
49083   0.4892
49093   0.5350
49103   0.5624
49114   0.5508
49122   0.5482
49135   0.4544
49146   0.3691
49153   0.3692
49161   0.3755
49172   0.3611
49181   0.3740
49190   0.3745
49195   0.3535
49203   0.3482
49213   0.3594
49223   0.3269
49233   0.3726
49243   0.3475
49248   0.3098
49261   0.3311
49269   0.3352
49278   0.3086
49291   0.3042
49300   0.3196
49309   0.3075
49318   0.2930
49330   0.3083
49339   0.3057
49348   0.2910
49354   0.2887
49363   0.2965
49375   0.2841
49387   0.2751
49399   0.2816
49411   0.2817
49418   0.2733
49427   0.2738
49436   0.2806
49446   0.2767
49453   0.2725
49465   0.2765
49470   0.2784
49479   0.2864
49495   0.3340
49504   0.3626
49514   0.4382
49526   0.4103
49535   0.3656
49548   0.3588
49555   0.3507
49563   0.3309
49572   0.3228
49584   0.3194
49596   0.3091
49608   0.3004
49620   0.2952
49633   0.2925
49642   0.2893
49651   0.2850
49660   0.2917
49671   0.3005
49679   0.2935
49688   0.2810
49701   0.2753
49708   0.2720
49714   0.2666
49722   0.2552
49730   0.2509
49739   0.2658
49747   0.2871
49760   0.2772
49768   0.2832
49777   0.2945
49786   0.2817
49798   0.2697
49807   0.2796
49813   0.2875
49822   0.2769
49830   0.2728
49838   0.2814
49847   0.2826
49859   0.2718
49868   0.2748
49877   0.2868
49886   0.2849
49894   0.2738
49906   0.2786
49911   0.2937
49923   0.2928
49939   0.2869
49945   0.2961
49957   0.3115
49962   0.3184
49972   0.3117
49984   0.3028
49991   0.3322
49997   0.3671
50003   0.4182
50009   0.4525
50018   0.4970
50027   0.4650
50035   0.4004
50042   0.3646
50049   0.3677
50058   0.3909
50065   0.3794
50075   0.3916
50084   0.3599
50096   0.3514
50103   0.3219
50111   0.3170
50115   0.3027
50123   0.2929
50135   0.2990
50144   0.3007
50152   0.2926
50161   0.2870
50169   0.2916
50178   0.2972
50187   0.2899
50199   0.2830
50211   0.2908
50216   0.2864
50224   0.2831
50233   0.2889
50241   0.2903
50249   0.2873
50258   0.2943
50270   0.2987
50276   0.3021
50285   0.2957
50298   0.2958
50307   0.3139
50319   0.2819
50329   0.2855
50337   0.2854
50345   0.2812
50354   0.2800
50359   0.2785
50369   0.2733
50377   0.2721
50386   0.2723
50398   0.2694
50410   0.2688
50418   0.2751
50427   0.2723
50436   0.2679
50444   0.2753
50456   0.2821
50461   0.2784
50470   0.2757
50482   0.2856
50494   0.2926
50510   0.2902
50519   0.2965
50531   0.3037
50543   0.3077
50552   0.2976
50560   0.3133
50568   0.3285
50573   0.3171
50581   0.3202
50589   0.3338
50599   0.2984
50611   0.3043
50621   0.3164
50633   0.3330
50640   0.3178
50652   0.3105
50663   0.3041
50672   0.2989
50680   0.2983
50686   0.2911
50698   0.2944
50707   0.2926
50723   0.2876
50736   0.2878
50748   0.2864
50756   0.2899
50766   0.2933
50773   0.2869
50781   0.2866
50794   0.2935
50806   0.2912
50811   0.2884
50820   0.2907
50827   0.2878
50833   0.2854
50846   0.2869
50858   0.2904
50867   0.2886
50879   0.2816
50886   0.2871
50891   0.2769
50903   0.2867
50911   0.2780
50919   0.3083
50931   0.2787
50939   0.2786
50948   0.2810
50953   0.2874
50964   0.2935
50976   0.2847
50985   0.2948
50993   0.2943
51003   0.3198
51010   0.3700
51023   0.3302
51034   0.3242
51047   0.3308
51055   0.3028
51066   0.2735
51075   0.2909
51087   0.2916
51096   0.2579
51108   0.2799
51120   0.3128
51125   0.2895
51137   0.2970
51149   0.3485
51158   0.3633
51165   0.3769
51173   0.3122
51185   0.2867
51194   0.2668
51202   0.2632
51212   0.2755
51221   0.2732
51233   0.2624
51239   0.2699
51247   0.2813
51256   0.2695
51265   0.2694
51281   0.2863
51289   0.2905
51305   0.2867
51313   0.2881
51322   0.2814
51330   0.2696
51338   0.2665
51347   0.2559
51354   0.2526
51363   0.2545
51370   0.2533
51377   0.2492
51393   0.2507
51402   0.2549
51409   0.2554
51417   0.2568
51427   0.2615
51436   0.2618
51445   0.2599
51458   0.2616
51464   0.2654
51476   0.2631
51485   0.2691
51497   0.2738
51506   0.2712
51515   0.2778
51525   0.2853
51532   0.2857
51548   0.2840
51560   0.2958
51570   0.3034
51577   0.2984
51587   0.3061
51597   0.3198
51609   0.3154
51621   0.3071
51629   0.2897
51640   0.2934
51648   0.2912
51660   0.3204
51665   0.3436
51677   0.3743
51687   0.3970
51697   0.4353
51707   0.4240
51717   0.4314
51723   0.4117
51731   0.3870
51741   0.4007
51754   0.4005
51759   0.3676
51768   0.3641
51773   0.3829
51778   0.3681
51787   0.3464
51796   0.3628
51805   0.3711
51813   0.3511
51822   0.3485
51831   0.3629
51840   0.3568
51847   0.3493
51856   0.3601
51864   0.3629
51880   0.3593
51891   0.3636
51899   0.3675
51908   0.3669
51917   0.3688
51929   0.3764
51938   0.3790
51945   0.3836
51954   0.3960
51963   0.4049
51973   0.4033
51980   0.4414
51988   0.4551
51994   0.5615
51999   0.5098
52007   0.4762
52016   0.4942
52027   0.4552
52038   0.4507
52046   0.4599
52055   0.4309
52064   0.4282
52072   0.4358
52079   0.4554
52087   0.4616
52095   0.4573
52104   0.4582
52112   0.4882
52121   0.4921
52126   0.4995
52131   0.4862
52144   0.4485
52155   0.4515
52163   0.4677
52172   0.4552
52184   0.4658
52192   0.4693
52201   0.4502
52208   0.4494
52214   0.4564
52226   0.4677
52238   0.5008
52245   0.4954
52257   0.4733
52266   0.4961
52276   0.5094
52284   0.5340
52293   0.5895
52302   0.6469
52313   0.6807
52320   0.5980
52330   0.5849
52343   0.6569
52354   0.6171
52364   0.5558
52376   0.5996
52385   0.6243
52395   0.5535
52402   0.5575
52414   0.6234
52418   0.6594
52426   0.6574
52437   0.6546
52444   0.6899
52449   0.6672
52455   0.6513
52464   0.6124
52476   0.5762
52488   0.6254
52497   0.6051
52507   0.6212
52518   0.5539
52531   0.5531
52541   0.5515
52553   0.5581
52563   0.5370
52572   0.5004
52580   0.4833
52588   0.4847
52596   0.4870
52602   0.5073
52612   0.4972
52621   0.5004
52631   0.4786
52636   0.4690
52647   0.4593
52654   0.4566
52665   0.4576
52672   0.4627
52681   0.4666
52697   0.4592
52705   0.4393
52714   0.4490
52720   0.4690
52727   0.4699
52735   0.4560
52742   0.4655
52752   0.4831
52764   0.4732
52774   0.4692
52783   0.4882
52792   0.5020
52804   0.4884
52814   0.4929
52823   0.5344
52831   0.5898
52839   0.6782
52847   0.7955
52858   0.7722
52865   0.7011
52872   0.5895
52884   0.5071
52891   0.4663
52899   0.4654
52907   0.4693
52919   0.4512
52926   0.4402
52942   0.4245
52949   0.4208
52958   0.4202
52970   0.4279
52982   0.4415
52993   0.4477
53002   0.4752
53010   0.4649
53019   0.4765
53024   0.4215
53030   0.4130
53040   0.4032
53046   0.3948
53056   0.4028
53065   0.4065
53071   0.4192
53079   0.4415
53088   0.4702
53098   0.4685
53107   0.4859
53114   0.4894
53125   0.5122
53133   0.5201
53142   0.5258
53148   0.5216
53156   0.5344
53162   0.5099
53170   0.4997
53182   0.5144
53193   0.5098
53200   0.4955
53209   0.4949
53215   0.5042
53225   0.5024
53234   0.4921
53243   0.4933
53249   0.5135
53254   0.5165
53265   0.5340
53274   0.5761
53282   0.5748
53292   0.5577
53299   0.5858
53306   0.5825
53317   0.5554
53324   0.5220
53332   0.5155
53340   0.5242
53348   0.5109
53357   0.5207
53367   0.5056
53377   0.4858
53386   0.4859
53398   0.4871
53406   0.4829
53419   0.4707
53432   0.4658
53440   0.4677
53450   0.4531
53455   0.4350
53463   0.4134
53470   0.3896
53479   0.4097
53486   0.4345
53497   0.4596
53504   0.4343
53513   0.4385
53521   0.4534
53530   0.4595
53540   0.5174
53552   0.5467
53561   0.5185
53570   0.5203
53577   0.4909
53587   0.5460
53598   0.5402
53609   0.4974
53621   0.4979
53630   0.5076
53641   0.5007
53650   0.5085
53658   0.4970
53667   0.4951
53676   0.4887
53685   0.5098
53697   0.5188
53709   0.5489
53718   0.6135
53729   0.6156
53737   0.5635
53745   0.5591
53755   0.5071
53762   0.4780
53773   0.4593
53780   0.4658
53790   0.4677
53806   0.4679
53822   0.4800
53830   0.4814
53839   0.4993
53850   0.4959
53859   0.5144
53867   0.5569
53872   0.6150
53879   0.6166
53891   0.7809
53900   0.7869
53912   0.6970
53923   0.7259
53935   0.6320
53940   0.5941
53947   0.5305
53959   0.5060
53965   0.5064
53974   0.4940
53984   0.4840
53993   0.4786
54001   0.4734
54009   0.4759
54021   0.4702
54032   0.4552
54041   0.4785
54051   0.4708
54059   0.4466
54065   0.4696
54072   0.5131
54080   0.5683
54087   0.4756
54096   0.5144
54101   0.4097
54113   0.4515
54122   0.4465
54128   0.3940
54133   0.3656
54146   0.3530
54151   0.3468
54160   0.3395
54169   0.3305
54174   0.3323
54183   0.3326
54196   0.3189
54202   0.3155
54209   0.3278
54217   0.3205
54225   0.3036
54234   0.3127
54242   0.3219
54251   0.3056
54256   0.2969
54266   0.3108
54278   0.3075
54286   0.2854
54298   0.2861
54308   0.3008
54320   0.2878
54332   0.2667
54339   0.2767
54344   0.2821
54353   0.2679
54360   0.2662
54372   0.2608
54379   0.2589
54388   0.2523
54397   0.2593
54409   0.2673
54419   0.2699
54429   0.2751
54437   0.2768
54445   0.2942
54456   0.2764
54464   0.2766
54473   0.2766
54485   0.2660
54494   0.2652
54503   0.2733
54513   0.2709
54522   0.2631
54529   0.2743
54537   0.2772
54546   0.2663
54555   0.2707
54567   0.2813
54576   0.2739
54584   0.2673
54596   0.2855
54606   0.2891
54614   0.2783
54619   0.2808
54629   0.2647
54638   0.2635
54648   0.2634
54657   0.2533
54667   0.2480
54677   0.2563
54686   0.2544
54695   0.2447
54708   0.2465
54714   0.2500
54724   0.2481
54733   0.2456
54742   0.2521
54754   0.2499
54763   0.2432
54776   0.2459
54788   0.2491
54794   0.2494
54802   0.2534
54812   0.2557
54820   0.2550
54829   0.2614
54838   0.2717
54848   0.2683
54864   0.2828
54872   0.3093
54884   0.3743
54894   0.4155
54904   0.4640
54912   0.5667
