    2   1.5018
    7   1.4535
   16   1.4515
   25   1.5814
   37   1.5598
   49   1.5538
   58   1.5713
   67   1.5923
   75   1.5632
   83   1.5549
   92   1.5832
   99   1.5792
  108   1.5539
  114   1.5702
  122   1.6007
  128   1.5812
  135   1.5600
  141   1.5985
  153   1.6419
  165   1.6703
  178   1.6443
  189   1.6852
  194   1.6770
  203   1.6264
  210   1.6247
  222   1.6469
  230   1.6111
  243   1.5741
  252   1.5919
  261   1.5862
  274   1.5362
  283   1.5218
  292   1.5436
  301   1.5095
  309   1.4568
  317   1.4913
  326   1.5128
  338   1.5112
  345   1.5388
  354   1.5759
  362   1.6088
  370   1.5665
  380   1.5889
  386   1.6352
  394   1.6070
  403   1.5773
  415   1.6170
  420   1.6354
  432   1.5982
  440   1.6043
  445   1.6462
  457   1.6353
  466   1.6149
  475   1.6439
  487   1.6716
  494   1.6468
  503   1.6472
  510   1.6886
  519   1.6975
  527   1.6773
  534   1.6991
  543   1.7337
  550   1.7212
  562   1.7155
  571   1.7553
  580   1.7703
  589   1.7503
  601   1.7711
  610   1.8116
  619   1.8155
  631   1.7895
  643   1.7670
  652   1.6330
  660   1.6620
  672   1.6362
  679   1.6218
  687   1.6562
  696   1.6546
  705   1.6147
  710   1.6289
  719   1.6633
  731   1.6414
  740   1.6172
  746   1.6542
  753   1.6701
  762   1.6349
  770   1.6396
  779   1.6807
  795   1.6682
  804   1.6431
  812   1.6711
  819   1.6985
  831   1.7145
  839   1.4191
  848   1.4123
  860   1.3723
  872   1.3663
  884   1.3873
  890   1.3535
  897   1.3201
  905   1.3453
  911   1.3546
  918   1.3095
  928   1.2980
  937   1.3365
  947   1.3203
  957   1.2738
  969   1.2925
  978   1.3279
  983   1.2888
  994   1.2566
 1003   1.2991
 1012   1.3155
 1020   1.2585
 1028   1.2556
 1034   1.3092
 1039   1.2860
 1049   1.2355
 1057   1.2653
 1065   1.2975
 1073   1.2534
 1081   1.2346
 1090   1.2859
 1099   1.2850
 1108   1.2395
 1113   1.2691
 1120   1.3268
 1127   1.2903
 1132   1.2547
 1141   1.3294
 1150   1.4088
 1158   1.4171
 1166   1.5173
 1173   1.4936
 1182   1.4902
 1190   1.3977
 1197   1.3323
 1203   1.3630
 1211   1.3302
 1224   1.2583
 1236   1.2634
 1248   1.2807
 1256   1.2141
 1268   1.1726
 1277   1.2001
 1282   1.1749
 1291   1.0928
 1298   1.0886
 1306   1.1230
 1322   1.0656
 1338   0.9898
 1345   1.0444
 1361   1.0262
 1368   1.1175
 1380   1.2048
 1388   1.2789
 1400   1.3775
 1408   1.3489
 1416   1.4102
 1425   1.3752
 1434   1.3404
 1446   1.3996
 1451   1.4239
 1458   1.3675
 1467   1.3786
 1474   1.4425
 1482   1.4192
 1491   1.3813
 1500   1.4325
 1506   1.4613
 1515   1.4170
 1527   1.4206
 1535   1.4672
 1541   1.4637
 1546   1.4437
 1558   1.4713
 1567   1.4973
 1576   1.4810
 1581   1.4858
 1590   1.5017
 1603   1.5070
 1612   1.5036
 1625   1.4829
 1637   1.4757
 1649   1.5076
 1661   1.4885
 1673   1.5186
 1685   1.5408
 1697   1.5403
 1707   1.5297
 1713   1.4718
 1720   1.4401
 1727   1.4878
 1735   1.6628
 1746   1.5273
 1755   1.3416
 1768   1.2346
 1781   1.6413
 1797   1.5806
 1810   1.4459
 1822   1.4645
 1834   1.4637
 1840   1.4652
 1850   1.5168
 1858   1.4595
 1867   1.4027
 1876   1.4623
 1885   1.4660
 1894   1.3837
 1902   1.3874
 1911   1.4465
 1924   1.4042
 1937   1.3482
 1945   1.3995
 1954   1.4270
 1960   1.3613
 1968   1.3501
 1977   1.4157
 1986   1.4005
 1998   1.3388
 2007   1.3794
 2023   1.4413
 2032   1.4198
 2044   1.5102
 2054   0.8648
 2060   0.8462
 2068   0.8932
 2080   0.9080
 2092   0.8658
 2104   0.8798
 2113   0.9290
 2122   0.9148
 2132   0.8890
 2144   0.9209
 2151   0.9262
 2164   0.8823
 2173   0.8891
 2180   0.9225
 2186   0.9035
 2195   0.8802
 2204   0.9027
 2210   0.9148
 2219   0.9057
 2228   0.9124
 2234   0.9400
 2250   0.9457
 2257   0.9447
 2266   0.9760
 2274   1.0179
 2287   1.0250
 2299   1.0563
 2306   1.0392
 2322   1.0527
 2331   1.0231
 2339   0.9870
 2351   0.9970
 2359   0.9789
 2368   0.9445
 2377   0.9444
 2386   0.9464
 2402   0.9081
 2409   0.8878
 2416   0.8964
 2424   0.8785
 2433   0.8440
 2449   0.8435
 2458   0.8788
 2467   0.8814
 2479   0.9160
 2490   0.9180
 2502   0.9334
 2514   0.9618
 2524   0.9449
 2537   0.9353
 2543   0.9657
 2552   0.9856
 2561   0.9741
 2568   0.9834
 2574   1.0276
 2582   1.0347
 2594   1.0289
 2603   1.0686
 2611   1.1054
 2619   1.0926
 2632   1.1088
 2638   1.1677
 2649   1.1698
 2658   1.1343
 2667   1.1978
 2676   1.2581
 2684   1.2322
 2693   1.2335
 2705   1.3059
 2718   1.3313
 2727   1.3018
 2743   1.3247
 2750   1.4040
 2762   1.4458
 2772   1.4407
 2780   1.4506
 2788   1.3985
 2798   1.3620
 2807   1.3771
 2817   1.2974
 2827   1.2279
 2834   1.1715
 2842   1.1462
 2847   1.1315
 2859   1.1956
 2868   1.2080
 2878   1.2733
 2888   1.2367
 2898   1.2720
 2907   1.2678
 2915   1.2314
 2920   1.1068
 2930   1.1504
 2939   1.1256
 2945   1.0625
 2952   1.0953
 2962   1.1262
 2971   1.0719
 2980   1.0496
 2992   1.1089
 3000   1.1010
 3009   1.0344
 3017   1.0582
 3029   1.1078
 3045   1.0561
 3054   1.0255
 3063   1.0756
 3072   1.0706
 3084   1.0167
 3096   1.0388
 3108   1.0772
 3117   1.0410
 3125   1.0151
 3135   1.0639
 3147   1.0745
 3157   1.0261
 3163   1.0434
 3172   1.0921
 3184   1.0674
 3194   1.0436
 3204   1.0940
 3214   1.1154
 3220   1.0779
 3229   1.0838
 3238   1.1401
 3245   0.8343
 3254   0.8203
 3263   0.8162
 3273   0.7758
 3281   0.7491
 3290   0.7598
 3295   0.7527
 3306   0.7066
 3315   0.6940
 3323   0.7125
 3331   0.6908
 3337   0.6485
 3346   0.6592
 3358   0.6737
 3367   0.6309
 3377   0.6074
 3390   0.6367
 3406   0.6167
 3415   0.5879
 3428   0.6152
 3436   0.6274
 3443   0.5921
 3448   0.5875
 3453   0.6207
 3462   0.6105
 3474   0.5816
 3486   0.6043
 3498   0.6376
 3506   0.6269
 3513   0.6197
 3525   0.6272
 3535   0.6173
 3540   0.6031
 3550   0.6194
 3559   0.6491
 3567   0.6530
 3576   0.6731
 3589   0.6376
 3599   0.6134
 3608   0.6403
 3617   0.6353
 3630   0.5986
 3639   0.6042
 3647   0.6266
 3656   0.6005
 3668   0.5811
 3677   0.6048
 3689   0.6096
 3696   0.5788
 3704   0.5815
 3710   0.6078
 3719   0.5855
 3732   0.5647
 3744   0.5921
 3752   0.6004
 3764   0.6043
 3777   0.6385
 3787   0.6450
 3803   0.6221
 3819   0.6539
 3831   0.6946
 3841   0.6854
 3850   0.6687
 3859   0.7213
 3869   0.7413
 3882   0.6922
 3894   0.7031
 3910   0.7549
 3919   0.7344
 3926   0.7015
 3934   0.7497
 3942   0.7751
 3951   0.7292
 3964   0.7261
 3972   0.7795
 3981   0.7729
 3990   0.7277
 3998   0.7605
 4007   0.7991
 4016   0.7621
 4028   0.7492
 4037   0.8032
 4050   0.8116
 4058   0.7882
 4071   0.8004
 4083   0.8339
 4095   0.8417
 4105   0.8390
 4116   0.8062
 4127   0.8106
 4135   0.8593
 4140   0.8398
 4149   0.7917
 4165   0.8302
 4177   0.8704
 4188   0.8298
 4197   0.7832
 4205   0.7989
 4210   0.7702
 4219   0.7977
 4229   0.8309
 4239   0.7907
 4249   0.7435
 4259   0.7877
 4268   0.8077
 4278   0.7780
 4287   0.7675
 4296   0.8376
 4301   0.8532
 4310   0.9317
 4320   0.9488
 4332   0.8417
 4344   0.8460
 4352   0.8718
 4360   0.8605
 4366   0.7878
 4376   0.7889
 4385   0.8218
 4397   0.7730
 4405   0.7327
 4417   0.7663
 4426   0.7702
 4438   0.7216
 4446   0.7263
 4454   0.7668
 4462   0.7397
 4469   0.7028
 4481   0.7442
 4490   0.7607
 4499   0.7085
 4507   0.7119
 4514   0.7624
 4523   0.7414
 4532   0.7067
 4544   0.7525
 4553   0.7781
 4565   0.7341
 4578   0.6935
 4590   0.6670
 4602   0.6854
 4611   0.6694
 4623   0.6273
 4635   0.6310
 4644   0.6419
 4654   0.6080
 4663   0.5858
 4671   0.5971
 4680   0.5876
 4689   0.5896
 4699   0.8029
 4707   0.8118
 4715   0.7591
 4724   0.7186
 4736   0.7019
 4745   0.6922
 4755   0.6619
 4767   0.6326
 4776   0.6261
 4786   0.6098
 4799   0.5764
 4811   0.5604
 4823   0.5581
 4833   0.5340
 4842   0.5084
 4854   0.5067
 4862   0.5015
 4874   0.4685
 4883   0.4533
 4899   0.4667
 4915   0.4497
 4924   0.4197
 4933   0.4397
 4943   0.4492
 4952   0.4243
 4964   0.4035
 4973   0.4234
 4982   0.4287
 4992   0.3907
 5001   0.3848
 5009   0.4144
 5016   0.4065
 5023   0.3785
 5036   0.3946
 5045   0.4168
 5054   0.3988
 5070   0.3871
 5078   0.4111
 5086   0.4252
 5094   0.4077
 5104   0.4224
 5114   0.4346
 5122   0.4339
 5129   0.4280
 5138   0.4352
 5150   0.4285
 5161   0.4130
 5174   0.4282
 5182   0.4048
 5194   0.3824
 5203   0.3985
 5212   0.4094
 5219   0.3912
 5235   0.3864
 5241   0.4064
 5253   0.4110
 5259   0.4053
 5267   0.4059
 5275   0.4245
 5288   0.4413
 5294   0.4500
 5304   0.4286
 5313   0.4275
 5325   0.4516
 5337   0.4478
 5343   0.4368
 5349   0.4639
 5356   0.4716
 5363   0.4504
 5371   0.4616
 5378   0.4919
 5386   0.4835
 5394   0.4637
 5410   0.4960
 5418   0.5079
 5425   0.4772
 5433   0.4765
 5442   0.5116
 5451   0.5081
 5459   0.4830
 5466   0.5044
 5476   0.5258
 5485   0.5134
 5494   0.5069
 5507   0.5328
 5519   0.5446
 5528   0.5429
 5540   0.5364
 5548   0.5118
 5557   0.4857
 5566   0.4703
 5574   0.4964
 5584   0.5187
 5595   0.4981
 5607   0.5087
 5614   0.4926
 5622   0.5010
 5633   0.4930
 5640   0.5063
 5647   0.5001
 5655   0.5182
 5663   0.5307
 5674   0.5161
 5684   0.5664
 5695   0.5600
 5707   0.5382
 5715   0.5289
 5726   0.5033
 5734   0.4923
 5742   0.5192
 5751   0.5263
 5763   0.5736
 5773   0.5382
 5782   0.5608
 5793   0.5403
 5803   0.4906
 5810   0.4753
 5819   0.4592
 5828   0.4820
 5841   0.5163
 5848   0.5064
 5853   0.4828
 5861   0.4768
 5869   0.4831
 5877   0.4857
 5885   0.4796
 5893   0.4581
 5903   0.4468
 5919   0.4579
 5927   0.4584
 5932   0.4840
 5941   0.4862
 5953   0.5353
 5963   0.6473
 5970   0.5947
 5976   0.6119
 5984   0.5739
 5993   0.5769
 6002   0.5674
 6010   0.5445
 6023   0.5970
 6032   0.5657
 6044   0.5769
 6055   0.5435
 6066   0.5296
 6075   0.5140
 6084   0.4972
 6093   0.5019
 6102   0.4958
 6108   0.4759
 6117   0.4824
 6126   0.4951
 6132   0.4744
 6144   0.4723
 6154   0.5043
 6162   0.4984
 6170   0.4770
 6178   0.4990
 6191   0.5210
 6203   0.5018
 6215   0.4958
 6227   0.5277
 6237   0.5281
 6250   0.5044
 6263   0.5228
 6275   0.5539
 6280   0.5254
 6292   0.5239
 6303   0.5137
 6314   0.4972
 6323   0.4847
 6331   0.5979
 6336   0.6788
 6344   0.5412
 6352   0.4956
 6359   0.4135
 6369   0.4112
 6377   0.4171
 6386   0.4225
 6398   0.4135
 6410   0.4107
 6419   0.3903
 6428   0.3946
 6436   0.3867
 6448   0.4047
 6457   0.4028
 6469   0.4057
 6478   0.3903
 6487   0.3846
 6496   0.3979
 6501   0.3877
 6510   0.3853
 6519   0.3911
 6530   0.3804
 6537   0.3742
 6543   0.3848
 6553   0.3806
 6566   0.3724
 6578   0.3838
 6586   0.3902
 6597   0.3806
 6610   0.3745
 6622   0.3700
 6634   0.3688
 6647   0.3676
 6657   0.3702
 6669   0.3921
 6674   0.3676
 6683   0.3597
 6693   0.3685
 6701   0.3688
 6708   0.3538
 6720   0.3531
 6729   0.3674
 6738   0.3653
 6745   0.3566
 6753   0.3579
 6764   0.3723
 6772   0.3725
 6781   0.3603
 6786   0.3687
 6798   0.3796
 6810   0.3720
 6819   0.3783
 6828   0.3762
 6840   0.3772
 6853   0.3707
 6859   0.3675
 6868   0.3690
 6877   0.3651
 6889   0.3593
 6895   0.3642
 6902   0.3640
 6918   0.3546
 6927   0.3539
 6936   0.3641
 6941   0.3594
 6949   0.3513
 6958   0.3612
 6971   0.3670
 6983   0.3977
 6995   0.3815
 7007   0.3797
 7019   0.3800
 7029   0.3738
 7035   0.3668
 7044   0.3749
 7050   0.3765
 7060   0.3700
 7068   0.3735
 7083   0.3749
 7091   0.3679
 7101   0.3698
 7114   0.3791
 7121   0.3765
 7128   0.3701
 7140   0.3890
 7149   0.3942
 7155   0.3800
 7162   0.3855
 7171   0.4063
 7180   0.4041
 7188   0.3908
 7200   0.4099
 7212   0.4273
 7225   0.4187
 7237   0.4211
 7245   0.4507
 7252   0.4620
 7261   0.4528
 7266   0.4415
 7274   0.4520
 7281   0.4526
 7289   0.4647
 7294   0.4555
 7302   0.4664
 7309   0.4507
 7321   0.4445
 7330   0.4439
 7342   0.4444
 7350   0.4386
 7366   0.4575
 7378   0.4359
 7390   0.4454
 7400   0.4383
 7405   0.4456
 7411   0.4400
 7424   0.4198
 7436   0.4137
 7447   0.4079
 7456   0.3937
 7467   0.3984
 7476   0.4057
 7485   0.3905
 7495   0.3807
 7511   0.3938
 7520   0.3984
 7533   0.4181
 7544   0.4278
 7552   0.4348
 7561   0.4534
 7573   0.4846
 7582   0.4660
 7590   0.4487
 7601   0.4384
 7609   0.4090
 7619   0.3919
 7627   0.4054
 7635   0.4004
 7647   0.3778
 7656   0.3902
 7664   0.3867
 7677   0.3749
 7686   0.3826
 7698   0.3881
 7707   0.3749
 7716   0.3749
 7725   0.3861
 7734   0.3780
 7741   0.3792
 7747   0.3913
 7754   0.3841
 7763   0.3755
 7775   0.3859
 7787   0.3955
 7799   0.3847
 7808   0.3855
 7820   0.3995
 7830   0.3998
 7839   0.3971
 7849   0.4357
 7860   0.4364
 7870   0.4175
 7876   0.5064
 7882   0.5977
 7890   0.5724
 7902   0.5852
 7911   0.5524
 7920   0.5490
 7926   0.6837
 7931   0.6988
 7940   0.6014
 7951   0.4980
 7959   0.4220
 7969   0.4102
 7978   0.3830
 7985   0.4153
 7994   0.4824
 8005   0.4689
 8014   0.5063
 8023   0.6325
 8029   0.6356
 8035   0.5168
 8042   0.4614
 8054   0.4719
 8061   0.5019
 8073   0.4799
 8085   0.4432
 8095   0.4128
 8103   0.3837
 8110   0.3700
 8118   0.4111
 8127   0.4397
 8139   0.4317
 8148   0.4122
 8160   0.4111
 8167   0.4206
 8179   0.3947
 8186   0.3778
 8199   0.3759
 8208   0.3865
 8217   0.3811
 8226   0.4020
 8233   0.4045
 8243   0.3978
 8251   0.4127
 8260   0.4295
 8269   0.4107
 8281   0.4006
 8288   0.4025
 8301   0.3879
 8310   0.3879
 8322   0.4016
 8338   0.3928
 8350   0.3811
 8358   0.3898
 8367   0.3947
 8375   0.3811
 8384   0.3784
 8393   0.3856
 8405   0.3866
 8414   0.3764
 8422   0.3849
 8427   0.4004
 8435   0.3910
 8443   0.3709
 8455   0.3790
 8464   0.3650
 8471   0.3743
 8480   0.3705
 8492   0.3705
 8499   0.3902
 8508   0.3870
 8513   0.3811
 8526   0.3985
 8535   0.4107
 8543   0.3996
 8549   0.4065
 8556   0.4333
 8568   0.4209
 8581   0.4111
 8593   0.4419
 8602   0.4518
 8611   0.4312
 8623   0.4244
 8628   0.4449
 8633   0.3795
 8642   0.3456
 8651   0.3575
 8660   0.3925
 8669   0.3795
 8678   0.3784
 8686   0.3718
 8695   0.3752
 8705   0.3707
 8712   0.3567
 8721   0.3612
 8730   0.3705
 8742   0.3621
 8755   0.3539
 8771   0.3644
 8780   0.3682
 8796   0.3568
 8805   0.3581
 8814   0.3736
 8820   0.3618
 8833   0.3498
 8844   0.3620
 8852   0.3648
 8864   0.3496
 8872   0.3500
 8881   0.3574
 8889   0.3512
 8898   0.3400
 8908   0.3567
 8919   0.3614
 8928   0.3519
 8937   0.3552
 8944   0.3702
 8953   0.3665
 8958   0.3637
 8964   0.3732
 8971   0.3782
 8976   0.3851
 8989   0.3985
 8998   0.3964
 9003   0.3895
 9009   0.4007
 9018   0.4133
 9026   0.4125
 9038   0.4237
 9049   0.4113
 9056   0.3962
 9063   0.3889
 9079   0.3876
 9088   0.3819
 9097   0.3814
 9109   0.3830
 9115   0.3745
 9127   0.3630
 9134   0.3623
 9143   0.3579
 9149   0.3775
 9156   0.3954
 9164   0.4328
 9172   0.4172
 9182   0.3871
 9187   0.4262
 9200   0.4529
 9212   0.5067
 9220   0.5466
 9228   0.6854
 9238   0.6819
 9247   0.6949
 9256   0.6833
 9263   0.6860
 9275   0.5846
 9282   0.5361
 9292   0.4760
 9300   0.4282
 9308   0.4230
 9315   0.3786
 9320   0.3607
 9330   0.3541
 9336   0.3788
 9341   0.3484
 9350   0.3526
 9359   0.3509
 9375   0.3482
 9384   0.3464
 9391   0.3441
 9400   0.3382
 9407   0.3377
 9419   0.3350
 9425   0.3247
 9437   0.3313
 9446   0.3352
 9455   0.3267
 9464   0.3237
 9476   0.3347
 9488   0.3348
 9500   0.3187
 9508   0.3161
 9520   0.3140
 9529   0.3246
 9536   0.3258
 9549   0.3225
 9562   0.3135
 9574   0.3185
 9583   0.3137
 9595   0.3159
 9603   0.3170
 9611   0.3149
 9617   0.3144
 9626   0.3169
 9635   0.3154
 9645   0.3135
 9651   0.3178
 9658   0.3134
 9670   0.3033
 9679   0.3063
 9688   0.3088
 9694   0.3039
 9701   0.3019
 9713   0.3062
 9718   0.3057
 9724   0.3037
 9734   0.3043
 9743   0.3055
 9755   0.3098
 9767   0.3130
 9773   0.3113
 9781   0.3123
 9790   0.3199
 9798   0.3189
 9808   0.3130
 9814   0.3219
 9822   0.3324
 9832   0.3228
 9838   0.3221
 9850   0.3385
 9859   0.3374
 9869   0.3268
 9879   0.3381
 9889   0.3566
 9899   0.3566
 9909   0.3559
 9916   0.3727
 9925   0.3846
 9934   0.3845
 9946   0.3963
 9955   0.4170
 9965   0.4262
 9977   0.4367
 9989   0.4526
 9998   0.4723
10007   0.4827
10019   0.4951
10028   0.5132
10038   0.5255
10044   0.5134
10056   0.5134
10068   0.5308
10080   0.5395
10090   0.5329
10103   0.5456
10113   0.5655
10123   0.5769
10128   0.5882
10138   0.6099
10148   0.6395
10160   0.6486
10169   0.6351
10178   0.6963
10185   0.7201
10194   0.7933
10202   0.8688
10214   0.8744
10224   0.9073
10231   1.0206
10236   1.0521
10246   0.9279
10251   0.9845
10263   0.9486
10272   1.0333
10281   0.9527
10293   0.8457
10303   0.8364
10311   0.8901
10318   0.7457
10328   0.6649
10338   0.7966
10347   0.8305
10356   0.6945
10366   0.6374
10378   0.5570
10388   0.6212
10394   0.7004
10403   0.6287
10413   0.5401
10425   0.5505
10435   0.5253
10441   0.4641
10451   0.4915
10456   0.4410
10466   0.5158
10476   0.6459
10486   0.6184
10498   0.6596
10514   0.7352
10530   0.6032
10541   0.5143
10549   0.4477
10565   0.4071
10573   0.4394
10582   0.4625
10594   0.4158
10600   0.3912
10607   0.4661
10616   0.4605
10624   0.4032
10636   0.4552
10643   0.4905
10648   0.4547
10657   0.3964
10670   0.4009
10683   0.3750
10692   0.3419
10704   0.3671
10714   0.3999
10722   0.4288
10731   0.4465
10738   0.4636
10748   0.5446
10758   0.5866
10770   0.4477
10778   0.3941
10794   0.3997
10802   0.4029
10811   0.3804
10823   0.3763
10832   0.3806
10838   0.3687
10846   0.3584
10854   0.3643
10863   0.3622
10870   0.3511
10882   0.3499
10890   0.3515
10898   0.3461
10914   0.3403
10923   0.3419
10934   0.3425
10941   0.3372
10950   0.3324
10957   0.3345
10969   0.3240
10979   0.3179
10991   0.3276
11000   0.3192
11009   0.3061
11018   0.3164
11025   0.3249
11033   0.3125
11041   0.3069
11050   0.3273
11062   0.3284
11071   0.3143
11081   0.3247
11093   0.3484
11100   0.3433
11109   0.3356
11118   0.3633
11126   0.3865
11138   0.3731
11148   0.3784
11157   0.4209
11167   0.4348
11177   0.4338
11182   0.4072
11193   0.3663
11200   0.3909
11208   0.4239
11216   0.5236
11228   0.5301
11238   0.6032
11245   0.6732
11254   0.6973
11266   0.7769
11275   0.9171
11288   1.0031
11301   1.0212
11313   1.1038
11324   1.2297
11336   0.8480
11345   0.7166
11353   0.6003
11359   0.5976
11366   0.5138
11375   0.4063
11384   0.4219
11393   0.4945
11402   0.4303
11409   0.3940
11419   0.3948
11428   0.3773
11440   0.3722
11452   0.3817
11461   0.3649
11470   0.3545
11480   0.3422
11489   0.3471
11499   0.3463
11509   0.3380
11516   0.3482
11526   0.3594
11536   0.3674
11548   0.3712
11561   0.3853
11569   0.3886
11578   0.3827
11589   0.3971
11597   0.3849
11609   0.3498
11621   0.3498
11630   0.3539
11639   0.3427
11648   0.3393
11660   0.3385
11673   0.3387
11679   0.3357
11688   0.3324
11701   0.3276
11712   0.3304
11720   0.3282
11729   0.3233
11737   0.3209
11743   0.3289
11755   0.3228
11762   0.3300
11772   0.3493
11781   0.3320
11789   0.3229
11796   0.3295
11809   0.3299
11821   0.3288
11829   0.3297
11838   0.3342
11847   0.3339
11856   0.3382
11867   0.3405
11879   0.3436
11888   0.3529
11896   0.3565
11903   0.3358
11909   0.3450
11916   0.3463
11925   0.3594
11934   0.3571
11942   0.3425
11951   0.3500
11960   0.3460
11968   0.3319
11976   0.3383
11985   0.3471
11994   0.3369
12003   0.3309
12015   0.3443
12024   0.3433
12040   0.3311
12046   0.3340
12055   0.3447
12064   0.3414
12071   0.3468
12078   0.3658
12086   0.3717
12097   0.3656
12105   0.3483
12112   0.3536
12124   0.3584
12136   0.3486
12148   0.3477
12164   0.3548
12173   0.3571
12182   0.3492
12188   0.3529
12197   0.3631
12205   0.3617
12218   0.3564
12226   0.3618
12236   0.3743
12244   0.3732
12250   0.3664
12259   0.3763
12267   0.3781
12275   0.3739
12285   0.3782
12298   0.3854
12310   0.3866
12322   0.3901
12334   0.3986
12346   0.4214
12351   0.4238
12363   0.4174
12374   0.4612
12382   0.4776
12398   0.4781
12409   0.5392
12419   0.5268
12428   0.5796
12437   0.6238
12447   0.6405
12456   0.4750
12469   0.4784
12479   0.5047
12489   0.4458
12500   0.4060
12508   0.4098
12521   0.4170
12532   0.3964
12539   0.3938
12547   0.3957
12558   0.3798
12567   0.3777
12576   0.3816
12581   0.3874
12589   0.4301
12599   0.4704
12609   0.4771
12619   0.4638
12629   0.4798
12634   0.4749
12647   0.4356
12655   0.4041
12664   0.3926
12677   0.3899
12686   0.3775
12695   0.3600
12704   0.3524
12716   0.3555
12725   0.3465
12734   0.3263
12740   0.3352
12749   0.3485
12761   0.3275
12773   0.3176
12785   0.3330
12797   0.3308
12804   0.3021
12813   0.3053
12822   0.3189
12832   0.3040
12839   0.2923
12851   0.3149
12856   0.3394
12865   0.3834
12881   0.4067
12890   0.4569
12900   0.5058
12912   0.4794
12921   0.4331
12934   0.4256
12941   0.4105
12949   0.3929
12958   0.3911
12970   0.3861
12982   0.3699
12994   0.3639
13006   0.3658
13019   0.3606
13028   0.3525
13037   0.3497
13046   0.3496
13057   0.3429
13065   0.3476
13074   0.3542
13087   0.3773
13094   0.3614
13100   0.3477
13108   0.3362
13116   0.3217
13125   0.3152
13133   0.2843
13146   0.2706
13154   0.2953
13163   0.2921
13172   0.2699
13184   0.2815
13193   0.2955
13199   0.2820
13208   0.2775
13216   0.2904
13224   0.2868
13233   0.2773
13245   0.2889
13254   0.2980
13263   0.2893
13272   0.2918
13280   0.3250
13292   0.3103
13297   0.2830
13309   0.3068
13325   0.3095
13331   0.3013
13343   0.2954
13348   0.3262
13358   0.3215
13370   0.4188
13377   0.4370
13383   0.3663
13389   0.3491
13395   0.3876
13404   0.4870
13413   0.5449
13421   0.7060
13428   0.5599
13435   0.4535
13444   0.3461
13451   0.3278
13461   0.2997
13470   0.3385
13482   0.3002
13489   0.3044
13497   0.3030
13501   0.3027
13509   0.2928
13521   0.2933
13530   0.3003
13538   0.2989
13547   0.2957
13555   0.3016
13564   0.3032
13573   0.2996
13585   0.3029
13597   0.3105
13602   0.3118
13610   0.3069
13619   0.3140
13627   0.3258
13635   0.3234
13644   0.3198
13656   0.3274
13662   0.3285
13671   0.3234
13684   0.3289
13693   0.3367
13705   0.3360
13715   0.3332
13723   0.3303
13731   0.3393
13740   0.3373
13745   0.3220
13755   0.3284
13763   0.3400
13772   0.3284
13784   0.3164
13796   0.3287
13804   0.3303
13813   0.3146
13822   0.3159
13830   0.3269
13842   0.3295
13847   0.3227
13856   0.3182
13868   0.3296
13880   0.3320
13896   0.3255
13905   0.3292
13917   0.3380
13929   0.3253
13938   0.3275
13946   0.3536
13954   0.3625
13959   0.3458
13967   0.3316
13975   0.3518
13985   0.3742
13997   0.4220
14007   0.3574
14019   0.3273
14026   0.3009
14038   0.2932
14049   0.3090
14058   0.3071
14066   0.3054
14072   0.3205
14084   0.3178
14093   0.3113
14109   0.3188
14122   0.3247
14134   0.3145
14142   0.3147
14152   0.3289
14159   0.3267
14167   0.3172
14180   0.3284
14192   0.3362
14197   0.3254
14206   0.3260
14213   0.3322
14219   0.3289
14232   0.3283
14244   0.3335
14253   0.3355
14265   0.3313
14272   0.3359
14277   0.3349
14289   0.3812
14297   0.3813
14305   0.3772
14317   0.3511
14325   0.3245
14334   0.3165
14339   0.3236
14350   0.2942
14362   0.2789
14371   0.3113
14379   0.3252
14389   0.3189
14396   0.3220
14409   0.3528
14420   0.3671
14433   0.3657
14441   0.3628
14452   0.3596
14461   0.3519
14473   0.3420
14482   0.3461
14494   0.3449
14506   0.3361
14511   0.3366
14523   0.3440
14535   0.3344
14544   0.3157
14551   0.3122
14559   0.3046
14571   0.3067
14580   0.3329
14588   0.3099
14598   0.3019
14607   0.3177
14619   0.3123
14625   0.3018
14633   0.3080
14642   0.3231
14651   0.3100
14667   0.3144
14675   0.3187
14691   0.3115
14699   0.3124
14708   0.3040
14716   0.3040
14724   0.2969
14733   0.3004
14740   0.3008
14749   0.2977
14756   0.2880
14763   0.2896
14779   0.2902
14788   0.2856
14795   0.2853
14803   0.2828
14813   0.2794
14822   0.2837
14831   0.2851
14844   0.2851
14850   0.2852
14862   0.2897
14871   0.2920
14883   0.2908
14892   0.2967
14901   0.3033
14911   0.3027
14918   0.3035
14934   0.3138
14946   0.3216
14956   0.3228
14963   0.3305
14973   0.3420
14983   0.3517
14995   0.3642
15007   0.3832
15015   0.3732
15026   0.3964
15034   0.3988
15046   0.5047
15051   0.4599
15063   0.4984
15073   0.4322
15083   0.4472
15093   0.3851
15103   0.3636
15109   0.3455
15117   0.3489
15127   0.3537
15140   0.3394
15145   0.3268
15154   0.3297
15159   0.3384
15164   0.3270
15173   0.3164
15182   0.3278
15191   0.3408
15199   0.3208
15208   0.3184
15217   0.3441
15226   0.3472
15233   0.3250
15242   0.3408
15250   0.3578
15266   0.3687
15277   0.4001
15285   0.4286
15294   0.4389
15303   0.4582
15315   0.4933
15324   0.5217
15331   0.5295
15340   0.5535
15349   0.5290
15359   0.4979
15366   0.4555
15374   0.4524
15380   0.5038
15385   0.4498
15393   0.5470
15402   0.4675
15413   0.4775
15424   0.4990
15432   0.5082
15441   0.4512
15450   0.4664
15458   0.4581
15465   0.4786
15473   0.4817
15481   0.5050
15490   0.5108
15498   0.5406
15507   0.5522
15512   0.5232
15517   0.5043
15530   0.4924
15541   0.4862
15549   0.5028
15558   0.5057
15570   0.4769
15578   0.4860
15587   0.4663
15594   0.4686
15600   0.4611
15612   0.4863
15624   0.4802
15631   0.4757
15643   0.4856
15652   0.5052
15662   0.5348
15670   0.5656
15679   0.5961
15688   0.6396
15699   0.6545
15706   0.6197
15716   0.6263
15729   0.6625
15740   0.6587
15750   0.6390
15762   0.6488
15771   0.6693
15781   0.6700
15788   0.6659
15800   0.6953
15804   0.7945
15812   0.7976
15823   0.7669
15830   0.7599
15835   0.6803
15841   0.6724
15850   0.6343
15862   0.6125
15874   0.6416
15883   0.6277
15893   0.5813
15904   0.5848
15917   0.6001
15927   0.5946
15939   0.5764
15949   0.5555
15958   0.5484
15966   0.5191
15974   0.5221
15982   0.4998
15988   0.5056
15998   0.4992
16007   0.5027
16017   0.5020
16022   0.5102
16033   0.5030
16040   0.4966
16051   0.4836
16058   0.4894
16067   0.4930
16083   0.5004
16091   0.5036
16100   0.5213
16106   0.5524
16113   0.5691
16121   0.5502
16128   0.5606
16138   0.5954
16150   0.5821
16160   0.5721
16169   0.6012
16178   0.6232
16190   0.6133
16200   0.6205
16209   0.6548
16217   0.6709
16225   0.6934
16233   0.6880
16244   0.6457
16251   0.6232
16258   0.5973
16270   0.5658
16277   0.5463
16285   0.5237
16293   0.5095
16305   0.4816
16312   0.4774
16328   0.4568
16335   0.4549
16344   0.4348
16356   0.4558
16368   0.4615
16379   0.4784
16388   0.5742
16396   0.5358
16405   0.5938
16410   0.5561
16416   0.4895
16426   0.4698
16432   0.4503
16442   0.4479
16451   0.4689
16457   0.4678
16465   0.4841
16474   0.4960
16484   0.4889
16493   0.5126
16500   0.5618
16511   0.5964
16519   0.6090
16528   0.6568
16534   0.6762
16542   0.6711
16548   0.6343
16556   0.6307
16568   0.6550
16579   0.6301
16586   0.5989
16595   0.6122
16601   0.6224
16611   0.5985
16620   0.5825
16629   0.6203
16635   0.6997
16640   0.7961
16651   0.8767
16660   0.9073
16668   0.8798
16678   0.8773
16685   0.7734
16692   0.7892
16703   0.7212
16710   0.6374
16718   0.6069
16726   0.6108
16734   0.6240
16743   0.6408
16753   0.6263
16763   0.5775
16772   0.5595
16784   0.5628
16792   0.5550
16805   0.5541
16818   0.5259
16826   0.5213
16836   0.4875
16841   0.4951
16849   0.4735
16856   0.4850
16865   0.4760
16872   0.5033
16883   0.5046
16890   0.5119
16899   0.5326
16907   0.5573
16916   0.5816
16926   0.5897
16938   0.6078
16947   0.6310
16956   0.6418
16963   0.6458
16973   0.7273
16984   0.6792
16995   0.6227
17007   0.5832
17016   0.6035
17027   0.5681
17036   0.5728
17044   0.5625
17053   0.5641
17062   0.5621
17071   0.5461
17083   0.5673
17095   0.6075
17104   0.5511
17115   0.5625
17123   0.5355
17131   0.5492
17141   0.5384
17148   0.5320
17159   0.5281
17166   0.5325
17176   0.5271
17192   0.5313
17208   0.5310
17216   0.5329
17225   0.5518
17236   0.5570
17245   0.5867
17253   0.6154
17258   0.5734
17265   0.6010
17277   0.5830
17286   0.6089
17298   0.6078
17309   0.5662
17321   0.5917
17326   0.5802
17333   0.5872
17345   0.5341
17351   0.5274
17360   0.5371
17370   0.5265
17379   0.5370
17387   0.5148
17395   0.5336
17407   0.5287
17418   0.5048
17427   0.4866
17437   0.4797
17445   0.4597
17451   0.4858
17458   0.4916
17466   0.4379
17473   0.4419
17482   0.4353
17487   0.3743
17499   0.3440
17508   0.3509
17514   0.3786
17519   0.3477
17532   0.3454
17537   0.3322
17546   0.3283
17555   0.3289
17560   0.3178
17569   0.3082
17582   0.3137
17588   0.3096
17595   0.2966
17603   0.3016
17611   0.3048
17620   0.2909
17628   0.2895
17637   0.3065
17642   0.3004
17652   0.2865
17664   0.3011
17672   0.3122
17684   0.2988
17694   0.2993
17706   0.3220
17718   0.3219
17725   0.2941
17730   0.2905
17739   0.2919
17746   0.2825
17758   0.2956
17765   0.2895
17774   0.3095
17783   0.2900
17795   0.3061
17805   0.3314
17815   0.3240
17823   0.3350
17831   0.3379
17842   0.3285
17850   0.3350
17859   0.3376
17871   0.3198
17880   0.3174
17889   0.3337
17899   0.3260
17908   0.3027
17915   0.3133
17923   0.3166
17932   0.3068
17941   0.3077
17953   0.3168
17962   0.3120
17970   0.3105
17982   0.3217
17992   0.3231
18000   0.3161
18005   0.3160
18015   0.3159
18024   0.3172
18034   0.3079
18043   0.2987
18053   0.3070
18063   0.3071
18072   0.2915
18081   0.2944
18094   0.3002
18100   0.2984
18110   0.2896
18119   0.2951
18128   0.2978
18140   0.3007
18149   0.2945
18162   0.2976
18174   0.3148
18180   0.3221
18188   0.3358
18198   0.3268
18206   0.3158
18215   0.3325
18224   0.3517
18234   0.3349
18250   0.3275
18258   0.3493
18270   0.3715
18280   0.4401
18290   0.5449
18298   0.7209
18309   0.8656
18314   0.8189
18323   0.7794
18332   0.8697
18344   0.8747
18356   0.8227
18365   0.8025
18374   0.8296
18382   0.8440
18390   0.8221
18399   0.8302
18406   0.8608
18415   0.8564
18421   0.8439
18429   0.8755
18435   0.8907
18442   0.8708
18448   0.8811
18460   0.9132
18472   0.9076
18485   0.9431
18496   0.9743
18501   0.9480
18510   0.9241
18517   0.9244
18529   0.9228
18537   0.8967
18550   0.8835
18559   0.8972
18568   0.8835
18581   0.8589
18590   0.8674
18599   0.8694
18608   0.8762
18616   0.8765
18624   0.8546
18633   0.8311
18645   0.8089
18652   0.8085
18661   0.8106
18669   0.8120
18677   0.8736
18687   0.9093
18693   0.9525
18701   0.9611
18710   0.9167
18722   0.9205
18727   0.9576
18739   0.9354
18747   0.9069
18752   0.9422
18764   0.9599
18773   0.9269
18782   0.9339
18794   0.9739
18801   0.9657
18810   0.9444
18817   0.9782
18826   1.0056
18834   0.9808
18841   0.9806
18850   1.0247
18857   1.0277
18869   1.0054
18878   1.0391
18887   1.0715
18896   1.0538
18908   1.0615
18917   1.1086
18926   1.1308
18938   1.1434
18950   1.1453
18959   0.9568
18967   0.8638
18979   0.8359
18986   0.8370
18994   0.8660
19003   0.8588
19012   0.8347
19017   0.8516
19026   0.8787
19038   0.8611
19047   0.8494
19053   0.8855
19060   0.8943
19069   0.8689
19077   0.8854
19086   0.9221
19102   0.9112
19111   0.8966
19119   0.9331
19126   0.9700
19138   0.9963
19146   0.9891
19155   0.9495
19167   0.9358
19179   0.9183
19191   0.8924
19197   0.8681
19204   0.8691
19212   0.8621
19218   0.8354
19225   0.8256
19235   0.8311
19244   0.8168
19254   0.7959
19264   0.7978
19276   0.8012
19285   0.7836
19290   0.7704
19301   0.7814
19310   0.7806
19319   0.7624
19327   0.7612
19335   0.7740
19341   0.7677
19346   0.7509
19356   0.7591
19364   0.7705
19372   0.7647
19380   0.7614
19388   0.7724
19397   0.7804
19406   0.7785
19415   0.7826
19420   0.7948
19427   0.8021
19434   0.8028
19439   0.8106
19448   0.8210
19457   0.8267
19465   0.8291
19473   0.8304
19480   0.8167
19489   0.8164
19497   0.8112
19504   0.8101
19510   0.7947
19518   0.7815
19531   0.7804
19543   0.7810
19555   0.7733
19563   0.7667
19575   0.7671
19584   0.7684
19589   0.7636
19598   0.7620
19605   0.7648
19613   0.7710
19629   0.7692
19645   0.7687
19652   0.7671
19668   0.7698
19675   0.7549
19687   0.7614
19695   0.7787
19707   0.8349
19715   0.8524
19723   0.8598
19732   0.8514
19741   0.8302
19753   0.8413
19758   0.8497
19765   0.8326
19774   0.8264
19781   0.8420
19789   0.8390
19798   0.8232
19807   0.8359
19813   0.8500
19822   0.8329
19834   0.8345
19842   0.8615
19848   0.8552
19853   0.8381
19865   0.8579
19874   0.8790
19883   0.8635
19888   0.8620
19897   0.8800
19910   0.9021
19919   0.9184
19932   0.8775
19944   0.8989
19956   0.9224
19968   0.9248
19980   0.8841
19992   0.8747
20004   0.8648
20014   0.8716
20020   0.8902
20027   0.8486
20034   0.8891
20042   0.9340
20053   0.9941
20062   0.9258
20075   0.9596
20088   1.1068
20104   0.9816
20117   0.8620
20129   0.8194
20141   0.7788
20147   0.7626
20157   0.7844
20165   0.7914
20174   0.7591
20183   0.7537
20192   0.7868
20201   0.7808
20209   0.7461
20218   0.7641
20231   0.7861
20244   0.7689
20252   0.7570
20261   0.7858
20267   0.7948
20275   0.7785
20284   0.7873
20293   0.8185
20305   0.8158
20314   0.7991
20330   0.8130
20339   0.8450
20351   0.9023
20361   0.6899
20367   0.6723
20375   0.6604
20387   0.6686
20399   0.6722
20411   0.6840
20420   0.6972
20429   0.7104
20439   0.7135
20451   0.7261
20458   0.7298
20471   0.7066
20480   0.7012
20487   0.7167
20493   0.7118
20502   0.6940
20511   0.6996
20517   0.7089
20526   0.7033
20535   0.6950
20541   0.7032
20557   0.7087
20564   0.6996
20573   0.6991
20581   0.7168
20594   0.7322
20606   0.7345
20613   0.7402
20629   0.7318
20638   0.7234
20646   0.7308
20658   0.7394
20666   0.7285
20675   0.7205
20684   0.7372
20693   0.7398
20709   0.7254
20716   0.7303
20723   0.7465
20731   0.7416
20740   0.7330
20756   0.7484
20765   0.7698
20774   0.7673
20786   0.7807
20797   0.7603
20809   0.7639
20821   0.7718
20831   0.7602
20844   0.7503
20850   0.7632
20859   0.7673
20868   0.7489
20875   0.7490
20881   0.7632
20889   0.7552
20901   0.7413
20910   0.7501
20918   0.7554
20926   0.7381
20939   0.7318
20945   0.7478
20956   0.7463
20965   0.7303
20974   0.7357
20983   0.7543
20991   0.7453
21000   0.7263
21012   0.7476
21025   0.7634
21034   0.7632
21050   0.7855
21057   0.7769
21069   0.7549
21079   0.7680
21087   0.8051
21095   0.8352
21105   0.8357
21114   0.8788
21124   0.8321
21134   0.8077
21141   0.8041
21149   0.7992
21154   0.7841
21166   0.7679
21175   0.7471
21185   0.7429
21195   0.7284
21205   0.7273
21214   0.7234
21222   0.7312
21227   0.7588
21237   0.7441
21246   0.7537
21252   0.7589
21259   0.7397
21269   0.7341
21278   0.7486
21287   0.7416
21299   0.7276
21307   0.7344
21316   0.7389
21324   0.7381
21336   0.7411
21352   0.7413
21361   0.7456
21370   0.7523
21379   0.7521
21391   0.7569
21403   0.7674
21415   0.7700
21424   0.7733
21432   0.7791
21442   0.7898
21454   0.7960
21464   0.8010
21470   0.8116
21479   0.8220
21491   0.8280
21501   0.8391
21511   0.8523
21521   0.8639
21527   0.8742
21536   0.8910
21545   0.9505
21552   0.6774
21561   0.5952
21570   0.6090
21580   0.5880
21588   0.5922
21597   0.5996
21602   0.5755
21613   0.5621
21622   0.5779
21630   0.5765
21638   0.5528
21644   0.5518
21653   0.5688
21665   0.5604
21674   0.5450
21684   0.5549
21697   0.5714
21713   0.5803
21722   0.5655
21735   0.5618
21743   0.5784
21750   0.5802
21755   0.5651
21760   0.5732
21769   0.5884
21781   0.5795
21793   0.5717
21805   0.5967
21813   0.5985
21820   0.5784
21832   0.6320
21842   0.6486
21847   0.6151
21857   0.5945
21866   0.6282
21874   0.6389
21883   0.6479
21896   0.6275
21906   0.6201
21915   0.6405
21924   0.6370
21937   0.6113
21946   0.6189
21954   0.6371
21963   0.6203
21975   0.6057
21984   0.6272
21996   0.6260
22003   0.6034
22011   0.6119
22017   0.6295
22026   0.6143
22039   0.6020
22051   0.6240
22059   0.6370
22071   0.6291
22084   0.6618
22094   0.6771
22110   0.6532
22126   0.6560
22138   0.6941
22148   0.6981
22157   0.6773
22166   0.6897
22176   0.7055
22189   0.6948
22201   0.6815
22217   0.6977
22226   0.7018
22233   0.6836
22241   0.6840
22249   0.6996
22258   0.6843
22271   0.6717
22279   0.6882
22288   0.6954
22297   0.6775
22305   0.6813
22314   0.6959
22323   0.6884
22335   0.6727
22344   0.6875
22357   0.6941
22365   0.6825
22378   0.7043
22390   0.7202
22402   0.7441
22412   0.7571
22423   0.7412
22434   0.7394
22442   0.7638
22447   0.7646
22456   0.7508
22472   0.7709
22484   0.7912
22495   0.7806
22504   0.7768
22512   0.7475
22517   0.7263
22526   0.7296
22536   0.7190
22546   0.7145
22556   0.7024
22566   0.6905
22575   0.6900
22585   0.6848
22594   0.6666
22603   0.6580
22608   0.6629
22617   0.6803
22627   0.6624
22639   0.6581
22651   0.6522
22659   0.6601
22667   0.6434
22673   0.6317
22683   0.6459
22692   0.6454
22704   0.6335
22712   0.6430
22724   0.6577
22733   0.6481
22745   0.6387
22753   0.6548
22761   0.6611
22769   0.6423
22776   0.6447
22788   0.6700
22797   0.6644
22806   0.6490
22814   0.6693
22821   0.6926
22830   0.6754
22839   0.6732
22851   0.7167
22860   0.7198
22872   0.6960
22885   0.6675
22897   0.6797
22909   0.6722
22918   0.6458
22930   0.6297
22942   0.6370
22951   0.6266
22961   0.5999
22970   0.5867
22978   0.5974
22987   0.6069
22996   0.6129
23006   0.6701
23014   0.6255
23022   0.5905
23031   0.5772
23043   0.5656
23052   0.5355
23062   0.5285
23074   0.5335
23083   0.5117
23093   0.4962
23106   0.5045
23118   0.5022
23130   0.4850
23140   0.4835
23149   0.4932
23161   0.4751
23169   0.4599
23181   0.4738
23190   0.4831
23206   0.4553
23222   0.4610
23231   0.4817
23240   0.4828
23250   0.4662
23259   0.4742
23271   0.4670
23280   0.4754
23289   0.4829
23299   0.4732
23308   0.4877
23316   0.5010
23323   0.4911
23330   0.4878
23343   0.5087
23352   0.5193
23361   0.5049
23377   0.5133
23385   0.5382
23393   0.5409
23401   0.5287
23411   0.5497
23421   0.5659
23429   0.5774
23436   0.5955
23445   0.5850
23457   0.5621
23468   0.5739
23481   0.5852
23489   0.5643
23501   0.5546
23510   0.5729
23519   0.5705
23526   0.5483
23542   0.5549
23548   0.5700
23560   0.5532
23566   0.5378
23574   0.5483
23582   0.5491
23595   0.5481
23601   0.5702
23611   0.5706
23620   0.5556
23632   0.5694
23644   0.5872
23650   0.5754
23656   0.5677
23663   0.5890
23670   0.5953
23678   0.5799
23685   0.5795
23693   0.5994
23701   0.5963
23717   0.5790
23725   0.5898
23732   0.6080
23740   0.5987
23749   0.5900
23758   0.6104
23766   0.6166
23773   0.6026
23783   0.6073
23792   0.6234
23801   0.6179
23814   0.6170
23826   0.6205
23835   0.6213
23847   0.7141
23855   0.6723
23864   0.7296
23873   0.6857
23881   0.6815
23891   0.7016
23902   0.7018
23914   0.6906
23921   0.6897
23929   0.6836
23940   0.7117
23947   0.7410
23954   0.7142
23962   0.7347
23970   0.8025
23981   0.8165
23991   0.7629
24002   0.7435
24014   0.7153
24022   0.7219
24033   0.7024
24041   0.6769
24049   0.6521
24058   0.6475
24070   0.6627
24080   0.6558
24089   0.6512
24100   0.6404
24110   0.6536
24117   0.6461
24126   0.6805
24135   0.6853
24148   0.6722
24155   0.6644
24160   0.6675
24168   0.6622
24176   0.6588
24184   0.6639
24192   0.6235
24200   0.5963
24210   0.6125
24226   0.6065
24234   0.5656
24239   0.5790
24248   0.5619
24260   0.5700
24270   0.5655
24277   0.5845
24283   0.5811
24291   0.5606
24300   0.5684
24309   0.5541
24317   0.5410
24330   0.5546
24339   0.5420
24351   0.5278
24362   0.5436
24373   0.5492
24382   0.5285
24391   0.5282
24400   0.5463
24409   0.5365
24415   0.5195
24424   0.5347
24433   0.5478
24439   0.5297
24451   0.5219
24461   0.5433
24469   0.5390
24477   0.5150
24485   0.5243
24498   0.5432
24510   0.5255
24522   0.5101
24534   0.5350
24544   0.5370
24557   0.5034
24570   0.5065
24582   0.5407
24587   0.5253
24599   0.4996
24610   0.5015
24621   0.5092
24630   0.5017
24638   0.4558
24643   0.4617
24651   0.3961
24659   0.3699
24666   0.3972
24676   0.4073
24684   0.4382
24693   0.4575
24705   0.4563
24717   0.4573
24726   0.4495
24735   0.4249
24743   0.4085
24755   0.4271
24764   0.4492
24776   0.4343
24785   0.4370
24794   0.4639
24803   0.4398
24808   0.4402
24817   0.4423
24826   0.4364
24837   0.4319
24844   0.4225
24850   0.4234
24860   0.4350
24873   0.4239
24885   0.4183
24893   0.4229
24904   0.4232
24917   0.4119
24929   0.4185
24941   0.4183
24954   0.4055
24964   0.4150
24976   0.4313
24981   0.4438
24990   0.4315
25000   0.4303
25008   0.4517
25015   0.4554
25027   0.4473
25036   0.4565
25045   0.4716
25052   0.4689
25060   0.4635
25071   0.4782
25079   0.4899
25088   0.4815
25093   0.4836
25105   0.4979
25117   0.5164
25126   0.5227
25135   0.5313
25147   0.5233
25160   0.5083
25166   0.5122
25175   0.5183
25184   0.5037
25196   0.4925
25202   0.5044
25209   0.5019
25225   0.4794
25234   0.4842
25243   0.4948
25248   0.4816
25256   0.4728
25265   0.4850
25278   0.4857
25290   0.4662
25302   0.4668
25314   0.4637
25326   0.4872
25336   0.5014
25342   0.4934
25351   0.4939
25357   0.5225
25367   0.5277
25375   0.5149
25390   0.5348
25398   0.5470
25408   0.5321
25421   0.5319
25428   0.5522
25435   0.5505
25447   0.5405
25456   0.5514
25462   0.5635
25469   0.5543
25478   0.5501
25487   0.5676
25495   0.5711
25507   0.5631
25519   0.5666
25532   0.5776
25544   0.5782
25552   0.5851
25559   0.5960
25568   0.6429
25573   0.6389
25581   0.6573
25588   0.6027
25596   0.5878
25601   0.6465
25609   0.6251
25616   0.6031
25628   0.6210
25637   0.6131
25649   0.6540
25657   0.6352
25673   0.6625
25685   0.6735
25697   0.7154
25707   0.6948
25712   0.6556
25718   0.6459
25731   0.6259
25743   0.6157
25754   0.6009
25763   0.5812
25774   0.5794
25783   0.5815
25792   0.5629
25802   0.5520
25818   0.5662
25827   0.5774
25840   0.5910
25851   0.5946
25859   0.5938
25868   0.6142
25880   0.6518
25889   0.6369
25897   0.6151
25908   0.6073
25916   0.5381
25926   0.5418
25934   0.5011
25942   0.4888
25954   0.5031
25963   0.4803
25971   0.4599
25984   0.4879
25993   0.4865
26005   0.4586
26014   0.4689
26023   0.4854
26032   0.4720
26041   0.4580
26048   0.4723
26054   0.4782
26061   0.4640
26070   0.4597
26082   0.4751
26094   0.4726
26106   0.4591
26115   0.4687
26127   0.4845
26137   0.4712
26146   0.4575
26156   0.4838
26167   0.4908
26177   0.4702
26183   0.4815
26189   0.5157
26197   0.5147
26209   0.5071
26218   0.5354
26227   0.4797
26233   0.5263
26238   0.4767
26247   0.4448
26258   0.4369
26266   0.5506
26276   0.4552
26285   0.5337
26292   0.4608
26301   0.4658
26312   0.4237
26321   0.4707
26330   0.5012
26336   0.5979
26342   0.5022
26349   0.3993
26361   0.4971
26368   0.4450
26380   0.3593
26392   0.3447
26402   0.3361
26410   0.3169
26417   0.3429
26425   0.3402
26434   0.3489
26446   0.3636
26455   0.3792
26467   0.3809
26474   0.3921
26486   0.3837
26493   0.3699
26506   0.3743
26515   0.3814
26524   0.3804
26533   0.3745
26540   0.3857
26550   0.3919
26558   0.3824
26567   0.3795
26576   0.3915
26588   0.3887
26595   0.3934
26608   0.4048
26617   0.4030
26629   0.3951
26645   0.3940
26657   0.4076
26665   0.4094
26674   0.4038
26682   0.4134
26691   0.4136
26700   0.4101
26712   0.4194
26721   0.4267
26729   0.4220
26734   0.4268
26742   0.4488
26750   0.4450
26762   0.4315
26771   0.4270
26778   0.4265
26787   0.4301
26799   0.4327
26806   0.4268
26815   0.4272
26820   0.4155
26833   0.4112
26842   0.4148
26850   0.4096
26856   0.3993
26863   0.3970
26875   0.3977
26888   0.3931
26900   0.3897
26909   0.3988
26918   0.4219
26930   0.4332
26935   0.4008
26940   0.4000
26949   0.3877
26958   0.3911
26967   0.4181
26976   0.3654
26985   0.3610
26993   0.3596
27002   0.3739
27012   0.3943
27019   0.3997
27028   0.4027
27037   0.4220
27049   0.4321
27062   0.4190
27078   0.4291
27087   0.4505
27103   0.4427
27112   0.4375
27121   0.4607
27127   0.4681
27140   0.4530
27151   0.4611
27159   0.4815
27171   0.4775
27179   0.4770
27188   0.4919
27196   0.5001
27205   0.4891
27215   0.4955
27226   0.5179
27235   0.5142
27244   0.5029
27251   0.5192
27260   0.5352
27265   0.5177
27271   0.5136
27278   0.5480
27283   0.5697
27296   0.6056
27305   0.5529
27310   0.5259
27316   0.5366
27325   0.5690
27333   0.6022
27345   0.5790
27356   0.5738
27363   0.5856
27370   0.5625
27386   0.5442
27395   0.5290
27404   0.5201
27416   0.5097
27422   0.4998
27434   0.4812
27441   0.4977
27450   0.4999
27456   0.4979
27463   0.5756
27471   0.5214
27479   0.5355
27489   0.7202
27494   0.8353
27507   0.9324
27519   0.7806
27527   0.7545
27535   0.7903
27545   0.6857
27554   0.6097
27563   0.5806
27570   0.5703
27582   0.5323
27589   0.5089
27599   0.5083
27607   0.5058
27615   0.5067
27622   0.4956
27627   0.4801
27637   0.4765
27643   0.4667
27648   0.4561
27657   0.4474
27666   0.4267
27682   0.4283
27691   0.4343
27698   0.4249
27707   0.4231
27714   0.4321
27726   0.4249
27732   0.4080
27744   0.4160
27753   0.4152
27762   0.3897
27771   0.3828
27783   0.3974
27795   0.3815
27807   0.3557
27815   0.3640
27827   0.3691
27836   0.3407
27843   0.3245
27856   0.3272
27869   0.3247
27881   0.3176
27890   0.3121
27902   0.3093
27910   0.3051
27918   0.3034
27924   0.3024
27933   0.2966
27942   0.3008
27952   0.3045
27958   0.3013
27965   0.2978
27977   0.3154
27986   0.3153
27995   0.3042
28001   0.3167
28008   0.3384
28020   0.3313
28025   0.3259
28031   0.3580
28041   0.3744
28050   0.3564
28062   0.3700
28074   0.4044
28080   0.4010
28088   0.3893
28097   0.4291
28105   0.4546
28115   0.4340
28121   0.4453
28129   0.4913
28139   0.4915
28145   0.4673
28157   0.5035
28166   0.5360
28176   0.5116
28186   0.5101
28196   0.5568
28206   0.5596
28216   0.5285
28223   0.5592
28232   0.5947
28241   0.5661
28253   0.5551
28262   0.6055
28272   0.6005
28284   0.5580
28296   0.5914
28305   0.6325
28314   0.5915
28326   0.5767
28335   0.6442
28345   0.6474
28351   0.5948
28363   0.6329
28375   0.6916
28387   0.6538
28397   0.6232
28410   0.6984
28420   0.7282
28430   0.6706
28435   0.6841
28445   0.7641
28455   0.7620
28467   0.8221
28476   0.8230
28485   0.8025
28492   0.8517
28501   0.9284
28509   0.9134
28521   0.8749
28531   0.9442
28538   0.8572
28543   0.9804
28553   1.0581
28558   0.9328
28570   0.9556
28579   0.8637
28588   0.9169
28600   0.8216
28610   0.7737
28618   0.7730
28625   0.6477
28635   0.5924
28645   0.6812
28654   0.6478
28663   0.6050
28673   0.5794
28685   0.4976
28695   0.5375
28701   0.5056
28710   0.5818
28720   0.6365
28732   0.6096
28742   0.5792
28748   0.5001
28758   0.5150
28763   0.5340
28773   0.5941
28783   0.5741
28793   0.5263
28805   0.4963
28821   0.5031
28837   0.4389
28848   0.4398
28856   0.3974
28872   0.4180
28880   0.3822
28889   0.3850
28901   0.3546
28907   0.3795
28914   0.3906
28923   0.3913
28931   0.3651
28943   0.3482
28950   0.3937
28955   0.4045
28964   0.4475
28977   0.5638
28990   0.6755
28999   0.7811
29011   0.8328
29021   0.7820
29029   0.6684
29038   0.6965
29045   0.7061
29055   0.8020
29065   0.7089
29077   0.6122
29085   0.6594
29101   0.6801
29109   0.6535
29118   0.6150
29130   0.6263
29139   0.6301
29145   0.5923
29153   0.5764
29161   0.5927
29170   0.5761
29177   0.5437
29189   0.5469
29197   0.5518
29205   0.5217
29221   0.5045
29230   0.5225
29241   0.5107
29248   0.4682
29257   0.4692
29264   0.4948
29276   0.4635
29286   0.4199
29298   0.4482
29307   0.4561
29316   0.4188
29325   0.4162
29332   0.4257
29340   0.4099
29348   0.3931
29357   0.4035
29369   0.3998
29378   0.3836
29388   0.3865
29400   0.4008
29407   0.3866
29416   0.3816
29425   0.4055
29433   0.4067
29445   0.3962
29455   0.4149
29464   0.4397
29474   0.4356
29484   0.4407
29489   0.4499
29500   0.4217
29507   0.4034
29515   0.4247
29523   0.4527
29535   0.5204
29545   0.5902
29552   0.5832
29561   0.6225
29573   0.7446
29582   0.7901
29595   0.7885
29608   0.8875
29620   1.0417
29631   1.1682
29643   1.6060
29652   1.4942
29660   1.4521
29666   1.4289
29673   1.4402
29682   1.3241
29691   1.2447
29700   1.0946
29709   0.9756
29716   0.9605
29726   0.9626
29735   0.8306
29747   0.6753
29759   0.5824
29768   0.5376
29777   0.5044
29787   0.5599
29796   0.5621
29806   0.5030
29816   0.5270
29823   0.5811
29833   0.5429
29843   0.5148
29855   0.5841
29868   0.6010
29876   0.5343
29885   0.4940
29896   0.4376
29904   0.3709
29916   0.3717
29928   0.3975
29937   0.4171
29946   0.4143
29955   0.3949
29967   0.3665
29980   0.3704
29986   0.3762
29995   0.3468
30008   0.3345
30019   0.3455
30027   0.3442
30036   0.3275
30044   0.3293
30050   0.3574
30062   0.3585
30069   0.3476
30079   0.3778
30088   0.3831
30096   0.3446
30103   0.3604
30116   0.4010
30128   0.3798
30136   0.3544
30145   0.3978
30154   0.4209
30163   0.3913
30174   0.3990
30186   0.4456
30195   0.4531
30203   0.4300
30210   0.4344
30216   0.3942
30223   0.3595
30232   0.3036
30241   0.3463
30249   0.3736
30258   0.3410
30267   0.3376
30275   0.3515
30283   0.3420
30292   0.3345
30301   0.3427
30310   0.3530
30322   0.3388
30331   0.3359
30347   0.3397
30353   0.3420
30362   0.3372
30371   0.3231
30378   0.3487
30385   0.3538
30393   0.3443
30404   0.3137
30412   0.3254
30419   0.3376
30431   0.3522
30443   0.3652
30455   0.3614
30471   0.3676
30480   0.3830
30489   0.3922
30495   0.3904
30504   0.3959
30512   0.4130
30525   0.4249
30533   0.4210
30543   0.4260
30551   0.4538
30557   0.4638
30566   0.4598
30574   0.4703
30582   0.4975
30592   0.5072
30605   0.5066
30617   0.5291
30629   0.5556
30641   0.5657
30653   0.5756
30658   0.5538
30670   0.5420
30681   0.5514
30689   0.5412
30705   0.5350
30716   0.4891
30726   0.4638
30735   0.4352
30744   0.4445
30754   0.4163
30763   0.4332
30776   0.4659
30786   0.4598
30796   0.4290
30807   0.4294
30815   0.4264
30828   0.4242
30839   0.4101
30846   0.4283
30854   0.4289
30865   0.4086
30874   0.4121
30883   0.4465
30888   0.4680
30896   0.5219
30906   0.5260
30916   0.5099
30926   0.5032
30936   0.4609
30941   0.4542
30954   0.4520
30962   0.4443
30971   0.4375
30984   0.4237
30993   0.4201
31002   0.4186
31011   0.4105
31023   0.4019
31032   0.4027
31041   0.4024
31047   0.3923
31056   0.3866
31068   0.3889
31080   0.3870
31092   0.3754
31104   0.3760
31111   0.3814
31120   0.3756
31129   0.3528
31139   0.3837
31146   0.4230
31158   0.3902
31163   0.4418
31172   0.3718
31188   0.3841
31197   0.4175
31207   0.4896
31219   0.4458
31228   0.3895
31241   0.4083
31248   0.3911
31256   0.3555
31265   0.3706
31277   0.3835
31289   0.3584
31301   0.3476
31313   0.3759
31326   0.3733
31335   0.3542
31344   0.3745
31353   0.3993
31364   0.3805
31372   0.3981
31381   0.3944
31394   0.4025
31401   0.4206
31407   0.4754
31415   0.3323
31423   0.3452
31432   0.3433
31440   0.3476
31453   0.3617
31461   0.3488
31470   0.3340
31479   0.3494
31491   0.3542
31500   0.3305
31506   0.3329
31515   0.3516
31523   0.3406
31531   0.3219
31540   0.3442
31552   0.3544
31561   0.3344
31570   0.3325
31579   0.3567
31587   0.3545
31599   0.3456
31604   0.3590
31616   0.3751
31632   0.3620
31638   0.3508
31650   0.3744
31655   0.3789
31665   0.3900
31677   0.4002
31684   0.3822
31690   0.3441
31696   0.3383
31702   0.3562
31711   0.3650
31720   0.4100
31728   0.4099
31735   0.3729
31742   0.3850
31751   0.3572
31758   0.3409
31768   0.4034
31777   0.3632
31789   0.3847
31796   0.3231
31804   0.3050
31808   0.2927
31816   0.3031
31828   0.3117
31837   0.2996
31845   0.3005
31854   0.3190
31862   0.3197
31871   0.3056
31880   0.3165
31892   0.3325
31904   0.3224
31909   0.3134
31917   0.3312
31926   0.3395
31934   0.3251
31942   0.3233
31951   0.3330
31963   0.3391
31969   0.3391
31978   0.3372
31991   0.3442
32000   0.3528
32012   0.3626
32022   0.3531
32030   0.3545
32038   0.3432
32047   0.3261
32052   0.3281
32062   0.3256
32070   0.3110
32079   0.3126
32091   0.3170
32103   0.3089
32111   0.2993
32120   0.3038
32129   0.3070
32137   0.2902
32149   0.2985
32154   0.3232
32163   0.3080
32175   0.2924
32187   0.3208
32203   0.3423
32212   0.3168
32224   0.3179
32236   0.3287
32245   0.3396
32253   0.3364
32261   0.3936
32266   0.4352
32274   0.4421
32282   0.4105
32292   0.3723
32304   0.5082
32314   0.4987
32326   0.4843
32333   0.4262
32345   0.3796
32356   0.3793
32365   0.3691
32373   0.3362
32379   0.3343
32391   0.3464
32400   0.3169
32416   0.2984
32429   0.3242
32441   0.3209
32449   0.2959
32459   0.3001
32466   0.3263
32474   0.3166
32487   0.3048
32499   0.3186
32504   0.3318
32513   0.3268
32520   0.3302
32526   0.3400
32539   0.3437
32551   0.3493
32560   0.3538
32572   0.3720
32579   0.3746
32584   0.3572
32596   0.3611
32604   0.3526
32612   0.3512
32624   0.3654
32632   0.4727
32641   0.4970
32646   0.4017
32657   0.3927
32669   0.3461
32678   0.3514
32686   0.3798
32696   0.3980
32703   0.4631
32716   0.4381
32727   0.4489
32740   0.4242
32748   0.3996
32759   0.4161
32768   0.4109
32780   0.3808
32789   0.3835
32801   0.4071
32813   0.3812
32818   0.3735
32830   0.4115
32842   0.4125
32851   0.3987
32858   0.3874
32866   0.3850
32878   0.4108
32887   0.3927
32895   0.3684
32905   0.3898
32914   0.3917
32926   0.3697
32932   0.3670
32940   0.3772
32949   0.3703
32958   0.3604
32974   0.3662
32982   0.3746
32998   0.3623
33006   0.3679
33015   0.3762
33023   0.3920
33031   0.3826
33040   0.3633
33047   0.3617
33056   0.3378
33063   0.3414
33070   0.3658
33086   0.3578
33095   0.3442
33102   0.3633
33110   0.3799
33120   0.3638
33129   0.3663
33138   0.3944
33151   0.3955
33157   0.3842
33169   0.4068
33178   0.4285
33190   0.4230
33199   0.4256
33208   0.4524
33218   0.4634
33225   0.4604
33241   0.4801
33253   0.5146
33263   0.5164
33270   0.5141
33280   0.5524
33290   0.5790
33302   0.5655
33314   0.5260
33322   0.5235
33333   0.5201
33341   0.5088
33353   0.5683
33358   0.5684
33370   0.5576
33380   0.5708
33390   0.6135
33400   0.6049
33410   0.6003
33416   0.5640
33424   0.5524
33434   0.5614
33447   0.5429
33452   0.5060
33461   0.5089
33466   0.5228
33471   0.4946
33480   0.4729
33489   0.4904
33498   0.4898
33506   0.4582
33515   0.4577
33524   0.4735
33533   0.4558
33540   0.4363
33549   0.4517
33557   0.4559
33573   0.4288
33584   0.4263
33592   0.4671
33601   0.4626
33610   0.4271
33622   0.4611
33631   0.4976
33638   0.4643
33647   0.4446
33656   0.4945
33666   0.5133
33673   0.4947
33681   0.5046
33687   0.5086
33692   0.4785
33700   0.4826
33709   0.4857
33720   0.4831
33731   0.4622
33739   0.4671
33748   0.4440
33757   0.4350
33765   0.4251
33772   0.4202
33780   0.4117
33788   0.4110
33797   0.3911
33805   0.3936
33814   0.3748
33819   0.3711
33824   0.3954
33837   0.3829
33848   0.4025
33856   0.4280
33865   0.4423
33877   0.4419
33885   0.4529
33894   0.4567
33901   0.4732
33907   0.4987
33919   0.5060
33931   0.5403
33938   0.5339
33950   0.5327
33959   0.5720
33969   0.5780
33977   0.5910
33986   0.6398
33995   0.6719
34006   0.6766
34013   0.6273
34023   0.6259
34036   0.6563
34047   0.6314
34057   0.5966
34069   0.6193
34078   0.6327
34088   0.6003
34095   0.5952
34107   0.6175
34111   0.6393
34119   0.6084
34130   0.6102
34137   0.5799
34142   0.5667
34148   0.5832
34157   0.5809
34169   0.5352
34181   0.5714
34190   0.6062
34200   0.5750
34211   0.5597
34224   0.5915
34234   0.5995
34246   0.5948
34256   0.5530
34265   0.5366
34273   0.5340
34281   0.5494
34289   0.5398
34295   0.5441
34305   0.5267
34314   0.5333
34324   0.4963
34329   0.4979
34340   0.4802
34347   0.4964
34358   0.4865
34365   0.4857
34374   0.4576
34390   0.4475
34398   0.4236
34407   0.4071
34413   0.4332
34420   0.4186
34428   0.4052
34435   0.4384
34445   0.4566
34457   0.4309
34467   0.4293
34476   0.4438
34485   0.4478
34497   0.4676
34507   0.4664
34516   0.4769
34524   0.5109
34532   0.5526
34540   0.5245
34551   0.4246
34558   0.4184
34565   0.4071
34577   0.3988
34584   0.3940
34592   0.3719
34600   0.3984
34612   0.3823
34619   0.3925
34635   0.3901
34642   0.4112
34651   0.4187
34663   0.4371
34675   0.4506
34686   0.4395
34695   0.4214
34703   0.4356
34712   0.4095
34717   0.3971
34723   0.3769
34733   0.3971
34739   0.3981
34749   0.3708
34758   0.3750
34764   0.3602
34772   0.3546
34781   0.3588
34791   0.3837
34800   0.3745
34807   0.4531
34818   0.5020
34826   0.4514
34835   0.4722
34841   0.4829
34849   0.5023
34855   0.4804
34863   0.4586
34875   0.4750
34886   0.4810
34893   0.4541
34902   0.4471
34908   0.4605
34918   0.4580
34927   0.4393
34936   0.4443
34942   0.4606
34947   0.4762
34958   0.5186
34967   0.5264
34975   0.5596
34985   0.5756
34992   0.5882
34999   0.5669
35010   0.5291
35017   0.5305
35025   0.4930
35033   0.5022
35041   0.4695
35050   0.4705
35060   0.4512
35070   0.4519
35079   0.4583
35091   0.4606
35099   0.4854
35112   0.4820
35125   0.4486
35133   0.4380
35143   0.4307
35148   0.4096
35156   0.4060
35163   0.3764
35172   0.3596
35179   0.3619
35190   0.3888
35197   0.4039
35206   0.4324
35214   0.4330
35223   0.4276
35233   0.4360
35245   0.4665
35254   0.4720
35263   0.4433
35270   0.4231
35280   0.4469
35291   0.4690
35302   0.4630
35314   0.4833
35323   0.4916
35334   0.4950
35343   0.5105
35351   0.4862
35360   0.5009
35369   0.4998
35378   0.5206
35390   0.5313
35402   0.5691
35411   0.5964
35422   0.6342
35430   0.6547
35438   0.6274
35448   0.5995
35455   0.5525
35466   0.5249
35473   0.5034
35483   0.4897
35499   0.4787
35515   0.4978
35523   0.4999
35532   0.5370
35543   0.5262
35552   0.5746
35560   0.5453
35565   0.6246
35572   0.6489
35584   0.6244
35593   0.6190
35605   0.6729
35616   0.7015
35628   0.6798
35633   0.6237
35640   0.5935
35652   0.5678
35658   0.5366
35667   0.5339
35677   0.5080
35686   0.5145
35694   0.4793
35702   0.4853
35714   0.4769
35725   0.4441
35734   0.4556
35744   0.4379
35752   0.4607
35758   0.4409
35765   0.4463
35773   0.4662
35780   0.4274
35789   0.4236
35794   0.3734
35806   0.3450
35815   0.3899
35821   0.4024
35826   0.3640
35839   0.3433
35844   0.3606
35853   0.3701
35862   0.3361
35867   0.3350
35876   0.3735
35889   0.3585
35895   0.3183
35902   0.3550
35910   0.3790
35918   0.3316
35927   0.3237
35935   0.3762
35944   0.3642
35949   0.3132
35959   0.3463
35971   0.3747
35979   0.3338
35991   0.3151
36001   0.3608
36013   0.3595
36025   0.3168
36032   0.3222
36037   0.3528
36046   0.3199
36053   0.2735
36065   0.3198
36072   0.3424
36081   0.3346
36090   0.3416
36102   0.3554
36112   0.3857
36122   0.4087
36130   0.4396
36138   0.4565
36149   0.4334
36157   0.4625
36166   0.4467
36178   0.4116
36187   0.4299
36196   0.4484
36206   0.4245
36215   0.4185
36222   0.4525
36230   0.4545
36239   0.4379
36248   0.4547
36260   0.4824
36269   0.4783
36277   0.4773
36289   0.4966
36299   0.5083
36307   0.5012
36312   0.4867
36322   0.4377
36331   0.4623
36341   0.4618
36350   0.4238
36360   0.4096
36370   0.4216
36379   0.4135
36388   0.3838
36401   0.3801
36407   0.3876
36417   0.3696
36426   0.3475
36435   0.3632
36447   0.3592
36456   0.3354
36469   0.3307
36481   0.3361
36487   0.3424
36495   0.3622
36505   0.3717
36513   0.3763
36522   0.3816
36531   0.3911
36541   0.4160
36557   0.4284
36565   0.4395
36577   0.5086
36587   0.5709
36597   0.6134
36605   0.6934
36616   1.3048
36621   1.3836
36630   1.3318
36639   1.3887
36651   1.3905
36663   1.3698
36672   1.3958
36681   1.4392
36689   1.4250
36697   1.4081
36706   1.4502
36713   1.4740
36722   1.4440
36728   1.4529
36736   1.5044
36742   1.5028
36749   1.4804
36755   1.5192
36767   1.5747
36779   1.6273
36792   1.6382
36803   1.6561
36808   1.6209
36817   1.5631
36824   1.5787
36836   1.5975
36844   1.5420
36857   1.5118
36866   1.5523
36875   1.5372
36888   1.4718
36897   1.4799
36906   1.5191
36915   1.4722
36923   1.4359
36931   1.4967
36940   1.5280
36952   1.4929
36959   1.5262
36968   1.5783
36976   1.6128
36984   1.6318
36994   1.6679
37000   1.7337
37008   1.7153
37017   1.6361
37029   1.6628
37034   1.7137
37046   1.6529
37054   1.6098
37059   1.6758
37071   1.6902
37080   1.6104
37089   1.6252
37101   1.6991
37108   1.6626
37117   1.6110
37124   1.6732
37133   1.7117
37141   1.6544
37148   1.6509
37157   1.7267
37164   1.7218
37176   1.6640
37185   1.7156
37194   1.7762
37203   1.7291
37215   1.7179
37224   1.7984
37233   1.8427
37245   1.8561
37257   1.9258
37266   1.5209
37274   1.5314
37286   1.4795
37293   1.4616
37301   1.5075
37310   1.5016
37319   1.4486
37324   1.4666
37333   1.5130
37345   1.4753
37354   1.4377
37360   1.4889
37367   1.5079
37376   1.4499
37384   1.4517
37393   1.5152
37409   1.4977
37418   1.4489
37426   1.4875
37433   1.5409
37445   1.5497
37453   1.1549
37462   1.1450
37474   1.0915
37486   1.0906
37498   1.1099
37504   1.0684
37511   1.0461
37519   1.0788
37525   1.0850
37532   1.0428
37542   1.0465
37551   1.0885
37561   1.0723
37571   1.0396
37583   1.0696
37592   1.1036
37597   1.0758
37608   1.0649
37617   1.1113
37626   1.1282
37634   1.0971
37642   1.1096
37648   1.1526
37653   1.1468
37663   1.1204
37671   1.1512
37679   1.1858
37687   1.1657
37695   1.1574
37704   1.2041
37713   1.2222
37722   1.1898
37727   1.2043
37734   1.2667
37741   1.2579
37746   1.2224
37755   1.2718
37764   1.3310
37772   1.3409
37780   1.3922
37787   1.3911
37796   1.3923
37804   1.3330
37811   1.2995
37817   1.3182
37825   1.2793
37838   1.2253
37850   1.2424
37862   1.2482
37870   1.1860
37882   1.1603
37891   1.1915
37896   1.1691
37905   1.1041
37912   1.1078
37920   1.1316
37936   1.0803
37952   1.0371
37959   1.0668
37975   1.0664
37982   1.1366
37994   1.1682
38002   1.2218
38014   1.2581
38022   1.3089
38030   1.3598
38039   1.4024
38048   1.3639
38060   1.3628
38065   1.4300
38072   1.4320
38081   1.3930
38088   1.4377
38096   1.4925
38105   1.4623
38114   1.4523
38120   1.5191
38129   1.5376
38141   1.4966
38149   1.5334
38155   1.5970
38160   1.5746
38172   1.5593
38181   1.6284
38190   1.6600
38195   1.6194
38204   1.6426
38217   1.7124
38226   1.7129
38239   1.7075
38251   1.7678
38263   1.9033
38275   1.9889
38287   2.0728
38299   2.0750
38311   1.9923
38321   2.0049
38327   1.9732
38334   2.0813
38341   2.0481
38349   2.1036
38360   2.1221
38369   1.9856
38382   2.0449
38395   1.1042
38411   1.0862
38424   1.2313
38436   1.2346
38448   1.2538
38454   1.2726
38464   1.3299
38472   1.3122
38481   1.2736
38490   1.3241
38499   1.3561
38508   1.3114
38516   1.3154
38525   1.3788
38538   1.3715
38551   1.3398
38559   1.3849
38568   1.4285
38574   1.3975
38582   1.3988
38591   1.4584
38600   1.4673
38612   1.4416
38621   1.4755
38637   1.5268
38646   1.5332
38658   1.5145
38668   0.9197
38674   0.9295
38682   0.8627
38694   0.8090
38706   0.7711
38718   0.8165
38727   0.8277
38736   0.7658
38746   0.7667
38758   0.8236
38765   0.8027
38778   0.7480
38787   0.7849
38794   0.8332
38800   0.7908
38809   0.7638
38818   0.8261
38824   0.8495
38833   0.8069
38842   0.8105
38848   0.8752
38864   0.8742
38871   0.8324
38880   0.8631
38888   0.9252
38901   0.9794
38913   1.0121
38920   1.0463
38936   1.0013
38945   0.9409
38953   0.9264
38965   0.9449
38973   0.9059
38982   0.8576
38991   0.8757
39000   0.8767
39016   0.8196
39023   0.7958
39030   0.8192
39038   0.7972
39047   0.7464
39063   0.7471
39072   0.7853
39081   0.8008
39093   0.8083
39104   0.7882
39116   0.8005
39128   0.8571
39138   0.8648
39151   0.8445
39157   0.8867
39166   0.9391
39175   0.9148
39182   0.9301
39188   1.0017
39196   0.9975
39208   0.9622
39217   1.0114
39225   1.0627
39233   1.0316
39246   1.0206
39252   1.0893
39263   1.1171
39272   1.0823
39281   1.0919
39290   1.1600
39298   1.1579
39307   1.1201
39319   1.1707
39332   1.2314
39341   1.2173
39357   1.2088
39364   1.2785
39376   1.3272
39386   1.4192
39394   1.4952
39402   1.5215
39412   1.5516
39421   1.5848
39431   1.4786
39441   1.4319
39448   1.3885
39456   1.3813
39461   1.3267
39473   1.3364
39482   1.3223
39492   1.2785
39502   1.1865
39512   1.1595
39521   1.1076
39529   1.1075
39534   1.0617
39544   1.0584
39553   1.0188
39559   0.9542
39566   0.9843
39576   1.0141
39585   0.9566
39594   0.9348
39606   0.9868
39614   0.9793
39623   0.9183
39631   0.9439
39643   0.9893
39659   0.9428
39668   0.9102
39677   0.9628
39686   0.9658
39698   0.9052
39710   0.9249
39722   0.9721
39731   0.9363
39739   0.9063
39749   0.9572
39761   0.9708
39771   0.9235
39777   0.9386
39786   0.9916
39798   0.9707
39808   0.9421
39818   0.9921
39828   1.0175
39834   0.9782
39843   0.9829
39852   1.0491
39859   0.8635
39868   0.8383
39877   0.8065
39887   0.7605
39895   0.7259
39904   0.7102
39909   0.6811
39920   0.6454
39929   0.6243
39937   0.6203
39945   0.5935
39951   0.5709
39960   0.5684
39972   0.5728
39981   0.5516
39991   0.5399
40004   0.5517
40020   0.5438
40029   0.5339
40042   0.5425
40050   0.5510
40057   0.5458
40062   0.5410
40067   0.5505
40076   0.5579
40088   0.5556
40100   0.5562
40112   0.5739
40120   0.5827
40127   0.5729
40139   0.5935
40149   0.6017
40154   0.6052
40164   0.5769
40173   0.6066
40181   0.6194
40190   0.6283
40203   0.5998
40213   0.5917
40222   0.6188
40231   0.6142
40244   0.5838
40253   0.5969
40261   0.6202
40270   0.5983
40282   0.5870
40291   0.6214
40303   0.6281
40310   0.5982
40318   0.6126
40324   0.6534
40333   0.6412
40346   0.6206
40358   0.6626
40366   0.6911
40378   0.6864
40391   0.7212
40401   0.6856
40417   0.6605
40433   0.7265
40445   0.7396
40455   0.6922
40464   0.6377
40473   0.6566
40483   0.6913
40496   0.6541
40508   0.6339
40524   0.6843
40533   0.6876
40540   0.6400
40548   0.6690
40556   0.7138
40565   0.6876
40578   0.6679
40586   0.7152
40595   0.7395
40604   0.7096
40612   0.7176
40621   0.7674
40630   0.7681
40642   0.7449
40651   0.7834
40664   0.8223
40672   0.8105
40685   0.8376
40697   0.8979
40709   0.9026
40719   0.9717
40730   0.9459
40741   0.8991
40749   0.9546
40754   0.9931
40763   0.9437
40779   0.9476
40791   1.0239
40802   1.0235
40811   1.0142
40819   1.0579
40824   0.9328
40833   0.8832
40843   0.8786
40853   0.8507
40863   0.8348
40873   0.8282
40882   0.8112
40892   0.7913
40901   0.7872
40910   0.7701
40915   0.7941
40924   0.7984
40934   0.7688
40946   0.7574
40958   0.8357
40966   0.7596
40974   0.7212
40980   0.6943
40990   0.7161
40999   0.7290
41011   0.6733
41019   0.6550
41031   0.6831
41040   0.6750
41052   0.6298
41060   0.6304
41068   0.6642
41076   0.6377
41083   0.6045
41095   0.6367
41104   0.6447
41113   0.6015
41121   0.6022
41128   0.6362
41137   0.6185
41146   0.5879
41158   0.6208
41167   0.6473
41179   0.6222
41192   0.6104
41204   0.6440
41216   0.6326
41225   0.5953
41237   0.7037
41249   0.7489
41258   0.6656
41268   0.7510
41277   0.9028
41285   0.9292
41294   0.9393
41303   0.9785
41313   0.8540
41321   0.8044
41329   0.7895
41338   0.7323
41350   0.7072
41359   0.7093
41369   0.6878
41381   0.6520
41390   0.6522
41400   0.6581
41413   0.6323
41425   0.6214
41437   0.6364
41447   0.6360
41456   0.6248
41468   0.6375
41476   0.6493
41488   0.6370
41497   0.6444
41513   0.6688
41529   0.6791
41538   0.6719
41547   0.6967
41557   0.7314
41566   0.6403
41578   0.5535
41587   0.5721
41596   0.5772
41606   0.5487
41615   0.5565
41623   0.5920
41630   0.5755
41637   0.5473
41650   0.5999
41659   0.6245
41668   0.5764
41684   0.5836
41692   0.6418
41700   0.6298
41708   0.5816
41718   0.6141
41728   0.5793
41736   0.5897
41743   0.5752
41752   0.5965
41764   0.5912
41775   0.5545
41788   0.5500
41796   0.6129
41808   0.6087
41817   0.5305
41826   0.5465
41833   0.5721
41849   0.5548
41855   0.5274
41867   0.5436
41873   0.5450
41881   0.5373
41889   0.5361
41902   0.5378
41908   0.5496
41918   0.5513
41927   0.5706
41939   0.5817
41951   0.5862
41957   0.6109
41963   0.6400
41970   0.6503
41977   0.6033
41985   0.6196
41992   0.6645
42000   0.6384
42008   0.6029
42024   0.6381
42032   0.6562
42039   0.6290
42047   0.6276
42056   0.6650
42065   0.6608
42073   0.6288
42080   0.6505
42090   0.6780
42099   0.6510
42108   0.6355
42121   0.6769
42133   0.6831
42142   0.6791
42154   0.7032
42162   0.7039
42171   0.6704
42180   0.6736
42188   0.6599
42198   0.6555
42209   0.6627
42221   0.6768
42228   0.6888
42236   0.7150
42247   0.6708
42254   0.6579
42261   0.6535
42269   0.6965
42277   0.7547
42288   0.7712
42298   0.7285
42309   0.7511
42321   0.7227
42329   0.7084
42340   0.6821
42348   0.6642
42356   0.6930
42365   0.7322
42377   0.7910
42387   0.7558
42396   0.7502
42407   0.6811
42417   0.6677
42424   0.6239
42433   0.6194
42442   0.6365
42455   0.6498
42462   0.6658
42467   0.7155
42475   0.6990
42483   0.6366
42491   0.6346
42499   0.6343
42507   0.6203
42517   0.5836
42533   0.6018
42541   0.6377
42546   0.6700
42555   0.6912
42567   0.7108
42577   0.6541
42584   0.6816
42590   0.7085
42598   0.7619
42607   0.7533
42616   0.7769
42624   0.6970
42637   0.6077
42646   0.6441
42658   0.6021
42669   0.5782
42680   0.5666
42689   0.5820
42698   0.5910
42707   0.5698
42716   0.5621
42722   0.5799
42731   0.5798
42740   0.5628
42746   0.5653
42758   0.5809
42768   0.5693
42776   0.5562
42784   0.5652
42792   0.5759
42805   0.5660
42817   0.5565
42829   0.5632
42841   0.5746
42851   0.5639
42864   0.5569
42877   0.5793
42889   0.5854
42894   0.5712
42906   0.6062
42917   0.6090
42928   0.5639
42937   0.5860
42945   0.5897
42950   0.6232
42958   0.5769
42966   0.5777
42973   0.5555
42983   0.5472
42991   0.5429
43000   0.5600
43012   0.5571
43024   0.5282
43033   0.5127
43042   0.5088
43050   0.5120
43062   0.5069
43071   0.5030
43083   0.5128
43092   0.5155
43101   0.5000
43110   0.5011
43115   0.5105
43124   0.5075
43133   0.5039
43144   0.5062
43151   0.5189
43157   0.5150
43167   0.5043
43180   0.5175
43192   0.5314
43200   0.5199
43211   0.5131
43224   0.5263
43236   0.5260
43248   0.5083
43261   0.5048
43271   0.5101
43283   0.5078
43288   0.5107
43297   0.5134
43307   0.5176
43315   0.5153
43322   0.5120
43334   0.5223
43343   0.5263
43352   0.5202
43359   0.5222
43367   0.5332
43378   0.5305
43386   0.5255
43395   0.5275
43400   0.5378
43412   0.5043
43424   0.5028
43433   0.5038
43442   0.5248
43454   0.5341
43467   0.5317
43473   0.5244
43482   0.5351
43491   0.5361
43503   0.5296
43509   0.5242
43516   0.5216
43532   0.5181
43541   0.5121
43550   0.5117
43555   0.5042
43563   0.5086
43572   0.5170
43585   0.5117
43597   0.5101
43609   0.5168
43621   0.5121
43633   0.5219
43643   0.5219
43649   0.5098
43658   0.5122
43664   0.5201
43674   0.5212
43682   0.5192
43697   0.5280
43705   0.5391
43715   0.5367
43728   0.5341
43735   0.5483
43742   0.5544
43754   0.5454
43763   0.5497
43769   0.5640
43776   0.5614
43785   0.5517
43794   0.5616
43802   0.5688
43814   0.5570
43826   0.5516
43839   0.5689
43851   0.5766
43859   0.5613
43866   0.5627
43875   0.5791
43880   0.5878
43888   0.5572
43895   0.5454
43903   0.5656
43908   0.5806
43916   0.6225
43923   0.6407
43935   0.6159
43944   0.6142
43956   0.5794
43964   0.5745
43980   0.5575
43992   0.5688
44004   0.5973
44014   0.6833
44019   0.6447
44025   0.6132
44038   0.6024
44050   0.6140
44061   0.6190
44070   0.6074
44081   0.5856
44090   0.5855
44099   0.5977
44109   0.5823
44125   0.5702
44134   0.5927
44147   0.5787
44158   0.6328
44166   0.5736
44175   0.5907
44187   0.5602
44196   0.5474
44204   0.5562
44215   0.5642
44223   0.5491
44233   0.5273
44241   0.5104
44249   0.5360
44261   0.5361
44270   0.5144
44278   0.5224
44291   0.5449
44300   0.5328
44312   0.5236
44321   0.5376
44330   0.5391
44339   0.5213
44348   0.5195
44355   0.5280
44361   0.5246
44368   0.5147
44377   0.5132
44389   0.5163
44401   0.5095
44413   0.5015
44422   0.5037
44434   0.5066
44444   0.5026
44453   0.4947
44463   0.4851
44474   0.4866
44484   0.4946
44490   0.4984
44496   0.4974
44504   0.4796
44516   0.4738
44525   0.4868
44534   0.5019
44540   0.4938
44545   0.4742
44554   0.4683
44565   0.4788
44573   0.4812
44583   0.4844
44592   0.5199
44599   0.5764
44608   0.5392
44619   0.5252
44628   0.5455
44637   0.5687
44643   0.5309
44649   0.4753
44656   0.4682
44668   0.4526
44675   0.4800
44687   0.4619
44699   0.4880
44709   0.4765
44717   0.4702
44724   0.4833
44732   0.4870
44741   0.4943
44753   0.5157
44762   0.5267
44774   0.5091
44781   0.5436
44793   0.5329
44800   0.5540
44813   0.4786
44822   0.4523
44831   0.4368
44840   0.4279
44847   0.4339
44857   0.4215
44865   0.3978
44874   0.4095
44883   0.4246
44895   0.4244
44902   0.4037
44915   0.3923
44924   0.4137
44936   0.4193
44952   0.4312
44964   0.4459
44972   0.4440
44981   0.4618
44989   0.4885
44998   0.4759
45007   0.4847
45019   0.5336
45028   0.5415
45036   0.5391
45041   0.5535
45049   0.5678
45057   0.5303
45069   0.5188
45078   0.5209
45085   0.5451
45094   0.5280
45106   0.5273
45113   0.5265
45122   0.5455
45127   0.5644
45140   0.5490
45149   0.5354
45157   0.5636
45163   0.5844
45170   0.5531
45182   0.5449
45195   0.5907
45207   0.6001
45216   0.5672
45225   0.5885
45237   0.6563
45242   0.5701
45247   0.5760
45256   0.5214
45265   0.5251
45274   0.5641
45283   0.5512
45292   0.5313
45300   0.5197
45309   0.5264
45319   0.5210
45326   0.4860
45335   0.4802
45344   0.5000
45356   0.4843
45369   0.4561
45385   0.4676
45394   0.4825
45410   0.4606
45419   0.4406
45428   0.4599
45434   0.4757
45447   0.4525
45458   0.4453
45466   0.4843
45478   0.4859
45486   0.4426
45495   0.4740
45503   0.5234
45512   0.5023
45522   0.4896
45533   0.5371
45542   0.5574
45551   0.5200
45558   0.5399
45567   0.5907
45572   0.5949
45578   0.5913
45585   0.5672
45590   0.5983
45603   0.6412
45612   0.6753
45617   0.7154
45623   0.6862
45632   0.6688
45640   0.7157
45652   0.7628
45663   0.7791
45670   0.7425
45677   0.7251
45693   0.6778
45702   0.6471
45711   0.6176
45723   0.6071
45729   0.5857
45741   0.5590
45748   0.5517
45757   0.5370
45763   0.5237
45770   0.5242
45778   0.5390
45786   0.5658
45796   0.6076
45801   0.5921
45814   0.5985
45826   0.5857
45834   0.5987
45842   0.5981
45852   0.6155
45861   0.5904
45870   0.6258
45877   0.6380
45889   0.5917
45896   0.5987
45906   0.5621
45914   0.5360
45922   0.5099
45929   0.5056
45934   0.4840
45944   0.5102
45950   0.5260
45955   0.5301
45964   0.5388
45973   0.5387
45989   0.5236
45998   0.5249
46005   0.5331
46014   0.5231
46021   0.5226
46033   0.5232
46039   0.5181
46051   0.5193
46060   0.5209
46069   0.5080
46078   0.5028
46090   0.5090
46102   0.4869
46114   0.4621
46122   0.4914
46134   0.5193
46143   0.4885
46150   0.4524
46163   0.4636
46176   0.4537
46188   0.4333
46197   0.4667
46209   0.4752
46217   0.4589
46225   0.4571
46231   0.4888
46240   0.4883
46249   0.4722
46259   0.4896
46265   0.5101
46272   0.5147
46284   0.4955
46293   0.4797
46302   0.4973
46308   0.4929
46315   0.4659
46327   0.4609
46332   0.4658
46338   0.4671
46348   0.4589
46357   0.4630
46369   0.4688
46381   0.4645
46387   0.4640
46395   0.4734
46404   0.4631
46412   0.4581
46422   0.4656
46428   0.4672
46436   0.4554
46446   0.4583
46452   0.4702
46464   0.4615
46473   0.4499
46483   0.4600
46493   0.4638
46503   0.4511
46513   0.4478
46523   0.4532
46530   0.4481
46539   0.4427
46548   0.4458
46560   0.4441
46569   0.4392
46579   0.4388
46591   0.4437
46603   0.4357
46612   0.4353
46621   0.4401
46633   0.4394
46642   0.4329
46652   0.4416
46658   0.4364
46670   0.4290
46682   0.4499
46694   0.4614
46704   0.4454
46717   0.4604
46727   0.4967
46737   0.4955
46742   0.4839
46752   0.5106
46762   0.5374
46774   0.5523
46783   0.5852
46792   0.5986
46799   0.6280
46808   0.6804
46816   0.7325
46828   0.7703
46838   0.6908
46845   0.6539
46850   0.6759
46860   0.6960
46865   0.6644
46877   0.6948
46886   0.7500
46895   0.7401
46907   0.6998
46917   0.7386
46925   0.7544
46932   0.7030
46942   0.6952
46952   0.7357
46961   0.7123
46970   0.6710
46980   0.6358
46992   0.6077
47002   0.6229
47008   0.6082
47017   0.6459
47027   0.6636
47039   0.6172
47049   0.5895
47055   0.5841
47065   0.5852
47070   0.5806
47080   0.5834
47090   0.6003
47100   0.5623
47112   0.5555
47128   0.5250
47144   0.5027
47155   0.4953
47163   0.5222
47179   0.5336
47187   0.5017
47196   0.4781
47208   0.4703
47214   0.4606
47221   0.4530
47230   0.4384
47238   0.4279
47250   0.4224
47257   0.4417
47262   0.4189
47271   0.3976
47284   0.3963
47297   0.3800
47306   0.3663
47318   0.4154
47328   0.4453
47336   0.5497
47345   0.5960
47352   0.7301
47362   0.7845
47372   0.9019
47384   0.7413
47392   0.6426
47408   0.6203
47416   0.6442
47425   0.6064
47437   0.5684
47446   0.5827
47452   0.5799
47460   0.5396
47468   0.5365
47477   0.5510
47484   0.5316
47496   0.5063
47504   0.5193
47512   0.5187
47528   0.4920
47537   0.4911
47548   0.5068
47555   0.4869
47564   0.4624
47571   0.4839
47583   0.4623
47593   0.4317
47605   0.4442
47614   0.4570
47623   0.4303
47632   0.4154
47639   0.4341
47647   0.4338
47655   0.4168
47664   0.4203
47676   0.4277
47685   0.4245
47695   0.4180
47707   0.4293
47714   0.4345
47723   0.4279
47732   0.4361
47740   0.4406
47752   0.4452
47762   0.4614
47771   0.4762
47781   0.4856
47791   0.4959
47796   0.6390
47807   0.7242
47814   0.8936
47822   0.9766
47830   1.1731
47842   1.2759
47852   1.1728
47859   1.2215
47868   1.3201
47880   1.3291
47889   1.3453
47902   1.4684
47915   1.5533
47927   1.6484
47938   1.7404
47950   0.9257
47959   0.8022
47967   0.6890
47973   0.6509
47980   0.5409
47989   0.4781
47998   0.5112
48007   0.5957
48016   0.5555
48023   0.5651
48033   0.5217
48042   0.4850
48054   0.4956
48066   0.4859
48075   0.4961
48084   0.4770
48094   0.4492
48103   0.4637
48113   0.4720
48123   0.4390
48130   0.4320
48140   0.4664
48150   0.4548
48162   0.4350
48175   0.4589
48183   0.5044
48192   0.5837
48203   0.6197
48211   0.6024
48223   0.5713
48235   0.5132
48244   0.4974
48253   0.5140
48262   0.5007
48274   0.4631
48287   0.4679
48293   0.4802
48302   0.4497
48315   0.4348
48326   0.4482
48334   0.4408
48343   0.4213
48351   0.4313
48357   0.4400
48369   0.4231
48376   0.4283
48386   0.4448
48395   0.4437
48403   0.4355
48410   0.4536
48423   0.4680
48435   0.4653
48443   0.4655
48452   0.4894
48461   0.5003
48470   0.4931
48481   0.5126
48493   0.5422
48502   0.5528
48510   0.5581
48517   0.5856
48523   0.5534
48530   0.5561
48539   0.5283
48548   0.5293
48556   0.5578
48565   0.5454
48574   0.5414
48582   0.5202
48590   0.5178
48599   0.5381
48608   0.5240
48617   0.5116
48629   0.5292
48638   0.5339
48654   0.5139
48660   0.5193
48669   0.5448
48678   0.5304
48685   0.5373
48692   0.5484
48700   0.4897
48711   0.4486
48719   0.4875
48726   0.4214
48738   0.4281
48750   0.4511
48762   0.4250
48778   0.4142
48787   0.4498
48796   0.4571
48802   0.4303
48811   0.4521
48819   0.4872
48832   0.4697
48840   0.4760
48850   0.5125
48858   0.5165
48864   0.5117
48873   0.5401
48881   0.5641
48889   0.5616
48899   0.5774
48912   0.6126
48924   0.6313
48936   0.6386
48948   0.6619
48960   0.6943
48965   0.6790
48977   0.6628
48988   0.7107
48996   0.6682
49012   0.6343
49023   0.6745
49033   0.6539
49042   0.6983
49051   0.7142
49061   0.6714
49070   0.6803
49083   0.7280
49093   0.7703
49103   0.7362
49114   0.7147
49122   0.6544
49135   0.6132
49146   0.5756
49153   0.5588
49161   0.5498
49172   0.5357
49181   0.5222
49190   0.5149
49195   0.5306
49203   0.5407
49213   0.5682
49223   0.5642
49233   0.5742
49243   0.5543
49248   0.5670
49261   0.5863
49269   0.5663
49278   0.5367
49291   0.5395
49300   0.5376
49309   0.4987
49318   0.4886
49330   0.4896
49339   0.4666
49348   0.4415
49354   0.4539
49363   0.4448
49375   0.4170
49387   0.4170
49399   0.4263
49411   0.4086
49418   0.4003
49427   0.4137
49436   0.4152
49446   0.4117
49453   0.4210
49465   0.4523
49470   0.4263
49479   0.4723
49495   0.5611
49504   0.6270
49514   0.6108
49526   0.5925
49535   0.5569
49548   0.5460
49555   0.5393
49563   0.5330
49572   0.5310
49584   0.5242
49596   0.5207
49608   0.5241
49620   0.5244
49633   0.5209
49642   0.5233
49651   0.5311
49660   0.5199
49671   0.5137
49679   0.5164
49688   0.4906
49701   0.4840
49708   0.4802
49714   0.4611
49722   0.4503
49730   0.4303
49739   0.4207
49747   0.4573
49760   0.4615
49768   0.4540
49777   0.4519
49786   0.4520
49798   0.4491
49807   0.4501
49813   0.4506
49822   0.4429
49830   0.4456
49838   0.4554
49847   0.4504
49859   0.4441
49868   0.4623
49877   0.4757
49886   0.4386
49894   0.4153
49906   0.4727
49911   0.4769
49923   0.4225
49939   0.4452
49945   0.4949
49957   0.4647
49962   0.5118
49972   0.5531
49984   0.5916
49991   0.5549
49997   0.4964
50003   0.5373
50009   0.5754
50018   0.5202
50027   0.4764
50035   0.4318
50042   0.3926
50049   0.4042
50058   0.3729
50065   0.4288
50075   0.4344
50084   0.4424
50096   0.4464
50103   0.4510
50111   0.4636
50115   0.4901
50123   0.4672
50135   0.4467
50144   0.4715
50152   0.4759
50161   0.4444
50169   0.4497
50178   0.4821
50187   0.4635
50199   0.4384
50211   0.4652
50216   0.4772
50224   0.4535
50233   0.4525
50241   0.4751
50249   0.4730
50258   0.4586
50270   0.4719
50276   0.4867
50285   0.4775
50298   0.4784
50307   0.4964
50319   0.5062
50329   0.5149
50337   0.5164
50345   0.5370
50354   0.5227
50359   0.5055
50369   0.5178
50377   0.5253
50386   0.5109
50398   0.5055
50410   0.5159
50418   0.5194
50427   0.5104
50436   0.5111
50444   0.5204
50456   0.5221
50461   0.5181
50470   0.5223
50482   0.5354
50494   0.5399
50510   0.5358
50519   0.5458
50531   0.5609
50543   0.5652
50552   0.5635
50560   0.5720
50568   0.5962
50573   0.5937
50581   0.5790
50589   0.6125
50599   0.6713
50611   0.6896
50621   0.6227
50633   0.6740
50640   0.7103
50652   0.6820
50663   0.5857
50672   0.5849
50680   0.5743
50686   0.5627
50698   0.5586
50707   0.5528
50723   0.5401
50736   0.5325
50748   0.5263
50756   0.5212
50766   0.5213
50773   0.5118
50781   0.4995
50794   0.5069
50806   0.5062
50811   0.4888
50820   0.4885
50827   0.4957
50833   0.4793
50846   0.4694
50858   0.4777
50867   0.4703
50879   0.4571
50886   0.4586
50891   0.4572
50903   0.4622
50911   0.4582
50919   0.4627
50931   0.4457
50939   0.4300
50948   0.4228
50953   0.4465
50964   0.4313
50976   0.4920
50985   0.5707
50993   0.4925
51003   0.4511
51010   0.4619
51023   0.4208
51034   0.4087
51047   0.4187
51055   0.4142
51066   0.3887
51075   0.3787
51087   0.3959
51096   0.3923
51108   0.3677
51120   0.3660
51125   0.3844
51137   0.3784
51149   0.3718
51158   0.3948
51165   0.4125
51173   0.4452
51185   0.4091
51194   0.3861
51202   0.3923
51212   0.4228
51221   0.4250
51233   0.4095
51239   0.4315
51247   0.4547
51256   0.4457
51265   0.4433
51281   0.4765
51289   0.4891
51305   0.4789
51313   0.4884
51322   0.4625
51330   0.4637
51338   0.4382
51347   0.4384
51354   0.4372
51363   0.4197
51370   0.3986
51377   0.4067
51393   0.3965
51402   0.3780
51409   0.3781
51417   0.3896
51427   0.3792
51436   0.3599
51445   0.3692
51458   0.3832
51464   0.3679
51476   0.3626
51485   0.3816
51497   0.3775
51506   0.3707
51515   0.3795
51525   0.3937
51532   0.3931
51548   0.3921
51560   0.3995
51570   0.4085
51577   0.4156
51587   0.4249
51597   0.4283
51609   0.4392
51621   0.4177
51629   0.3940
51640   0.4066
51648   0.3954
51660   0.4061
51665   0.3882
51677   0.3375
51687   0.3473
51697   0.3564
51707   0.3611
51717   0.3623
51723   0.3377
51731   0.3348
51741   0.3474
51754   0.3358
51759   0.3187
51768   0.3267
51773   0.3304
51778   0.3144
51787   0.3114
51796   0.3211
51805   0.3168
51813   0.3071
51822   0.3123
51831   0.3164
51840   0.3124
51847   0.3096
51856   0.3101
51864   0.3091
51880   0.2996
51891   0.2945
51899   0.3029
51908   0.3046
51917   0.2950
51929   0.2984
51938   0.3125
51945   0.3099
51954   0.3017
51963   0.3061
51973   0.3168
51980   0.3179
51988   0.3143
51994   0.3123
51999   0.2999
52007   0.2950
52016   0.2879
52027   0.2891
52038   0.2794
52046   0.2877
52055   0.2931
52064   0.2919
52072   0.3048
52079   0.3175
52087   0.3401
52095   0.3528
52104   0.3763
52112   0.4103
52121   0.4294
52126   0.4997
52131   0.4334
52144   0.4041
52155   0.3771
52163   0.3833
52172   0.3604
52184   0.3428
52192   0.3273
52201   0.3158
52208   0.3115
52214   0.3142
52226   0.3137
52238   0.3440
52245   0.3307
52257   0.3127
52266   0.3241
52276   0.3243
52284   0.3303
52293   0.3643
52302   0.3939
52313   0.4013
52320   0.3677
52330   0.3715
52343   0.4034
52354   0.3829
52364   0.3621
52376   0.4053
52385   0.4027
52395   0.3785
52402   0.3982
52414   0.4323
52418   0.4334
52426   0.4651
52437   0.4371
52444   0.4086
52449   0.3732
52455   0.3947
52464   0.3904
52476   0.3640
52488   0.3692
52497   0.3798
52507   0.3572
52518   0.3374
52531   0.3375
52541   0.3350
52553   0.3313
52563   0.3120
52572   0.3016
52580   0.2986
52588   0.3052
52596   0.3048
52602   0.3249
52612   0.3245
52621   0.3474
52631   0.3343
52636   0.3491
52647   0.3601
52654   0.3862
52665   0.4000
52672   0.4184
52681   0.4160
52697   0.4448
52705   0.4552
52714   0.4833
52720   0.5104
52727   0.5150
52735   0.4814
52742   0.4879
52752   0.5302
52764   0.5278
52774   0.4933
52783   0.5127
52792   0.5564
52804   0.5895
52814   0.5343
52823   0.5885
52831   0.6067
52839   0.6513
52847   0.6307
52858   0.5762
52865   0.5086
52872   0.4531
52884   0.4237
52891   0.3914
52899   0.3681
52907   0.3434
52919   0.3323
52926   0.3098
52942   0.2954
52949   0.2868
52958   0.2873
52970   0.2896
52982   0.3038
52993   0.3111
53002   0.3087
53010   0.2996
53019   0.3071
53024   0.3008
53030   0.3112
53040   0.3045
53046   0.3049
53056   0.2925
53065   0.2892
53071   0.3031
53079   0.3207
53088   0.3431
53098   0.3447
53107   0.3725
53114   0.3813
53125   0.4021
53133   0.3968
53142   0.4303
53148   0.4719
53156   0.4963
53162   0.4748
53170   0.4895
53182   0.4982
53193   0.4787
53200   0.4703
53209   0.4847
53215   0.4868
53225   0.4782
53234   0.4887
53243   0.5070
53249   0.5248
53254   0.5301
53265   0.5624
53274   0.6400
53282   0.5237
53292   0.4884
53299   0.4572
53306   0.4234
53317   0.3966
53324   0.3930
53332   0.4014
53340   0.3807
53348   0.3674
53357   0.3543
53367   0.3405
53377   0.3333
53386   0.3164
53398   0.3089
53406   0.3148
53419   0.3100
53432   0.2941
53440   0.3026
53450   0.2958
53455   0.3068
53463   0.3032
53470   0.3137
53479   0.3027
53486   0.3083
53497   0.2924
53504   0.3008
53513   0.3056
53521   0.3189
53530   0.3379
53540   0.3575
53552   0.3506
53561   0.3420
53570   0.3647
53577   0.3572
53587   0.3595
53598   0.3460
53609   0.3266
53621   0.3235
53630   0.3336
53641   0.3374
53650   0.3486
53658   0.3586
53667   0.3840
53676   0.4027
53685   0.4079
53697   0.4354
53709   0.4718
53718   0.5627
53729   0.5429
53737   0.5975
53745   0.6301
53755   0.5266
53762   0.4982
53773   0.5079
53780   0.4463
53790   0.4212
53806   0.3937
53822   0.3665
53830   0.3445
53839   0.3425
53850   0.3328
53859   0.3385
53867   0.3397
53872   0.3452
53879   0.3758
53891   0.3984
53900   0.4568
53912   0.4926
53923   0.4624
53935   0.4036
53940   0.3722
53947   0.3602
53959   0.3450
53965   0.3204
53974   0.3155
53984   0.2990
53993   0.2976
54001   0.2866
54009   0.2833
54021   0.2862
54032   0.3050
54041   0.3148
54051   0.3004
54059   0.3123
54065   0.3254
54072   0.3316
54080   0.3525
54087   0.3470
54096   0.3341
54101   0.3611
54113   0.4066
54122   0.3927
54128   0.4169
54133   0.3831
54146   0.4414
54151   0.3966
54160   0.3507
54169   0.4131
54174   0.4251
54183   0.3558
54196   0.3640
54202   0.4172
54209   0.3780
54217   0.3326
54225   0.3784
54234   0.3869
54242   0.3262
54251   0.3304
54256   0.3671
54266   0.3328
54278   0.3057
54286   0.3453
54298   0.3469
54308   0.3099
54320   0.3392
54332   0.3766
54339   0.3441
54344   0.3097
54353   0.3366
54360   0.3400
54372   0.3105
54379   0.3101
54388   0.3024
54397   0.3183
54409   0.3329
54419   0.3797
54429   0.3937
54437   0.4523
54445   0.4095
54456   0.3761
54464   0.3893
54473   0.3991
54485   0.3916
54494   0.3921
54503   0.4143
54513   0.4209
54522   0.4123
54529   0.4231
54537   0.4500
54546   0.4487
54555   0.4340
54567   0.4580
54576   0.4780
54584   0.4704
54596   0.4775
54606   0.5096
54614   0.5318
54619   0.5110
54629   0.5102
54638   0.5012
54648   0.4623
54657   0.4520
54667   0.4596
54677   0.4374
54686   0.4161
54695   0.4120
54708   0.4058
54714   0.3826
54724   0.3670
54733   0.3740
54742   0.3686
54754   0.3447
54763   0.3376
54776   0.3495
54788   0.3378
54794   0.3253
54802   0.3377
54812   0.3484
54820   0.3326
54829   0.3409
54838   0.3613
54848   0.3500
54864   0.3594
54872   0.3942
54884   0.4072
54894   0.4927
54904   0.4626
54912   0.6517
