    2   1.0293
    7   1.0080
   16   1.0301
   25   1.0138
   37   0.9955
   49   1.0150
   58   1.0305
   67   1.0174
   75   1.0127
   83   1.0258
   92   1.0313
   99   1.0222
  108   1.0306
  114   1.0423
  122   1.0399
  128   1.0400
  135   1.0584
  141   1.0625
  153   1.0601
  165   1.0639
  178   1.0421
  189   1.0385
  194   1.0487
  203   1.0278
  210   0.9991
  222   1.0061
  230   1.0101
  243   0.9783
  252   0.9674
  261   0.9744
  274   0.9690
  283   0.9422
  292   0.9428
  301   0.9481
  309   0.9315
  317   0.9244
  326   0.9287
  338   0.9423
  345   0.9483
  354   0.9624
  362   0.9737
  370   0.9642
  380   0.9895
  386   0.9731
  394   0.9550
  403   0.9646
  415   0.9866
  420   0.9869
  432   0.9801
  440   0.9970
  445   1.0128
  457   1.0085
  466   1.0158
  475   1.0375
  487   1.0418
  494   1.0391
  503   1.0581
  510   1.0761
  519   1.0704
  527   1.0781
  534   1.1046
  543   1.1113
  550   1.1069
  562   1.1248
  571   1.1465
  580   1.1416
  589   1.1442
  601   1.1715
  610   1.1869
  619   1.1834
  631   1.1777
  643   1.1411
  652   1.3147
  660   1.2237
  672   1.2042
  679   1.1045
  687   1.1041
  696   1.1703
  705   1.1217
  710   1.0432
  719   1.0999
  731   1.1343
  740   1.0536
  746   1.0390
  753   1.1177
  762   1.0988
  770   1.0238
  779   1.0724
  795   1.1309
  804   1.0744
  812   1.0436
  819   1.1103
  831   1.1544
  839   1.2419
  848   1.1955
  860   1.1523
  872   1.1268
  884   1.1121
  890   1.0656
  897   1.0341
  905   1.0378
  911   1.0203
  918   0.9750
  928   0.9624
  937   0.9739
  947   0.9460
  957   0.9102
  969   0.9186
  978   0.9347
  983   0.9047
  994   0.8820
 1003   0.9081
 1012   0.9226
 1020   0.8907
 1028   0.8858
 1034   0.9161
 1039   0.8755
 1049   0.8543
 1057   0.8794
 1065   0.8741
 1073   0.8371
 1081   0.8393
 1090   0.8598
 1099   0.8399
 1108   0.8170
 1113   0.8351
 1120   0.8448
 1127   0.8170
 1132   0.8159
 1141   0.8444
 1150   0.8460
 1158   0.8239
 1166   0.8439
 1173   0.8505
 1182   0.8670
 1190   0.8414
 1197   0.8093
 1203   0.8252
 1211   0.8402
 1224   0.7988
 1236   0.7741
 1248   0.8056
 1256   0.7991
 1268   0.7550
 1277   0.7584
 1282   0.7829
 1291   0.7595
 1298   0.7337
 1306   0.7588
 1322   0.7707
 1338   0.7427
 1345   0.7366
 1361   0.7806
 1368   0.7985
 1380   0.8438
 1388   0.8480
 1400   0.8392
 1408   0.8510
 1416   0.8501
 1425   0.8397
 1434   0.8546
 1446   0.8751
 1451   0.8657
 1458   0.8591
 1467   0.8899
 1474   0.9024
 1482   0.8838
 1491   0.8964
 1500   0.9357
 1506   0.9281
 1515   0.9175
 1527   0.9495
 1535   0.9730
 1541   0.9562
 1546   0.9650
 1558   1.0025
 1567   1.0137
 1576   0.9986
 1581   1.0213
 1590   1.0530
 1603   1.0715
 1612   1.1280
 1625   1.1725
 1637   1.1476
 1649   1.1569
 1661   1.1825
 1673   1.1328
 1685   1.1612
 1697   1.1995
 1707   1.1964
 1713   1.0409
 1720   0.9854
 1727   0.9333
 1735   1.0255
 1746   0.9506
 1755   0.9115
 1768   0.9325
 1781   1.0352
 1797   1.0412
 1810   1.0727
 1822   1.0828
 1834   1.0977
 1840   1.0954
 1850   1.0789
 1858   1.0444
 1867   1.0281
 1876   1.0315
 1885   1.0104
 1894   0.9773
 1902   0.9725
 1911   0.9745
 1924   0.9458
 1937   0.9184
 1945   0.9284
 1954   0.9225
 1960   0.8927
 1968   0.8879
 1977   0.9039
 1986   0.8872
 1998   0.8646
 2007   0.8776
 2023   0.9071
 2032   0.9029
 2044   0.9342
 2054   0.8531
 2060   0.7582
 2068   0.7099
 2080   0.7187
 2092   0.7110
 2104   0.6963
 2113   0.7128
 2122   0.7203
 2132   0.7034
 2144   0.7006
 2151   0.7036
 2164   0.7002
 2173   0.6950
 2180   0.6943
 2186   0.6942
 2195   0.6877
 2204   0.6898
 2210   0.6958
 2219   0.6835
 2228   0.6761
 2234   0.6889
 2250   0.6868
 2257   0.6757
 2266   0.6820
 2274   0.6905
 2287   0.7057
 2299   0.7237
 2306   0.7284
 2322   0.7322
 2331   0.6982
 2339   0.6906
 2351   0.7069
 2359   0.7060
 2368   0.6937
 2377   0.7030
 2386   0.7114
 2402   0.7026
 2409   0.7045
 2416   0.7140
 2424   0.7122
 2433   0.7080
 2449   0.7163
 2458   0.7139
 2467   0.7168
 2479   0.7191
 2490   0.7076
 2502   0.7118
 2514   0.7212
 2524   0.7157
 2537   0.7085
 2543   0.7167
 2552   0.7218
 2561   0.7130
 2568   0.7121
 2574   0.7161
 2582   0.7111
 2594   0.7074
 2603   0.7126
 2611   0.7109
 2619   0.7048
 2632   0.7108
 2638   0.7207
 2649   0.7223
 2658   0.7164
 2667   0.7290
 2676   0.7380
 2684   0.7340
 2693   0.7396
 2705   0.7586
 2718   0.7591
 2727   0.7667
 2743   0.7809
 2750   0.7913
 2762   0.8093
 2772   0.8143
 2780   0.8433
 2788   0.8324
 2798   0.8611
 2807   0.8237
 2817   0.8064
 2827   0.7860
 2834   0.7758
 2842   0.7920
 2847   0.7596
 2859   0.7498
 2868   0.7433
 2878   0.7597
 2888   0.7621
 2898   0.7954
 2907   0.8014
 2915   0.8266
 2920   0.7876
 2930   0.7629
 2939   0.7723
 2945   0.7554
 2952   0.7377
 2962   0.7491
 2971   0.7548
 2980   0.7336
 2992   0.7254
 3000   0.7428
 3009   0.7378
 3017   0.7172
 3029   0.7252
 3045   0.7387
 3054   0.7285
 3063   0.7242
 3072   0.7378
 3084   0.7429
 3096   0.7319
 3108   0.7382
 3117   0.7485
 3125   0.7439
 3135   0.7435
 3147   0.7584
 3157   0.7653
 3163   0.7628
 3172   0.7728
 3184   0.7913
 3194   0.7979
 3204   0.8037
 3214   0.8227
 3220   0.8395
 3229   0.8501
 3238   0.8958
 3245   0.8016
 3254   0.7580
 3263   0.7519
 3273   0.7573
 3281   0.7466
 3290   0.7347
 3295   0.7387
 3306   0.7388
 3315   0.7261
 3323   0.7238
 3331   0.7277
 3337   0.7211
 3346   0.7127
 3358   0.7175
 3367   0.7149
 3377   0.7049
 3390   0.7013
 3406   0.6879
 3415   0.6819
 3428   0.6937
 3436   0.6925
 3443   0.6784
 3448   0.6796
 3453   0.6908
 3462   0.6845
 3474   0.6760
 3486   0.6891
 3498   0.6924
 3506   0.6886
 3513   0.6970
 3525   0.6757
 3535   0.6328
 3540   0.6606
 3550   0.6561
 3559   0.6810
 3567   0.6883
 3576   0.6901
 3589   0.6797
 3599   0.6784
 3608   0.6845
 3617   0.6812
 3630   0.6746
 3639   0.6774
 3647   0.6815
 3656   0.6730
 3668   0.6656
 3677   0.6746
 3689   0.6750
 3696   0.6625
 3704   0.6658
 3710   0.6798
 3719   0.6753
 3732   0.6707
 3744   0.6866
 3752   0.6965
 3764   0.7024
 3777   0.7177
 3787   0.7130
 3803   0.7145
 3819   0.7273
 3831   0.7205
 3841   0.7058
 3850   0.7039
 3859   0.7178
 3869   0.7172
 3882   0.6976
 3894   0.7066
 3910   0.7214
 3919   0.7079
 3926   0.6987
 3934   0.7165
 3942   0.7168
 3951   0.7013
 3964   0.7083
 3972   0.7216
 3981   0.7131
 3990   0.7076
 3998   0.7204
 4007   0.7228
 4016   0.7159
 4028   0.7212
 4037   0.7323
 4050   0.7294
 4058   0.7276
 4071   0.7388
 4083   0.7370
 4095   0.7435
 4105   0.7496
 4116   0.7379
 4127   0.7351
 4135   0.7549
 4140   0.7588
 4149   0.7459
 4165   0.7573
 4177   0.7802
 4188   0.7780
 4197   0.7646
 4205   0.7674
 4210   0.7450
 4219   0.7444
 4229   0.7329
 4239   0.7258
 4249   0.7222
 4259   0.7187
 4268   0.7153
 4278   0.7142
 4287   0.7163
 4296   0.7141
 4301   0.7171
 4310   0.7287
 4320   0.7217
 4332   0.7091
 4344   0.7023
 4352   0.6979
 4360   0.7117
 4366   0.7283
 4376   0.7177
 4385   0.7030
 4397   0.7246
 4405   0.7373
 4417   0.7338
 4426   0.7302
 4438   0.6904
 4446   0.7037
 4454   0.7324
 4462   0.7109
 4469   0.6957
 4481   0.7229
 4490   0.7297
 4499   0.7072
 4507   0.7181
 4514   0.7404
 4523   0.7290
 4532   0.7203
 4544   0.7502
 4553   0.7582
 4565   0.7281
 4578   0.7235
 4590   0.7116
 4602   0.7220
 4611   0.7258
 4623   0.7096
 4635   0.7101
 4644   0.7217
 4654   0.7151
 4663   0.7005
 4671   0.7027
 4680   0.6886
 4689   0.7219
 4699   0.8505
 4707   0.8514
 4715   0.8285
 4724   0.8284
 4736   0.8073
 4745   0.7673
 4755   0.7609
 4767   0.7658
 4776   0.7301
 4786   0.7059
 4799   0.7158
 4811   0.7075
 4823   0.6749
 4833   0.6692
 4842   0.6755
 4854   0.6573
 4862   0.6392
 4874   0.6451
 4883   0.6452
 4899   0.6272
 4915   0.6205
 4924   0.6347
 4933   0.6301
 4943   0.6113
 4952   0.6201
 4964   0.6046
 4973   0.5817
 4982   0.6027
 4992   0.6193
 5001   0.5988
 5009   0.5964
 5016   0.6014
 5023   0.5969
 5036   0.5908
 5045   0.5924
 5054   0.5871
 5070   0.5847
 5078   0.5847
 5086   0.5825
 5094   0.5789
 5104   0.5905
 5114   0.5982
 5122   0.6078
 5129   0.6227
 5138   0.6344
 5150   0.6150
 5161   0.6173
 5174   0.6369
 5182   0.6232
 5194   0.6018
 5203   0.6111
 5212   0.6234
 5219   0.6060
 5235   0.5962
 5241   0.6125
 5253   0.6204
 5259   0.6036
 5267   0.6030
 5275   0.6406
 5288   0.6590
 5294   0.6721
 5304   0.6538
 5313   0.6470
 5325   0.6720
 5337   0.6733
 5343   0.6487
 5349   0.6591
 5356   0.6833
 5363   0.6691
 5371   0.6527
 5378   0.6766
 5386   0.6926
 5394   0.6693
 5410   0.6640
 5418   0.6889
 5425   0.6858
 5433   0.6644
 5442   0.6757
 5451   0.6923
 5459   0.6749
 5466   0.6677
 5476   0.6870
 5485   0.6916
 5494   0.6767
 5507   0.6871
 5519   0.7046
 5528   0.7013
 5540   0.7123
 5548   0.6976
 5557   0.6896
 5566   0.6802
 5574   0.7130
 5584   0.7067
 5595   0.6689
 5607   0.6583
 5614   0.6483
 5622   0.6526
 5633   0.6385
 5640   0.6510
 5647   0.6457
 5655   0.6694
 5663   0.6996
 5674   0.6856
 5684   0.7326
 5695   0.6942
 5707   0.6508
 5715   0.6814
 5726   0.6723
 5734   0.7047
 5742   0.6709
 5751   0.6826
 5763   0.6845
 5773   0.6805
 5782   0.7099
 5793   0.6640
 5803   0.6877
 5810   0.6869
 5819   0.6968
 5828   0.6516
 5841   0.6578
 5848   0.6633
 5853   0.6763
 5861   0.6570
 5869   0.6568
 5877   0.6484
 5885   0.6469
 5893   0.6318
 5903   0.6118
 5919   0.6323
 5927   0.6396
 5932   0.6564
 5941   0.6558
 5953   0.6639
 5963   0.6611
 5970   0.6684
 5976   0.6737
 5984   0.6675
 5993   0.6792
 6002   0.6860
 6010   0.6790
 6023   0.6624
 6032   0.6616
 6044   0.6554
 6055   0.6517
 6066   0.6553
 6075   0.6533
 6084   0.6469
 6093   0.6489
 6102   0.6533
 6108   0.6453
 6117   0.6434
 6126   0.6566
 6132   0.6508
 6144   0.6394
 6154   0.6543
 6162   0.6641
 6170   0.6534
 6178   0.6527
 6191   0.6676
 6203   0.6783
 6215   0.6776
 6227   0.6961
 6237   0.7160
 6250   0.7324
 6263   0.7454
 6275   0.7667
 6280   0.7924
 6292   0.8349
 6303   0.8506
 6314   0.8193
 6323   0.8330
 6331   0.8597
 6336   0.8917
 6344   0.8562
 6352   0.8127
 6359   0.8294
 6369   0.8106
 6377   0.8298
 6386   0.8030
 6398   0.7988
 6410   0.7757
 6419   0.8060
 6428   0.7571
 6436   0.7433
 6448   0.7858
 6457   0.8339
 6469   0.7976
 6478   0.8001
 6487   0.7036
 6496   0.6276
 6501   0.6181
 6510   0.5906
 6519   0.5738
 6530   0.5794
 6537   0.5872
 6543   0.5698
 6553   0.5548
 6566   0.5721
 6578   0.5716
 6586   0.5575
 6597   0.5520
 6610   0.5722
 6622   0.5610
 6634   0.5542
 6647   0.5471
 6657   0.5618
 6669   0.5583
 6674   0.5569
 6683   0.5414
 6693   0.5404
 6701   0.5539
 6708   0.5448
 6720   0.5286
 6729   0.5384
 6738   0.5448
 6745   0.5256
 6753   0.5164
 6764   0.5294
 6772   0.5273
 6781   0.5161
 6786   0.5225
 6798   0.5281
 6810   0.5212
 6819   0.5331
 6828   0.5491
 6840   0.5592
 6853   0.5425
 6859   0.5380
 6868   0.5580
 6877   0.5555
 6889   0.5359
 6895   0.5458
 6902   0.5667
 6918   0.5541
 6927   0.5375
 6936   0.5672
 6941   0.5857
 6949   0.5657
 6958   0.5738
 6971   0.5704
 6983   0.5789
 6995   0.6070
 7007   0.6196
 7019   0.6437
 7029   0.6066
 7035   0.5771
 7044   0.6036
 7050   0.6229
 7060   0.6093
 7068   0.5952
 7083   0.6247
 7091   0.6163
 7101   0.5858
 7114   0.5973
 7121   0.6160
 7128   0.6016
 7140   0.5832
 7149   0.6021
 7155   0.6117
 7162   0.5919
 7171   0.5846
 7180   0.6057
 7188   0.6061
 7200   0.5856
 7212   0.5952
 7225   0.6122
 7237   0.6000
 7245   0.5866
 7252   0.6039
 7261   0.6161
 7266   0.6189
 7274   0.6354
 7281   0.6554
 7289   0.6427
 7294   0.6119
 7302   0.6239
 7309   0.6384
 7321   0.6208
 7330   0.6108
 7342   0.6101
 7350   0.6080
 7366   0.6409
 7378   0.7152
 7390   0.7646
 7400   0.7865
 7405   0.6946
 7411   0.5898
 7424   0.5601
 7436   0.5482
 7447   0.5511
 7456   0.5399
 7467   0.5410
 7476   0.5533
 7485   0.5494
 7495   0.5400
 7511   0.5522
 7520   0.5638
 7533   0.5782
 7544   0.5928
 7552   0.5886
 7561   0.5963
 7573   0.5919
 7582   0.5779
 7590   0.5726
 7601   0.5711
 7609   0.5587
 7619   0.5522
 7627   0.5449
 7635   0.5622
 7647   0.5695
 7656   0.5538
 7664   0.5458
 7677   0.5609
 7686   0.5751
 7698   0.5562
 7707   0.5483
 7716   0.5767
 7725   0.5841
 7734   0.5591
 7741   0.5720
 7747   0.6030
 7754   0.5960
 7763   0.5868
 7775   0.6140
 7787   0.6311
 7799   0.6088
 7808   0.6122
 7820   0.6401
 7830   0.6349
 7839   0.6143
 7849   0.6416
 7860   0.6610
 7870   0.6163
 7876   0.6412
 7882   0.6656
 7890   0.5976
 7902   0.6090
 7911   0.6799
 7920   0.6474
 7926   0.6101
 7931   0.6295
 7940   0.6327
 7951   0.6271
 7959   0.6058
 7969   0.5508
 7978   0.5764
 7985   0.6126
 7994   0.5936
 8005   0.5746
 8014   0.5389
 8023   0.5089
 8029   0.4982
 8035   0.5326
 8042   0.5278
 8054   0.5502
 8061   0.5607
 8073   0.5345
 8085   0.5205
 8095   0.4835
 8103   0.4730
 8110   0.4826
 8118   0.4651
 8127   0.4418
 8139   0.4410
 8148   0.4631
 8160   0.4543
 8167   0.4574
 8179   0.4962
 8186   0.5008
 8199   0.4810
 8208   0.4907
 8217   0.4976
 8226   0.4934
 8233   0.4736
 8243   0.4723
 8251   0.4929
 8260   0.4973
 8269   0.4861
 8281   0.4831
 8288   0.4673
 8301   0.4687
 8310   0.4475
 8322   0.4254
 8338   0.4520
 8350   0.4600
 8358   0.4358
 8367   0.4337
 8375   0.4641
 8384   0.4596
 8393   0.4342
 8405   0.4521
 8414   0.4744
 8422   0.4528
 8427   0.4343
 8435   0.4729
 8443   0.4925
 8455   0.4590
 8464   0.4613
 8471   0.4395
 8480   0.4453
 8492   0.4433
 8499   0.4259
 8508   0.4234
 8513   0.4210
 8526   0.4144
 8535   0.4112
 8543   0.4142
 8549   0.4099
 8556   0.4051
 8568   0.4124
 8581   0.4120
 8593   0.4091
 8602   0.4108
 8611   0.4214
 8623   0.4324
 8628   0.4377
 8633   0.4425
 8642   0.4414
 8651   0.4457
 8660   0.4509
 8669   0.4576
 8678   0.4617
 8686   0.4646
 8695   0.4748
 8705   0.4554
 8712   0.4503
 8721   0.4740
 8730   0.4698
 8742   0.4507
 8755   0.4673
 8771   0.4883
 8780   0.4714
 8796   0.4643
 8805   0.4856
 8814   0.4956
 8820   0.4870
 8833   0.4841
 8844   0.5050
 8852   0.5039
 8864   0.4911
 8872   0.5023
 8881   0.5146
 8889   0.5021
 8898   0.4953
 8908   0.5128
 8919   0.5137
 8928   0.4982
 8937   0.5054
 8944   0.5198
 8953   0.5120
 8958   0.5024
 8964   0.5229
 8971   0.5317
 8976   0.5213
 8989   0.5273
 8998   0.5447
 9003   0.5395
 9009   0.5385
 9018   0.5626
 9026   0.5663
 9038   0.5592
 9049   0.5463
 9056   0.5299
 9063   0.5063
 9079   0.4903
 9088   0.4865
 9097   0.4941
 9109   0.4788
 9115   0.4597
 9127   0.4752
 9134   0.4769
 9143   0.4973
 9149   0.5093
 9156   0.5400
 9164   0.5390
 9172   0.5690
 9182   0.6005
 9187   0.5941
 9200   0.6215
 9212   0.6186
 9220   0.5485
 9228   0.5102
 9238   0.4900
 9247   0.5070
 9256   0.4952
 9263   0.5313
 9275   0.5254
 9282   0.5210
 9292   0.5250
 9300   0.5030
 9308   0.5031
 9315   0.4938
 9320   0.4864
 9330   0.4680
 9336   0.4588
 9341   0.4737
 9350   0.4739
 9359   0.4498
 9375   0.4572
 9384   0.4749
 9391   0.4664
 9400   0.4519
 9407   0.4770
 9419   0.4971
 9425   0.4841
 9437   0.4797
 9446   0.5160
 9455   0.5249
 9464   0.4972
 9476   0.5179
 9488   0.5638
 9500   0.5492
 9508   0.5316
 9520   0.5679
 9529   0.5315
 9536   0.5221
 9549   0.4985
 9562   0.4921
 9574   0.4974
 9583   0.4742
 9595   0.4702
 9603   0.4683
 9611   0.4549
 9617   0.4427
 9626   0.4489
 9635   0.4439
 9645   0.4284
 9651   0.4281
 9658   0.4195
 9670   0.4125
 9679   0.4126
 9688   0.4089
 9694   0.3983
 9701   0.3987
 9713   0.4013
 9718   0.3866
 9724   0.3873
 9734   0.3929
 9743   0.3839
 9755   0.3785
 9767   0.3849
 9773   0.3795
 9781   0.3747
 9790   0.3856
 9798   0.3840
 9808   0.3718
 9814   0.3883
 9822   0.3971
 9832   0.3820
 9838   0.3841
 9850   0.4128
 9859   0.4081
 9869   0.3945
 9879   0.4139
 9889   0.4307
 9899   0.4190
 9909   0.4176
 9916   0.4507
 9925   0.4589
 9934   0.4406
 9946   0.4600
 9955   0.4948
 9965   0.4890
 9977   0.4835
 9989   0.5146
 9998   0.5389
10007   0.5295
10019   0.5375
10028   0.5814
10038   0.5912
10044   0.5864
10056   0.6082
10068   0.6332
10080   0.6319
10090   0.6402
10103   0.6740
10113   0.6907
10123   0.6846
10128   0.7063
10138   0.7478
10148   0.7545
10160   0.7625
10169   0.7255
10178   0.6873
10185   0.6902
10194   0.6605
10202   0.6841
10214   0.6485
10224   0.5940
10231   0.6172
10236   0.6777
10246   0.7436
10251   0.7830
10263   0.7911
10272   0.6971
10281   0.6874
10293   0.6448
10303   0.5754
10311   0.5859
10318   0.6350
10328   0.5676
10338   0.5116
10347   0.5797
10356   0.6238
10366   0.5459
10378   0.6150
10388   0.5526
10394   0.6955
10403   0.7051
10413   0.6621
10425   0.5738
10435   0.5011
10441   0.4672
10451   0.4522
10456   0.4236
10466   0.3881
10476   0.4121
10486   0.4089
10498   0.4216
10514   0.4789
10530   0.4841
10541   0.4738
10549   0.4533
10565   0.4477
10573   0.4272
10582   0.4237
10594   0.4004
10600   0.4066
10607   0.4040
10616   0.4084
10624   0.4121
10636   0.4169
10643   0.4053
10648   0.4570
10657   0.4878
10670   0.5172
10683   0.5431
10692   0.4820
10704   0.4426
10714   0.4670
10722   0.4827
10731   0.5051
10738   0.5451
10748   0.6495
10758   0.7394
10770   0.7478
10778   0.7306
10794   0.8049
10802   0.7801
10811   0.6955
10823   0.6896
10832   0.6982
10838   0.6386
10846   0.5918
10854   0.6106
10863   0.5869
10870   0.5295
10882   0.5269
10890   0.5367
10898   0.4934
10914   0.4645
10923   0.4826
10934   0.4653
10941   0.4318
10950   0.4339
10957   0.4425
10969   0.4261
10979   0.4152
10991   0.4176
11000   0.4160
11009   0.4029
11018   0.4078
11025   0.4126
11033   0.4043
11041   0.4073
11050   0.4158
11062   0.4122
11071   0.4167
11081   0.4256
11093   0.4259
11100   0.4240
11109   0.4378
11118   0.4464
11126   0.4399
11138   0.4549
11148   0.4706
11157   0.4735
11167   0.4801
11177   0.5077
11182   0.5910
11193   0.6653
11200   0.8389
11208   0.9427
11216   1.2162
11228   1.2894
11238   1.1770
11245   1.3302
11254   1.5522
11266   1.4981
11275   1.4866
11288   1.7316
11301   1.8865
11313   1.9343
11324   2.0153
11336   1.3677
11345   1.2312
11353   1.0504
11359   1.0243
11366   0.8740
11375   0.7102
11384   0.7341
11393   0.7374
11402   0.6424
11409   0.6157
11419   0.6181
11428   0.5267
11440   0.4722
11452   0.5218
11461   0.5431
11470   0.5276
11480   0.4932
11489   0.5183
11499   0.5306
11509   0.4888
11516   0.4907
11526   0.5267
11536   0.5057
11548   0.4765
11561   0.5195
11569   0.5412
11578   0.5435
11589   0.5756
11597   0.5791
11609   0.5475
11621   0.5300
11630   0.5173
11639   0.5077
11648   0.4900
11660   0.4781
11673   0.4776
11679   0.4713
11688   0.4538
11701   0.4567
11712   0.4525
11720   0.4423
11729   0.4325
11737   0.4360
11743   0.4228
11755   0.4060
11762   0.3901
11772   0.4104
11781   0.4116
11789   0.3827
11796   0.3843
11809   0.4048
11821   0.3896
11829   0.3709
11838   0.3819
11847   0.3884
11856   0.3693
11867   0.3692
11879   0.3821
11888   0.3718
11896   0.3801
11903   0.3925
11909   0.4221
11916   0.4565
11925   0.4778
11934   0.4540
11942   0.4416
11951   0.4174
11960   0.4044
11968   0.3696
11976   0.3876
11985   0.4121
11994   0.3768
12003   0.3602
12015   0.4005
12024   0.4017
12040   0.3664
12046   0.3764
12055   0.4043
12064   0.4058
12071   0.3838
12078   0.4146
12086   0.3858
12097   0.3805
12105   0.3844
12112   0.3814
12124   0.3992
12136   0.3894
12148   0.3847
12164   0.3967
12173   0.3989
12182   0.3924
12188   0.3981
12197   0.4099
12205   0.4058
12218   0.4123
12226   0.4177
12236   0.4172
12244   0.4203
12250   0.4336
12259   0.4272
12267   0.4287
12275   0.4478
12285   0.4487
12298   0.4372
12310   0.4473
12322   0.4600
12334   0.4557
12346   0.4476
12351   0.4397
12363   0.4501
12374   0.4666
12382   0.4509
12398   0.4445
12409   0.4305
12419   0.4307
12428   0.4424
12437   0.4307
12447   0.4693
12456   0.5628
12469   0.5168
12479   0.5161
12489   0.5170
12500   0.4552
12508   0.4546
12521   0.4315
12532   0.4318
12539   0.4129
12547   0.4026
12558   0.4098
12567   0.4166
12576   0.4047
12581   0.3908
12589   0.3881
12599   0.4020
12609   0.4053
12619   0.4632
12629   0.4587
12634   0.3888
12647   0.4342
12655   0.3790
12664   0.3681
12677   0.3519
12686   0.3649
12695   0.3866
12704   0.3778
12716   0.3741
12725   0.3891
12734   0.4002
12740   0.3866
12749   0.3892
12761   0.4018
12773   0.3960
12785   0.3920
12797   0.3996
12804   0.4048
12813   0.3877
12822   0.3924
12832   0.4088
12839   0.4048
12851   0.4003
12856   0.3902
12865   0.3853
12881   0.3881
12890   0.4013
12900   0.6389
12912   0.5440
12921   0.5037
12934   0.4815
12941   0.4672
12949   0.4485
12958   0.4490
12970   0.4502
12982   0.4399
12994   0.4360
13006   0.4422
13019   0.4427
13028   0.4341
13037   0.4436
13046   0.4611
13057   0.4587
13065   0.4842
13074   0.4764
13087   0.4671
13094   0.4873
13100   0.4381
13108   0.3872
13116   0.3731
13125   0.3229
13133   0.3287
13146   0.3390
13154   0.3415
13163   0.3371
13172   0.3363
13184   0.3289
13193   0.3348
13199   0.3411
13208   0.3363
13216   0.3341
13224   0.3476
13233   0.3517
13245   0.3496
13254   0.3571
13263   0.3746
13272   0.3823
13280   0.3904
13292   0.4038
13297   0.4156
13309   0.4254
13325   0.4422
13331   0.4543
13343   0.4681
13348   0.4958
13358   0.5142
13370   0.5697
13377   0.5584
13383   0.4405
13389   0.4682
13395   0.4588
13404   0.4598
13413   0.4342
13421   0.4269
13428   0.4431
13435   0.4863
13444   0.4690
13451   0.3620
13461   0.3714
13470   0.4114
13482   0.3223
13489   0.3370
13497   0.3165
13501   0.3028
13509   0.3168
13521   0.3198
13530   0.3069
13538   0.3108
13547   0.3300
13555   0.3227
13564   0.3145
13573   0.3287
13585   0.3384
13597   0.3336
13602   0.3319
13610   0.3388
13619   0.3444
13627   0.3464
13635   0.3404
13644   0.3413
13656   0.3684
13662   0.3657
13671   0.3603
13684   0.3788
13693   0.4000
13705   0.4103
13715   0.4251
13723   0.3944
13731   0.3964
13740   0.3993
13745   0.3756
13755   0.3664
13763   0.3709
13772   0.3633
13784   0.3475
13796   0.3483
13804   0.3524
13813   0.3427
13822   0.3346
13830   0.3419
13842   0.3432
13847   0.3356
13856   0.3401
13868   0.3496
13880   0.3495
13896   0.3559
13905   0.3637
13917   0.3643
13929   0.3636
13938   0.3737
13946   0.3843
13954   0.3770
13959   0.3931
13967   0.4165
13975   0.3963
13985   0.4045
13997   0.4407
14007   0.4828
14019   0.4963
14026   0.4726
14038   0.4458
14049   0.3963
14058   0.3939
14066   0.3760
14072   0.3627
14084   0.3602
14093   0.3532
14109   0.3400
14122   0.3403
14134   0.3375
14142   0.3324
14152   0.3317
14159   0.3288
14167   0.3267
14180   0.3300
14192   0.3323
14197   0.3347
14206   0.3409
14213   0.3488
14219   0.3511
14232   0.3553
14244   0.3712
14253   0.3761
14265   0.3730
14272   0.3746
14277   0.3636
14289   0.3761
14297   0.3840
14305   0.3785
14317   0.3514
14325   0.4193
14334   0.4555
14339   0.4163
14350   0.3720
14362   0.3670
14371   0.4191
14379   0.4251
14389   0.4843
14396   0.4018
14409   0.3790
14420   0.3708
14433   0.3658
14441   0.3729
14452   0.3657
14461   0.3661
14473   0.3692
14482   0.3711
14494   0.3686
14506   0.3661
14511   0.3688
14523   0.3694
14535   0.3705
14544   0.3717
14551   0.3821
14559   0.3744
14571   0.3776
14580   0.3692
14588   0.3761
14598   0.3892
14607   0.3879
14619   0.3854
14625   0.4013
14633   0.4088
14642   0.4026
14651   0.4104
14667   0.4335
14675   0.4329
14691   0.4189
14699   0.4341
14708   0.4143
14716   0.4243
14724   0.4141
14733   0.4202
14740   0.4152
14749   0.4015
14756   0.3955
14763   0.3978
14779   0.3894
14788   0.3793
14795   0.3777
14803   0.3792
14813   0.3689
14822   0.3625
14831   0.3660
14844   0.3626
14850   0.3521
14862   0.3473
14871   0.3521
14883   0.3490
14892   0.3370
14901   0.3412
14911   0.3459
14918   0.3399
14934   0.3344
14946   0.3465
14956   0.3424
14963   0.3379
14973   0.3478
14983   0.3496
14995   0.3370
15007   0.3472
15015   0.3391
15026   0.3539
15034   0.3476
15046   0.3366
15051   0.3443
15063   0.3409
15073   0.3515
15083   0.3612
15093   0.3718
15103   0.3944
15109   0.3818
15117   0.3451
15127   0.3462
15140   0.3538
15145   0.3305
15154   0.3112
15159   0.3211
15164   0.3172
15173   0.3011
15182   0.2990
15191   0.3038
15199   0.3016
15208   0.2970
15217   0.2929
15226   0.2946
15233   0.3074
15242   0.3047
15250   0.2870
15266   0.3039
15277   0.3257
15285   0.3034
15294   0.2842
15303   0.3126
15315   0.3240
15324   0.2968
15331   0.2964
15340   0.3281
15349   0.3265
15359   0.3062
15366   0.3181
15374   0.3279
15380   0.3426
15385   0.3163
15393   0.3334
15402   0.3276
15413   0.3390
15424   0.3430
15432   0.3818
15441   0.3813
15450   0.3801
15458   0.3971
15465   0.3961
15473   0.4132
15481   0.4272
15490   0.4326
15498   0.4695
15507   0.4878
15512   0.5116
15517   0.4731
15530   0.4453
15541   0.4267
15549   0.4351
15558   0.4381
15570   0.4719
15578   0.4675
15587   0.4521
15594   0.4343
15600   0.4207
15612   0.3999
15624   0.4409
15631   0.4557
15643   0.4250
15652   0.4313
15662   0.4214
15670   0.4736
15679   0.5018
15688   0.5355
15699   0.5607
15706   0.5346
15716   0.5257
15729   0.5770
15740   0.5941
15750   0.5530
15762   0.5598
15771   0.6075
15781   0.6104
15788   0.5770
15800   0.6027
15804   0.6529
15812   0.6270
15823   0.6324
15830   0.5892
15835   0.5497
15841   0.5564
15850   0.5436
15862   0.5086
15874   0.4840
15883   0.4915
15893   0.4547
15904   0.4197
15917   0.4058
15927   0.4386
15939   0.4441
15949   0.4249
15958   0.4214
15966   0.4063
15974   0.4642
15982   0.4750
15988   0.4716
15998   0.4533
16007   0.4641
16017   0.4451
16022   0.4673
16033   0.4818
16040   0.3946
16051   0.3993
16058   0.4226
16067   0.4504
16083   0.4699
16091   0.4795
16100   0.4982
16106   0.5252
16113   0.5335
16121   0.5191
16128   0.5335
16138   0.5547
16150   0.5499
16160   0.5469
16169   0.5724
16178   0.5914
16190   0.6021
16200   0.5936
16209   0.6300
16217   0.6236
16225   0.6115
16233   0.5926
16244   0.5814
16251   0.5681
16258   0.5297
16270   0.5056
16277   0.4763
16285   0.4489
16293   0.4257
16305   0.3936
16312   0.3888
16328   0.3608
16335   0.3505
16344   0.3490
16356   0.3281
16368   0.3237
16379   0.3180
16388   0.3395
16396   0.3291
16405   0.4078
16410   0.3552
16416   0.3172
16426   0.3076
16432   0.3491
16442   0.3354
16451   0.3504
16457   0.3674
16465   0.4325
16474   0.4270
16484   0.4663
16493   0.4696
16500   0.4882
16511   0.5220
16519   0.5181
16528   0.5701
16534   0.6169
16542   0.6029
16548   0.6334
16556   0.7531
16568   0.6214
16579   0.5676
16586   0.5433
16595   0.5656
16601   0.5715
16611   0.5377
16620   0.5379
16629   0.5786
16635   0.5820
16640   0.6094
16651   0.6070
16660   0.6741
16668   0.7449
16678   0.6770
16685   0.6005
16692   0.7047
16703   0.6134
16710   0.5401
16718   0.5313
16726   0.5343
16734   0.5304
16743   0.5350
16753   0.5442
16763   0.5259
16772   0.5386
16784   0.5481
16792   0.5512
16805   0.5207
16818   0.5013
16826   0.4681
16836   0.4341
16841   0.3922
16849   0.3774
16856   0.4157
16865   0.4218
16872   0.4625
16883   0.4777
16890   0.5101
16899   0.5226
16907   0.5358
16916   0.5871
16926   0.6180
16938   0.5794
16947   0.5988
16956   0.6500
16963   0.6353
16973   0.6109
16984   0.5664
16995   0.5538
17007   0.5232
17016   0.5186
17027   0.5070
17036   0.4974
17044   0.4863
17053   0.5271
17062   0.5255
17071   0.4926
17083   0.4895
17095   0.5255
17104   0.6143
17115   0.7176
17123   0.6371
17131   0.6919
17141   0.5951
17148   0.6155
17159   0.5123
17166   0.4752
17176   0.4460
17192   0.4472
17208   0.4278
17216   0.4359
17225   0.4524
17236   0.4697
17245   0.4863
17253   0.5151
17258   0.5619
17265   0.6044
17277   0.6678
17286   0.5918
17298   0.5151
17309   0.5251
17321   0.4762
17326   0.4876
17333   0.4930
17345   0.4757
17351   0.5091
17360   0.4980
17370   0.5090
17379   0.4858
17387   0.4493
17395   0.4387
17407   0.3961
17418   0.4077
17427   0.3501
17437   0.3449
17445   0.3363
17451   0.3148
17458   0.3057
17466   0.3077
17473   0.3275
17482   0.3481
17487   0.4057
17499   0.3901
17508   0.4185
17514   0.4191
17519   0.2965
17532   0.2949
17537   0.2864
17546   0.2774
17555   0.2764
17560   0.2800
17569   0.2729
17582   0.2691
17588   0.2721
17595   0.2791
17603   0.2727
17611   0.2710
17620   0.2842
17628   0.2904
17637   0.2798
17642   0.2885
17652   0.3040
17664   0.2998
17672   0.2968
17684   0.3167
17694   0.3235
17706   0.3133
17718   0.3257
17725   0.3457
17730   0.3440
17739   0.3354
17746   0.3601
17758   0.3715
17765   0.3583
17774   0.3777
17783   0.4023
17795   0.3964
17805   0.3582
17815   0.3376
17823   0.3363
17831   0.3442
17842   0.3545
17850   0.3522
17859   0.3634
17871   0.3577
17880   0.3593
17889   0.3727
17899   0.3742
17908   0.3691
17915   0.3777
17923   0.3906
17932   0.3872
17941   0.3834
17953   0.3973
17962   0.4097
17970   0.3964
17982   0.4004
17992   0.4244
18000   0.4307
18005   0.4341
18015   0.4358
18024   0.4370
18034   0.4173
18043   0.4101
18053   0.4122
18063   0.4048
18072   0.3920
18081   0.3927
18094   0.3917
18100   0.3805
18110   0.3768
18119   0.3828
18128   0.3772
18140   0.3680
18149   0.3690
18162   0.3741
18174   0.3658
18180   0.3581
18188   0.3575
18198   0.3634
18206   0.3609
18215   0.3494
18224   0.3570
18234   0.3592
18250   0.3496
18258   0.3468
18270   0.3507
18280   0.3695
18290   0.3931
18298   0.4251
18309   1.1327
18314   1.1543
18323   1.1375
18332   1.1155
18344   1.1233
18356   1.1178
18365   1.1254
18374   1.1591
18382   1.1829
18390   1.1549
18399   1.1544
18406   1.1952
18415   1.1985
18421   1.1743
18429   1.1932
18435   1.2269
18442   1.2311
18448   1.2334
18460   1.2690
18472   1.3043
18485   1.3191
18496   1.3187
18501   1.2915
18510   1.2610
18517   1.2675
18529   1.2640
18537   1.2299
18550   1.2202
18559   1.2342
18568   1.2136
18581   1.1850
18590   1.1948
18599   1.1968
18608   1.1667
18616   1.1503
18624   1.1735
18633   1.1734
18645   1.1573
18652   1.1769
18661   1.2074
18669   1.2050
18677   1.2201
18687   1.2323
18693   1.2631
18701   1.2489
18710   1.2159
18722   1.2400
18727   1.2620
18739   1.2304
18747   1.2211
18752   1.2577
18764   1.2592
18773   1.2330
18782   1.2538
18794   1.2859
18801   1.2689
18810   1.2626
18817   1.3007
18826   1.3134
18834   1.2961
18841   1.3128
18850   1.3487
18857   1.3442
18869   1.3373
18878   1.3723
18887   1.3930
18896   1.3809
18908   1.3979
18917   1.4363
18926   1.4471
18938   1.4543
18950   1.4640
18959   1.2014
18967   1.2100
18979   1.2314
18986   1.2559
18994   1.2521
19003   1.2108
19012   1.2207
19017   1.2480
19026   1.2189
19038   1.1935
19047   1.2306
19053   1.2399
19060   1.1977
19069   1.2038
19077   1.2451
19086   1.2253
19102   1.1961
19111   1.2325
19119   1.2607
19126   1.2293
19138   1.2155
19146   1.2539
19155   1.2238
19167   1.1729
19179   1.1565
19191   1.1637
19197   1.1387
19204   1.1080
19212   1.1148
19218   1.1127
19225   1.0803
19235   1.0713
19244   1.0886
19254   1.0711
19264   1.0478
19276   1.0635
19285   1.0754
19290   1.0541
19301   1.0531
19310   1.0880
19319   1.0879
19327   1.0748
19335   1.1020
19341   1.1305
19346   1.1055
19356   1.0442
19364   1.0377
19372   1.0462
19380   1.0107
19388   0.9742
19397   0.9877
19406   0.9926
19415   0.9582
19420   0.9502
19427   0.9716
19434   0.9643
19439   0.9378
19448   0.9426
19457   0.9663
19465   0.9697
19473   1.0050
19480   1.0291
19489   1.0368
19497   1.0010
19504   0.9917
19510   1.0206
19518   1.0054
19531   0.9792
19543   0.9975
19555   1.0133
19563   0.9901
19575   0.9841
19584   1.0120
19589   1.0123
19598   0.9895
19605   1.0047
19613   1.0322
19629   1.0229
19645   1.0172
19652   1.0513
19668   1.0717
19675   1.0971
19687   1.0960
19695   1.0969
19707   1.0800
19715   1.1517
19723   1.1596
19732   1.1330
19741   1.1104
19753   1.1292
19758   1.1348
19765   1.0979
19774   1.0954
19781   1.1218
19789   1.1065
19798   1.0752
19807   1.0983
19813   1.1143
19822   1.0772
19834   1.0738
19842   1.1125
19848   1.1032
19853   1.0692
19865   1.0939
19874   1.1194
19883   1.0947
19888   1.0754
19897   1.0851
19910   1.1235
19919   1.1165
19932   1.1014
19944   1.1312
19956   1.1562
19968   1.1722
19980   1.1694
19992   1.1805
20004   1.2195
20014   1.2443
20020   1.2435
20027   1.2929
20034   1.2842
20042   1.2721
20053   1.2793
20062   1.2478
20075   1.2715
20088   1.0645
20104   1.0161
20117   0.9814
20129   1.0144
20141   1.0183
20147   1.0193
20157   1.0552
20165   1.0484
20174   1.0228
20183   1.0467
20192   1.0695
20201   1.0475
20209   1.0452
20218   1.0799
20231   1.0843
20244   1.0620
20252   1.0798
20261   1.1102
20267   1.1033
20275   1.0993
20284   1.1330
20293   1.1466
20305   1.1362
20314   1.1600
20330   1.2062
20339   1.2311
20351   1.2486
20361   0.7070
20367   0.7138
20375   0.7101
20387   0.7170
20399   0.7218
20411   0.7215
20420   0.7313
20429   0.7439
20439   0.7467
20451   0.7525
20458   0.7649
20471   0.7656
20480   0.7543
20487   0.7745
20493   0.7906
20502   0.7742
20511   0.7789
20517   0.8192
20526   0.8208
20535   0.7985
20541   0.8410
20557   0.8751
20564   0.8515
20573   0.8554
20581   0.8528
20594   0.8427
20606   0.8640
20613   0.8657
20629   0.8856
20638   0.8821
20646   0.8779
20658   0.8988
20666   0.8999
20675   0.8800
20684   0.8881
20693   0.9050
20709   0.8970
20716   0.8918
20723   0.9068
20731   0.9162
20740   0.9018
20756   0.9029
20765   0.9131
20774   0.9061
20786   0.8962
20797   0.8843
20809   0.8811
20821   0.9060
20831   0.9018
20844   0.8825
20850   0.9006
20859   0.9202
20868   0.9031
20875   0.8985
20881   0.9264
20889   0.9266
20901   0.9096
20910   0.9253
20918   0.9530
20926   0.9320
20939   0.9244
20945   0.9575
20956   0.9682
20965   0.9472
20974   0.9594
20983   0.9930
20991   0.9885
21000   0.9700
21012   1.0005
21025   1.0237
21034   1.0094
21050   1.0028
21057   1.0458
21069   1.0678
21079   1.0826
21087   1.1039
21095   1.0796
21105   1.0723
21114   1.0969
21124   1.0729
21134   1.0280
21141   0.9807
21149   0.9349
21154   0.9076
21166   0.9479
21175   0.9422
21185   0.9502
21195   0.9226
21205   0.9186
21214   0.9148
21222   0.8899
21227   0.8829
21237   0.9042
21246   0.8840
21252   0.8714
21259   0.8932
21269   0.8986
21278   0.8707
21287   0.8757
21299   0.9011
21307   0.8886
21316   0.8691
21324   0.8889
21336   0.9013
21352   0.8765
21361   0.8763
21370   0.9037
21379   0.8976
21391   0.8790
21403   0.8977
21415   0.9182
21424   0.9054
21432   0.9026
21442   0.9345
21454   0.9407
21464   0.9245
21470   0.9432
21479   0.9736
21491   0.9649
21501   0.9634
21511   1.0005
21521   1.0165
21527   1.0036
21536   1.0204
21545   1.0914
21552   0.7115
21561   0.6611
21570   0.6512
21580   0.6282
21588   0.6274
21597   0.6418
21602   0.6302
21613   0.6117
21622   0.6245
21630   0.6314
21638   0.6151
21644   0.6105
21653   0.6255
21665   0.6250
21674   0.6135
21684   0.6120
21697   0.6170
21713   0.6160
21722   0.6140
21735   0.6186
21743   0.6255
21750   0.6175
21755   0.6085
21760   0.6153
21769   0.6181
21781   0.6035
21793   0.5959
21805   0.6029
21813   0.6021
21820   0.5851
21832   0.5929
21842   0.5748
21847   0.5912
21857   0.6044
21866   0.6397
21874   0.6678
21883   0.6874
21896   0.6376
21906   0.6225
21915   0.6707
21924   0.6635
21937   0.6044
21946   0.6230
21954   0.6615
21963   0.6225
21975   0.5954
21984   0.6417
21996   0.6438
22003   0.5934
22011   0.6099
22017   0.6479
22026   0.6144
22039   0.5986
22051   0.6498
22059   0.6594
22071   0.6510
22084   0.7021
22094   0.6981
22110   0.6574
22126   0.7050
22138   0.7537
22148   0.7122
22157   0.6969
22166   0.7162
22176   0.7157
22189   0.6938
22201   0.6952
22217   0.7153
22226   0.7058
22233   0.6912
22241   0.7062
22249   0.7162
22258   0.7074
22271   0.7083
22279   0.7296
22288   0.7356
22297   0.7292
22305   0.7448
22314   0.7665
22323   0.7631
22335   0.7641
22344   0.7905
22357   0.8049
22365   0.7913
22378   0.8324
22390   0.8514
22402   0.8805
22412   0.8804
22423   0.8519
22434   0.8386
22442   0.8649
22447   0.8718
22456   0.8411
22472   0.8522
22484   0.8832
22495   0.8729
22504   0.8525
22512   0.8465
22517   0.8109
22526   0.8254
22536   0.8166
22546   0.8131
22556   0.7898
22566   0.7719
22575   0.7765
22585   0.7674
22594   0.7513
22603   0.7386
22608   0.7631
22617   0.7499
22627   0.7460
22639   0.7462
22651   0.7573
22659   0.7845
22667   0.7741
22673   0.7240
22683   0.7351
22692   0.7272
22704   0.6926
22712   0.6965
22724   0.7066
22733   0.6893
22745   0.6706
22753   0.6807
22761   0.7007
22769   0.6717
22776   0.6565
22788   0.6856
22797   0.6864
22806   0.6588
22814   0.6638
22821   0.6844
22830   0.6768
22839   0.6640
22851   0.6721
22860   0.6869
22872   0.7043
22885   0.7801
22897   0.7214
22909   0.6425
22918   0.7339
22930   0.7975
22942   0.7052
22951   0.6836
22961   0.8192
22970   0.8458
22978   0.7572
22987   0.8506
22996   0.8960
23006   0.6694
23014   0.5884
23022   0.5615
23031   0.5414
23043   0.5258
23052   0.5085
23062   0.5011
23074   0.4946
23083   0.4821
23093   0.4700
23106   0.4709
23118   0.4679
23130   0.4514
23140   0.4479
23149   0.4617
23161   0.4504
23169   0.4288
23181   0.4454
23190   0.4614
23206   0.4439
23222   0.4382
23231   0.4703
23240   0.5207
23250   0.5181
23259   0.5265
23271   0.5302
23280   0.5224
23289   0.5015
23299   0.5215
23308   0.5419
23316   0.5318
23323   0.5186
23330   0.5423
23343   0.5604
23352   0.5384
23361   0.5461
23377   0.5670
23385   0.5647
23393   0.5633
23401   0.5740
23411   0.5576
23421   0.5755
23429   0.5219
23436   0.5146
23445   0.5164
23457   0.5162
23468   0.5151
23481   0.5109
23489   0.5165
23501   0.5237
23510   0.5107
23519   0.5038
23526   0.5053
23542   0.5020
23548   0.4938
23560   0.4932
23566   0.4817
23574   0.4821
23582   0.4805
23595   0.4905
23601   0.4958
23611   0.4840
23620   0.4820
23632   0.4965
23644   0.4988
23650   0.4951
23656   0.5056
23663   0.5185
23670   0.5170
23678   0.5091
23685   0.5203
23693   0.5411
23701   0.5369
23717   0.5218
23725   0.5424
23732   0.5572
23740   0.5463
23749   0.5474
23758   0.5774
23766   0.5848
23773   0.5665
23783   0.5847
23792   0.6150
23801   0.6096
23814   0.6031
23826   0.6333
23835   0.6515
23847   0.6983
23855   0.6720
23864   0.6462
23873   0.6522
23881   0.6599
23891   0.6660
23902   0.6385
23914   0.6328
23921   0.6317
23929   0.6275
23940   0.6350
23947   0.6765
23954   0.6866
23962   0.6726
23970   0.7258
23981   0.7871
23991   0.8644
24002   0.8742
24014   0.8189
24022   0.7700
24033   0.6936
24041   0.7903
24049   0.7458
24058   0.7560
24070   0.6725
24080   0.6152
24089   0.5748
24100   0.5658
24110   0.5651
24117   0.5694
24126   0.5989
24135   0.6285
24148   0.6485
24155   0.6299
24160   0.6260
24168   0.5976
24176   0.6057
24184   0.6153
24192   0.5974
24200   0.5520
24210   0.5826
24226   0.6025
24234   0.5615
24239   0.5714
24248   0.5515
24260   0.5691
24270   0.5688
24277   0.5606
24283   0.5487
24291   0.5553
24300   0.5365
24309   0.5082
24317   0.5107
24330   0.5258
24339   0.5289
24351   0.5297
24362   0.5166
24373   0.5118
24382   0.5189
24391   0.5082
24400   0.5044
24409   0.5044
24415   0.4956
24424   0.4952
24433   0.4984
24439   0.4919
24451   0.4898
24461   0.5007
24469   0.4892
24477   0.4793
24485   0.4945
24498   0.5011
24510   0.4793
24522   0.4836
24534   0.5133
24544   0.5087
24557   0.4899
24570   0.5158
24582   0.5513
24587   0.5517
24599   0.5372
24610   0.5154
24621   0.5090
24630   0.4877
24638   0.4751
24643   0.4268
24651   0.4122
24659   0.4041
24666   0.4158
24676   0.3946
24684   0.3822
24693   0.3853
24705   0.4052
24717   0.3971
24726   0.3833
24735   0.4309
24743   0.4279
24755   0.4453
24764   0.4268
24776   0.4054
24785   0.4316
24794   0.4471
24803   0.4251
24808   0.4076
24817   0.3895
24826   0.3802
24837   0.3770
24844   0.3635
24850   0.3567
24860   0.3612
24873   0.3551
24885   0.3472
24893   0.3501
24904   0.3646
24917   0.3576
24929   0.3690
24941   0.3910
24954   0.4028
24964   0.4015
24976   0.3904
24981   0.3280
24990   0.3080
25000   0.3582
25008   0.3673
25015   0.3465
25027   0.3889
25036   0.4367
25045   0.4277
25052   0.4497
25060   0.4944
25071   0.5246
25079   0.5311
25088   0.5734
25093   0.6251
25105   0.5856
25117   0.5659
25126   0.5310
25135   0.5415
25147   0.5276
25160   0.5159
25166   0.5153
25175   0.5062
25184   0.4843
25196   0.4783
25202   0.4792
25209   0.4605
25225   0.4300
25234   0.4306
25243   0.4550
25248   0.4283
25256   0.4081
25265   0.4273
25278   0.4234
25290   0.3682
25302   0.3781
25314   0.3742
25326   0.4257
25336   0.4199
25342   0.3982
25351   0.4210
25357   0.4509
25367   0.4403
25375   0.4300
25390   0.4555
25398   0.4663
25408   0.4517
25421   0.4556
25428   0.4782
25435   0.4801
25447   0.4724
25456   0.4855
25462   0.5003
25469   0.4994
25478   0.4981
25487   0.5130
25495   0.5265
25507   0.5191
25519   0.5344
25532   0.5590
25544   0.5660
25552   0.5738
25559   0.5931
25568   0.6001
25573   0.6444
25581   0.6408
25588   0.6355
25596   0.6632
25601   0.6343
25609   0.6129
25616   0.6058
25628   0.6896
25637   0.7288
25649   0.7448
25657   0.6850
25673   0.6889
25685   0.7309
25697   0.7618
25707   0.8106
25712   0.7996
25718   0.7069
25731   0.6385
25743   0.6376
25754   0.6604
25763   0.6432
25774   0.5955
25783   0.6047
25792   0.6194
25802   0.5904
25818   0.5695
25827   0.5660
25840   0.5787
25851   0.5854
25859   0.5663
25868   0.5567
25880   0.5473
25889   0.5876
25897   0.5870
25908   0.5604
25916   0.5346
25926   0.5268
25934   0.5170
25942   0.5042
25954   0.4974
25963   0.4988
25971   0.4904
25984   0.4809
25993   0.4827
26005   0.4669
26014   0.4553
26023   0.4732
26032   0.4639
26041   0.4401
26048   0.4461
26054   0.4613
26061   0.4266
26070   0.4067
26082   0.4447
26094   0.4415
26106   0.3990
26115   0.4223
26127   0.4587
26137   0.4266
26146   0.4015
26156   0.4490
26167   0.4538
26177   0.4365
26183   0.4350
26189   0.3998
26197   0.4199
26209   0.4500
26218   0.4427
26227   0.4262
26233   0.4571
26238   0.4616
26247   0.4336
26258   0.3810
26266   0.3794
26276   0.3838
26285   0.3588
26292   0.3631
26301   0.3585
26312   0.3511
26321   0.3682
26330   0.3701
26336   0.3762
26342   0.4006
26349   0.4576
26361   0.5224
26368   0.5733
26380   0.5884
26392   0.5227
26402   0.5116
26410   0.4554
26417   0.4158
26425   0.4445
26434   0.4248
26446   0.4701
26455   0.5809
26467   0.5285
26474   0.4082
26486   0.5134
26493   0.5004
26506   0.4633
26515   0.4906
26524   0.4611
26533   0.4552
26540   0.4729
26550   0.4643
26558   0.4262
26567   0.4443
26576   0.4711
26588   0.4430
26595   0.4269
26608   0.4422
26617   0.4123
26629   0.4689
26645   0.5184
26657   0.4892
26665   0.5069
26674   0.5707
26682   0.5757
26691   0.5624
26700   0.5997
26712   0.6442
26721   0.6469
26729   0.6640
26734   0.7119
26742   0.7335
26750   0.7349
26762   0.7607
26771   0.7701
26778   0.7314
26787   0.6691
26799   0.6638
26806   0.6811
26815   0.6272
26820   0.5827
26833   0.6199
26842   0.6193
26850   0.5513
26856   0.5432
26863   0.5829
26875   0.5505
26888   0.4874
26900   0.4736
26909   0.4618
26918   0.5733
26930   0.5605
26935   0.4466
26940   0.4600
26949   0.4180
26958   0.4349
26967   0.4419
26976   0.4000
26985   0.4007
26993   0.3960
27002   0.3924
27012   0.4036
27019   0.4155
27028   0.3976
27037   0.4129
27049   0.4315
27062   0.4166
27078   0.4209
27087   0.4516
27103   0.4474
27112   0.4382
27121   0.4712
27127   0.4864
27140   0.4643
27151   0.4906
27159   0.5293
27171   0.5287
27179   0.5172
27188   0.5381
27196   0.5605
27205   0.5556
27215   0.5713
27226   0.6048
27235   0.6106
27244   0.6110
27251   0.6321
27260   0.6581
27265   0.6579
27271   0.6713
27278   0.7098
27283   0.7155
27296   0.7181
27305   0.7149
27310   0.6780
27316   0.6716
27325   0.6948
27333   0.7102
27345   0.7044
27356   0.6966
27363   0.7015
27370   0.6877
27386   0.6820
27395   0.6689
27404   0.6532
27416   0.6452
27422   0.6464
27434   0.6425
27441   0.6188
27450   0.6764
27456   0.7498
27463   0.7331
27471   0.7078
27479   0.7235
27489   0.7300
27494   0.7020
27507   0.7240
27519   0.7073
27527   0.7343
27535   0.7397
27545   0.7862
27554   0.8070
27563   0.7195
27570   0.7204
27582   0.6916
27589   0.6608
27599   0.6317
27607   0.6775
27615   0.7756
27622   0.7353
27627   0.7140
27637   0.6225
27643   0.4554
27648   0.4677
27657   0.5039
27666   0.4977
27682   0.4440
27691   0.4615
27698   0.4831
27707   0.4610
27714   0.4451
27726   0.4560
27732   0.4652
27744   0.4314
27753   0.4152
27762   0.4197
27771   0.4104
27783   0.3692
27795   0.3690
27807   0.3692
27815   0.3659
27827   0.3407
27836   0.3426
27843   0.3698
27856   0.3895
27869   0.3652
27881   0.3787
27890   0.3914
27902   0.3824
27910   0.3792
27918   0.3953
27924   0.3984
27933   0.3835
27942   0.3907
27952   0.3960
27958   0.3895
27965   0.3918
27977   0.3950
27986   0.3924
27995   0.3954
28001   0.4014
28008   0.3976
28020   0.4016
28025   0.4111
28031   0.4122
28041   0.4108
28050   0.4123
28062   0.4194
28074   0.4242
28080   0.4157
28088   0.4088
28097   0.4216
28105   0.4218
28115   0.4035
28121   0.4042
28129   0.4203
28139   0.4077
28145   0.3881
28157   0.4002
28166   0.4049
28176   0.3806
28186   0.3707
28196   0.3895
28206   0.3823
28216   0.3570
28223   0.3640
28232   0.3768
28241   0.3612
28253   0.3482
28262   0.3659
28272   0.3665
28284   0.3469
28296   0.3488
28305   0.3604
28314   0.3535
28326   0.3455
28335   0.3566
28345   0.3591
28351   0.3475
28363   0.3514
28375   0.3643
28387   0.3588
28397   0.3572
28410   0.3766
28420   0.3877
28430   0.3822
28435   0.3701
28445   0.3976
28455   0.4298
28467   0.4561
28476   0.5155
28485   0.5608
28492   0.5773
28501   0.6316
28509   0.7159
28521   0.7876
28531   0.8197
28538   0.8369
28543   0.8468
28553   0.9136
28558   1.0154
28570   1.0125
28579   1.0540
28588   1.1302
28600   1.0939
28610   1.1162
28618   1.2435
28625   1.1650
28635   0.9977
28645   1.0473
28654   1.1902
28663   1.3235
28673   1.4692
28685   1.5374
28695   1.5140
28701   1.5305
28710   1.4274
28720   1.3357
28732   1.1788
28742   1.2778
28748   1.3527
28758   1.2810
28763   1.0967
28773   0.9670
28783   0.8738
28793   0.9135
28805   0.7951
28821   0.6686
28837   0.5191
28848   0.5401
28856   0.4022
28872   0.3772
28880   0.3783
28889   0.3580
28901   0.3494
28907   0.3626
28914   0.3665
28923   0.3590
28931   0.3795
28943   0.3932
28950   0.3704
28955   0.3724
28964   0.3766
28977   0.3678
28990   0.3642
28999   0.3565
29011   0.3927
29021   0.4408
29029   0.5171
29038   0.4310
29045   0.4953
29055   0.5640
29065   0.5388
29077   0.5156
29085   0.4919
29101   0.4775
29109   0.4733
29118   0.4632
29130   0.4491
29139   0.4454
29145   0.4415
29153   0.4274
29161   0.4210
29170   0.4226
29177   0.4134
29189   0.3977
29197   0.3978
29205   0.4018
29221   0.3865
29230   0.3738
29241   0.3836
29248   0.3831
29257   0.3649
29264   0.3672
29276   0.3782
29286   0.3607
29298   0.3566
29307   0.3766
29316   0.3809
29325   0.3704
29332   0.3830
29340   0.4096
29348   0.4090
29357   0.4158
29369   0.4399
29378   0.4634
29388   0.4819
29400   0.5001
29407   0.5240
29416   0.5501
29425   0.5767
29433   0.5969
29445   0.6264
29455   0.6613
29464   0.6845
29474   0.7079
29484   0.7322
29489   0.7886
29500   0.7657
29507   0.7463
29515   0.7224
29523   0.7269
29535   0.7814
29545   0.7434
29552   0.7265
29561   0.8535
29573   0.8797
29582   0.7943
29595   0.8825
29608   1.0453
29620   1.1489
29631   1.2209
29643   1.0666
29652   0.9293
29660   0.8343
29666   0.7661
29673   0.6672
29682   0.6560
29691   0.6123
29700   0.5530
29709   0.5786
29716   0.6137
29726   0.5549
29735   0.5482
29747   0.5732
29759   0.5543
29768   0.5099
29777   0.4760
29787   0.4655
29796   0.4718
29806   0.4638
29816   0.4347
29823   0.4303
29833   0.4444
29843   0.4314
29855   0.4082
29868   0.4273
29876   0.4356
29885   0.4312
29896   0.4440
29904   0.4375
29916   0.4317
29928   0.4289
29937   0.4236
29946   0.4138
29955   0.4084
29967   0.4030
29980   0.3958
29986   0.3861
29995   0.3871
30008   0.3836
30019   0.3765
30027   0.3812
30036   0.3791
30044   0.3654
30050   0.3680
30062   0.3721
30069   0.3693
30079   0.3655
30088   0.3702
30096   0.3754
30103   0.3688
30116   0.3688
30128   0.3851
30136   0.3853
30145   0.3794
30154   0.3896
30163   0.4069
30174   0.4016
30186   0.3970
30195   0.4112
30203   0.4275
30210   0.4401
30216   0.4528
30223   0.4560
30232   0.4445
30241   0.4318
30249   0.4239
30258   0.4224
30267   0.4110
30275   0.3871
30283   0.3919
30292   0.4044
30301   0.3826
30310   0.3677
30322   0.3882
30331   0.3846
30347   0.3709
30353   0.3580
30362   0.3613
30371   0.3579
30378   0.3631
30385   0.3495
30393   0.3440
30404   0.3515
30412   0.3735
30419   0.4076
30431   0.4296
30443   0.4095
30455   0.4098
30471   0.4500
30480   0.4566
30489   0.4366
30495   0.4519
30504   0.4881
30512   0.4783
30525   0.4661
30533   0.5046
30543   0.5243
30551   0.5033
30557   0.5110
30566   0.5474
30574   0.5472
30582   0.5347
30592   0.5663
30605   0.5876
30617   0.5803
30629   0.5849
30641   0.6177
30653   0.6243
30658   0.6275
30670   0.6131
30681   0.6382
30689   0.6243
30705   0.6372
30716   0.6324
30726   0.6143
30735   0.6021
30744   0.6131
30754   0.6289
30763   0.6136
30776   0.5911
30786   0.5787
30796   0.6016
30807   0.6290
30815   0.6294
30828   0.5954
30839   0.5837
30846   0.5589
30854   0.5547
30865   0.5277
30874   0.5346
30883   0.5310
30888   0.5592
30896   0.5616
30906   0.5279
30916   0.5132
30926   0.5269
30936   0.5187
30941   0.5083
30954   0.4998
30962   0.4731
30971   0.4632
30984   0.4619
30993   0.4544
31002   0.4378
31011   0.4365
31023   0.4406
31032   0.4234
31041   0.4143
31047   0.4194
31056   0.4167
31068   0.4026
31080   0.3972
31092   0.4053
31104   0.3964
31111   0.3866
31120   0.3922
31129   0.3940
31139   0.3885
31146   0.3885
31158   0.3882
31163   0.3959
31172   0.4067
31188   0.4824
31197   0.4456
31207   0.5395
31219   0.4820
31228   0.4423
31241   0.4692
31248   0.4660
31256   0.4131
31265   0.4113
31277   0.4430
31289   0.4220
31301   0.3883
31313   0.4182
31326   0.4414
31335   0.4203
31344   0.4155
31353   0.3937
31364   0.3918
31372   0.3472
31381   0.3439
31394   0.3297
31401   0.3137
31407   0.3067
31415   0.3125
31423   0.3078
31432   0.3215
31440   0.3091
31453   0.3283
31461   0.3271
31470   0.3138
31479   0.3115
31491   0.3360
31500   0.3309
31506   0.3109
31515   0.3241
31523   0.3421
31531   0.3251
31540   0.3154
31552   0.3390
31561   0.3423
31570   0.3241
31579   0.3286
31587   0.3506
31599   0.3384
31604   0.3228
31616   0.3455
31632   0.3546
31638   0.3360
31650   0.3197
31655   0.3128
31665   0.3275
31677   0.3357
31684   0.3533
31690   0.3629
31696   0.4401
31702   0.4241
31711   0.4156
31720   0.3727
31728   0.3392
31735   0.3376
31742   0.3308
31751   0.3105
31758   0.3154
31768   0.3079
31777   0.3243
31789   0.3128
31796   0.3355
31804   0.3270
31808   0.3210
31816   0.3139
31828   0.3109
31837   0.3099
31845   0.3036
31854   0.3004
31862   0.3045
31871   0.3025
31880   0.2962
31892   0.3046
31904   0.3144
31909   0.3055
31917   0.3040
31926   0.3265
31934   0.3254
31942   0.3136
31951   0.3186
31963   0.3366
31969   0.3314
31978   0.3203
31991   0.3388
32000   0.3528
32012   0.3462
32022   0.3544
32030   0.3541
32038   0.3665
32047   0.3650
32052   0.3563
32062   0.3588
32070   0.3590
32079   0.3379
32091   0.3401
32103   0.3513
32111   0.3368
32120   0.3253
32129   0.3392
32137   0.3416
32149   0.3252
32154   0.3275
32163   0.3448
32175   0.3345
32187   0.3235
32203   0.3437
32212   0.3539
32224   0.3325
32236   0.3129
32245   0.3271
32253   0.3404
32261   0.3282
32266   0.3275
32274   0.3452
32282   0.3525
32292   0.3460
32304   0.3538
32314   0.3494
32326   0.3894
32333   0.4031
32345   0.3996
32356   0.3921
32365   0.3747
32373   0.3618
32379   0.3691
32391   0.3693
32400   0.3490
32416   0.3479
32429   0.3600
32441   0.3490
32449   0.3382
32459   0.3475
32466   0.3477
32474   0.3285
32487   0.3315
32499   0.3404
32504   0.3279
32513   0.3232
32520   0.3355
32526   0.3270
32539   0.3149
32551   0.3271
32560   0.3343
32572   0.3200
32579   0.3166
32584   0.2969
32596   0.2989
32604   0.2965
32612   0.2861
32624   0.2976
32632   0.3265
32641   0.3919
32646   0.4046
32657   0.3764
32669   0.4300
32678   0.4625
32686   0.4494
32696   0.3840
32703   0.3527
32716   0.3643
32727   0.3707
32740   0.3695
32748   0.3566
32759   0.3538
32768   0.3544
32780   0.3509
32789   0.3428
32801   0.3332
32813   0.3324
32818   0.3329
32830   0.3200
32842   0.3166
32851   0.3252
32858   0.3637
32866   0.3560
32878   0.3083
32887   0.3012
32895   0.3085
32905   0.3048
32914   0.2949
32926   0.3008
32932   0.3079
32940   0.2985
32949   0.2891
32958   0.3075
32974   0.3218
32982   0.3076
32998   0.3009
33006   0.3531
33015   0.3191
33023   0.3287
33031   0.3298
33040   0.3243
33047   0.3231
33056   0.3322
33063   0.3264
33070   0.3136
33086   0.3095
33095   0.3202
33102   0.3184
33110   0.3098
33120   0.3140
33129   0.3253
33138   0.3256
33151   0.3167
33157   0.3258
33169   0.3449
33178   0.3300
33190   0.3238
33199   0.3465
33208   0.3448
33218   0.3406
33225   0.3517
33241   0.3580
33253   0.3523
33263   0.3597
33270   0.3670
33280   0.3712
33290   0.3722
33302   0.3706
33314   0.3887
33322   0.3914
33333   0.4204
33341   0.4459
33353   0.5171
33358   0.4477
33370   0.4542
33380   0.4367
33390   0.4458
33400   0.4432
33410   0.4328
33416   0.4385
33424   0.4577
33434   0.4529
33447   0.4420
33452   0.4676
33461   0.4845
33466   0.4583
33471   0.4633
33480   0.5059
33489   0.4987
33498   0.4681
33506   0.5038
33515   0.5345
33524   0.4977
33533   0.4897
33540   0.5490
33549   0.5519
33557   0.4922
33573   0.5242
33584   0.5884
33592   0.5401
33601   0.4788
33610   0.5458
33622   0.5849
33631   0.5094
33638   0.4917
33647   0.5814
33656   0.5891
33666   0.5076
33673   0.5021
33681   0.5141
33687   0.5931
33692   0.6899
33700   0.6347
33709   0.5816
33720   0.5409
33731   0.4966
33739   0.4939
33748   0.4738
33757   0.4710
33765   0.4668
33772   0.4729
33780   0.4755
33788   0.4846
33797   0.4823
33805   0.4882
33814   0.4903
33819   0.4630
33824   0.4798
33837   0.4835
33848   0.4744
33856   0.4883
33865   0.4902
33877   0.4771
33885   0.4719
33894   0.4682
33901   0.4745
33907   0.4887
33919   0.5079
33931   0.5159
33938   0.5185
33950   0.5327
33959   0.5593
33969   0.5923
33977   0.6020
33986   0.6153
33995   0.6449
34006   0.6400
34013   0.6171
34023   0.6580
34036   0.6746
34047   0.6396
34057   0.6293
34069   0.6721
34078   0.6721
34088   0.6484
34095   0.6538
34107   0.7229
34111   0.7561
34119   0.7727
34130   0.7763
34137   0.7481
34142   0.6272
34148   0.5996
34157   0.7022
34169   0.6542
34181   0.6581
34190   0.6795
34200   0.6584
34211   0.6441
34224   0.6572
34234   0.6524
34246   0.5810
34256   0.5497
34265   0.5552
34273   0.5453
34281   0.5548
34289   0.5375
34295   0.5439
34305   0.5245
34314   0.5210
34324   0.5200
34329   0.5027
34340   0.4812
34347   0.4727
34358   0.4569
34365   0.4557
34374   0.4513
34390   0.4285
34398   0.4280
34407   0.4188
34413   0.4487
34420   0.4391
34428   0.4307
34435   0.4606
34445   0.4845
34457   0.4761
34467   0.4847
34476   0.5247
34485   0.5414
34497   0.5363
34507   0.5439
34516   0.5720
34524   0.5827
34532   0.6205
34540   0.6234
34551   0.5771
34558   0.5745
34565   0.5319
34577   0.5250
34584   0.5084
34592   0.4906
34600   0.4928
34612   0.4809
34619   0.4755
34635   0.4656
34642   0.4600
34651   0.4451
34663   0.4648
34675   0.5231
34686   0.5451
34695   0.5300
34703   0.5749
34712   0.6239
34717   0.6279
34723   0.5810
34733   0.5241
34739   0.4980
34749   0.4649
34758   0.4616
34764   0.4617
34772   0.4767
34781   0.4862
34791   0.5000
34800   0.5095
34807   0.5473
34818   0.5826
34826   0.5900
34835   0.6365
34841   0.6238
34849   0.5984
34855   0.5749
34863   0.5660
34875   0.5828
34886   0.5772
34893   0.5474
34902   0.5484
34908   0.5628
34918   0.5485
34927   0.5298
34936   0.5492
34942   0.5756
34947   0.5921
34958   0.6381
34967   0.6886
34975   0.6588
34985   0.6095
34992   0.5866
34999   0.7144
35010   0.6566
35017   0.6048
35025   0.5776
35033   0.5903
35041   0.5844
35050   0.5850
35060   0.5918
35070   0.5913
35079   0.5614
35091   0.5414
35099   0.5471
35112   0.5441
35125   0.5205
35133   0.5036
35143   0.4945
35148   0.4812
35156   0.4835
35163   0.4885
35172   0.4823
35179   0.4898
35190   0.4917
35197   0.5036
35206   0.5291
35214   0.5369
35223   0.5587
35233   0.5682
35245   0.5633
35254   0.5627
35263   0.5940
35270   0.6054
35280   0.5903
35291   0.5813
35302   0.5687
35314   0.5668
35323   0.5738
35334   0.5733
35343   0.5699
35351   0.5469
35360   0.5447
35369   0.5327
35378   0.5385
35390   0.5748
35402   0.6340
35411   0.6754
35422   0.7276
35430   0.7077
35438   0.6524
35448   0.5977
35455   0.5403
35466   0.5030
35473   0.4844
35483   0.4775
35499   0.4935
35515   0.5153
35523   0.5358
35532   0.5648
35543   0.5789
35552   0.6063
35560   0.7439
35565   0.7327
35572   0.7168
35584   0.7164
35593   0.6446
35605   0.6317
35616   0.6422
35628   0.6000
35633   0.5703
35640   0.5423
35652   0.5423
35658   0.5453
35667   0.5474
35677   0.5443
35686   0.5435
35694   0.5277
35702   0.5278
35714   0.5287
35725   0.5626
35734   0.6228
35744   0.6091
35752   0.5145
35758   0.5361
35765   0.5465
35773   0.4719
35780   0.5332
35789   0.6135
35794   0.5698
35806   0.5221
35815   0.5838
35821   0.5655
35826   0.4789
35839   0.4794
35844   0.4897
35853   0.4643
35862   0.4492
35867   0.4625
35876   0.4572
35889   0.4370
35895   0.4385
35902   0.4469
35910   0.4350
35918   0.4256
35927   0.4348
35935   0.4356
35944   0.4258
35949   0.4232
35959   0.4289
35971   0.4243
35979   0.4186
35991   0.4191
36001   0.4210
36013   0.4134
36025   0.4083
36032   0.4007
36037   0.3928
36046   0.3915
36053   0.3801
36065   0.3564
36072   0.3603
36081   0.3568
36090   0.3423
36102   0.3405
36112   0.3598
36122   0.3583
36130   0.3820
36138   0.3675
36149   0.3505
36157   0.3585
36166   0.3565
36178   0.3430
36187   0.3359
36196   0.3357
36206   0.3316
36215   0.3225
36222   0.3184
36230   0.3185
36239   0.3148
36248   0.3131
36260   0.3075
36269   0.3081
36277   0.3050
36289   0.3041
36299   0.3075
36307   0.3009
36312   0.3078
36322   0.3097
36331   0.3171
36341   0.3148
36350   0.3105
36360   0.3218
36370   0.3274
36379   0.3231
36388   0.3265
36401   0.3399
36407   0.3406
36417   0.3360
36426   0.3446
36435   0.3543
36447   0.3527
36456   0.3546
36469   0.3651
36481   0.3641
36487   0.3611
36495   0.3741
36505   0.3702
36513   0.3571
36522   0.3701
36531   0.3868
36541   0.3720
36557   0.3678
36565   0.3837
36577   0.4455
36587   0.4910
36597   0.5236
36605   0.5622
36616   1.1628
36621   1.1918
36630   1.1928
36639   1.1674
36651   1.1508
36663   1.1471
36672   1.1700
36681   1.1636
36689   1.1542
36697   1.1710
36706   1.1819
36713   1.1719
36722   1.1772
36728   1.2022
36736   1.2030
36742   1.2041
36749   1.2321
36755   1.2622
36767   1.2774
36779   1.2966
36792   1.2951
36803   1.2483
36808   1.2287
36817   1.2144
36824   1.2071
36836   1.1960
36844   1.1827
36857   1.1740
36866   1.1614
36875   1.1462
36888   1.1410
36897   1.1325
36906   1.1211
36915   1.1110
36923   1.1058
36931   1.1035
36940   1.0994
36952   1.1026
36959   1.1148
36968   1.1061
36976   1.1011
36984   1.1500
36994   1.1727
37000   1.1894
37008   1.1677
37017   1.1646
37029   1.1955
37034   1.2034
37046   1.1873
37054   1.2026
37059   1.2304
37071   1.2233
37080   1.2164
37089   1.2419
37101   1.2571
37108   1.2442
37117   1.2545
37124   1.2807
37133   1.2837
37141   1.2757
37148   1.2978
37157   1.3221
37164   1.3266
37176   1.3334
37185   1.3604
37194   1.3775
37203   1.3777
37215   1.4008
37224   1.4297
37233   1.4420
37245   1.4565
37257   1.4638
37266   1.2891
37274   1.2989
37286   1.2785
37293   1.2540
37301   1.2676
37310   1.2691
37319   1.2414
37324   1.2331
37333   1.2537
37345   1.2397
37354   1.2113
37360   1.2225
37367   1.2367
37376   1.2109
37384   1.1954
37393   1.2174
37409   1.2171
37418   1.1922
37426   1.1958
37433   1.2157
37445   1.2497
37453   1.1913
37462   1.1522
37474   1.1183
37486   1.1309
37498   1.1152
37504   1.0817
37511   1.0956
37519   1.1083
37525   1.0801
37532   1.0695
37542   1.0947
37551   1.0918
37561   1.0647
37571   1.0780
37583   1.1053
37592   1.0868
37597   1.0714
37608   1.1046
37617   1.1233
37626   1.1026
37634   1.1116
37642   1.1474
37648   1.1328
37653   1.1028
37663   1.1152
37671   1.1178
37679   1.0868
37687   1.0762
37695   1.0919
37704   1.0942
37713   1.0763
37722   1.0702
37727   1.0859
37734   1.0842
37741   1.0665
37746   1.0727
37755   1.0879
37764   1.0611
37772   1.0292
37780   1.0356
37787   1.0500
37796   1.0780
37804   1.0822
37811   1.0635
37817   1.0533
37825   1.0627
37838   1.0544
37850   1.0435
37862   1.0511
37870   1.0568
37882   1.0443
37891   1.0416
37896   1.0574
37905   1.0578
37912   1.0440
37920   1.0571
37936   1.0747
37952   1.0730
37959   1.0695
37975   1.0536
37982   1.0555
37994   1.0160
38002   0.9859
38014   1.0931
38022   1.0393
38030   1.0595
38039   1.0645
38048   1.0472
38060   1.0533
38065   1.0689
38072   1.0638
38081   1.0631
38088   1.0733
38096   1.0757
38105   1.0781
38114   1.0872
38120   1.0885
38129   1.0908
38141   1.1054
38149   1.1100
38155   1.0994
38160   1.1189
38172   1.1421
38181   1.1279
38190   1.1254
38195   1.1607
38204   1.1649
38217   1.1555
38226   1.1879
38239   1.1965
38251   1.1748
38263   1.1485
38275   1.1579
38287   1.1427
38299   1.1595
38311   1.1649
38321   1.1531
38327   1.1232
38334   1.0994
38341   1.0870
38349   1.1011
38360   1.0982
38369   1.1167
38382   1.1231
38395   1.1105
38411   1.1504
38424   1.2044
38436   1.2105
38448   1.1531
38454   1.1469
38464   1.1515
38472   1.1513
38481   1.1274
38490   1.1280
38499   1.1411
38508   1.1312
38516   1.1073
38525   1.1135
38538   1.1264
38551   1.1047
38559   1.0966
38568   1.1035
38574   1.0969
38582   1.0869
38591   1.0935
38600   1.1016
38612   1.0881
38621   1.0896
38637   1.1075
38646   1.1685
38658   1.1983
38668   1.0055
38674   0.9727
38682   0.9460
38694   0.9294
38706   0.8896
38718   0.8876
38727   0.9011
38736   0.8717
38746   0.8453
38758   0.8619
38765   0.8385
38778   0.8199
38787   0.8433
38794   0.8473
38800   0.8214
38809   0.8209
38818   0.8447
38824   0.8374
38833   0.8164
38842   0.8290
38848   0.8415
38864   0.8285
38871   0.8205
38880   0.8389
38888   0.8453
38901   0.8310
38913   0.8416
38920   0.8369
38936   0.8372
38945   0.8189
38953   0.8091
38965   0.8203
38973   0.8049
38982   0.7901
38991   0.7984
39000   0.7970
39016   0.7769
39023   0.7780
39030   0.7891
39038   0.7831
39047   0.7712
39063   0.7772
39072   0.7959
39081   0.7920
39093   0.8341
39104   0.7898
39116   0.8053
39128   0.8355
39138   0.8312
39151   0.8291
39157   0.8625
39166   0.8735
39175   0.8538
39182   0.8680
39188   0.8965
39196   0.8932
39208   0.8865
39217   0.9080
39225   0.9228
39233   0.9081
39246   0.9146
39252   0.9399
39263   0.9424
39272   0.9336
39281   0.9488
39290   0.9639
39298   0.9580
39307   0.9584
39319   0.9742
39332   0.9829
39341   0.9788
39357   0.9771
39364   0.9843
39376   1.0068
39386   1.0049
39394   0.9974
39402   0.9669
39412   0.9673
39421   0.9584
39431   0.9364
39441   0.9167
39448   0.8989
39456   0.8748
39461   0.8846
39473   0.9042
39482   0.8908
39492   0.8924
39502   0.8910
39512   0.9304
39521   0.9258
39529   0.9338
39534   0.9165
39544   0.8874
39553   0.9020
39559   0.8881
39566   0.8872
39576   0.9083
39585   0.9016
39594   0.8894
39606   0.9059
39614   0.9131
39623   0.8983
39631   0.9078
39643   0.9282
39659   0.9220
39668   0.9180
39677   0.9387
39686   0.9459
39698   0.9382
39710   0.9495
39722   0.9683
39731   0.9617
39739   0.9603
39749   0.9884
39761   1.0025
39771   0.9921
39777   1.0087
39786   1.0405
39798   1.0417
39808   1.0426
39818   1.0777
39828   1.0999
39834   1.0948
39843   1.1141
39852   1.1665
39859   0.8503
39868   0.8133
39877   0.8044
39887   0.7914
39895   0.7827
39904   0.7788
39909   0.7666
39920   0.7547
39929   0.7550
39937   0.7515
39945   0.7330
39951   0.7301
39960   0.7371
39972   0.7290
39981   0.7146
39991   0.7129
40004   0.7227
40020   0.7113
40029   0.7101
40042   0.7252
40050   0.7265
40057   0.7193
40062   0.7290
40067   0.7409
40076   0.7318
40088   0.7295
40100   0.7458
40112   0.7482
40120   0.7384
40127   0.7361
40139   0.7485
40149   0.7505
40154   0.7497
40164   0.7280
40173   0.7222
40181   0.7053
40190   0.7212
40203   0.7236
40213   0.7008
40222   0.7018
40231   0.7168
40244   0.7030
40253   0.6857
40261   0.6939
40270   0.7017
40282   0.6795
40291   0.6700
40303   0.6762
40310   0.6723
40318   0.6550
40324   0.6535
40333   0.6597
40346   0.6542
40358   0.6432
40366   0.6502
40378   0.6855
40391   0.6966
40401   0.6819
40417   0.6771
40433   0.6926
40445   0.7002
40455   0.6901
40464   0.7000
40473   0.7233
40483   0.7119
40496   0.7050
40508   0.7261
40524   0.7351
40533   0.7188
40540   0.7257
40548   0.7462
40556   0.7403
40565   0.7295
40578   0.7470
40586   0.7610
40595   0.7462
40604   0.7504
40612   0.7714
40621   0.7693
40630   0.7615
40642   0.7819
40651   0.7954
40664   0.7915
40672   0.7900
40685   0.8158
40697   0.8189
40709   0.8190
40719   0.8292
40730   0.8154
40741   0.8066
40749   0.8230
40754   0.8216
40763   0.8025
40779   0.8126
40791   0.8286
40802   0.8182
40811   0.7965
40819   0.8012
40824   0.7826
40833   0.7929
40843   0.7906
40853   0.8101
40863   0.7726
40873   0.7394
40882   0.7689
40892   0.7759
40901   0.7285
40910   0.7185
40915   0.7090
40924   0.7568
40934   0.8126
40946   0.8066
40958   0.8104
40966   0.8453
40974   0.8458
40980   0.8115
40990   0.8042
40999   0.8081
41011   0.7998
41019   0.7832
41031   0.7823
41040   0.7936
41052   0.7801
41060   0.7636
41068   0.7772
41076   0.7814
41083   0.7604
41095   0.7610
41104   0.7749
41113   0.7637
41121   0.7494
41128   0.7644
41137   0.7712
41146   0.7516
41158   0.7567
41167   0.7780
41179   0.7685
41192   0.7588
41204   0.7386
41216   0.7353
41225   0.7523
41237   0.7388
41249   0.7198
41258   0.7335
41268   0.7450
41277   0.7242
41285   0.7068
41294   0.7925
41303   0.9756
41313   1.1051
41321   1.0847
41329   1.0892
41338   0.9829
41350   0.9337
41359   0.9136
41369   0.8924
41381   0.8529
41390   0.8178
41400   0.8066
41413   0.7783
41425   0.7465
41437   0.7335
41447   0.7172
41456   0.6904
41468   0.6788
41476   0.6677
41488   0.6454
41497   0.6343
41513   0.6364
41529   0.6137
41538   0.6057
41547   0.6269
41557   0.6234
41566   0.6425
41578   0.5645
41587   0.5444
41596   0.5353
41606   0.5476
41615   0.5543
41623   0.5360
41630   0.5380
41637   0.5499
41650   0.5470
41659   0.5370
41668   0.5489
41684   0.5672
41692   0.5526
41700   0.5488
41708   0.5765
41718   0.5901
41728   0.6373
41736   0.6438
41743   0.6445
41752   0.6514
41764   0.6584
41775   0.6512
41788   0.6617
41796   0.6332
41808   0.6093
41817   0.6230
41826   0.6201
41833   0.5908
41849   0.5904
41855   0.6118
41867   0.6078
41873   0.6128
41881   0.6031
41889   0.5968
41902   0.5910
41908   0.6208
41918   0.6317
41927   0.6220
41939   0.6266
41951   0.6403
41957   0.6521
41963   0.6553
41970   0.6508
41977   0.6510
41985   0.6574
41992   0.6602
42000   0.6548
42008   0.6567
42024   0.6677
42032   0.6667
42039   0.6637
42047   0.6659
42056   0.6732
42065   0.6757
42073   0.6755
42080   0.6827
42090   0.6927
42099   0.7000
42108   0.6950
42121   0.7368
42133   0.7760
42142   0.8025
42154   0.8049
42162   0.7544
42171   0.7108
42180   0.6707
42188   0.6632
42198   0.6721
42209   0.6677
42221   0.6885
42228   0.6745
42236   0.6738
42247   0.6831
42254   0.7665
42261   0.8628
42269   1.0397
42277   1.2085
42288   1.3257
42298   1.3427
42309   1.3523
42321   1.2499
42329   1.1407
42340   1.0747
42348   0.9708
42356   0.8783
42365   0.7506
42377   0.6365
42387   0.6352
42396   0.6793
42407   0.6750
42417   0.6663
42424   0.6655
42433   0.6626
42442   0.6314
42455   0.6176
42462   0.6279
42467   0.6865
42475   0.6799
42483   0.6707
42491   0.6647
42499   0.6711
42507   0.6643
42517   0.6501
42533   0.6401
42541   0.6451
42546   0.6589
42555   0.6847
42567   0.6697
42577   0.6948
42584   0.6888
42590   0.6906
42598   0.6933
42607   0.7120
42616   0.7179
42624   0.6980
42637   0.6846
42646   0.6957
42658   0.6903
42669   0.6760
42680   0.6756
42689   0.6799
42698   0.6646
42707   0.6522
42716   0.6451
42722   0.6319
42731   0.6191
42740   0.6090
42746   0.6003
42758   0.5892
42768   0.5823
42776   0.5778
42784   0.5667
42792   0.5623
42805   0.5639
42817   0.5505
42829   0.5441
42841   0.5517
42851   0.5442
42864   0.5358
42877   0.5406
42889   0.5463
42894   0.5403
42906   0.5543
42917   0.5705
42928   0.5395
42937   0.5266
42945   0.5358
42950   0.5251
42958   0.4910
42966   0.4709
42973   0.4890
42983   0.4839
42991   0.4718
43000   0.4696
43012   0.4934
43024   0.5154
43033   0.5003
43042   0.5249
43050   0.5137
43062   0.5195
43071   0.5032
43083   0.4836
43092   0.4806
43101   0.4833
43110   0.4794
43115   0.4724
43124   0.4659
43133   0.4788
43144   0.4721
43151   0.4555
43157   0.4652
43167   0.4729
43180   0.4568
43192   0.4537
43200   0.4701
43211   0.4567
43224   0.4460
43236   0.4577
43248   0.4507
43261   0.4285
43271   0.4289
43283   0.4503
43288   0.4645
43297   0.4548
43307   0.4475
43315   0.4660
43322   0.4765
43334   0.4650
43343   0.4674
43352   0.4864
43359   0.4864
43367   0.4899
43378   0.5098
43386   0.5175
43395   0.5095
43400   0.5224
43412   0.5374
43424   0.5527
43433   0.5769
43442   0.5955
43454   0.5870
43467   0.5552
43473   0.5606
43482   0.5767
43491   0.5444
43503   0.5269
43509   0.5538
43516   0.5391
43532   0.4998
43541   0.5095
43550   0.5127
43555   0.4731
43563   0.4543
43572   0.4811
43585   0.4667
43597   0.4377
43609   0.4201
43621   0.4140
43633   0.4421
43643   0.4643
43649   0.4595
43658   0.4726
43664   0.5045
43674   0.5071
43682   0.5056
43697   0.5218
43705   0.5333
43715   0.5323
43728   0.5374
43735   0.5397
43742   0.5475
43754   0.5671
43763   0.5627
43769   0.5486
43776   0.5660
43785   0.5821
43794   0.5745
43802   0.5675
43814   0.5826
43826   0.5933
43839   0.5978
43851   0.5997
43859   0.6144
43866   0.6273
43875   0.6508
43880   0.6447
43888   0.6543
43895   0.6542
43903   0.6397
43908   0.6578
43916   0.6616
43923   0.6638
43935   0.6429
43944   0.6305
43956   0.6114
43964   0.6116
43980   0.6234
43992   0.6273
44004   0.6419
44014   0.6480
44019   0.6283
44025   0.6261
44038   0.6200
44050   0.6194
44061   0.6220
44070   0.6168
44081   0.6057
44090   0.6083
44099   0.6095
44109   0.6079
44125   0.5957
44134   0.6023
44147   0.6129
44158   0.6438
44166   0.6253
44175   0.6160
44187   0.6299
44196   0.6223
44204   0.6158
44215   0.5883
44223   0.5759
44233   0.5763
44241   0.5804
44249   0.5702
44261   0.5644
44270   0.5640
44278   0.5557
44291   0.5538
44300   0.5536
44312   0.5410
44321   0.5315
44330   0.5391
44339   0.5331
44348   0.5180
44355   0.5172
44361   0.5223
44368   0.5058
44377   0.4899
44389   0.5029
44401   0.5010
44413   0.4785
44422   0.4819
44434   0.4940
44444   0.4844
44453   0.4734
44463   0.4916
44474   0.4997
44484   0.4889
44490   0.4985
44496   0.4866
44504   0.4740
44516   0.4871
44525   0.5123
44534   0.4972
44540   0.4717
44545   0.4736
44554   0.4620
44565   0.4132
44573   0.3854
44583   0.3612
44592   0.3553
44599   0.3569
44608   0.3332
44619   0.3274
44628   0.3206
44637   0.3329
44643   0.3470
44649   0.3443
44656   0.3428
44668   0.3657
44675   0.3842
44687   0.4135
44699   0.4081
44709   0.3703
44717   0.3825
44724   0.3941
44732   0.3965
44741   0.4123
44753   0.4119
44762   0.4184
44774   0.4151
44781   0.3984
44793   0.4161
44800   0.4885
44813   0.5800
44822   0.4741
44831   0.4823
44840   0.4871
44847   0.4142
44857   0.4060
44865   0.4417
44874   0.4101
44883   0.3666
44895   0.4043
44902   0.4363
44915   0.4271
44924   0.4020
44936   0.4090
44952   0.4269
44964   0.3970
44972   0.3741
44981   0.3932
44989   0.4001
44998   0.3754
45007   0.3686
45019   0.3952
45028   0.4010
45036   0.3796
45041   0.3951
45049   0.4111
45057   0.4005
45069   0.4139
45078   0.4386
45085   0.4454
45094   0.4781
45106   0.4491
45113   0.4333
45122   0.4537
45127   0.4563
45140   0.4259
45149   0.4192
45157   0.4330
45163   0.4317
45170   0.4153
45182   0.4211
45195   0.4115
45207   0.4268
45216   0.4271
45225   0.4164
45237   0.4450
45242   0.4724
45247   0.4565
45256   0.4508
45265   0.5522
45274   0.5555
45283   0.4331
45292   0.3878
45300   0.3418
45309   0.3653
45319   0.3721
45326   0.3433
45335   0.3515
45344   0.3721
45356   0.3529
45369   0.3472
45385   0.3839
45394   0.3854
45410   0.3631
45419   0.3931
45428   0.4212
45434   0.4173
45447   0.4198
45458   0.4584
45466   0.4829
45478   0.4389
45486   0.4421
45495   0.4980
45503   0.4968
45512   0.4577
45522   0.5020
45533   0.5575
45542   0.5241
45551   0.5066
45558   0.5761
45567   0.5968
45572   0.5581
45578   0.5907
45585   0.6371
45590   0.6143
45603   0.5961
45612   0.6569
45617   0.6743
45623   0.6285
45632   0.6460
45640   0.7086
45652   0.7217
45663   0.6678
45670   0.6716
45677   0.6128
45693   0.5835
45702   0.5408
45711   0.5125
45723   0.5235
45729   0.5076
45741   0.4731
45748   0.4656
45757   0.4859
45763   0.4887
45770   0.5062
45778   0.5146
45786   0.5014
45796   0.5330
45801   0.5573
45814   0.5516
45826   0.5291
45834   0.5300
45842   0.5164
45852   0.5323
45861   0.5164
45870   0.5555
45877   0.5612
45889   0.5150
45896   0.5161
45906   0.4861
45914   0.4709
45922   0.4464
45929   0.4465
45934   0.4495
45944   0.5057
45950   0.4529
45955   0.4420
45964   0.4348
45973   0.4281
45989   0.4325
45998   0.4306
46005   0.4229
46014   0.4219
46021   0.4250
46033   0.4191
46039   0.4101
46051   0.4084
46060   0.4154
46069   0.4146
46078   0.3960
46090   0.3928
46102   0.3986
46114   0.3897
46122   0.3693
46134   0.3639
46143   0.3778
46150   0.3743
46163   0.3717
46176   0.3535
46188   0.3446
46197   0.3635
46209   0.3594
46217   0.3424
46225   0.3461
46231   0.3599
46240   0.3626
46249   0.3548
46259   0.3529
46265   0.3702
46272   0.3695
46284   0.3520
46293   0.3648
46302   0.3923
46308   0.3855
46315   0.3591
46327   0.3935
46332   0.4320
46338   0.4033
46348   0.3844
46357   0.4386
46369   0.4553
46381   0.4211
46387   0.4294
46395   0.4735
46404   0.4736
46412   0.4508
46422   0.4689
46428   0.4903
46436   0.4826
46446   0.4757
46452   0.4804
46464   0.4867
46473   0.4830
46483   0.4727
46493   0.4653
46503   0.4733
46513   0.4796
46523   0.4627
46530   0.4570
46539   0.4731
46548   0.4688
46560   0.4429
46569   0.4531
46579   0.4729
46591   0.4566
46603   0.4412
46612   0.4562
46621   0.4592
46633   0.4430
46642   0.4403
46652   0.4536
46658   0.4456
46670   0.4312
46682   0.4429
46694   0.4514
46704   0.4355
46717   0.4298
46727   0.4430
46737   0.4408
46742   0.4300
46752   0.4356
46762   0.4527
46774   0.4630
46783   0.4742
46792   0.5109
46799   0.5146
46808   0.4938
46816   0.4924
46828   0.5146
46838   0.5457
46845   0.5565
46850   0.5775
46860   0.5820
46865   0.6105
46877   0.6452
46886   0.6521
46895   0.6516
46907   0.6327
46917   0.6148
46925   0.6798
46932   0.6802
46942   0.6258
46952   0.6763
46961   0.7234
46970   0.7188
46980   0.7649
46992   0.6605
47002   0.6901
47008   0.6653
47017   0.6302
47027   0.5701
47039   0.5575
47049   0.5489
47055   0.5202
47065   0.4775
47070   0.4724
47080   0.5320
47090   0.5519
47100   0.5343
47112   0.4816
47128   0.4734
47144   0.4273
47155   0.4396
47163   0.4620
47179   0.4293
47187   0.4102
47196   0.4276
47208   0.4403
47214   0.4149
47221   0.4131
47230   0.4145
47238   0.3960
47250   0.3904
47257   0.3799
47262   0.3813
47271   0.3855
47284   0.3911
47297   0.3974
47306   0.4042
47318   0.3957
47328   0.4109
47336   0.4643
47345   0.4721
47352   0.5441
47362   0.5292
47372   0.7620
47384   0.6415
47392   0.6130
47408   0.5991
47416   0.6157
47425   0.5920
47437   0.5549
47446   0.5669
47452   0.5682
47460   0.5296
47468   0.5195
47477   0.5368
47484   0.5148
47496   0.4845
47504   0.4991
47512   0.4999
47528   0.4672
47537   0.4665
47548   0.4847
47555   0.4623
47564   0.4376
47571   0.4555
47583   0.4395
47593   0.4182
47605   0.4177
47614   0.4093
47623   0.3912
47632   0.3923
47639   0.3901
47647   0.3756
47655   0.3728
47664   0.3797
47676   0.3771
47685   0.3737
47695   0.3754
47707   0.3840
47714   0.3883
47723   0.3856
47732   0.3910
47740   0.4096
47752   0.4165
47762   0.4128
47771   0.4283
47781   0.4453
47791   0.4547
47796   0.5334
47807   0.4390
47814   0.4782
47822   0.5735
47830   0.5604
47842   0.7336
47852   0.8696
47859   0.8686
47868   0.9390
47880   1.1533
47889   1.2386
47902   1.2591
47915   1.3127
47927   1.4626
47938   1.5918
47950   0.8311
47959   0.7469
47967   0.6633
47973   0.6589
47980   0.7113
47989   0.6494
47998   0.5829
48007   0.6476
48016   0.6855
48023   0.6167
48033   0.6327
48042   0.5891
48054   0.5976
48066   0.5734
48075   0.5326
48084   0.5268
48094   0.5144
48103   0.4790
48113   0.4583
48123   0.4630
48130   0.4381
48140   0.4084
48150   0.4150
48162   0.4068
48175   0.3770
48183   0.3984
48192   0.4359
48203   0.4695
48211   0.4807
48223   0.4912
48235   0.4625
48244   0.4488
48253   0.4611
48262   0.4411
48274   0.4257
48287   0.4342
48293   0.4320
48302   0.4023
48315   0.3991
48326   0.4161
48334   0.3989
48343   0.3738
48351   0.3941
48357   0.4012
48369   0.3672
48376   0.3766
48386   0.4146
48395   0.4053
48403   0.3721
48410   0.4049
48423   0.4433
48435   0.4052
48443   0.3855
48452   0.4494
48461   0.4575
48470   0.4171
48481   0.4473
48493   0.4984
48502   0.4864
48510   0.4627
48517   0.5313
48523   0.4954
48530   0.5486
48539   0.5243
48548   0.4542
48556   0.4723
48565   0.5031
48574   0.4923
48582   0.4562
48590   0.4683
48599   0.4883
48608   0.4531
48617   0.4477
48629   0.4799
48638   0.4717
48654   0.4428
48660   0.4633
48669   0.4769
48678   0.4619
48685   0.4724
48692   0.5097
48700   0.4633
48711   0.4740
48719   0.4804
48726   0.4673
48738   0.4681
48750   0.4838
48762   0.4647
48778   0.4345
48787   0.4472
48796   0.4523
48802   0.4285
48811   0.4195
48819   0.4284
48832   0.4204
48840   0.4117
48850   0.4177
48858   0.4131
48864   0.4033
48873   0.4123
48881   0.4183
48889   0.4078
48899   0.4048
48912   0.4193
48924   0.4191
48936   0.4107
48948   0.4269
48960   0.4458
48965   0.4269
48977   0.4239
48988   0.4537
48996   0.5711
49012   0.6259
49023   0.5441
49033   0.4651
49042   0.4960
49051   0.4841
49061   0.5079
49070   0.5124
49083   0.4974
49093   0.4890
49103   0.4577
49114   0.4652
49122   0.5181
49135   0.5031
49146   0.5550
49153   0.5078
49161   0.4762
49172   0.5413
49181   0.5501
49190   0.4950
49195   0.4618
49203   0.4171
49213   0.4470
49223   0.4204
49233   0.4165
49243   0.4169
49248   0.4004
49261   0.3696
49269   0.3703
49278   0.3762
49291   0.3658
49300   0.3500
49309   0.3551
49318   0.3582
49330   0.3470
49339   0.3428
49348   0.3480
49354   0.3387
49363   0.3357
49375   0.3430
49387   0.3445
49399   0.3417
49411   0.3470
49418   0.3534
49427   0.3566
49436   0.3569
49446   0.3671
49453   0.3748
49465   0.3697
49470   0.3651
49479   0.3726
49495   0.4222
49504   0.5254
49514   0.7371
49526   0.6672
49535   0.5446
49548   0.5175
49555   0.5049
49563   0.5028
49572   0.4946
49584   0.4742
49596   0.4741
49608   0.4851
49620   0.4767
49633   0.4672
49642   0.4799
49651   0.4955
49660   0.5116
49671   0.4940
49679   0.4984
49688   0.5032
49701   0.4913
49708   0.4893
49714   0.4850
49722   0.4753
49730   0.4581
49739   0.4619
49747   0.4553
49760   0.4475
49768   0.4447
49777   0.4448
49786   0.4365
49798   0.4319
49807   0.4345
49813   0.4323
49822   0.4265
49830   0.4249
49838   0.4235
49847   0.4211
49859   0.4188
49868   0.4157
49877   0.4166
49886   0.4189
49894   0.4167
49906   0.4145
49911   0.4166
49923   0.4186
49939   0.4122
49945   0.4109
49957   0.4234
49962   0.4430
49972   0.4448
49984   0.4274
49991   0.4578
49997   0.4815
50003   0.4260
50009   0.4135
50018   0.4172
50027   0.4259
50035   0.4180
50042   0.4140
50049   0.4044
50058   0.4166
50065   0.4667
50075   0.4643
50084   0.4556
50096   0.4563
50103   0.4053
50111   0.4203
50115   0.4248
50123   0.4121
50135   0.4140
50144   0.4231
50152   0.4195
50161   0.4133
50169   0.4169
50178   0.4240
50187   0.4222
50199   0.4172
50211   0.4256
50216   0.4337
50224   0.4325
50233   0.4363
50241   0.4468
50249   0.4532
50258   0.4493
50270   0.4594
50276   0.4685
50285   0.4663
50298   0.4722
50307   0.4856
50319   0.4898
50329   0.4938
50337   0.4880
50345   0.4923
50354   0.4835
50359   0.4735
50369   0.4765
50377   0.4723
50386   0.4622
50398   0.4614
50410   0.4667
50418   0.4547
50427   0.4496
50436   0.4565
50444   0.4504
50456   0.4407
50461   0.4516
50470   0.4538
50482   0.4378
50494   0.4348
50510   0.4514
50519   0.4491
50531   0.4380
50543   0.4283
50552   0.4238
50560   0.4392
50568   0.4355
50573   0.4193
50581   0.4129
50589   0.4234
50599   0.4320
50611   0.4402
50621   0.4297
50633   0.4076
50640   0.4031
50652   0.4078
50663   0.4087
50672   0.4199
50680   0.4177
50686   0.4113
50698   0.4182
50707   0.4242
50723   0.4303
50736   0.4266
50748   0.4314
50756   0.4388
50766   0.4441
50773   0.4450
50781   0.4442
50794   0.4527
50806   0.4593
50811   0.4575
50820   0.4615
50827   0.4720
50833   0.4711
50846   0.4697
50858   0.4807
50867   0.4873
50879   0.4876
50886   0.4898
50891   0.4763
50903   0.4707
50911   0.4763
50919   0.4595
50931   0.4556
50939   0.4559
50948   0.4494
50953   0.4366
50964   0.4385
50976   0.4388
50985   0.4309
50993   0.4496
51003   0.4385
51010   0.4286
51023   0.4301
51034   0.4162
51047   0.4209
51055   0.4215
51066   0.4135
51075   0.4147
51087   0.4203
51096   0.4160
51108   0.4129
51120   0.4248
51125   0.4257
51137   0.4181
51149   0.4232
51158   0.4300
51165   0.4322
51173   0.4416
51185   0.4359
51194   0.4306
51202   0.4301
51212   0.4447
51221   0.4460
51233   0.4320
51239   0.4347
51247   0.4457
51256   0.4401
51265   0.4322
51281   0.4440
51289   0.4529
51305   0.4366
51313   0.4395
51322   0.4334
51330   0.4368
51338   0.4327
51347   0.4158
51354   0.4181
51363   0.4082
51370   0.4106
51377   0.4158
51393   0.4110
51402   0.4044
51409   0.4136
51417   0.4116
51427   0.3975
51436   0.4049
51445   0.4182
51458   0.4059
51464   0.4033
51476   0.4171
51485   0.4200
51497   0.4109
51506   0.4126
51515   0.4210
51525   0.4266
51532   0.4204
51548   0.4195
51560   0.4359
51570   0.4406
51577   0.4308
51587   0.4381
51597   0.4523
51609   0.4507
51621   0.4281
51629   0.4749
51640   0.5927
51648   0.6238
51660   0.7109
51665   0.6343
51677   0.5467
51687   0.5032
51697   0.4568
51707   0.4496
51717   0.4358
51723   0.4283
51731   0.4285
51741   0.4169
51754   0.4023
51759   0.4018
51768   0.4001
51773   0.3785
51778   0.3730
51787   0.3816
51796   0.3638
51805   0.3412
51813   0.3443
51822   0.3385
51831   0.3192
51840   0.3105
51847   0.3120
51856   0.3014
51864   0.2919
51880   0.2789
51891   0.2696
51899   0.3152
51908   0.3268
51917   0.2840
51929   0.3183
51938   0.3937
51945   0.3651
51954   0.3134
51963   0.3776
51973   0.3520
51980   0.3745
51988   0.4208
51994   0.4117
51999   0.4229
52007   0.4252
52016   0.3976
52027   0.4259
52038   0.4190
52046   0.4911
52055   0.4409
52064   0.3968
52072   0.3797
52079   0.3688
52087   0.3741
52095   0.3692
52104   0.3826
52112   0.3831
52121   0.3989
52126   0.4001
52131   0.3927
52144   0.3904
52155   0.3805
52163   0.3679
52172   0.3703
52184   0.3658
52192   0.3825
52201   0.3935
52208   0.4048
52214   0.4133
52226   0.4196
52238   0.4331
52245   0.4214
52257   0.4214
52266   0.4329
52276   0.4272
52284   0.4351
52293   0.4586
52302   0.4962
52313   0.4909
52320   0.4429
52330   0.4406
52343   0.4778
52354   0.4811
52364   0.4527
52376   0.4851
52385   0.5298
52395   0.5169
52402   0.5062
52414   0.5716
52418   0.5143
52426   0.5366
52437   0.5472
52444   0.5022
52449   0.4805
52455   0.4499
52464   0.4383
52476   0.4405
52488   0.4207
52497   0.4027
52507   0.4015
52518   0.3989
52531   0.4040
52541   0.4311
52553   0.4674
52563   0.4486
52572   0.4084
52580   0.4088
52588   0.3973
52596   0.3967
52602   0.4053
52612   0.3964
52621   0.3989
52631   0.3874
52636   0.3821
52647   0.3767
52654   0.3845
52665   0.3991
52672   0.3982
52681   0.3927
52697   0.4048
52705   0.4013
52714   0.4310
52720   0.4324
52727   0.4370
52735   0.4117
52742   0.3939
52752   0.4060
52764   0.4089
52774   0.3890
52783   0.3955
52792   0.4082
52804   0.4117
52814   0.4106
52823   0.4812
52831   0.4897
52839   0.5288
52847   0.5209
52858   0.4731
52865   0.4363
52872   0.3887
52884   0.3913
52891   0.3685
52899   0.3643
52907   0.3564
52919   0.3581
52926   0.3544
52942   0.3612
52949   0.3770
52958   0.4001
52970   0.4164
52982   0.4279
52993   0.4187
53002   0.4371
53010   0.4347
53019   0.4304
53024   0.3822
53030   0.3808
53040   0.3665
53046   0.3856
53056   0.3788
53065   0.3695
53071   0.3549
53079   0.3443
53088   0.3509
53098   0.3523
53107   0.3633
53114   0.3646
53125   0.3740
53133   0.3770
53142   0.3962
53148   0.3958
53156   0.4020
53162   0.3983
53170   0.4217
53182   0.4138
53193   0.3988
53200   0.4015
53209   0.4087
53215   0.4018
53225   0.3931
53234   0.3977
53243   0.4166
53249   0.4272
53254   0.4456
53265   0.4333
53274   0.4435
53282   0.4489
53292   0.4530
53299   0.4322
53306   0.4363
53317   0.4145
53324   0.4012
53332   0.3946
53340   0.3930
53348   0.3869
53357   0.3889
53367   0.3869
53377   0.3718
53386   0.3664
53398   0.3699
53406   0.3866
53419   0.3663
53432   0.3525
53440   0.3489
53450   0.3446
53455   0.3380
53463   0.3432
53470   0.3407
53479   0.3681
53486   0.3347
53497   0.3455
53504   0.3381
53513   0.3443
53521   0.3673
53530   0.3755
53540   0.4090
53552   0.4062
53561   0.3952
53570   0.4096
53577   0.4080
53587   0.4279
53598   0.4159
53609   0.3882
53621   0.3905
53630   0.3924
53641   0.3864
53650   0.3974
53658   0.3899
53667   0.3985
53676   0.3964
53685   0.4093
53697   0.4102
53709   0.4383
53718   0.4585
53729   0.4656
53737   0.5597
53745   0.5737
53755   0.5078
53762   0.4894
53773   0.4427
53780   0.4157
53790   0.3905
53806   0.3828
53822   0.3880
53830   0.3802
53839   0.3934
53850   0.3880
53859   0.4640
53867   0.4370
53872   0.5092
53879   0.5197
53891   0.5531
53900   0.6529
53912   0.6471
53923   0.5309
53935   0.4608
53940   0.5035
53947   0.4653
53959   0.4134
53965   0.3695
53974   0.3930
53984   0.3784
53993   0.3835
54001   0.3772
54009   0.3644
54021   0.3603
54032   0.3571
54041   0.3720
54051   0.3809
54059   0.3809
54065   0.4232
54072   0.4398
54080   0.4329
54087   0.3884
54096   0.3528
54101   0.3459
54113   0.3598
54122   0.3447
54128   0.3958
54133   0.3963
54146   0.3753
54151   0.3581
54160   0.3516
54169   0.3481
54174   0.3443
54183   0.3393
54196   0.3347
54202   0.3368
54209   0.3431
54217   0.3414
54225   0.3348
54234   0.3417
54242   0.3496
54251   0.3445
54256   0.3434
54266   0.3543
54278   0.3606
54286   0.3565
54298   0.3591
54308   0.3719
54320   0.3777
54332   0.3787
54339   0.3771
54344   0.3814
54353   0.3787
54360   0.3738
54372   0.3804
54379   0.3799
54388   0.3767
54397   0.3834
54409   0.3954
54419   0.3983
54429   0.4096
54437   0.4078
54445   0.4117
54456   0.4101
54464   0.4171
54473   0.4119
54485   0.4052
54494   0.4188
54503   0.4205
54513   0.4134
54522   0.4232
54529   0.4360
54537   0.4311
54546   0.4296
54555   0.4473
54567   0.4554
54576   0.4478
54584   0.4478
54596   0.4643
54606   0.4646
54614   0.4542
54619   0.4652
54629   0.4248
54638   0.4169
54648   0.4127
54657   0.4160
54667   0.4138
54677   0.4077
54686   0.4075
54695   0.4043
54708   0.3944
54714   0.3935
54724   0.3910
54733   0.3830
54742   0.3834
54754   0.3831
54763   0.3762
54776   0.3711
54788   0.3700
54794   0.3746
54802   0.3746
54812   0.3791
54820   0.3861
54829   0.3885
54838   0.3892
54848   0.3970
54864   0.4054
54872   0.4091
54884   0.4221
54894   0.4086
54904   0.3911
54912   0.3991
