    2   1.0278
    7   1.0567
   16   0.9748
   25   0.9913
   37   1.0037
   49   0.9727
   58   0.9816
   67   0.9681
   75   0.9335
   83   0.9412
   92   0.9645
   99   0.9370
  108   0.9130
  114   0.9394
  122   0.9530
  128   0.9179
  135   0.9134
  141   0.9538
  153   0.9740
  165   0.9846
  178   0.9423
  189   0.9630
  194   0.9700
  203   0.9413
  210   0.9236
  222   0.9432
  230   0.9349
  243   0.8994
  252   0.9051
  261   0.9227
  274   0.8996
  283   0.8784
  292   0.9047
  301   0.9136
  309   0.8900
  317   0.8906
  326   0.9250
  338   0.9955
  345   0.9175
  354   0.9041
  362   0.9481
  370   0.9836
  380   0.9499
  386   0.9803
  394   0.9618
  403   0.9538
  415   0.9883
  420   0.9926
  432   0.9679
  440   0.9807
  445   1.0109
  457   1.0063
  466   0.9937
  475   1.0204
  487   1.0427
  494   1.0306
  503   1.0353
  510   1.0701
  519   1.0863
  527   1.0758
  534   1.0932
  543   1.1318
  550   1.1365
  562   1.1314
  571   1.1670
  580   1.1951
  589   1.1901
  601   1.2145
  610   1.2535
  619   1.2734
  631   1.3202
  643   1.4216
  652   1.1256
  660   1.0921
  672   1.0777
  679   1.0430
  687   1.0606
  696   1.0665
  705   1.0360
  710   1.0213
  719   1.0355
  731   1.0371
  740   1.0118
  746   1.0047
  753   1.0264
  762   1.0331
  770   1.0097
  779   1.0075
  795   1.0447
  804   1.0503
  812   1.0208
  819   1.0264
  831   1.0688
  839   1.1655
  848   1.1112
  860   1.0804
  872   1.0625
  884   1.0351
  890   0.9890
  897   0.9766
  905   0.9761
  911   0.9414
  918   0.9067
  928   0.9084
  937   0.8976
  947   0.8552
  957   0.8442
  969   0.8567
  978   0.8264
  983   0.7895
  994   0.8068
 1003   0.8114
 1012   0.7709
 1020   0.7556
 1028   0.7770
 1034   0.7750
 1039   0.7411
 1049   0.7390
 1057   0.7636
 1065   0.7573
 1073   0.7301
 1081   0.7475
 1090   0.7747
 1099   0.7596
 1108   0.7467
 1113   0.7761
 1120   0.7965
 1127   0.7798
 1132   0.7745
 1141   0.8047
 1150   0.8201
 1158   0.8108
 1166   0.8490
 1173   0.8382
 1182   0.8608
 1190   0.8253
 1197   0.7943
 1203   0.7941
 1211   0.7764
 1224   0.7474
 1236   0.7459
 1248   0.7433
 1256   0.7186
 1268   0.7007
 1277   0.7047
 1282   0.6955
 1291   0.6737
 1298   0.6678
 1306   0.6706
 1322   0.6536
 1338   0.6381
 1345   0.6506
 1361   0.6816
 1368   0.8428
 1380   0.9570
 1388   0.8798
 1400   0.8219
 1408   0.7639
 1416   0.7853
 1425   0.7725
 1434   0.7513
 1446   0.7787
 1451   0.7991
 1458   0.7696
 1467   0.7770
 1474   0.8180
 1482   0.8080
 1491   0.7839
 1500   0.8213
 1506   0.8462
 1515   0.8120
 1527   0.8161
 1535   0.8659
 1541   0.8603
 1546   0.8285
 1558   0.8645
 1567   0.9029
 1576   0.8695
 1581   0.8654
 1590   0.9208
 1603   0.9333
 1612   0.9167
 1625   0.9724
 1637   1.0025
 1649   1.0881
 1661   1.0689
 1673   1.0443
 1685   1.0557
 1697   1.0658
 1707   1.0888
 1713   1.1456
 1720   1.2996
 1727   1.3720
 1735   1.4051
 1746   1.3429
 1755   1.1997
 1768   1.1343
 1781   0.8358
 1797   0.8542
 1810   0.8811
 1822   0.8866
 1834   0.8591
 1840   0.8294
 1850   0.8609
 1858   0.8680
 1867   0.8211
 1876   0.8214
 1885   0.8594
 1894   0.8372
 1902   0.8016
 1911   0.8288
 1924   0.8472
 1937   0.8129
 1945   0.8005
 1954   0.8390
 1960   0.8348
 1968   0.7974
 1977   0.8180
 1986   0.8490
 1998   0.8210
 2007   0.8048
 2023   0.8444
 2032   0.8360
 2044   0.8296
 2054   0.6093
 2060   0.5969
 2068   0.5937
 2080   0.5864
 2092   0.5593
 2104   0.5612
 2113   0.5791
 2122   0.5628
 2132   0.5503
 2144   0.5700
 2151   0.5754
 2164   0.5700
 2173   0.5793
 2180   0.5981
 2186   0.6014
 2195   0.6058
 2204   0.6238
 2210   0.6266
 2219   0.6299
 2228   0.6450
 2234   0.6408
 2250   0.6364
 2257   0.6474
 2266   0.6629
 2274   0.6622
 2287   0.6213
 2299   0.6460
 2306   0.6657
 2322   0.6908
 2331   0.6751
 2339   0.6748
 2351   0.6720
 2359   0.6426
 2368   0.6372
 2377   0.6534
 2386   0.6357
 2402   0.6199
 2409   0.6257
 2416   0.6269
 2424   0.6142
 2433   0.6114
 2449   0.6391
 2458   0.6668
 2467   0.6947
 2479   0.7140
 2490   0.6851
 2502   0.7023
 2514   0.7302
 2524   0.7103
 2537   0.6953
 2543   0.7249
 2552   0.7353
 2561   0.7108
 2568   0.7191
 2574   0.7342
 2582   0.7187
 2594   0.7033
 2603   0.7266
 2611   0.7451
 2619   0.7165
 2632   0.7136
 2638   0.7568
 2649   0.7568
 2658   0.7246
 2667   0.7467
 2676   0.7880
 2684   0.7642
 2693   0.7493
 2705   0.7909
 2718   0.8027
 2727   0.7737
 2743   0.7855
 2750   0.8209
 2762   0.8371
 2772   0.8420
 2780   0.8397
 2788   0.8080
 2798   0.7805
 2807   0.7525
 2817   0.7367
 2827   0.7409
 2834   0.7458
 2842   0.7782
 2847   0.7723
 2859   0.7777
 2868   0.7774
 2878   0.8082
 2888   0.7852
 2898   0.7854
 2907   0.7687
 2915   0.7130
 2920   0.7029
 2930   0.7108
 2939   0.7202
 2945   0.7063
 2952   0.6971
 2962   0.7105
 2971   0.7115
 2980   0.6952
 2992   0.7074
 3000   0.7243
 3009   0.7111
 3017   0.7079
 3029   0.7361
 3045   0.7391
 3054   0.7245
 3063   0.7431
 3072   0.7588
 3084   0.7457
 3096   0.7465
 3108   0.7692
 3117   0.7737
 3125   0.7591
 3135   0.7709
 3147   0.7945
 3157   0.7907
 3163   0.7859
 3172   0.8107
 3184   0.8272
 3194   0.8203
 3204   0.8318
 3214   0.8623
 3220   0.8698
 3229   0.8730
 3238   0.9342
 3245   0.6495
 3254   0.5610
 3263   0.5509
 3273   0.5377
 3281   0.5362
 3290   0.5406
 3295   0.5383
 3306   0.5288
 3315   0.5315
 3323   0.5407
 3331   0.5337
 3337   0.5305
 3346   0.5409
 3358   0.5472
 3367   0.5383
 3377   0.5472
 3390   0.5483
 3406   0.5511
 3415   0.5636
 3428   0.5691
 3436   0.5690
 3443   0.5718
 3448   0.5770
 3453   0.5822
 3462   0.5807
 3474   0.5783
 3486   0.5868
 3498   0.5913
 3506   0.5835
 3513   0.5748
 3525   0.6380
 3535   0.7278
 3540   0.7339
 3550   0.6235
 3559   0.6235
 3567   0.6323
 3576   0.6167
 3589   0.6038
 3599   0.6075
 3608   0.6059
 3617   0.5920
 3630   0.5870
 3639   0.5919
 3647   0.5870
 3656   0.5732
 3668   0.5734
 3677   0.5791
 3689   0.5734
 3696   0.5708
 3704   0.5738
 3710   0.5723
 3719   0.5655
 3732   0.5708
 3744   0.5691
 3752   0.5536
 3764   0.5525
 3777   0.5621
 3787   0.5637
 3803   0.5651
 3819   0.5606
 3831   0.5582
 3841   0.5793
 3850   0.5750
 3859   0.5727
 3869   0.5908
 3882   0.5913
 3894   0.5830
 3910   0.5948
 3919   0.6113
 3926   0.6041
 3934   0.6059
 3942   0.6256
 3951   0.6312
 3964   0.6252
 3972   0.6342
 3981   0.6464
 3990   0.6453
 3998   0.6465
 4007   0.6556
 4016   0.6597
 4028   0.6627
 4037   0.6651
 4050   0.6657
 4058   0.6618
 4071   0.6714
 4083   0.6590
 4095   0.6358
 4105   0.6578
 4116   0.6928
 4127   0.6771
 4135   0.6563
 4140   0.6860
 4149   0.7099
 4165   0.6944
 4177   0.6982
 4188   0.7418
 4197   0.7509
 4205   0.7792
 4210   0.8051
 4219   0.8265
 4229   0.7948
 4239   0.7782
 4249   0.7507
 4259   0.7226
 4268   0.7114
 4278   0.6963
 4287   0.6665
 4296   0.6554
 4301   0.6631
 4310   0.6876
 4320   0.6782
 4332   0.6800
 4344   0.6841
 4352   0.6986
 4360   0.6824
 4366   0.6388
 4376   0.6434
 4385   0.6372
 4397   0.6164
 4405   0.6260
 4417   0.6382
 4426   0.6307
 4438   0.6242
 4446   0.6219
 4454   0.6164
 4462   0.6145
 4469   0.6084
 4481   0.6048
 4490   0.5913
 4499   0.5813
 4507   0.5750
 4514   0.5650
 4523   0.5541
 4532   0.5520
 4544   0.5540
 4553   0.5431
 4565   0.5275
 4578   0.5328
 4590   0.5357
 4602   0.5239
 4611   0.5220
 4623   0.5260
 4635   0.5229
 4644   0.5176
 4654   0.5244
 4663   0.5272
 4671   0.5281
 4680   0.5845
 4689   0.5961
 4699   0.7259
 4707   0.6620
 4715   0.6625
 4724   0.6082
 4736   0.5937
 4745   0.5899
 4755   0.5817
 4767   0.5697
 4776   0.5674
 4786   0.5673
 4799   0.5579
 4811   0.5561
 4823   0.5591
 4833   0.5537
 4842   0.5488
 4854   0.5561
 4862   0.5509
 4874   0.5450
 4883   0.5513
 4899   0.5574
 4915   0.5459
 4924   0.5483
 4933   0.5630
 4943   0.5550
 4952   0.5588
 4964   0.5409
 4973   0.5305
 4982   0.5596
 4992   0.5678
 5001   0.5561
 5009   0.5559
 5016   0.5583
 5023   0.5573
 5036   0.5545
 5045   0.5519
 5054   0.5601
 5070   0.5628
 5078   0.5598
 5086   0.5607
 5094   0.5708
 5104   0.5761
 5114   0.5740
 5122   0.5879
 5129   0.6026
 5138   0.6114
 5150   0.5865
 5161   0.5906
 5174   0.6077
 5182   0.5941
 5194   0.5756
 5203   0.5937
 5212   0.6018
 5219   0.5784
 5235   0.5752
 5241   0.5970
 5253   0.5953
 5259   0.5766
 5267   0.5943
 5275   0.6175
 5288   0.6380
 5294   0.6604
 5304   0.6332
 5313   0.6244
 5325   0.6585
 5337   0.6622
 5343   0.6345
 5349   0.6463
 5356   0.6749
 5363   0.6650
 5371   0.6447
 5378   0.6680
 5386   0.6903
 5394   0.6713
 5410   0.6650
 5418   0.6971
 5425   0.7071
 5433   0.6918
 5442   0.6993
 5451   0.7303
 5459   0.7251
 5466   0.7160
 5476   0.7387
 5485   0.7500
 5494   0.7225
 5507   0.7331
 5519   0.7639
 5528   0.7463
 5540   0.7705
 5548   0.7449
 5557   0.7285
 5566   0.7169
 5574   0.7220
 5584   0.7411
 5595   0.7433
 5607   0.7501
 5614   0.7115
 5622   0.6979
 5633   0.6682
 5640   0.6611
 5647   0.6589
 5655   0.6936
 5663   0.7323
 5674   0.7461
 5684   0.7010
 5695   0.7036
 5707   0.7305
 5715   0.6912
 5726   0.6700
 5734   0.6702
 5742   0.6861
 5751   0.6729
 5763   0.6284
 5773   0.6380
 5782   0.6512
 5793   0.6317
 5803   0.6205
 5810   0.6204
 5819   0.6352
 5828   0.6399
 5841   0.6602
 5848   0.6729
 5853   0.6716
 5861   0.6603
 5869   0.6583
 5877   0.6640
 5885   0.6578
 5893   0.6340
 5903   0.6375
 5919   0.6549
 5927   0.6511
 5932   0.6708
 5941   0.6553
 5953   0.6907
 5963   0.6709
 5970   0.6516
 5976   0.6228
 5984   0.6040
 5993   0.5944
 6002   0.6016
 6010   0.5827
 6023   0.5639
 6032   0.5987
 6044   0.5910
 6055   0.5518
 6066   0.5651
 6075   0.5893
 6084   0.5705
 6093   0.5578
 6102   0.5736
 6108   0.5759
 6117   0.5605
 6126   0.5593
 6132   0.5711
 6144   0.5655
 6154   0.5555
 6162   0.5632
 6170   0.5706
 6178   0.5661
 6191   0.5632
 6203   0.5737
 6215   0.5747
 6227   0.5722
 6237   0.5691
 6250   0.5702
 6263   0.5752
 6275   0.5762
 6280   0.6106
 6292   0.7563
 6303   0.7057
 6314   0.5053
 6323   0.5581
 6331   0.6669
 6336   0.6690
 6344   0.6592
 6352   0.4841
 6359   0.4470
 6369   0.5076
 6377   0.4736
 6386   0.5958
 6398   0.6106
 6410   0.6248
 6419   0.6110
 6428   0.5325
 6436   0.5255
 6448   0.5114
 6457   0.6158
 6469   0.6392
 6478   0.5678
 6487   0.5805
 6496   0.5465
 6501   0.5321
 6510   0.5174
 6519   0.5111
 6530   0.5170
 6537   0.5105
 6543   0.4940
 6553   0.4839
 6566   0.4950
 6578   0.4938
 6586   0.4763
 6597   0.4702
 6610   0.4868
 6622   0.4936
 6634   0.4845
 6647   0.4870
 6657   0.4942
 6669   0.5064
 6674   0.5149
 6683   0.5027
 6693   0.4953
 6701   0.5099
 6708   0.5090
 6720   0.4923
 6729   0.5080
 6738   0.5245
 6745   0.5031
 6753   0.4945
 6764   0.5223
 6772   0.5162
 6781   0.4811
 6786   0.5007
 6798   0.5294
 6810   0.5215
 6819   0.5544
 6828   0.5693
 6840   0.5652
 6853   0.5407
 6859   0.5399
 6868   0.5556
 6877   0.5352
 6889   0.5191
 6895   0.5298
 6902   0.5306
 6918   0.5120
 6927   0.5109
 6936   0.5226
 6941   0.5158
 6949   0.5027
 6958   0.4996
 6971   0.5222
 6983   0.5116
 6995   0.5408
 7007   0.5466
 7019   0.5752
 7029   0.5629
 7035   0.5319
 7044   0.5646
 7050   0.5743
 7060   0.5574
 7068   0.5503
 7083   0.5701
 7091   0.5722
 7101   0.5531
 7114   0.5591
 7121   0.5828
 7128   0.5675
 7140   0.5534
 7149   0.5795
 7155   0.5929
 7162   0.5741
 7171   0.5719
 7180   0.5985
 7188   0.6065
 7200   0.5938
 7212   0.5961
 7225   0.6157
 7237   0.6175
 7245   0.6067
 7252   0.6236
 7261   0.6488
 7266   0.6523
 7274   0.6665
 7281   0.6740
 7289   0.6631
 7294   0.6448
 7302   0.6560
 7309   0.6606
 7321   0.6331
 7330   0.6206
 7342   0.6167
 7350   0.6472
 7366   0.6050
 7378   0.5939
 7390   0.6407
 7400   0.7227
 7405   0.6862
 7411   0.7007
 7424   0.7079
 7436   0.7202
 7447   0.7231
 7456   0.7117
 7467   0.6751
 7476   0.6692
 7485   0.6892
 7495   0.6706
 7511   0.6378
 7520   0.6211
 7533   0.6025
 7544   0.6127
 7552   0.5926
 7561   0.6067
 7573   0.6347
 7582   0.6024
 7590   0.5943
 7601   0.5817
 7609   0.5614
 7619   0.5639
 7627   0.5522
 7635   0.5524
 7647   0.5623
 7656   0.5511
 7664   0.5394
 7677   0.5529
 7686   0.5497
 7698   0.5355
 7707   0.5350
 7716   0.5407
 7725   0.5292
 7734   0.5150
 7741   0.5247
 7747   0.5268
 7754   0.5082
 7763   0.5042
 7775   0.5119
 7787   0.5052
 7799   0.4938
 7808   0.4967
 7820   0.5061
 7830   0.5047
 7839   0.5019
 7849   0.5106
 7860   0.5142
 7870   0.5152
 7876   0.5094
 7882   0.5065
 7890   0.5163
 7902   0.5119
 7911   0.4974
 7920   0.5109
 7926   0.4994
 7931   0.5117
 7940   0.5847
 7951   0.5223
 7959   0.5165
 7969   0.5191
 7978   0.5529
 7985   0.5541
 7994   0.5813
 8005   0.5379
 8014   0.5130
 8023   0.4684
 8029   0.4568
 8035   0.5156
 8042   0.5231
 8054   0.5319
 8061   0.5557
 8073   0.5706
 8085   0.5860
 8095   0.5825
 8103   0.5478
 8110   0.5511
 8118   0.5577
 8127   0.5122
 8139   0.4559
 8148   0.5088
 8160   0.5554
 8167   0.5266
 8179   0.4986
 8186   0.4624
 8199   0.4834
 8208   0.5078
 8217   0.4770
 8226   0.4462
 8233   0.4314
 8243   0.4528
 8251   0.4480
 8260   0.4447
 8269   0.4477
 8281   0.4360
 8288   0.4283
 8301   0.4381
 8310   0.4365
 8322   0.4186
 8338   0.4206
 8350   0.4260
 8358   0.4132
 8367   0.4096
 8375   0.4243
 8384   0.4239
 8393   0.4084
 8405   0.4137
 8414   0.4244
 8422   0.4135
 8427   0.4037
 8435   0.4161
 8443   0.4161
 8455   0.4256
 8464   0.4389
 8471   0.4456
 8480   0.4525
 8492   0.4363
 8499   0.4271
 8508   0.4375
 8513   0.4308
 8526   0.4133
 8535   0.4191
 8543   0.4277
 8549   0.4109
 8556   0.4012
 8568   0.4159
 8581   0.4147
 8593   0.4039
 8602   0.4084
 8611   0.4059
 8623   0.4099
 8628   0.4121
 8633   0.3928
 8642   0.3805
 8651   0.4983
 8660   0.5421
 8669   0.5175
 8678   0.4940
 8686   0.4783
 8695   0.4937
 8705   0.4792
 8712   0.4555
 8721   0.4735
 8730   0.4828
 8742   0.4609
 8755   0.4587
 8771   0.4819
 8780   0.4799
 8796   0.4559
 8805   0.4744
 8814   0.4948
 8820   0.4798
 8833   0.4730
 8844   0.4948
 8852   0.4999
 8864   0.4867
 8872   0.4951
 8881   0.5111
 8889   0.5032
 8898   0.4947
 8908   0.5102
 8919   0.5179
 8928   0.5014
 8937   0.4998
 8944   0.5166
 8953   0.5270
 8958   0.5155
 8964   0.5322
 8971   0.5572
 8976   0.5267
 8989   0.5193
 8998   0.5361
 9003   0.5289
 9009   0.5139
 9018   0.5339
 9026   0.5536
 9038   0.5519
 9049   0.5429
 9056   0.5295
 9063   0.5070
 9079   0.4899
 9088   0.4779
 9097   0.4599
 9109   0.4572
 9115   0.4616
 9127   0.4672
 9134   0.4804
 9143   0.4890
 9149   0.5078
 9156   0.5143
 9164   0.5963
 9172   0.6126
 9182   0.6343
 9187   0.6220
 9200   0.5903
 9212   0.5349
 9220   0.5798
 9228   0.6046
 9238   0.5690
 9247   0.5246
 9256   0.4922
 9263   0.4471
 9275   0.4765
 9282   0.4769
 9292   0.4880
 9300   0.4937
 9308   0.4795
 9315   0.4919
 9320   0.4791
 9330   0.4835
 9336   0.4640
 9341   0.4505
 9350   0.4485
 9359   0.4507
 9375   0.4608
 9384   0.4700
 9391   0.4544
 9400   0.4433
 9407   0.4613
 9419   0.4652
 9425   0.4471
 9437   0.4492
 9446   0.4675
 9455   0.4596
 9464   0.4454
 9476   0.4652
 9488   0.4804
 9500   0.4693
 9508   0.4636
 9520   0.5060
 9529   0.5168
 9536   0.5045
 9549   0.4800
 9562   0.4624
 9574   0.4665
 9583   0.4568
 9595   0.4189
 9603   0.4156
 9611   0.4255
 9617   0.4021
 9626   0.3895
 9635   0.3860
 9645   0.3793
 9651   0.3649
 9658   0.3633
 9670   0.3661
 9679   0.3578
 9688   0.3519
 9694   0.3553
 9701   0.3528
 9713   0.3456
 9718   0.3466
 9724   0.3549
 9734   0.3515
 9743   0.3429
 9755   0.3464
 9767   0.3503
 9773   0.3452
 9781   0.3481
 9790   0.3537
 9798   0.3514
 9808   0.3489
 9814   0.3564
 9822   0.3639
 9832   0.3647
 9838   0.3652
 9850   0.3740
 9859   0.3817
 9869   0.3730
 9879   0.3773
 9889   0.3968
 9899   0.3986
 9909   0.3904
 9916   0.4011
 9925   0.4165
 9934   0.4082
 9946   0.4020
 9955   0.4206
 9965   0.4255
 9977   0.4086
 9989   0.4023
 9998   0.4102
10007   0.4048
10019   0.3979
10028   0.4005
10038   0.4102
10044   0.4133
10056   0.4116
10068   0.4192
10080   0.4379
10090   0.4510
10103   0.4579
10113   0.4775
10123   0.5137
10128   0.5340
10138   0.5489
10148   0.5840
10160   0.5616
10169   0.6811
10178   0.8551
10185   0.8834
10194   0.9588
10202   1.0101
10214   0.9902
10224   0.9513
10231   0.9613
10236   1.0784
10246   0.9435
10251   0.8241
10263   0.9860
10272   1.0439
10281   0.9432
10293   0.8955
10303   0.9121
10311   0.8182
10318   0.8146
10328   0.7804
10338   0.6741
10347   0.6229
10356   0.6377
10366   0.5853
10378   0.5526
10388   0.5470
10394   0.5514
10403   0.4651
10413   0.4428
10425   0.3983
10435   0.3770
10441   0.4417
10451   0.4714
10456   0.4434
10466   0.4751
10476   0.4693
10486   0.4605
10498   0.4091
10514   0.4117
10530   0.3785
10541   0.3736
10549   0.3534
10565   0.3438
10573   0.3385
10582   0.3228
10594   0.3012
10600   0.2924
10607   0.3006
10616   0.3165
10624   0.3111
10636   0.3281
10643   0.3183
10648   0.3359
10657   0.3424
10670   0.3490
10683   0.3395
10692   0.3632
10704   0.4467
10714   0.5126
10722   0.4735
10731   0.5305
10738   0.5713
10748   0.6409
10758   0.5460
10770   0.4661
10778   0.4759
10794   0.4783
10802   0.4757
10811   0.4454
10823   0.4305
10832   0.4318
10838   0.4210
10846   0.4030
10854   0.3969
10863   0.3952
10870   0.3798
10882   0.3681
10890   0.3666
10898   0.3602
10914   0.3480
10923   0.3434
10934   0.3430
10941   0.3403
10950   0.3317
10957   0.3277
10969   0.3332
10979   0.3239
10991   0.3150
11000   0.3285
11009   0.3348
11018   0.3177
11025   0.3156
11033   0.3387
11041   0.3381
11050   0.3214
11062   0.3390
11071   0.3603
11081   0.3549
11093   0.3458
11100   0.3751
11109   0.3977
11118   0.3879
11126   0.3930
11138   0.4308
11148   0.4451
11157   0.4388
11167   0.4641
11177   0.5079
11182   0.5147
11193   0.5056
11200   0.4820
11208   0.5227
11216   0.5657
11228   0.5820
11238   0.5209
11245   0.5376
11254   0.5935
11266   0.5622
11275   0.5165
11288   0.5974
11301   0.7706
11313   0.8815
11324   1.0197
11336   0.9564
11345   0.8021
11353   0.6311
11359   0.6153
11366   0.6105
11375   0.5169
11384   0.4720
11393   0.5337
11402   0.5358
11409   0.4342
11419   0.4330
11428   0.3581
11440   0.3343
11452   0.3365
11461   0.3316
11470   0.3461
11480   0.3437
11489   0.3342
11499   0.3397
11509   0.3518
11516   0.3553
11526   0.3560
11536   0.3692
11548   0.3792
11561   0.3867
11569   0.4127
11578   0.4185
11589   0.4101
11597   0.4061
11609   0.4010
11621   0.3934
11630   0.3819
11639   0.3765
11648   0.3708
11660   0.3665
11673   0.3612
11679   0.3536
11688   0.3496
11701   0.3414
11712   0.3351
11720   0.3348
11729   0.3332
11737   0.3267
11743   0.3305
11755   0.3215
11762   0.3207
11772   0.3177
11781   0.3190
11789   0.3169
11796   0.3130
11809   0.3125
11821   0.3150
11829   0.3140
11838   0.3117
11847   0.3302
11856   0.3290
11867   0.3207
11879   0.3453
11888   0.3633
11896   0.3447
11903   0.3736
11909   0.3642
11916   0.3564
11925   0.3386
11934   0.3314
11942   0.3262
11951   0.3351
11960   0.3216
11968   0.3017
11976   0.3139
11985   0.3268
11994   0.3100
12003   0.3038
12015   0.3221
12024   0.3323
12040   0.3171
12046   0.3192
12055   0.3365
12064   0.4069
12071   0.4158
12078   0.4563
12086   0.4012
12097   0.4029
12105   0.3566
12112   0.3334
12124   0.3436
12136   0.3450
12148   0.3404
12164   0.3504
12173   0.3610
12182   0.3624
12188   0.3665
12197   0.3812
12205   0.3886
12218   0.3914
12226   0.4009
12236   0.4152
12244   0.4230
12250   0.4212
12259   0.4337
12267   0.4444
12275   0.4479
12285   0.4520
12298   0.4621
12310   0.4644
12322   0.4790
12334   0.5053
12346   0.5304
12351   0.5483
12363   0.5040
12374   0.5211
12382   0.5538
12398   0.5707
12409   0.5943
12419   0.5679
12428   0.5974
12437   0.6124
12447   0.6634
12456   0.5697
12469   0.5663
12479   0.6463
12489   0.5981
12500   0.5344
12508   0.5224
12521   0.4861
12532   0.4290
12539   0.4167
12547   0.4357
12558   0.4128
12567   0.3752
12576   0.3978
12581   0.4164
12589   0.4725
12599   0.5078
12609   0.4930
12619   0.4803
12629   0.4515
12634   0.4546
12647   0.4474
12655   0.4257
12664   0.4261
12677   0.4155
12686   0.3965
12695   0.3922
12704   0.3916
12716   0.3742
12725   0.3660
12734   0.3689
12740   0.3603
12749   0.3500
12761   0.3556
12773   0.3625
12785   0.3516
12797   0.3630
12804   0.3863
12813   0.3832
12822   0.3881
12832   0.4407
12839   0.4573
12851   0.4711
12856   0.3945
12865   0.3451
12881   0.4276
12890   0.4945
12900   0.6744
12912   0.6241
12921   0.5343
12934   0.5261
12941   0.4942
12949   0.4286
12958   0.4249
12970   0.4212
12982   0.3834
12994   0.3560
13006   0.3767
13019   0.3781
13028   0.3643
13037   0.3742
13046   0.3489
13057   0.3108
13065   0.3190
13074   0.2905
13087   0.2902
13094   0.3092
13100   0.3328
13108   0.3785
13116   0.4321
13125   0.4276
13133   0.3961
13146   0.4169
13154   0.4038
13163   0.3707
13172   0.3797
13184   0.4022
13193   0.3814
13199   0.3623
13208   0.3831
13216   0.3972
13224   0.3822
13233   0.3829
13245   0.4065
13254   0.4100
13263   0.4002
13272   0.4117
13280   0.4303
13292   0.4338
13297   0.4306
13309   0.4440
13325   0.4595
13331   0.4553
13343   0.4495
13348   0.4684
13358   0.4680
13370   0.4861
13377   0.5008
13383   0.4876
13389   0.4862
13395   0.4921
13404   0.4699
13413   0.4780
13421   0.4974
13428   0.4666
13435   0.4629
13444   0.4968
13451   0.4890
13461   0.4772
13470   0.4711
13482   0.4556
13489   0.4675
13497   0.4578
13501   0.4248
13509   0.3992
13521   0.4054
13530   0.4104
13538   0.3916
13547   0.3926
13555   0.3972
13564   0.3901
13573   0.3869
13585   0.3965
13597   0.3928
13602   0.3902
13610   0.3981
13619   0.4033
13627   0.3932
13635   0.3974
13644   0.4107
13656   0.4042
13662   0.3965
13671   0.4129
13684   0.4194
13693   0.4036
13705   0.4070
13715   0.3940
13723   0.3910
13731   0.3849
13740   0.3806
13745   0.3651
13755   0.3643
13763   0.3794
13772   0.3640
13784   0.3476
13796   0.3669
13804   0.3783
13813   0.3573
13822   0.3610
13830   0.3925
13842   0.3869
13847   0.3676
13856   0.4024
13868   0.4243
13880   0.3931
13896   0.4006
13905   0.4369
13917   0.4472
13929   0.4250
13938   0.4231
13946   0.4680
13954   0.5054
13959   0.5148
13967   0.4872
13975   0.4546
13985   0.4622
13997   0.4376
14007   0.4540
14019   0.4834
14026   0.5143
14038   0.5412
14049   0.5011
14058   0.4813
14066   0.4649
14072   0.4601
14084   0.4451
14093   0.4233
14109   0.4145
14122   0.4135
14134   0.3981
14142   0.3794
14152   0.3750
14159   0.3728
14167   0.3552
14180   0.3427
14192   0.3451
14197   0.3395
14206   0.3193
14213   0.3119
14219   0.3137
14232   0.3174
14244   0.3134
14253   0.3034
14265   0.3114
14272   0.3078
14277   0.3298
14289   0.3652
14297   0.3949
14305   0.4382
14317   0.4203
14325   0.3329
14334   0.4761
14339   0.4287
14350   0.3366
14362   0.4072
14371   0.5366
14379   0.5177
14389   0.4497
14396   0.4672
14409   0.4406
14420   0.4172
14433   0.4471
14441   0.4232
14452   0.3756
14461   0.3990
14473   0.4170
14482   0.3708
14494   0.3648
14506   0.4115
14511   0.3881
14523   0.3601
14535   0.4083
14544   0.4182
14551   0.4005
14559   0.3322
14571   0.3482
14580   0.3095
14588   0.2986
14598   0.3139
14607   0.3121
14619   0.3012
14625   0.3104
14633   0.3227
14642   0.3125
14651   0.3124
14667   0.3322
14675   0.3374
14691   0.3320
14699   0.3500
14708   0.3587
14716   0.3807
14724   0.3409
14733   0.3138
14740   0.3020
14749   0.2968
14756   0.3015
14763   0.2970
14779   0.2852
14788   0.2871
14795   0.2948
14803   0.2898
14813   0.2841
14822   0.2913
14831   0.2936
14844   0.2849
14850   0.2855
14862   0.3001
14871   0.2961
14883   0.2864
14892   0.2905
14901   0.2999
14911   0.2935
14918   0.2827
14934   0.2972
14946   0.3085
14956   0.2916
14963   0.2935
14973   0.3191
14983   0.3239
14995   0.3074
15007   0.3239
15015   0.3140
15026   0.3442
15034   0.3580
15046   0.3972
15051   0.4619
15063   0.5104
15073   0.5147
15083   0.4594
15093   0.4080
15103   0.3967
15109   0.4042
15117   0.3920
15127   0.3743
15140   0.3686
15145   0.3734
15154   0.3600
15159   0.3543
15164   0.3621
15173   0.3622
15182   0.3512
15191   0.3572
15199   0.3700
15208   0.3637
15217   0.3593
15226   0.3727
15233   0.3809
15242   0.3778
15250   0.3794
15266   0.3928
15277   0.4031
15285   0.3925
15294   0.3982
15303   0.4156
15315   0.4216
15324   0.4370
15331   0.4486
15340   0.4607
15349   0.4801
15359   0.5196
15366   0.5861
15374   0.5873
15380   0.6022
15385   0.5445
15393   0.4881
15402   0.4919
15413   0.5456
15424   0.5548
15432   0.5682
15441   0.5631
15450   0.5670
15458   0.5671
15465   0.5827
15473   0.5956
15481   0.6014
15490   0.6138
15498   0.6530
15507   0.6703
15512   0.6441
15517   0.6469
15530   0.6707
15541   0.6392
15549   0.6655
15558   0.6506
15570   0.6289
15578   0.6248
15587   0.6038
15594   0.6085
15600   0.6067
15612   0.6083
15624   0.6340
15631   0.6334
15643   0.6184
15652   0.6391
15662   0.6301
15670   0.6414
15679   0.6701
15688   0.6839
15699   0.6982
15706   0.6729
15716   0.6609
15729   0.6850
15740   0.6816
15750   0.6549
15762   0.6587
15771   0.6766
15781   0.6739
15788   0.6456
15800   0.6643
15804   0.6726
15812   0.6667
15823   0.6817
15830   0.6330
15835   0.6287
15841   0.6229
15850   0.6151
15862   0.6101
15874   0.6151
15883   0.6146
15893   0.6021
15904   0.6044
15917   0.6107
15927   0.6306
15939   0.6317
15949   0.6119
15958   0.6117
15966   0.6110
15974   0.6271
15982   0.6195
15988   0.6390
15998   0.6323
16007   0.6601
16017   0.6166
16022   0.6640
16033   0.7159
16040   0.7328
16051   0.7569
16058   0.7686
16067   0.7590
16083   0.7453
16091   0.7442
16100   0.7621
16106   0.8029
16113   0.7888
16121   0.7553
16128   0.7770
16138   0.7999
16150   0.7741
16160   0.7591
16169   0.7898
16178   0.7933
16190   0.7657
16200   0.7619
16209   0.7816
16217   0.7722
16225   0.7691
16233   0.7546
16244   0.7107
16251   0.6696
16258   0.6586
16270   0.6173
16277   0.6108
16285   0.5782
16293   0.5604
16305   0.5522
16312   0.5503
16328   0.5377
16335   0.5449
16344   0.5342
16356   0.5424
16368   0.5511
16379   0.5227
16388   0.5328
16396   0.5404
16405   0.5043
16410   0.4960
16416   0.4798
16426   0.5016
16432   0.5173
16442   0.5136
16451   0.5240
16457   0.5250
16465   0.5376
16474   0.5354
16484   0.5731
16493   0.5888
16500   0.5896
16511   0.6120
16519   0.6386
16528   0.6531
16534   0.6822
16542   0.7127
16548   0.7026
16556   0.7117
16568   0.7579
16579   0.7654
16586   0.7479
16595   0.7783
16601   0.8153
16611   0.8157
16620   0.8234
16629   0.8251
16635   0.8672
16640   0.8524
16651   0.8458
16660   0.8230
16668   0.8294
16678   0.8525
16685   0.8630
16692   0.8405
16703   0.7965
16710   0.7802
16718   0.7479
16726   0.7207
16734   0.6860
16743   0.6819
16753   0.6594
16763   0.6467
16772   0.6283
16784   0.6257
16792   0.6279
16805   0.6221
16818   0.6110
16826   0.5905
16836   0.5831
16841   0.5621
16849   0.5259
16856   0.5082
16865   0.5226
16872   0.5191
16883   0.5819
16890   0.6169
16899   0.6155
16907   0.6080
16916   0.6126
16926   0.6071
16938   0.6274
16947   0.6438
16956   0.6481
16963   0.6466
16973   0.7155
16984   0.7115
16995   0.6617
17007   0.6510
17016   0.6708
17027   0.6744
17036   0.7177
17044   0.7210
17053   0.7251
17062   0.7024
17071   0.6845
17083   0.6887
17095   0.7455
17104   0.7552
17115   0.8255
17123   0.8346
17131   0.7747
17141   0.7494
17148   0.6975
17159   0.6958
17166   0.7370
17176   0.6849
17192   0.6768
17208   0.6770
17216   0.6754
17225   0.7073
17236   0.6818
17245   0.7125
17253   0.7124
17258   0.7359
17265   0.7316
17277   0.6931
17286   0.6922
17298   0.7215
17309   0.7600
17321   0.7264
17326   0.7416
17333   0.7013
17345   0.6861
17351   0.6536
17360   0.6506
17370   0.6243
17379   0.6182
17387   0.5945
17395   0.6126
17407   0.6075
17418   0.6126
17427   0.5925
17437   0.5495
17445   0.5404
17451   0.5632
17458   0.5730
17466   0.5821
17473   0.5739
17482   0.5803
17487   0.5652
17499   0.5309
17508   0.5453
17514   0.5410
17519   0.4868
17532   0.4526
17537   0.4607
17546   0.4519
17555   0.4269
17560   0.4234
17569   0.4255
17582   0.4119
17588   0.3987
17595   0.4058
17603   0.4033
17611   0.3895
17620   0.3872
17628   0.3950
17637   0.3868
17642   0.3752
17652   0.3771
17664   0.3773
17672   0.3667
17684   0.3569
17694   0.3526
17706   0.3486
17718   0.3365
17725   0.3294
17730   0.3392
17739   0.3299
17746   0.3054
17758   0.3095
17765   0.3026
17774   0.2939
17783   0.3030
17795   0.3294
17805   0.2740
17815   0.3082
17823   0.3170
17831   0.3063
17842   0.3528
17850   0.3339
17859   0.2879
17871   0.2910
17880   0.3053
17889   0.2959
17899   0.2807
17908   0.2916
17915   0.3000
17923   0.2998
17932   0.2943
17941   0.2930
17953   0.3135
17962   0.3244
17970   0.3052
17982   0.3103
17992   0.3344
18000   0.3364
18005   0.3547
18015   0.3352
18024   0.3216
18034   0.3216
18043   0.3173
18053   0.3063
18063   0.2996
18072   0.3009
18081   0.2968
18094   0.2906
18100   0.2862
18110   0.2882
18119   0.2848
18128   0.2781
18140   0.2759
18149   0.2825
18162   0.2847
18174   0.2727
18180   0.2564
18188   0.2671
18198   0.2807
18206   0.2785
18215   0.2774
18224   0.2925
18234   0.2994
18250   0.3043
18258   0.3068
18270   0.4260
18280   0.5388
18290   0.7260
18298   0.8552
18309   0.9255
18314   0.9033
18323   0.8743
18332   0.8635
18344   0.8344
18356   0.8227
18365   0.8414
18374   0.8437
18382   0.8137
18390   0.8175
18399   0.8405
18406   0.8283
18415   0.8037
18421   0.8230
18429   0.8400
18435   0.8170
18442   0.8032
18448   0.8248
18460   0.8584
18472   0.8609
18485   0.8904
18496   0.9005
18501   0.8951
18510   0.8624
18517   0.8549
18529   0.8706
18537   0.8533
18550   0.8302
18559   0.8402
18568   0.8436
18581   0.8206
18590   0.8162
18599   0.8364
18608   0.8113
18616   0.7763
18624   0.7957
18633   0.8111
18645   0.8199
18652   0.8446
18661   0.8708
18669   0.8777
18677   0.8532
18687   0.8431
18693   0.8420
18701   0.8554
18710   0.8712
18722   0.8986
18727   0.8892
18739   0.8737
18747   0.8997
18752   0.9141
18764   0.8940
18773   0.8995
18782   0.9291
18794   0.9297
18801   0.9136
18810   0.9385
18817   0.9637
18826   0.9536
18834   0.9504
18841   0.9856
18850   1.0001
18857   0.9838
18869   1.0023
18878   1.0405
18887   1.0368
18896   1.0313
18908   1.0719
18917   1.0984
18926   1.0881
18938   1.0650
18950   1.0921
18959   0.9673
18967   0.9248
18979   0.9043
18986   0.8760
18994   0.9068
19003   0.9264
19012   0.8920
19017   0.8913
19026   0.9292
19038   0.9183
19047   0.8899
19053   0.9180
19060   0.9390
19069   0.9076
19077   0.9040
19086   0.9398
19102   0.9350
19111   0.9084
19119   0.9292
19126   0.9592
19138   0.9816
19146   1.1999
19155   1.1407
19167   1.0969
19179   1.0660
19191   0.9973
19197   0.9610
19204   0.9334
19212   0.8897
19218   0.8645
19225   0.8452
19235   0.8067
19244   0.7784
19254   0.7676
19264   0.7524
19276   0.7219
19285   0.7154
19290   0.7233
19301   0.7046
19310   0.7022
19319   0.7271
19327   0.7367
19335   0.7293
19341   0.7580
19346   0.6714
19356   0.6603
19364   0.7316
19372   0.7013
19380   0.6467
19388   0.7049
19397   0.7532
19406   0.7055
19415   0.7127
19420   0.7921
19427   0.7993
19434   0.7711
19439   0.8246
19448   0.8877
19457   0.8546
19465   0.8391
19473   0.8269
19480   0.7919
19489   0.7907
19497   0.7862
19504   0.7673
19510   0.7413
19518   0.7328
19531   0.7235
19543   0.7133
19555   0.7111
19563   0.6972
19575   0.6859
19584   0.6970
19589   0.6978
19598   0.6912
19605   0.6821
19613   0.6796
19629   0.6859
19645   0.6707
19652   0.6546
19668   0.6219
19675   0.6775
19687   0.6933
19695   0.7308
19707   0.7838
19715   0.7943
19723   0.8230
19732   0.7976
19741   0.7890
19753   0.8050
19758   0.8039
19765   0.7852
19774   0.7906
19781   0.8047
19789   0.7970
19798   0.7873
19807   0.7962
19813   0.8027
19822   0.8019
19834   0.8001
19842   0.7991
19848   0.8095
19853   0.8131
19865   0.8087
19874   0.8211
19883   0.8385
19888   0.8319
19897   0.8183
19910   0.8095
19919   0.8244
19932   0.8148
19944   0.8057
19956   0.8323
19968   0.7799
19980   0.7568
19992   0.7946
20004   0.8367
20014   0.8383
20020   0.9028
20027   0.9083
20034   0.9087
20042   0.9326
20053   0.9599
20062   0.9673
20075   1.0378
20088   1.3000
20104   1.1003
20117   0.9504
20129   0.8401
20141   0.8262
20147   0.8003
20157   0.8123
20165   0.8160
20174   0.7922
20183   0.8002
20192   0.8186
20201   0.8025
20209   0.7934
20218   0.8294
20231   0.8266
20244   0.7979
20252   0.8206
20261   0.8367
20267   0.7889
20275   0.7847
20284   0.8210
20293   0.8009
20305   0.7637
20314   0.7829
20330   0.8016
20339   0.8395
20351   0.8864
20361   0.7982
20367   0.7767
20375   0.7469
20387   0.7496
20399   0.7480
20411   0.7289
20420   0.7182
20429   0.7243
20439   0.7153
20451   0.6976
20458   0.6909
20471   0.7068
20480   0.7120
20487   0.7023
20493   0.7064
20502   0.7202
20511   0.7246
20517   0.7271
20526   0.7287
20535   0.7352
20541   0.7391
20557   0.7432
20564   0.7536
20573   0.7671
20581   0.7835
20594   0.7981
20606   0.7684
20613   0.7706
20629   0.7159
20638   0.7334
20646   0.7206
20658   0.7065
20666   0.7110
20675   0.7128
20684   0.6981
20693   0.6918
20709   0.6976
20716   0.6903
20723   0.6737
20731   0.6771
20740   0.6842
20756   0.6894
20765   0.6784
20774   0.6749
20786   0.6617
20797   0.6639
20809   0.6543
20821   0.6519
20831   0.6590
20844   0.6595
20850   0.6543
20859   0.6581
20868   0.6686
20875   0.6637
20881   0.6653
20889   0.6797
20901   0.6829
20910   0.6778
20918   0.6902
20926   0.7079
20939   0.7036
20945   0.7005
20956   0.7240
20965   0.7421
20974   0.7217
20983   0.7261
20991   0.7616
21000   0.7622
21012   0.7457
21025   0.7779
21034   0.8053
21050   0.7950
21057   0.8005
21069   0.8159
21079   0.8172
21087   0.8237
21095   0.8305
21105   0.8092
21114   0.8168
21124   0.8182
21134   0.8262
21141   0.8376
21149   0.8480
21154   0.8544
21166   0.8457
21175   0.8565
21185   0.8617
21195   0.8533
21205   0.8590
21214   0.8405
21222   0.8092
21227   0.7868
21237   0.8252
21246   0.7925
21252   0.7669
21259   0.7694
21269   0.7521
21278   0.7265
21287   0.7170
21299   0.7097
21307   0.6960
21316   0.6855
21324   0.6799
21336   0.6711
21352   0.6713
21361   0.6611
21370   0.6493
21379   0.6533
21391   0.6528
21403   0.6387
21415   0.6419
21424   0.6562
21432   0.6474
21442   0.6426
21454   0.6663
21464   0.6747
21470   0.6619
21479   0.6782
21491   0.7081
21501   0.7068
21511   0.7095
21521   0.7470
21527   0.7702
21536   0.7723
21545   0.8473
21552   0.7401
21561   0.7783
21570   0.7553
21580   0.7660
21588   0.7248
21597   0.6692
21602   0.6795
21613   0.6859
21622   0.6275
21630   0.6078
21638   0.6437
21644   0.6246
21653   0.5779
21665   0.6007
21674   0.6335
21684   0.5984
21697   0.5684
21713   0.5812
21722   0.5971
21735   0.5976
21743   0.6042
21750   0.6232
21755   0.6306
21760   0.6415
21769   0.6584
21781   0.6690
21793   0.6835
21805   0.7019
21813   0.7152
21820   0.7118
21832   0.7156
21842   0.6701
21847   0.6624
21857   0.6525
21866   0.6951
21874   0.7271
21883   0.7778
21896   0.7127
21906   0.6617
21915   0.7256
21924   0.7284
21937   0.6460
21946   0.6551
21954   0.7136
21963   0.6708
21975   0.6171
21984   0.6700
21996   0.6836
22003   0.6221
22011   0.6221
22017   0.6629
22026   0.6369
22039   0.6025
22051   0.6355
22059   0.6540
22071   0.6578
22084   0.6719
22094   0.6714
22110   0.6580
22126   0.6768
22138   0.7073
22148   0.7047
22157   0.6983
22166   0.7079
22176   0.7136
22189   0.7116
22201   0.7130
22217   0.7241
22226   0.7271
22233   0.7239
22241   0.7274
22249   0.7423
22258   0.7482
22271   0.7405
22279   0.7508
22288   0.7674
22297   0.7670
22305   0.7627
22314   0.7809
22323   0.7925
22335   0.7842
22344   0.7884
22357   0.8095
22365   0.8156
22378   0.8086
22390   0.8225
22402   0.8552
22412   0.8353
22423   0.8411
22434   0.8525
22442   0.8367
22447   0.8388
22456   0.8573
22472   0.8601
22484   0.8611
22495   0.8769
22504   0.8859
22512   0.8881
22517   0.8808
22526   0.8967
22536   0.9007
22546   0.9084
22556   0.8695
22566   0.8559
22575   0.8829
22585   0.8736
22594   0.8336
22603   0.8340
22608   0.8243
22617   0.8486
22627   0.8440
22639   0.8186
22651   0.8215
22659   0.8109
22667   0.8009
22673   0.7795
22683   0.7638
22692   0.7456
22704   0.7421
22712   0.7429
22724   0.7255
22733   0.7131
22745   0.7076
22753   0.7108
22761   0.7046
22769   0.6922
22776   0.6927
22788   0.6953
22797   0.6803
22806   0.6789
22814   0.6838
22821   0.6729
22830   0.6608
22839   0.6785
22851   0.6703
22860   0.6510
22872   0.6607
22885   0.6203
22897   0.5712
22909   0.5747
22918   0.5785
22930   0.5381
22942   0.5152
22951   0.5251
22961   0.5129
22970   0.4729
22978   0.4723
22987   0.5443
22996   0.5710
23006   0.8345
23014   0.7685
23022   0.7386
23031   0.6288
23043   0.5996
23052   0.5717
23062   0.5428
23074   0.5219
23083   0.5032
23093   0.4866
23106   0.4661
23118   0.4619
23130   0.4596
23140   0.4491
23149   0.4506
23161   0.4450
23169   0.4270
23181   0.4201
23190   0.4263
23206   0.4214
23222   0.4154
23231   0.4191
23240   0.4273
23250   0.4269
23259   0.3912
23271   0.3666
23280   0.3596
23289   0.3799
23299   0.3765
23308   0.3513
23316   0.3758
23323   0.4085
23330   0.3888
23343   0.3898
23352   0.4510
23361   0.4639
23377   0.4282
23385   0.4660
23393   0.5224
23401   0.4972
23411   0.4742
23421   0.4490
23429   0.4643
23436   0.4594
23445   0.4689
23457   0.4436
23468   0.4112
23481   0.4177
23489   0.4016
23501   0.4064
23510   0.4213
23519   0.4081
23526   0.3962
23542   0.4221
23548   0.4364
23560   0.4168
23566   0.4596
23574   0.5053
23582   0.5145
23595   0.5359
23601   0.5577
23611   0.5068
23620   0.4862
23632   0.5366
23644   0.5313
23650   0.4813
23656   0.5015
23663   0.5298
23670   0.5118
23678   0.4931
23685   0.5134
23693   0.5211
23701   0.4867
23717   0.4868
23725   0.5323
23732   0.5304
23740   0.5044
23749   0.5420
23758   0.5841
23766   0.5699
23773   0.5659
23783   0.6265
23792   0.6522
23801   0.6377
23814   0.7387
23826   0.7887
23835   0.8001
23847   0.8349
23855   0.7427
23864   0.6534
23873   0.5945
23881   0.6090
23891   0.6132
23902   0.6085
23914   0.5981
23921   0.6072
23929   0.5785
23940   0.5270
23947   0.5060
23954   0.4792
23962   0.5024
23970   0.5600
23981   0.6657
23991   0.7423
24002   0.7079
24014   0.7578
24022   0.8470
24033   0.7951
24041   0.8015
24049   0.7437
24058   0.9205
24070   1.0076
24080   1.0586
24089   0.8862
24100   0.7638
24110   0.6463
24117   0.6114
24126   0.6125
24135   0.5462
24148   0.5593
24155   0.6169
24160   0.6999
24168   0.6735
24176   0.6133
24184   0.5936
24192   0.5744
24200   0.5744
24210   0.5309
24226   0.4957
24234   0.5128
24239   0.5523
24248   0.5958
24260   0.6167
24270   0.6398
24277   0.6466
24283   0.6341
24291   0.6042
24300   0.5941
24309   0.6095
24317   0.5700
24330   0.5396
24339   0.5293
24351   0.4966
24362   0.4876
24373   0.4937
24382   0.4772
24391   0.4561
24400   0.4694
24409   0.4703
24415   0.4414
24424   0.4390
24433   0.4645
24439   0.4465
24451   0.4237
24461   0.4518
24469   0.4621
24477   0.4393
24485   0.4379
24498   0.4625
24510   0.4646
24522   0.4529
24534   0.4624
24544   0.4787
24557   0.4827
24570   0.4888
24582   0.5071
24587   0.5159
24599   0.5526
24610   0.5395
24621   0.5485
24630   0.5715
24638   0.6117
24643   0.6914
24651   0.7211
24659   0.7336
24666   0.6571
24676   0.6247
24684   0.6392
24693   0.6098
24705   0.5976
24717   0.5735
24726   0.5403
24735   0.5291
24743   0.5231
24755   0.5195
24764   0.4933
24776   0.5098
24785   0.5337
24794   0.5262
24803   0.5378
24808   0.5348
24817   0.5383
24826   0.5201
24837   0.5112
24844   0.4963
24850   0.4792
24860   0.4782
24873   0.4820
24885   0.4634
24893   0.4570
24904   0.4713
24917   0.4763
24929   0.4555
24941   0.4629
24954   0.5379
24964   0.5441
24976   0.4759
24981   0.4628
24990   0.4773
25000   0.4700
25008   0.4405
25015   0.4501
25027   0.4649
25036   0.4467
25045   0.4311
25052   0.4615
25060   0.4648
25071   0.4335
25079   0.4274
25088   0.4290
25093   0.4171
25105   0.4175
25117   0.4056
25126   0.4206
25135   0.4294
25147   0.4474
25160   0.4385
25166   0.4300
25175   0.4467
25184   0.4562
25196   0.4411
25202   0.4469
25209   0.4669
25225   0.4637
25234   0.4473
25243   0.4755
25248   0.5006
25256   0.4764
25265   0.4795
25278   0.5231
25290   0.5993
25302   0.5457
25314   0.5317
25326   0.5262
25336   0.5306
25342   0.5292
25351   0.5197
25357   0.5342
25367   0.5380
25375   0.5276
25390   0.5304
25398   0.5132
25408   0.4892
25421   0.4834
25428   0.4793
25435   0.4636
25447   0.4494
25456   0.4435
25462   0.4470
25469   0.4392
25478   0.4301
25487   0.4337
25495   0.4409
25507   0.4344
25519   0.4346
25532   0.4440
25544   0.4464
25552   0.4508
25559   0.4622
25568   0.4494
25573   0.4929
25581   0.6107
25588   0.6655
25596   0.7120
25601   0.6068
25609   0.5226
25616   0.5323
25628   0.5459
25637   0.5337
25649   0.5375
25657   0.5557
25673   0.6264
25685   0.6976
25697   0.7864
25707   0.7998
25712   0.6788
25718   0.5512
25731   0.4872
25743   0.4493
25754   0.4508
25763   0.4137
25774   0.4172
25783   0.4467
25792   0.4306
25802   0.4098
25818   0.4290
25827   0.4430
25840   0.4410
25851   0.4435
25859   0.4544
25868   0.4507
25880   0.4608
25889   0.4641
25897   0.4753
25908   0.4884
25916   0.5051
25926   0.4889
25934   0.4715
25942   0.4610
25954   0.4677
25963   0.4572
25971   0.4648
25984   0.4612
25993   0.4542
26005   0.4653
26014   0.4710
26023   0.4596
26032   0.4673
26041   0.4834
26048   0.4792
26054   0.4832
26061   0.5041
26070   0.5090
26082   0.5138
26094   0.5316
26106   0.5407
26115   0.5417
26127   0.5665
26137   0.5807
26146   0.5953
26156   0.6162
26167   0.6232
26177   0.6417
26183   0.6178
26189   0.6000
26197   0.6287
26209   0.6635
26218   0.6509
26227   0.6253
26233   0.6549
26238   0.6338
26247   0.6137
26258   0.5191
26266   0.5226
26276   0.4805
26285   0.5187
26292   0.5877
26301   0.5468
26312   0.5072
26321   0.5133
26330   0.5538
26336   0.5982
26342   0.6125
26349   0.5902
26361   0.6467
26368   0.6502
26380   0.6169
26392   0.5606
26402   0.5322
26410   0.5186
26417   0.5259
26425   0.5012
26434   0.4985
26446   0.5371
26455   0.5790
26467   0.5966
26474   0.5370
26486   0.5578
26493   0.5485
26506   0.5440
26515   0.5246
26524   0.5000
26533   0.5014
26540   0.4949
26550   0.4549
26558   0.4416
26567   0.4682
26576   0.4406
26588   0.3922
26595   0.4001
26608   0.4332
26617   0.4193
26629   0.3801
26645   0.3849
26657   0.3973
26665   0.3764
26674   0.3590
26682   0.3764
26691   0.3765
26700   0.3518
26712   0.3501
26721   0.3657
26729   0.3605
26734   0.3531
26742   0.3566
26750   0.3575
26762   0.3662
26771   0.3692
26778   0.4041
26787   0.4210
26799   0.3963
26806   0.3943
26815   0.3950
26820   0.3830
26833   0.3823
26842   0.3934
26850   0.3962
26856   0.3883
26863   0.3921
26875   0.3943
26888   0.3982
26900   0.4030
26909   0.4072
26918   0.4196
26930   0.4390
26935   0.4309
26940   0.4315
26949   0.4671
26958   0.4552
26967   0.4431
26976   0.4623
26985   0.5190
26993   0.5058
27002   0.5085
27012   0.4996
27019   0.4756
27028   0.4601
27037   0.4582
27049   0.4419
27062   0.4296
27078   0.4300
27087   0.4221
27103   0.4098
27112   0.4135
27121   0.4145
27127   0.4027
27140   0.3987
27151   0.4074
27159   0.4053
27171   0.3917
27179   0.4001
27188   0.4098
27196   0.4019
27205   0.3984
27215   0.4087
27226   0.4038
27235   0.3919
27244   0.3959
27251   0.4005
27260   0.3954
27265   0.3890
27271   0.3997
27278   0.4067
27283   0.4095
27296   0.4067
27305   0.3885
27310   0.3893
27316   0.4003
27325   0.4164
27333   0.4189
27345   0.4270
27356   0.4485
27363   0.4288
27370   0.4110
27386   0.4078
27395   0.3959
27404   0.3909
27416   0.3840
27422   0.4103
27434   0.4056
27441   0.4082
27450   0.3993
27456   0.4345
27463   0.4537
27471   0.5435
27479   0.5848
27489   0.7163
27494   0.7166
27507   0.6553
27519   0.5764
27527   0.5175
27535   0.5419
27545   0.5365
27554   0.5597
27563   0.4830
27570   0.4348
27582   0.4325
27589   0.4335
27599   0.4144
27607   0.4387
27615   0.4465
27622   0.4400
27627   0.4556
27637   0.4244
27643   0.4062
27648   0.3955
27657   0.3906
27666   0.3846
27682   0.3768
27691   0.3848
27698   0.3852
27707   0.3778
27714   0.3830
27726   0.3972
27732   0.4014
27744   0.4007
27753   0.4118
27762   0.4219
27771   0.4167
27783   0.4238
27795   0.4436
27807   0.4500
27815   0.4427
27827   0.4641
27836   0.4875
27843   0.5022
27856   0.4864
27869   0.4554
27881   0.4721
27890   0.4877
27902   0.4331
27910   0.4130
27918   0.4441
27924   0.4337
27933   0.3900
27942   0.3924
27952   0.4087
27958   0.3946
27965   0.3710
27977   0.3721
27986   0.3798
27995   0.3657
28001   0.3552
28008   0.3548
28020   0.3643
28025   0.3508
28031   0.3347
28041   0.3445
28050   0.3561
28062   0.3318
28074   0.3319
28080   0.3460
28088   0.3386
28097   0.3337
28105   0.3453
28115   0.3433
28121   0.3349
28129   0.3468
28139   0.3480
28145   0.3377
28157   0.3436
28166   0.3537
28176   0.3448
28186   0.3385
28196   0.3564
28206   0.3590
28216   0.3456
28223   0.3543
28232   0.3713
28241   0.3595
28253   0.3555
28262   0.3876
28272   0.3956
28284   0.3673
28296   0.4057
28305   0.4521
28314   0.4233
28326   0.4292
28335   0.4992
28345   0.5072
28351   0.4851
28363   0.5535
28375   0.6055
28387   0.5811
28397   0.6100
28410   0.6925
28420   0.7091
28430   0.6951
28435   0.7696
28445   0.8403
28455   0.8274
28467   0.5825
28476   0.6786
28485   0.8250
28492   0.6521
28501   0.6404
28509   0.8634
28521   0.9148
28531   0.8186
28538   0.8125
28543   0.8052
28553   0.8204
28558   0.8223
28570   0.7425
28579   0.6355
28588   0.6899
28600   0.7238
28610   0.7182
28618   0.7016
28625   0.6989
28635   0.7218
28645   0.9013
28654   0.9655
28663   1.1046
28673   1.1256
28685   1.1646
28695   1.2544
28701   1.3895
28710   1.2795
28720   1.2731
28732   1.2380
28742   1.0966
28748   1.0007
28758   0.8524
28763   0.7174
28773   0.6675
28783   0.5885
28793   0.5964
28805   0.5584
28821   0.5293
28837   0.4485
28848   0.4327
28856   0.4010
28872   0.3570
28880   0.3454
28889   0.3455
28901   0.3160
28907   0.3272
28914   0.3543
28923   0.3455
28931   0.3313
28943   0.3358
28950   0.3326
28955   0.2972
28964   0.3671
28977   0.3302
28990   0.2824
28999   0.3219
29011   0.3081
29021   0.3163
29029   0.3454
29038   0.3628
29045   0.4052
29055   0.4189
29065   0.7149
29077   0.6249
29085   0.6354
29101   0.6399
29109   0.6320
29118   0.5814
29130   0.5707
29139   0.5812
29145   0.5540
29153   0.5256
29161   0.5370
29170   0.5338
29177   0.4997
29189   0.4967
29197   0.5121
29205   0.4939
29221   0.4749
29230   0.4892
29241   0.4922
29248   0.4747
29257   0.4779
29264   0.4903
29276   0.4791
29286   0.4495
29298   0.4666
29307   0.4441
29316   0.4121
29325   0.4262
29332   0.4388
29340   0.4067
29348   0.3994
29357   0.4280
29369   0.4231
29378   0.4007
29388   0.4213
29400   0.4422
29407   0.4235
29416   0.4219
29425   0.4617
29433   0.4578
29445   0.4409
29455   0.4677
29464   0.4974
29474   0.4952
29484   0.6171
29489   0.6938
29500   0.5609
29507   0.5193
29515   0.5277
29523   0.5095
29535   0.5429
29545   0.5208
29552   0.4641
29561   0.4769
29573   0.5034
29582   0.4910
29595   0.4867
29608   0.5202
29620   0.5723
29631   0.6667
29643   0.4015
29652   0.4087
29660   0.4025
29666   0.3900
29673   0.4031
29682   0.4179
29691   0.4118
29700   0.4275
29709   0.4603
29716   0.4720
29726   0.4735
29735   0.4547
29747   0.4912
29759   0.4983
29768   0.5293
29777   0.5130
29787   0.4918
29796   0.5231
29806   0.5405
29816   0.5088
29823   0.5122
29833   0.5443
29843   0.5310
29855   0.5158
29868   0.5414
29876   0.5591
29885   0.5249
29896   0.5172
29904   0.5142
29916   0.5034
29928   0.4776
29937   0.4599
29946   0.4563
29955   0.4276
29967   0.4135
29980   0.4207
29986   0.4100
29995   0.3855
30008   0.3794
30019   0.3831
30027   0.3724
30036   0.3578
30044   0.3566
30050   0.3592
30062   0.3534
30069   0.3468
30079   0.3528
30088   0.3599
30096   0.3498
30103   0.3477
30116   0.3664
30128   0.3661
30136   0.3523
30145   0.3629
30154   0.3864
30163   0.3755
30174   0.3791
30186   0.4128
30195   0.4300
30203   0.3974
30210   0.4086
30216   0.3845
30223   0.4001
30232   0.3534
30241   0.3578
30249   0.3857
30258   0.3547
30267   0.3504
30275   0.3479
30283   0.3407
30292   0.3422
30301   0.3409
30310   0.3365
30322   0.3336
30331   0.3414
30347   0.3331
30353   0.3314
30362   0.3337
30371   0.3417
30378   0.3307
30385   0.3825
30393   0.3836
30404   0.4097
30412   0.3535
30419   0.3132
30431   0.3218
30443   0.3342
30455   0.3160
30471   0.3058
30480   0.3168
30489   0.3169
30495   0.3089
30504   0.3117
30512   0.3119
30525   0.3081
30533   0.3086
30543   0.3120
30551   0.3133
30557   0.3138
30566   0.3182
30574   0.3239
30582   0.3262
30592   0.3346
30605   0.3450
30617   0.3486
30629   0.3584
30641   0.3741
30653   0.3803
30658   0.3837
30670   0.3930
30681   0.4418
30689   0.4558
30705   0.4824
30716   0.4971
30726   0.4974
30735   0.4753
30744   0.4276
30754   0.3846
30763   0.3638
30776   0.3867
30786   0.4094
30796   0.4182
30807   0.4658
30815   0.4090
30828   0.3645
30839   0.3425
30846   0.3392
30854   0.3763
30865   0.3806
30874   0.3518
30883   0.3585
30888   0.3329
30896   0.3457
30906   0.3408
30916   0.3637
30926   0.3931
30936   0.3729
30941   0.3392
30954   0.3282
30962   0.3462
30971   0.3494
30984   0.3268
30993   0.3268
31002   0.3435
31011   0.3345
31023   0.3180
31032   0.3308
31041   0.3372
31047   0.3209
31056   0.3210
31068   0.3364
31080   0.3321
31092   0.3225
31104   0.3345
31111   0.3439
31120   0.3329
31129   0.3385
31139   0.3599
31146   0.3580
31158   0.3534
31163   0.3421
31172   0.3294
31188   0.3365
31197   0.3415
31207   0.4514
31219   0.4207
31228   0.3902
31241   0.3846
31248   0.3745
31256   0.3578
31265   0.3552
31277   0.3523
31289   0.3410
31301   0.3379
31313   0.3401
31326   0.3395
31335   0.3344
31344   0.3374
31353   0.3399
31364   0.3419
31372   0.3340
31381   0.3328
31394   0.3338
31401   0.3353
31407   0.3337
31415   0.3376
31423   0.3490
31432   0.3530
31440   0.3403
31453   0.3501
31461   0.3512
31470   0.3470
31479   0.3513
31491   0.3590
31500   0.3605
31506   0.3597
31515   0.3629
31523   0.3738
31531   0.3852
31540   0.3805
31552   0.3814
31561   0.3940
31570   0.3984
31579   0.3952
31587   0.4002
31599   0.4121
31604   0.4120
31616   0.4118
31632   0.4244
31638   0.4425
31650   0.4524
31655   0.4548
31665   0.4772
31677   0.4923
31684   0.4823
31690   0.4800
31696   0.5821
31702   0.5895
31711   0.4999
31720   0.4767
31728   0.5649
31735   0.6109
31742   0.5252
31751   0.5394
31758   0.5568
31768   0.5329
31777   0.4897
31789   0.4543
31796   0.4435
31804   0.4467
31808   0.4364
31816   0.4210
31828   0.4147
31837   0.4185
31845   0.4055
31854   0.3946
31862   0.3966
31871   0.3910
31880   0.3762
31892   0.3739
31904   0.3757
31909   0.3601
31917   0.3500
31926   0.3536
31934   0.3528
31942   0.3398
31951   0.3373
31963   0.3444
31969   0.3400
31978   0.3310
31991   0.3338
32000   0.3409
32012   0.3312
32022   0.3391
32030   0.3350
32038   0.3401
32047   0.3399
32052   0.3347
32062   0.3320
32070   0.3402
32079   0.3408
32091   0.3370
32103   0.3414
32111   0.3507
32120   0.3452
32129   0.3467
32137   0.3644
32149   0.3718
32154   0.3653
32163   0.3790
32175   0.4015
32187   0.3978
32203   0.4029
32212   0.4253
32224   0.4379
32236   0.4403
32245   0.4364
32253   0.4760
32261   0.4987
32266   0.4561
32274   0.4791
32282   0.5184
32292   0.4948
32304   0.4637
32314   0.4404
32326   0.4367
32333   0.4647
32345   0.4469
32356   0.4404
32365   0.4320
32373   0.4241
32379   0.4157
32391   0.4089
32400   0.4016
32416   0.3999
32429   0.3918
32441   0.3799
32449   0.3788
32459   0.3763
32466   0.3692
32474   0.3623
32487   0.3565
32499   0.3547
32504   0.3426
32513   0.3417
32520   0.3414
32526   0.3355
32539   0.3328
32551   0.3319
32560   0.3318
32572   0.3343
32579   0.3340
32584   0.3261
32596   0.3264
32604   0.3363
32612   0.3483
32624   0.4146
32632   0.3540
32641   0.4017
32646   0.4043
32657   0.4466
32669   0.4509
32678   0.4016
32686   0.4148
32696   0.4008
32703   0.4119
32716   0.4157
32727   0.4034
32740   0.3957
32748   0.3913
32759   0.3822
32768   0.3792
32780   0.3818
32789   0.3737
32801   0.3745
32813   0.3827
32818   0.3808
32830   0.3758
32842   0.3888
32851   0.3890
32858   0.3833
32866   0.3686
32878   0.3800
32887   0.3783
32895   0.3734
32905   0.3650
32914   0.3761
32926   0.3821
32932   0.3692
32940   0.3735
32949   0.3827
32958   0.3787
32974   0.3684
32982   0.3714
32998   0.4054
33006   0.4132
33015   0.4076
33023   0.4051
33031   0.3762
33040   0.3687
33047   0.3713
33056   0.3750
33063   0.3610
33070   0.3554
33086   0.3635
33095   0.3645
33102   0.3518
33110   0.3570
33120   0.3624
33129   0.3493
33138   0.3516
33151   0.3587
33157   0.3468
33169   0.3488
33178   0.3580
33190   0.3515
33199   0.3469
33208   0.3536
33218   0.3569
33225   0.3485
33241   0.3523
33253   0.3642
33263   0.3572
33270   0.3538
33280   0.3713
33290   0.3773
33302   0.3689
33314   0.3648
33322   0.3515
33333   0.3533
33341   0.3477
33353   0.3825
33358   0.3804
33370   0.3672
33380   0.3652
33390   0.4116
33400   0.3884
33410   0.4105
33416   0.4095
33424   0.3725
33434   0.3756
33447   0.4009
33452   0.3877
33461   0.3651
33466   0.3795
33471   0.3950
33480   0.3763
33489   0.3666
33498   0.3921
33506   0.3955
33515   0.3809
33524   0.3892
33533   0.4077
33540   0.4053
33549   0.4072
33557   0.4157
33573   0.4720
33584   0.5480
33592   0.4761
33601   0.4885
33610   0.6092
33622   0.6041
33631   0.5573
33638   0.6661
33647   0.7711
33656   0.7224
33666   0.6278
33673   0.5654
33681   0.4166
33687   0.3954
33692   0.3999
33700   0.3524
33709   0.3963
33720   0.4389
33731   0.4462
33739   0.4546
33748   0.4757
33757   0.4990
33765   0.5407
33772   0.5497
33780   0.5731
33788   0.5819
33797   0.5853
33805   0.6240
33814   0.6775
33819   0.6794
33824   0.6694
33837   0.6388
33848   0.6206
33856   0.6375
33865   0.6364
33877   0.6390
33885   0.6423
33894   0.6211
33901   0.5858
33907   0.5322
33919   0.5206
33931   0.6212
33938   0.6533
33950   0.5838
33959   0.5715
33969   0.5615
33977   0.5990
33986   0.6173
33995   0.6496
34006   0.7250
34013   0.6970
34023   0.6163
34036   0.6840
34047   0.7664
34057   0.7183
34069   0.6513
34078   0.7545
34088   0.8327
34095   0.7275
34107   0.6320
34111   0.6450
34119   0.6987
34130   0.6559
34137   0.6283
34142   0.5862
34148   0.5443
34157   0.5481
34169   0.4838
34181   0.4924
34190   0.5762
34200   0.5834
34211   0.5334
34224   0.5781
34234   0.6394
34246   0.6187
34256   0.5435
34265   0.5603
34273   0.5630
34281   0.6052
34289   0.6202
34295   0.6447
34305   0.6579
34314   0.7052
34324   0.6719
34329   0.6758
34340   0.6562
34347   0.6921
34358   0.6930
34365   0.7228
34374   0.6898
34390   0.7448
34398   0.7221
34407   0.7061
34413   0.6896
34420   0.6844
34428   0.7016
34435   0.7053
34445   0.7060
34457   0.7075
34467   0.7129
34476   0.7333
34485   0.7347
34497   0.6884
34507   0.6792
34516   0.7448
34524   0.8000
34532   0.7992
34540   0.7953
34551   0.7431
34558   0.6795
34565   0.6572
34577   0.6319
34584   0.5985
34592   0.5668
34600   0.5529
34612   0.5310
34619   0.5087
34635   0.4798
34642   0.4565
34651   0.4363
34663   0.4237
34675   0.4198
34686   0.4181
34695   0.4028
34703   0.4037
34712   0.3996
34717   0.3903
34723   0.4022
34733   0.4073
34739   0.4137
34749   0.4117
34758   0.4168
34764   0.4438
34772   0.4736
34781   0.5222
34791   0.5312
34800   0.5684
34807   0.5985
34818   0.6427
34826   0.6425
34835   0.6827
34841   0.6882
34849   0.7011
34855   0.6915
34863   0.6822
34875   0.7043
34886   0.7039
34893   0.6840
34902   0.6913
34908   0.7104
34918   0.7136
34927   0.7093
34936   0.7176
34942   0.7699
34947   0.7913
34958   0.7786
34967   0.8237
34975   0.8698
34985   0.8198
34992   0.8420
34999   0.8551
35010   0.7964
35017   0.7465
35025   0.7127
35033   0.7112
35041   0.7089
35050   0.7060
35060   0.6807
35070   0.6600
35079   0.6475
35091   0.6164
35099   0.5802
35112   0.5646
35125   0.5353
35133   0.5167
35143   0.4988
35148   0.5759
35156   0.5122
35163   0.5084
35172   0.5418
35179   0.5689
35190   0.5217
35197   0.5337
35206   0.5514
35214   0.5557
35223   0.5739
35233   0.5737
35245   0.5975
35254   0.6299
35263   0.6971
35270   0.6855
35280   0.7400
35291   0.7061
35302   0.6447
35314   0.6349
35323   0.6688
35334   0.6636
35343   0.7002
35351   0.6893
35360   0.7067
35369   0.7159
35378   0.7402
35390   0.7520
35402   0.7391
35411   0.8580
35422   0.8459
35430   0.8848
35438   0.9605
35448   0.9072
35455   0.8876
35466   0.7297
35473   0.7528
35483   0.7363
35499   0.6948
35515   0.7013
35523   0.6626
35532   0.6962
35543   0.6712
35552   0.7046
35560   0.7223
35565   0.7174
35572   0.7257
35584   0.7411
35593   0.7623
35605   0.7539
35616   0.7760
35628   0.7625
35633   0.7629
35640   0.7422
35652   0.7054
35658   0.6740
35667   0.6587
35677   0.6122
35686   0.5790
35694   0.5423
35702   0.5105
35714   0.4865
35725   0.5172
35734   0.4929
35744   0.4831
35752   0.4631
35758   0.4348
35765   0.4897
35773   0.5101
35780   0.5176
35789   0.4981
35794   0.5182
35806   0.4992
35815   0.4872
35821   0.5116
35826   0.5582
35839   0.5461
35844   0.4979
35853   0.5095
35862   0.5093
35867   0.4676
35876   0.4503
35889   0.4630
35895   0.4441
35902   0.4145
35910   0.4209
35918   0.4227
35927   0.3945
35935   0.3853
35944   0.3991
35949   0.3834
35959   0.3603
35971   0.3701
35979   0.3744
35991   0.3466
36001   0.3393
36013   0.3433
36025   0.3341
36032   0.3460
36037   0.3377
36046   0.3271
36053   0.3282
36065   0.3354
36072   0.3277
36081   0.3265
36090   0.3317
36102   0.3383
36112   0.3318
36122   0.3347
36130   0.3356
36138   0.3332
36149   0.3449
36157   0.3318
36166   0.3259
36178   0.3457
36187   0.3474
36196   0.3328
36206   0.3382
36215   0.3489
36222   0.3414
36230   0.3341
36239   0.3422
36248   0.3462
36260   0.3409
36269   0.3424
36277   0.3525
36289   0.3530
36299   0.3545
36307   0.3555
36312   0.3528
36322   0.3447
36331   0.3405
36341   0.3369
36350   0.3324
36360   0.3323
36370   0.3320
36379   0.3306
36388   0.3333
36401   0.3329
36407   0.3284
36417   0.3303
36426   0.3335
36435   0.3312
36447   0.3334
36456   0.3381
36469   0.3380
36481   0.3348
36487   0.3364
36495   0.3128
36505   0.3221
36513   0.3305
36522   0.3147
36531   0.3090
36541   0.3308
36557   0.3262
36565   0.3167
36577   0.3208
36587   0.3393
36597   0.3942
36605   0.5162
36616   1.7222
36621   1.6642
36630   1.5125
36639   1.5050
36651   1.4999
36663   1.5212
36672   1.5592
36681   1.5749
36689   1.5308
36697   1.5421
36706   1.5964
36713   1.5795
36722   1.5461
36728   1.5894
36736   1.6185
36742   1.5777
36749   1.5808
36755   1.6420
36767   1.6678
36779   1.6902
36792   1.6570
36803   1.6727
36808   1.6696
36817   1.6151
36824   1.5971
36836   1.6180
36844   1.5924
36857   1.5419
36866   1.5515
36875   1.5588
36888   1.5138
36897   1.4858
36906   1.5042
36915   1.4783
36923   1.4174
36931   1.4398
36940   1.4698
36952   1.4784
36959   1.5033
36968   1.5593
36976   1.6260
36984   1.6244
36994   1.5836
37000   1.6338
37008   1.5792
37017   1.5571
37029   1.6237
37034   1.6430
37046   1.5963
37054   1.6206
37059   1.6857
37071   1.6650
37080   1.6423
37089   1.7025
37101   1.7357
37108   1.6917
37117   1.7073
37124   1.7761
37133   1.7646
37141   1.7306
37148   1.7780
37157   1.8180
37164   1.7812
37176   1.7803
37185   1.8408
37194   1.8424
37203   1.8096
37215   1.8500
37224   1.8993
37233   1.8884
37245   1.8664
37257   1.8911
37266   1.8857
37274   1.8157
37286   1.7475
37293   1.6926
37301   1.6758
37310   1.7263
37319   1.7159
37324   1.6607
37333   1.6857
37345   1.7283
37354   1.6843
37360   1.6592
37367   1.7124
37376   1.7163
37384   1.6597
37393   1.6804
37409   1.7315
37418   1.6991
37426   1.6622
37433   1.7070
37445   1.6802
37453   1.4145
37462   1.3762
37474   1.3070
37486   1.3117
37498   1.3349
37504   1.2817
37511   1.2309
37519   1.2662
37525   1.2743
37532   1.2061
37542   1.1923
37551   1.2427
37561   1.2139
37571   1.1522
37583   1.1844
37592   1.2242
37597   1.1705
37608   1.1402
37617   1.1994
37626   1.2085
37634   1.1471
37642   1.1536
37648   1.2171
37653   1.2212
37663   1.1765
37671   1.2028
37679   1.2550
37687   1.2291
37695   1.1968
37704   1.2407
37713   1.2714
37722   1.2263
37727   1.2188
37734   1.2799
37741   1.2720
37746   1.2178
37755   1.2475
37764   1.3026
37772   1.3323
37780   1.3901
37787   1.4278
37796   1.4192
37804   1.3525
37811   1.3466
37817   1.3838
37825   1.3366
37838   1.2882
37850   1.3280
37862   1.3317
37870   1.2622
37882   1.2615
37891   1.3028
37896   1.2582
37905   1.2046
37912   1.2343
37920   1.2462
37936   1.1823
37952   1.1643
37959   1.2108
37975   1.3059
37982   1.3437
37994   1.3347
38002   1.3774
38014   1.3972
38022   1.3892
38030   1.4462
38039   1.4474
38048   1.3911
38060   1.4163
38065   1.4697
38072   1.4295
38081   1.3969
38088   1.4561
38096   1.4685
38105   1.4112
38114   1.4224
38120   1.4841
38129   1.4533
38141   1.4105
38149   1.4617
38155   1.4913
38160   1.4409
38172   1.4416
38181   1.5054
38190   1.4928
38195   1.4485
38204   1.4949
38217   1.5449
38226   1.5089
38239   1.4671
38251   1.5060
38263   1.5898
38275   1.5959
38287   1.6310
38299   1.6542
38311   1.5683
38321   1.5705
38327   1.5740
38334   1.6450
38341   1.6202
38349   1.6256
38360   1.5974
38369   1.5288
38382   1.4818
38395   1.2249
38411   1.2521
38424   1.2411
38436   1.2763
38448   1.2668
38454   1.2963
38464   1.3460
38472   1.3123
38481   1.2784
38490   1.3332
38499   1.3493
38508   1.2957
38516   1.3032
38525   1.3615
38538   1.3419
38551   1.2976
38559   1.3469
38568   1.3846
38574   1.3356
38582   1.3290
38591   1.3951
38600   1.3899
38612   1.3409
38621   1.3732
38637   1.4334
38646   1.4314
38658   1.4272
38668   1.0715
38674   1.0381
38682   1.0738
38694   1.0630
38706   1.0209
38718   1.0686
38727   1.1152
38736   1.0698
38746   1.0711
38758   1.1165
38765   1.1169
38778   1.0602
38787   1.0701
38794   1.1117
38800   1.0791
38809   1.0440
38818   1.0850
38824   1.0983
38833   1.0550
38842   1.0553
38848   1.0973
38864   1.0827
38871   1.0580
38880   1.0825
38888   1.1154
38901   1.1283
38913   1.1529
38920   1.1573
38936   1.1624
38945   1.1278
38953   1.1123
38965   1.1338
38973   1.1202
38982   1.0781
38991   1.0867
39000   1.1126
39016   1.0787
39023   1.0498
39030   1.0886
39038   1.0991
39047   1.0537
39063   1.0626
39072   1.1131
39081   1.1167
39093   1.1595
39104   1.1256
39116   1.1530
39128   1.2077
39138   1.1885
39151   1.1605
39157   1.2137
39166   1.2561
39175   1.2097
39182   1.2291
39188   1.2802
39196   1.2485
39208   1.2135
39217   1.2564
39225   1.2848
39233   1.2442
39246   1.2420
39252   1.2968
39263   1.2931
39272   1.2552
39281   1.2929
39290   1.3352
39298   1.3004
39307   1.2891
39319   1.3484
39332   1.3561
39341   1.3048
39357   1.3149
39364   1.3759
39376   1.3759
39386   1.4095
39394   1.4160
39402   1.3940
39412   1.3943
39421   1.3960
39431   1.3894
39441   1.3502
39448   1.2895
39456   1.2233
39461   1.2177
39473   1.2542
39482   1.2155
39492   1.2103
39502   1.1616
39512   1.1459
39521   1.1713
39529   1.1552
39534   1.1281
39544   1.1571
39553   1.1292
39559   1.0920
39566   1.1452
39576   1.1863
39585   1.1397
39594   1.1430
39606   1.2210
39614   1.2169
39623   1.1809
39631   1.2258
39643   1.2817
39659   1.2412
39668   1.2371
39677   1.2973
39686   1.2867
39698   1.2398
39710   1.2858
39722   1.3317
39731   1.2911
39739   1.2829
39749   1.3475
39761   1.3549
39771   1.3122
39777   1.3496
39786   1.4048
39798   1.3755
39808   1.3643
39818   1.4319
39828   1.4490
39834   1.4084
39843   1.4313
39852   1.4997
39859   0.9656
39868   0.9157
39877   0.8922
39887   0.8339
39895   0.8134
39904   0.8398
39909   0.8125
39920   0.7590
39929   0.7729
39937   0.7959
39945   0.7506
39951   0.7206
39960   0.7584
39972   0.7659
39981   0.7159
39991   0.7073
40004   0.7672
40020   0.7583
40029   0.7241
40042   0.7572
40050   0.7965
40057   0.7554
40062   0.7357
40067   0.7923
40076   0.8021
40088   0.7578
40100   0.7758
40112   0.8284
40120   0.8108
40127   0.7653
40139   0.7568
40149   0.7505
40154   0.7560
40164   0.7576
40173   0.7950
40181   0.8082
40190   0.8308
40203   0.8008
40213   0.7781
40222   0.8125
40231   0.8112
40244   0.7719
40253   0.7799
40261   0.7974
40270   0.7758
40282   0.7561
40291   0.7840
40303   0.7947
40310   0.7619
40318   0.7702
40324   0.8145
40333   0.7967
40346   0.7708
40358   0.8243
40366   0.8605
40378   0.8600
40391   0.8996
40401   0.8890
40417   0.8458
40433   0.8823
40445   0.9325
40455   0.8915
40464   0.8711
40473   0.8966
40483   0.9218
40496   0.9028
40508   0.8978
40524   0.9310
40533   0.9356
40540   0.9168
40548   0.9326
40556   0.9577
40565   0.9485
40578   0.9449
40586   0.9677
40595   0.9798
40604   0.9723
40612   0.9809
40621   1.0051
40630   1.0003
40642   0.9989
40651   1.0184
40664   1.0367
40672   1.0998
40685   1.0678
40697   1.0357
40709   1.0333
40719   1.0350
40730   1.0249
40741   1.0258
40749   1.0345
40754   1.0315
40763   1.0253
40779   1.0351
40791   1.0455
40802   1.0385
40811   1.0362
40819   1.0366
40824   1.0119
40833   0.9868
40843   0.9599
40853   0.9236
40863   0.9209
40873   0.9213
40882   0.8840
40892   0.8612
40901   0.8760
40910   0.8647
40915   0.8714
40924   0.8896
40934   0.8810
40946   0.8985
40958   0.9051
40966   0.9457
40974   0.9284
40980   0.8874
40990   0.9009
40999   0.9033
41011   0.8855
41019   0.8814
41031   0.9031
41040   0.8981
41052   0.8818
41060   0.8870
41068   0.9076
41076   0.8867
41083   0.8706
41095   0.8917
41104   0.8884
41113   0.8612
41121   0.8686
41128   0.8820
41137   0.8628
41146   0.8483
41158   0.8657
41167   0.8598
41179   0.8814
41192   0.8272
41204   0.8129
41216   0.8238
41225   0.7823
41237   0.7404
41249   0.7532
41258   0.7520
41268   0.7091
41277   0.6965
41285   0.7121
41294   0.7460
41303   0.7082
41313   0.9209
41321   0.8557
41329   0.8613
41338   0.7651
41350   0.7433
41359   0.7227
41369   0.7165
41381   0.7089
41390   0.6894
41400   0.6803
41413   0.6807
41425   0.6720
41437   0.6595
41447   0.6571
41456   0.6558
41468   0.6436
41476   0.6368
41488   0.6366
41497   0.6347
41513   0.6208
41529   0.6214
41538   0.6299
41547   0.6234
41557   0.6167
41566   0.6165
41578   0.6319
41587   0.6206
41596   0.6106
41606   0.6186
41615   0.6298
41623   0.6071
41630   0.5972
41637   0.6159
41650   0.6192
41659   0.5880
41668   0.5904
41684   0.6118
41692   0.6024
41700   0.5825
41708   0.5962
41718   0.6120
41728   0.6214
41736   0.6309
41743   0.6439
41752   0.6712
41764   0.6436
41775   0.6279
41788   0.6515
41796   0.6518
41808   0.6092
41817   0.6138
41826   0.6453
41833   0.6216
41849   0.5962
41855   0.6213
41867   0.6325
41873   0.5918
41881   0.5922
41889   0.6111
41902   0.6302
41908   0.6389
41918   0.6326
41927   0.6301
41939   0.6386
41951   0.6399
41957   0.6350
41963   0.6362
41970   0.6518
41977   0.6580
41985   0.6480
41992   0.6644
42000   0.6951
42008   0.6863
42024   0.6816
42032   0.7016
42039   0.7208
42047   0.7072
42056   0.7103
42065   0.7390
42073   0.7362
42080   0.7200
42090   0.7495
42099   0.7770
42108   0.7430
42121   0.7443
42133   0.7701
42142   0.7435
42154   0.7804
42162   0.7572
42171   0.7497
42180   0.7311
42188   0.7401
42198   0.7544
42209   0.7210
42221   0.7240
42228   0.7207
42236   0.7399
42247   0.7126
42254   0.7252
42261   0.6915
42269   0.6788
42277   0.6927
42288   0.7285
42298   0.7608
42309   0.7454
42321   0.7142
42329   0.6811
42340   0.6697
42348   0.6898
42356   0.6838
42365   0.7241
42377   0.7805
42387   0.8044
42396   0.8194
42407   0.7706
42417   0.7677
42424   0.6790
42433   0.7254
42442   0.7646
42455   0.8070
42462   0.7359
42467   0.6951
42475   0.6526
42483   0.6619
42491   0.6801
42499   0.6718
42507   0.6455
42517   0.6498
42533   0.6721
42541   0.6587
42546   0.6850
42555   0.6808
42567   0.6900
42577   0.6982
42584   0.7501
42590   0.7241
42598   0.7247
42607   0.7236
42616   0.7018
42624   0.6881
42637   0.6951
42646   0.6935
42658   0.6823
42669   0.6801
42680   0.6822
42689   0.6513
42698   0.6455
42707   0.6775
42716   0.6629
42722   0.6334
42731   0.6576
42740   0.6770
42746   0.6488
42758   0.6411
42768   0.6534
42776   0.6477
42784   0.6339
42792   0.6384
42805   0.6460
42817   0.6414
42829   0.6351
42841   0.6538
42851   0.6556
42864   0.6508
42877   0.6624
42889   0.6861
42894   0.6923
42906   0.7183
42917   0.6946
42928   0.6785
42937   0.6663
42945   0.7528
42950   0.8085
42958   0.8503
42966   0.7233
42973   0.6595
42983   0.5646
42991   0.6034
43000   0.5159
43012   0.4421
43024   0.4999
43033   0.5057
43042   0.5366
43050   0.5603
43062   0.5769
43071   0.5525
43083   0.5826
43092   0.6421
43101   0.6325
43110   0.6552
43115   0.6517
43124   0.6087
43133   0.5977
43144   0.6140
43151   0.5818
43157   0.5507
43167   0.5776
43180   0.5893
43192   0.5359
43200   0.5484
43211   0.6127
43224   0.5415
43236   0.5734
43248   0.5031
43261   0.4268
43271   0.4189
43283   0.4734
43288   0.4842
43297   0.4289
43307   0.4241
43315   0.4511
43322   0.4358
43334   0.4074
43343   0.4254
43352   0.4441
43359   0.4166
43367   0.4100
43378   0.4491
43386   0.4547
43395   0.4245
43400   0.4405
43412   0.4703
43424   0.5064
43433   0.5122
43442   0.5263
43454   0.5099
43467   0.4820
43473   0.5007
43482   0.5136
43491   0.4841
43503   0.4745
43509   0.5009
43516   0.4923
43532   0.4591
43541   0.4707
43550   0.4907
43555   0.4651
43563   0.4424
43572   0.4671
43585   0.4985
43597   0.4899
43609   0.5140
43621   0.4996
43633   0.5378
43643   0.5486
43649   0.5191
43658   0.5330
43664   0.5754
43674   0.5592
43682   0.5454
43697   0.5721
43705   0.5758
43715   0.5483
43728   0.5540
43735   0.5770
43742   0.5683
43754   0.5528
43763   0.5771
43769   0.5924
43776   0.5744
43785   0.5762
43794   0.6031
43802   0.6181
43814   0.6143
43826   0.6282
43839   0.6534
43851   0.6820
43859   0.6912
43866   0.6377
43875   0.6227
43880   0.6420
43888   0.6729
43895   0.7118
43903   0.7187
43908   0.6951
43916   0.6841
43923   0.7054
43935   0.6450
43944   0.6834
43956   0.7061
43964   0.6957
43980   0.6260
43992   0.6871
44004   0.7197
44014   0.7579
44019   0.6609
44025   0.7327
44038   0.6654
44050   0.6279
44061   0.5847
44070   0.5563
44081   0.5776
44090   0.5843
44099   0.5371
44109   0.5257
44125   0.5730
44134   0.5623
44147   0.5880
44158   0.5555
44166   0.5362
44175   0.5886
44187   0.5673
44196   0.5483
44204   0.5325
44215   0.5211
44223   0.5341
44233   0.5280
44241   0.5610
44249   0.5648
44261   0.5279
44270   0.5212
44278   0.5222
44291   0.5280
44300   0.5369
44312   0.5246
44321   0.5189
44330   0.5436
44339   0.5437
44348   0.5190
44355   0.5317
44361   0.5607
44368   0.5358
44377   0.5130
44389   0.5468
44401   0.5554
44413   0.5092
44422   0.5116
44434   0.5567
44444   0.5417
44453   0.5226
44463   0.5249
44474   0.5368
44484   0.5106
44490   0.5384
44496   0.5553
44504   0.5231
44516   0.5444
44525   0.5592
44534   0.5563
44540   0.5134
44545   0.4654
44554   0.4244
44565   0.3668
44573   0.3754
44583   0.3752
44592   0.3947
44599   0.3753
44608   0.4062
44619   0.4448
44628   0.4275
44637   0.4030
44643   0.4399
44649   0.4814
44656   0.4285
44668   0.5408
44675   0.5597
44687   0.5420
44699   0.4911
44709   0.4918
44717   0.4561
44724   0.4894
44732   0.4643
44741   0.4496
44753   0.3925
44762   0.3735
44774   0.3760
44781   0.3737
44793   0.3661
44800   0.3585
44813   0.3815
44822   0.3541
44831   0.3276
44840   0.3474
44847   0.3384
44857   0.3000
44865   0.3051
44874   0.3250
44883   0.3174
44895   0.2860
44902   0.2772
44915   0.3206
44924   0.2992
44936   0.2796
44952   0.2928
44964   0.3057
44972   0.2975
44981   0.2909
44989   0.3088
44998   0.3224
45007   0.3088
45019   0.3141
45028   0.3479
45036   0.3996
45041   0.4304
45049   0.4265
45057   0.3798
45069   0.3730
45078   0.3849
45085   0.3926
45094   0.4211
45106   0.4241
45113   0.4233
45122   0.4028
45127   0.3790
45140   0.3828
45149   0.3798
45157   0.3555
45163   0.3477
45170   0.3553
45182   0.3391
45195   0.3233
45207   0.3322
45216   0.3347
45225   0.3153
45237   0.3062
45242   0.3061
45247   0.3079
45256   0.3124
45265   0.3132
45274   0.3408
45283   0.3575
45292   0.3572
45300   0.3507
45309   0.3705
45319   0.3646
45326   0.3446
45335   0.3562
45344   0.3758
45356   0.3560
45369   0.3471
45385   0.3774
45394   0.3810
45410   0.3561
45419   0.3687
45428   0.3998
45434   0.3912
45447   0.3886
45458   0.4210
45466   0.4301
45478   0.4117
45486   0.4187
45495   0.4506
45503   0.4507
45512   0.4386
45522   0.4568
45533   0.4823
45542   0.4736
45551   0.4703
45558   0.4991
45567   0.5141
45572   0.5074
45578   0.5151
45585   0.5516
45590   0.5426
45603   0.5959
45612   0.5745
45617   0.6082
45623   0.6418
45632   0.6336
45640   0.5685
45652   0.6020
45663   0.5409
45670   0.4843
45677   0.5213
45693   0.5539
45702   0.5469
45711   0.5772
45723   0.6427
45729   0.6073
45741   0.5716
45748   0.5459
45757   0.5661
45763   0.5672
45770   0.5458
45778   0.5251
45786   0.5059
45796   0.5432
45801   0.5651
45814   0.6288
45826   0.6294
45834   0.6468
45842   0.5740
45852   0.5895
45861   0.6094
45870   0.5396
45877   0.4766
45889   0.5071
45896   0.5002
45906   0.4437
45914   0.4276
45922   0.3996
45929   0.4064
45934   0.4127
45944   0.3904
45950   0.3743
45955   0.3623
45964   0.3604
45973   0.3386
45989   0.3411
45998   0.3500
46005   0.3352
46014   0.3198
46021   0.3408
46033   0.3452
46039   0.3227
46051   0.3283
46060   0.3533
46069   0.3390
46078   0.3198
46090   0.3521
46102   0.3613
46114   0.3261
46122   0.3328
46134   0.3659
46143   0.3478
46150   0.3186
46163   0.3086
46176   0.3083
46188   0.3026
46197   0.2864
46209   0.2830
46217   0.2898
46225   0.2800
46231   0.2745
46240   0.2830
46249   0.2857
46259   0.2760
46265   0.2775
46272   0.2932
46284   0.2941
46293   0.2801
46302   0.2796
46308   0.2807
46315   0.2689
46327   0.2537
46332   0.2548
46338   0.2688
46348   0.2611
46357   0.2479
46369   0.2604
46381   0.2725
46387   0.2735
46395   0.2646
46404   0.2765
46412   0.2963
46422   0.2966
46428   0.3001
46436   0.3241
46446   0.3282
46452   0.3329
46464   0.3559
46473   0.3696
46483   0.3912
46493   0.4124
46503   0.4278
46513   0.4232
46523   0.4075
46530   0.4261
46539   0.4287
46548   0.4118
46560   0.4236
46569   0.4384
46579   0.4230
46591   0.4172
46603   0.4407
46612   0.4423
46621   0.4239
46633   0.4372
46642   0.4626
46652   0.4538
46658   0.4467
46670   0.4863
46682   0.5064
46694   0.4904
46704   0.5094
46717   0.5633
46727   0.5738
46737   0.5603
46742   0.6148
46752   0.6734
46762   0.6715
46774   0.7018
46783   0.7735
46792   0.8181
46799   0.7806
46808   0.8056
46816   0.8932
46828   0.9783
46838   0.9624
46845   0.9929
46850   1.0377
46860   0.9727
46865   0.9567
46877   0.8678
46886   0.8192
46895   0.8422
46907   0.8216
46917   0.7476
46925   0.6917
46932   0.6413
46942   0.5505
46952   0.5022
46961   0.4983
46970   0.4594
46980   0.4601
46992   0.4434
47002   0.4400
47008   0.4343
47017   0.4283
47027   0.4137
47039   0.4091
47049   0.4006
47055   0.3814
47065   0.4013
47070   0.4036
47080   0.4130
47090   0.4199
47100   0.3938
47112   0.3828
47128   0.3751
47144   0.3648
47155   0.3527
47163   0.3583
47179   0.3606
47187   0.3484
47196   0.3440
47208   0.3403
47214   0.3401
47221   0.3348
47230   0.3294
47238   0.3280
47250   0.3330
47257   0.3357
47262   0.3386
47271   0.3307
47284   0.3297
47297   0.3088
47306   0.3005
47318   0.3271
47328   0.3404
47336   0.3608
47345   0.3970
47352   0.4240
47362   0.5204
47372   0.6995
47384   0.5256
47392   0.3985
47408   0.3840
47416   0.4004
47425   0.3716
47437   0.3424
47446   0.3545
47452   0.3516
47460   0.3143
47468   0.3120
47477   0.3227
47484   0.2996
47496   0.2781
47504   0.2934
47512   0.2868
47528   0.2621
47537   0.2670
47548   0.2769
47555   0.2593
47564   0.2506
47571   0.2651
47583   0.2577
47593   0.2488
47605   0.2606
47614   0.2661
47623   0.2559
47632   0.2600
47639   0.2758
47647   0.2768
47655   0.2702
47664   0.2783
47676   0.2913
47685   0.2930
47695   0.2892
47707   0.2986
47714   0.3164
47723   0.3210
47732   0.3196
47740   0.3339
47752   0.3544
47762   0.3628
47771   0.3652
47781   0.3854
47791   0.4122
47796   0.4236
47807   0.4177
47814   0.4060
47822   0.4349
47830   0.4568
47842   0.5575
47852   0.5724
47859   0.5279
47868   0.5662
47880   0.6705
47889   0.6727
47902   0.6586
47915   0.7204
47927   0.8218
47938   0.9288
47950   0.8589
47959   0.7433
47967   0.7011
47973   0.6302
47980   0.5629
47989   0.5616
47998   0.5274
48007   0.4827
48016   0.4949
48023   0.4841
48033   0.4351
48042   0.3793
48054   0.3643
48066   0.3348
48075   0.3345
48084   0.3165
48094   0.3068
48103   0.3201
48113   0.3156
48123   0.2960
48130   0.3029
48140   0.3181
48150   0.3021
48162   0.2968
48175   0.3181
48183   0.3230
48192   0.3016
48203   0.3099
48211   0.3088
48223   0.3029
48235   0.2820
48244   0.2707
48253   0.2736
48262   0.2648
48274   0.2517
48287   0.2517
48293   0.2529
48302   0.2439
48315   0.2383
48326   0.2391
48334   0.2377
48343   0.2383
48351   0.2344
48357   0.2305
48369   0.2286
48376   0.2331
48386   0.2337
48395   0.2282
48403   0.2334
48410   0.2397
48423   0.2377
48435   0.2404
48443   0.2471
48452   0.2480
48461   0.2505
48470   0.2578
48481   0.2606
48493   0.2615
48502   0.2700
48510   0.2792
48517   0.3149
48523   0.3231
48530   0.3298
48539   0.3243
48548   0.3027
48556   0.2925
48565   0.2996
48574   0.2898
48582   0.2790
48590   0.2869
48599   0.2911
48608   0.2756
48617   0.2736
48629   0.2855
48638   0.2856
48654   0.2694
48660   0.2752
48669   0.2975
48678   0.2966
48685   0.2587
48692   0.2521
48700   0.2715
48711   0.2806
48719   0.3100
48726   0.3149
48738   0.3251
48750   0.3154
48762   0.3088
48778   0.3056
48787   0.3105
48796   0.3040
48802   0.3022
48811   0.3165
48819   0.3214
48832   0.3195
48840   0.3355
48850   0.3569
48858   0.3575
48864   0.3757
48873   0.4085
48881   0.4133
48889   0.4188
48899   0.4636
48912   0.4887
48924   0.4904
48936   0.5290
48948   0.5833
48960   0.5898
48965   0.5871
48977   0.5433
48988   0.5897
48996   0.5877
49012   0.5647
49023   0.5717
49033   0.4962
49042   0.6017
49051   0.5951
49061   0.5825
49070   0.5284
49083   0.5000
49093   0.5121
49103   0.5266
49114   0.5303
49122   0.5414
49135   0.4910
49146   0.4138
49153   0.3944
49161   0.4106
49172   0.4635
49181   0.4772
49190   0.5080
49195   0.4756
49203   0.5110
49213   0.5622
49223   0.5224
49233   0.4778
49243   0.4316
49248   0.3955
49261   0.4382
49269   0.3970
49278   0.3118
49291   0.3365
49300   0.3676
49309   0.3083
49318   0.2673
49330   0.3212
49339   0.3156
49348   0.2592
49354   0.2671
49363   0.3034
49375   0.2818
49387   0.2530
49399   0.2763
49411   0.2933
49418   0.2676
49427   0.2609
49436   0.3071
49446   0.3125
49453   0.2835
49465   0.3051
49470   0.2668
49479   0.3115
49495   0.3632
49504   0.5084
49514   0.6669
49526   0.6261
49535   0.5559
49548   0.5161
49555   0.4850
49563   0.4622
49572   0.4468
49584   0.4124
49596   0.3889
49608   0.3790
49620   0.3601
49633   0.3336
49642   0.3231
49651   0.3289
49660   0.3084
49671   0.2788
49679   0.2788
49688   0.2716
49701   0.2756
49708   0.2853
49714   0.2811
49722   0.2811
49730   0.2958
49739   0.2835
49747   0.2627
49760   0.2668
49768   0.2682
49777   0.2636
49786   0.2659
49798   0.2784
49807   0.2810
49813   0.2855
49822   0.2977
49830   0.3099
49838   0.3155
49847   0.3273
49859   0.3421
49868   0.3466
49877   0.3574
49886   0.3720
49894   0.3827
49906   0.3876
49911   0.4063
49923   0.4173
49939   0.4201
49945   0.4249
49957   0.3907
49962   0.4122
49972   0.3861
49984   0.4225
49991   0.3891
49997   0.4855
50003   0.4897
50009   0.4804
50018   0.4248
50027   0.4634
50035   0.4847
50042   0.4412
50049   0.4113
50058   0.4568
50065   0.4094
50075   0.4213
50084   0.4381
50096   0.4442
50103   0.4628
50111   0.4926
50115   0.4673
50123   0.4285
50135   0.4188
50144   0.4165
50152   0.3965
50161   0.3732
50169   0.3750
50178   0.3710
50187   0.3474
50199   0.3375
50211   0.3441
50216   0.3304
50224   0.3142
50233   0.3261
50241   0.3277
50249   0.3094
50258   0.3047
50270   0.3186
50276   0.3104
50285   0.2935
50298   0.3027
50307   0.3106
50319   0.2942
50329   0.3087
50337   0.2933
50345   0.2967
50354   0.3065
50359   0.2864
50369   0.2740
50377   0.2979
50386   0.2970
50398   0.2785
50410   0.2897
50418   0.3072
50427   0.2979
50436   0.3037
50444   0.3186
50456   0.3267
50461   0.3264
50470   0.3361
50482   0.3553
50494   0.3558
50510   0.3682
50519   0.3827
50531   0.4007
50543   0.3797
50552   0.3953
50560   0.4298
50568   0.4283
50573   0.4180
50581   0.4558
50589   0.4758
50599   0.4478
50611   0.4573
50621   0.4404
50633   0.4673
50640   0.4663
50652   0.4675
50663   0.4480
50672   0.4129
50680   0.4161
50686   0.4059
50698   0.3763
50707   0.3666
50723   0.3713
50736   0.3473
50748   0.3254
50756   0.3334
50766   0.3301
50773   0.2978
50781   0.2944
50794   0.3102
50806   0.2912
50811   0.2738
50820   0.2919
50827   0.3020
50833   0.2723
50846   0.2687
50858   0.3084
50867   0.3069
50879   0.2790
50886   0.2797
50891   0.2630
50903   0.2726
50911   0.2819
50919   0.2737
50931   0.2841
50939   0.3078
50948   0.3781
50953   0.2692
50964   0.2790
50976   0.3140
50985   0.3432
50993   0.3413
51003   0.3590
51010   0.4350
51023   0.3843
51034   0.3858
51047   0.3610
51055   0.3369
51066   0.3343
51075   0.3539
51087   0.3272
51096   0.3171
51108   0.3422
51120   0.3428
51125   0.3228
51137   0.3415
51149   0.3788
51158   0.3720
51165   0.3985
51173   0.3617
51185   0.3304
51194   0.3096
51202   0.3262
51212   0.3171
51221   0.2963
51233   0.3025
51239   0.3180
51247   0.3070
51256   0.2943
51265   0.3070
51281   0.3213
51289   0.3131
51305   0.3077
51313   0.3438
51322   0.3209
51330   0.3321
51338   0.3383
51347   0.3335
51354   0.3326
51363   0.3280
51370   0.3193
51377   0.3138
51393   0.3135
51402   0.3127
51409   0.3042
51417   0.2970
51427   0.3020
51436   0.3079
51445   0.3012
51458   0.3005
51464   0.3087
51476   0.3032
51485   0.3006
51497   0.3123
51506   0.3119
51515   0.3064
51525   0.3146
51532   0.3201
51548   0.3128
51560   0.3135
51570   0.3231
51577   0.3217
51587   0.3235
51597   0.3323
51609   0.3377
51621   0.3438
51629   0.3485
51640   0.3514
51648   0.3675
51660   0.4109
51665   0.4334
51677   0.4173
51687   0.4095
51697   0.4265
51707   0.4025
51717   0.4247
51723   0.4124
51731   0.3773
51741   0.3808
51754   0.3919
51759   0.3658
51768   0.3525
51773   0.3710
51778   0.3631
51787   0.3388
51796   0.3517
51805   0.3698
51813   0.3439
51822   0.3417
51831   0.3759
51840   0.3687
51847   0.3485
51856   0.3838
51864   0.4072
51880   0.3754
51891   0.3832
51899   0.3939
51908   0.3738
51917   0.3650
51929   0.3899
51938   0.3928
51945   0.3921
51954   0.4143
51963   0.4119
51973   0.3986
51980   0.4137
51988   0.4653
51994   0.4552
51999   0.5054
52007   0.4728
52016   0.4953
52027   0.5239
52038   0.5013
52046   0.4775
52055   0.5020
52064   0.4991
52072   0.5220
52079   0.5430
52087   0.5570
52095   0.5875
52104   0.5834
52112   0.6191
52121   0.6243
52126   0.6319
52131   0.6058
52144   0.5710
52155   0.5913
52163   0.6375
52172   0.6226
52184   0.5851
52192   0.5633
52201   0.5407
52208   0.5248
52214   0.5072
52226   0.4984
52238   0.5180
52245   0.5327
52257   0.5198
52266   0.5267
52276   0.5279
52284   0.5482
52293   0.5890
52302   0.6435
52313   0.6833
52320   0.6148
52330   0.5982
52343   0.6351
52354   0.6559
52364   0.6148
52376   0.6433
52385   0.6866
52395   0.6642
52402   0.6565
52414   0.6817
52418   0.6788
52426   0.7198
52437   0.6942
52444   0.6535
52449   0.6287
52455   0.6134
52464   0.5903
52476   0.5691
52488   0.5688
52497   0.5677
52507   0.5434
52518   0.5345
52531   0.5361
52541   0.5615
52553   0.5758
52563   0.5259
52572   0.5213
52580   0.5166
52588   0.5453
52596   0.5485
52602   0.5644
52612   0.5796
52621   0.6149
52631   0.6267
52636   0.6407
52647   0.6104
52654   0.6019
52665   0.6033
52672   0.6250
52681   0.6437
52697   0.6430
52705   0.6739
52714   0.6936
52720   0.7126
52727   0.7364
52735   0.7179
52742   0.6994
52752   0.7367
52764   0.7506
52774   0.7164
52783   0.7370
52792   0.7705
52804   0.7334
52814   0.7373
52823   0.7961
52831   0.8055
52839   0.8264
52847   0.8307
52858   0.7748
52865   0.7396
52872   0.6957
52884   0.6402
52891   0.6079
52899   0.5788
52907   0.5700
52919   0.5443
52926   0.5421
52942   0.5200
52949   0.5173
52958   0.5297
52970   0.4820
52982   0.5115
52993   0.4821
53002   0.4503
53010   0.4470
53019   0.4740
53024   0.4667
53030   0.4737
53040   0.4703
53046   0.4631
53056   0.4781
53065   0.5112
53071   0.5200
53079   0.5337
53088   0.5441
53098   0.5655
53107   0.5852
53114   0.6123
53125   0.6422
53133   0.6671
53142   0.7006
53148   0.7152
53156   0.7189
53162   0.6953
53170   0.6881
53182   0.7106
53193   0.7031
53200   0.6830
53209   0.6931
53215   0.7108
53225   0.6953
53234   0.6867
53243   0.7015
53249   0.7161
53254   0.7188
53265   0.7336
53274   0.7215
53282   0.7796
53292   0.8275
53299   0.7954
53306   0.7854
53317   0.7437
53324   0.7080
53332   0.6985
53340   0.6928
53348   0.6738
53357   0.6711
53367   0.6411
53377   0.6148
53386   0.5938
53398   0.5813
53406   0.5733
53419   0.5424
53432   0.5303
53440   0.5145
53450   0.5028
53455   0.5057
53463   0.4860
53470   0.5033
53479   0.4995
53486   0.6687
53497   0.5553
53504   0.5357
53513   0.5423
53521   0.5480
53530   0.5726
53540   0.6300
53552   0.6470
53561   0.6292
53570   0.6283
53577   0.5966
53587   0.6326
53598   0.6295
53609   0.6091
53621   0.6160
53630   0.6436
53641   0.6467
53650   0.6695
53658   0.6631
53667   0.6883
53676   0.6818
53685   0.6853
53697   0.6886
53709   0.7213
53718   0.7730
53729   0.8318
53737   0.8307
53745   0.8277
53755   0.7944
53762   0.6957
53773   0.6721
53780   0.6682
53790   0.6459
53806   0.6386
53822   0.6480
53830   0.6390
53839   0.6532
53850   0.6312
53859   0.6493
53867   0.6367
53872   0.6537
53879   0.6722
53891   0.7053
53900   0.6890
53912   0.6694
53923   0.6431
53935   0.6335
53940   0.6448
53947   0.6425
53959   0.6148
53965   0.6040
53974   0.5916
53984   0.5594
53993   0.5482
54001   0.5198
54009   0.5204
54021   0.4945
54032   0.5000
54041   0.4926
54051   0.4708
54059   0.4723
54065   0.4704
54072   0.4856
54080   0.5231
54087   0.5245
54096   0.5028
54101   0.4506
54113   0.4089
54122   0.4087
54128   0.4225
54133   0.3864
54146   0.3984
54151   0.3947
54160   0.3691
54169   0.3630
54174   0.3724
54183   0.3629
54196   0.3442
54202   0.3456
54209   0.3527
54217   0.3409
54225   0.3259
54234   0.3319
54242   0.3327
54251   0.3180
54256   0.3144
54266   0.3177
54278   0.3075
54286   0.2960
54298   0.2956
54308   0.2973
54320   0.2857
54332   0.2826
54339   0.2842
54344   0.2847
54353   0.2764
54360   0.2773
54372   0.2825
54379   0.2927
54388   0.3056
54397   0.3022
54409   0.3002
54419   0.3153
54429   0.3298
54437   0.3424
54445   0.3294
54456   0.3153
54464   0.3169
54473   0.3130
54485   0.2942
54494   0.2949
54503   0.3040
54513   0.2973
54522   0.2939
54529   0.3022
54537   0.3022
54546   0.2967
54555   0.2993
54567   0.3008
54576   0.3025
54584   0.2997
54596   0.3019
54606   0.3079
54614   0.3139
54619   0.3217
54629   0.3360
54638   0.3315
54648   0.3194
54657   0.3218
54667   0.3279
54677   0.3199
54686   0.3142
54695   0.3223
54708   0.3230
54714   0.3127
54724   0.3179
54733   0.3253
54742   0.3222
54754   0.3182
54763   0.3260
54776   0.3392
54788   0.3498
54794   0.3388
54802   0.3508
54812   0.3372
54820   0.3221
54829   0.3311
54838   0.3472
54848   0.3274
54864   0.3100
54872   0.3271
54884   0.3324
54894   0.3572
54904   0.3958
54912   0.5063
