    2   1.3494
    7   1.3500
   16   1.4115
   25   1.3590
   37   1.2803
   49   1.2792
   58   1.3455
   67   1.2970
   75   1.1960
   83   1.2505
   92   1.3102
   99   1.2158
  108   1.1633
  114   1.2564
  122   1.2618
  128   1.1491
  135   1.1645
  141   1.2618
  153   1.2680
  165   1.2450
  178   1.1371
  189   1.1854
  194   1.2373
  203   1.1460
  210   1.0712
  222   1.1522
  230   1.1499
  243   1.0344
  252   1.0371
  261   1.1121
  274   1.0531
  283   0.9655
  292   1.0322
  301   1.0622
  309   0.9795
  317   0.9616
  326   1.0306
  338   1.0271
  345   1.0298
  354   1.0476
  362   1.0373
  370   1.0089
  380   1.0992
  386   1.1632
  394   1.1541
  403   1.1595
  415   1.2314
  420   1.2574
  432   1.2359
  440   1.2764
  445   1.3433
  457   1.3427
  466   1.3418
  475   1.4054
  487   1.4504
  494   1.4357
  503   1.4756
  510   1.5478
  519   1.5667
  527   1.5708
  534   1.6385
  543   1.6984
  550   1.6982
  562   1.7286
  571   1.8114
  580   1.8413
  589   1.8417
  601   1.9141
  610   1.9846
  619   1.9985
  631   2.0307
  643   2.0489
  652   1.5544
  660   1.5862
  672   1.5709
  679   1.4558
  687   1.5015
  696   1.6007
  705   1.5241
  710   1.4608
  719   1.5690
  731   1.6028
  740   1.4945
  746   1.5147
  753   1.6285
  762   1.5878
  770   1.5063
  779   1.5989
  795   1.6644
  804   1.5800
  812   1.5577
  819   1.6734
  831   1.7329
  839   0.8768
  848   0.8563
  860   0.8521
  872   0.8421
  884   0.8346
  890   0.8200
  897   0.8138
  905   0.8159
  911   0.8098
  918   0.8009
  928   0.7999
  937   0.8065
  947   0.8026
  957   0.7950
  969   0.8004
  978   0.8136
  983   0.8089
  994   0.8027
 1003   0.8153
 1012   0.8298
 1020   0.8238
 1028   0.8205
 1034   0.8429
 1039   0.8501
 1049   0.8328
 1057   0.8421
 1065   0.8705
 1073   0.8627
 1081   0.8487
 1090   0.8755
 1099   0.8961
 1108   0.8728
 1113   0.8689
 1120   0.9020
 1127   0.9028
 1132   0.8808
 1141   0.8950
 1150   0.9178
 1158   0.9168
 1166   0.9507
 1173   0.9641
 1182   0.9782
 1190   0.9434
 1197   0.9256
 1203   0.9416
 1211   0.9217
 1224   0.8937
 1236   0.9053
 1248   0.9057
 1256   0.8803
 1268   0.8704
 1277   0.8876
 1282   0.8752
 1291   0.8563
 1298   0.8652
 1306   0.8687
 1322   0.8521
 1338   0.8478
 1345   0.8597
 1361   0.8706
 1368   0.8930
 1380   0.8832
 1388   0.8952
 1400   0.9211
 1408   0.9325
 1416   0.9494
 1425   0.9461
 1434   0.9430
 1446   0.9514
 1451   0.9585
 1458   0.9573
 1467   0.9610
 1474   0.9619
 1482   0.9703
 1491   0.9767
 1500   0.9738
 1506   0.9775
 1515   0.9880
 1527   0.9907
 1535   0.9919
 1541   1.0026
 1546   1.0132
 1558   1.0147
 1567   1.0193
 1576   1.0362
 1581   1.0445
 1590   1.0494
 1603   1.0682
 1612   1.1028
 1625   1.1037
 1637   1.1295
 1649   1.1844
 1661   1.1782
 1673   1.1772
 1685   1.1920
 1697   1.1996
 1707   1.1929
 1713   1.1661
 1720   1.2384
 1727   1.2041
 1735   1.1783
 1746   1.2309
 1755   1.1816
 1768   1.1895
 1781   1.1076
 1797   1.0611
 1810   1.0558
 1822   1.0935
 1834   0.9960
 1840   0.9982
 1850   1.0085
 1858   0.9689
 1867   0.9455
 1876   0.9691
 1885   0.9570
 1894   0.9207
 1902   0.9289
 1911   0.9534
 1924   0.9244
 1937   0.9005
 1945   0.9299
 1954   0.9372
 1960   0.9015
 1968   0.9068
 1977   0.9422
 1986   0.9284
 1998   0.9050
 2007   0.9390
 2023   0.9738
 2032   1.0270
 2044   0.9619
 2054   0.9736
 2060   0.9088
 2068   0.8207
 2080   0.8021
 2092   0.7861
 2104   0.8187
 2113   0.8472
 2122   0.8318
 2132   0.8318
 2144   0.8880
 2151   0.8844
 2164   0.7927
 2173   0.7956
 2180   0.8452
 2186   0.7971
 2195   0.7389
 2204   0.7818
 2210   0.7966
 2219   0.7322
 2228   0.7170
 2234   0.7593
 2250   0.7422
 2257   0.6901
 2266   0.7104
 2274   0.7365
 2287   0.7339
 2299   0.7743
 2306   0.7882
 2322   0.7940
 2331   0.7747
 2339   0.7734
 2351   0.8045
 2359   0.7881
 2368   0.7647
 2377   0.7899
 2386   0.8089
 2402   0.7814
 2409   0.7780
 2416   0.8064
 2424   0.8069
 2433   0.7925
 2449   0.7994
 2458   0.8154
 2467   0.8335
 2479   0.8498
 2490   0.8341
 2502   0.8579
 2514   0.8775
 2524   0.8467
 2537   0.8379
 2543   0.8725
 2552   0.8734
 2561   0.8462
 2568   0.8497
 2574   0.8663
 2582   0.8631
 2594   0.8576
 2603   0.8579
 2611   0.8668
 2619   0.8706
 2632   0.8601
 2638   0.8741
 2649   0.8890
 2658   0.8735
 2667   0.8737
 2676   0.9026
 2684   0.8988
 2693   0.8821
 2705   0.9031
 2718   0.9174
 2727   0.9034
 2743   0.8931
 2750   0.9120
 2762   0.9209
 2772   0.9281
 2780   0.9429
 2788   0.9486
 2798   0.9410
 2807   0.9378
 2817   0.9377
 2827   0.9053
 2834   0.8798
 2842   0.8730
 2847   0.8509
 2859   0.9241
 2868   0.9110
 2878   0.9092
 2888   0.8920
 2898   0.8866
 2907   0.8716
 2915   0.8886
 2920   0.8794
 2930   0.8633
 2939   0.8335
 2945   0.8142
 2952   0.8297
 2962   0.8244
 2971   0.7968
 2980   0.8030
 2992   0.8201
 3000   0.7998
 3009   0.7839
 3017   0.8012
 3029   0.8042
 3045   0.7903
 3054   0.7915
 3063   0.8067
 3072   0.8061
 3084   0.7955
 3096   0.8054
 3108   0.8215
 3117   0.8193
 3125   0.8177
 3135   0.8340
 3147   0.8455
 3157   0.8433
 3163   0.8543
 3172   0.8744
 3184   0.8800
 3194   0.8840
 3204   0.9066
 3214   0.9246
 3220   0.9290
 3229   0.9427
 3238   1.0048
 3245   0.6472
 3254   0.5636
 3263   0.5591
 3273   0.5599
 3281   0.5541
 3290   0.5549
 3295   0.5588
 3306   0.5548
 3315   0.5539
 3323   0.5619
 3331   0.5654
 3337   0.5593
 3346   0.5644
 3358   0.5753
 3367   0.5747
 3377   0.5698
 3390   0.5776
 3406   0.5825
 3415   0.5781
 3428   0.5788
 3436   0.5874
 3443   0.5907
 3448   0.5912
 3453   0.5953
 3462   0.6011
 3474   0.6045
 3486   0.6086
 3498   0.6127
 3506   0.6183
 3513   0.6232
 3525   0.6043
 3535   0.5940
 3540   0.6003
 3550   0.6111
 3559   0.6271
 3567   0.6409
 3576   0.6476
 3589   0.6241
 3599   0.6162
 3608   0.6369
 3617   0.6250
 3630   0.6029
 3639   0.6149
 3647   0.6264
 3656   0.6035
 3668   0.5963
 3677   0.6132
 3689   0.6072
 3696   0.5870
 3704   0.5921
 3710   0.6062
 3719   0.5933
 3732   0.5840
 3744   0.6013
 3752   0.6113
 3764   0.6106
 3777   0.6261
 3787   0.6306
 3803   0.6142
 3819   0.6217
 3831   0.6377
 3841   0.6324
 3850   0.6219
 3859   0.6369
 3869   0.6449
 3882   0.6298
 3894   0.6297
 3910   0.6505
 3919   0.6453
 3926   0.6329
 3934   0.6496
 3942   0.6611
 3951   0.6459
 3964   0.6502
 3972   0.6747
 3981   0.6656
 3990   0.6530
 3998   0.6810
 4007   0.6928
 4016   0.6746
 4028   0.6867
 4037   0.7166
 4050   0.7171
 4058   0.7153
 4071   0.7424
 4083   0.7738
 4095   0.7892
 4105   0.8074
 4116   0.7719
 4127   0.7660
 4135   0.8049
 4140   0.7950
 4149   0.7717
 4165   0.8018
 4177   0.8349
 4188   0.8123
 4197   0.7889
 4205   0.7848
 4210   0.7792
 4219   0.7668
 4229   0.7370
 4239   0.7142
 4249   0.7059
 4259   0.6972
 4268   0.6776
 4278   0.6697
 4287   0.6668
 4296   0.6604
 4301   0.6822
 4310   0.6982
 4320   0.6887
 4332   0.6891
 4344   0.7011
 4352   0.7265
 4360   0.7152
 4366   0.6770
 4376   0.6907
 4385   0.6813
 4397   0.6539
 4405   0.6610
 4417   0.6735
 4426   0.6542
 4438   0.6334
 4446   0.6384
 4454   0.6420
 4462   0.6256
 4469   0.6179
 4481   0.6316
 4490   0.6259
 4499   0.6095
 4507   0.6171
 4514   0.6259
 4523   0.6122
 4532   0.6072
 4544   0.6223
 4553   0.6185
 4565   0.6106
 4578   0.5964
 4590   0.6013
 4602   0.6090
 4611   0.5939
 4623   0.5864
 4635   0.5980
 4644   0.5933
 4654   0.5794
 4663   0.5848
 4671   0.5963
 4680   0.6074
 4689   0.6247
 4699   0.7373
 4707   0.6690
 4715   0.6158
 4724   0.5669
 4736   0.5401
 4745   0.4990
 4755   0.4842
 4767   0.4866
 4776   0.4559
 4786   0.4434
 4799   0.4578
 4811   0.4623
 4823   0.4481
 4833   0.4606
 4842   0.4746
 4854   0.4552
 4862   0.4469
 4874   0.4642
 4883   0.4602
 4899   0.4420
 4915   0.4521
 4924   0.4637
 4933   0.4543
 4943   0.4449
 4952   0.4545
 4964   0.4732
 4973   0.4742
 4982   0.4616
 4992   0.4648
 5001   0.4571
 5009   0.4534
 5016   0.4528
 5023   0.4566
 5036   0.4564
 5045   0.4454
 5054   0.4508
 5070   0.4664
 5078   0.4551
 5086   0.4455
 5094   0.4619
 5104   0.4619
 5114   0.4907
 5122   0.5038
 5129   0.5199
 5138   0.5155
 5150   0.4924
 5161   0.4970
 5174   0.5067
 5182   0.4981
 5194   0.4845
 5203   0.4950
 5212   0.5052
 5219   0.4841
 5235   0.4850
 5241   0.5092
 5253   0.5055
 5259   0.5064
 5267   0.5170
 5275   0.5333
 5288   0.5370
 5294   0.5574
 5304   0.5374
 5313   0.5236
 5325   0.5436
 5337   0.5542
 5343   0.5318
 5349   0.5388
 5356   0.5590
 5363   0.5569
 5371   0.5398
 5378   0.5511
 5386   0.5681
 5394   0.5602
 5410   0.5596
 5418   0.5712
 5425   0.5700
 5433   0.5532
 5442   0.5658
 5451   0.5870
 5459   0.5706
 5466   0.5612
 5476   0.5867
 5485   0.5941
 5494   0.5747
 5507   0.5790
 5519   0.6007
 5528   0.6075
 5540   0.6149
 5548   0.6112
 5557   0.6476
 5566   0.6678
 5574   0.6653
 5584   0.6473
 5595   0.5842
 5607   0.5727
 5614   0.5598
 5622   0.5623
 5633   0.5482
 5640   0.6082
 5647   0.6732
 5655   0.8295
 5663   0.9884
 5674   0.9684
 5684   1.1499
 5695   1.2583
 5707   1.1471
 5715   1.1121
 5726   0.9172
 5734   0.8452
 5742   0.8490
 5751   0.8012
 5763   0.6991
 5773   0.7153
 5782   0.8046
 5793   0.7576
 5803   0.6756
 5810   0.5954
 5819   0.5842
 5828   0.5900
 5841   0.5449
 5848   0.5336
 5853   0.5754
 5861   0.5720
 5869   0.5632
 5877   0.5449
 5885   0.5428
 5893   0.5282
 5903   0.5131
 5919   0.5248
 5927   0.5319
 5932   0.5490
 5941   0.5538
 5953   0.5809
 5963   0.5687
 5970   0.5436
 5976   0.5509
 5984   0.5544
 5993   0.5688
 6002   0.5495
 6010   0.5146
 6023   0.5388
 6032   0.5340
 6044   0.5027
 6055   0.5172
 6066   0.5404
 6075   0.5150
 6084   0.4969
 6093   0.5257
 6102   0.5268
 6108   0.5073
 6117   0.5246
 6126   0.5448
 6132   0.5286
 6144   0.5253
 6154   0.5126
 6162   0.5049
 6170   0.5061
 6178   0.5015
 6191   0.5006
 6203   0.5023
 6215   0.4922
 6227   0.5072
 6237   0.5289
 6250   0.5105
 6263   0.5036
 6275   0.5465
 6280   0.5716
 6292   0.5882
 6303   0.5517
 6314   0.5410
 6323   0.5205
 6331   0.4913
 6336   0.4728
 6344   0.4616
 6352   0.4509
 6359   0.4387
 6369   0.4341
 6377   0.4167
 6386   0.3959
 6398   0.3840
 6410   0.3883
 6419   0.3812
 6428   0.3968
 6436   0.3897
 6448   0.3891
 6457   0.3758
 6469   0.3722
 6478   0.3872
 6487   0.3921
 6496   0.3968
 6501   0.3723
 6510   0.3688
 6519   0.3713
 6530   0.3578
 6537   0.3498
 6543   0.3577
 6553   0.3564
 6566   0.3457
 6578   0.3472
 6586   0.3586
 6597   0.3547
 6610   0.3511
 6622   0.3641
 6634   0.3683
 6647   0.3598
 6657   0.3612
 6669   0.3770
 6674   0.3819
 6683   0.3650
 6693   0.3600
 6701   0.3770
 6708   0.3769
 6720   0.3587
 6729   0.3620
 6738   0.3805
 6745   0.3779
 6753   0.3759
 6764   0.3969
 6772   0.3998
 6781   0.3984
 6786   0.4169
 6798   0.4314
 6810   0.4094
 6819   0.4225
 6828   0.4433
 6840   0.4380
 6853   0.4142
 6859   0.4229
 6868   0.4360
 6877   0.4221
 6889   0.4165
 6895   0.4381
 6902   0.4378
 6918   0.4205
 6927   0.4327
 6936   0.4506
 6941   0.4377
 6949   0.4266
 6958   0.4511
 6971   0.4589
 6983   0.4532
 6995   0.4592
 7007   0.4313
 7019   0.4731
 7029   0.4963
 7035   0.4523
 7044   0.4577
 7050   0.4841
 7060   0.4643
 7068   0.4428
 7083   0.4601
 7091   0.4743
 7101   0.4538
 7114   0.4406
 7121   0.4577
 7128   0.4641
 7140   0.4422
 7149   0.4438
 7155   0.4633
 7162   0.4552
 7171   0.4429
 7180   0.4590
 7188   0.4702
 7200   0.4677
 7212   0.4777
 7225   0.4926
 7237   0.4901
 7245   0.4932
 7252   0.5151
 7261   0.5251
 7266   0.5240
 7274   0.5411
 7281   0.5388
 7289   0.5735
 7294   0.5717
 7302   0.5377
 7309   0.5445
 7321   0.5446
 7330   0.5160
 7342   0.5374
 7350   0.5306
 7366   0.5377
 7378   0.5664
 7390   0.5998
 7400   0.6589
 7405   0.5691
 7411   0.5312
 7424   0.5082
 7436   0.4833
 7447   0.4595
 7456   0.4485
 7467   0.4583
 7476   0.4604
 7485   0.4462
 7495   0.4400
 7511   0.4598
 7520   0.4472
 7533   0.4747
 7544   0.4889
 7552   0.4885
 7561   0.5009
 7573   0.4770
 7582   0.4663
 7590   0.4529
 7601   0.4542
 7609   0.4386
 7619   0.4187
 7627   0.4224
 7635   0.4264
 7647   0.4095
 7656   0.4067
 7664   0.4190
 7677   0.4208
 7686   0.4028
 7698   0.3939
 7707   0.4042
 7716   0.4044
 7725   0.3894
 7734   0.3805
 7741   0.3989
 7747   0.4029
 7754   0.3891
 7763   0.3903
 7775   0.4155
 7787   0.4141
 7799   0.4027
 7808   0.4240
 7820   0.4449
 7830   0.4326
 7839   0.4291
 7849   0.4508
 7860   0.4252
 7870   0.4011
 7876   0.3929
 7882   0.4069
 7890   0.3993
 7902   0.3717
 7911   0.3697
 7920   0.3744
 7926   0.3710
 7931   0.3949
 7940   0.4449
 7951   0.3985
 7959   0.3946
 7969   0.3961
 7978   0.4543
 7985   0.4415
 7994   0.4282
 8005   0.3822
 8014   0.3722
 8023   0.3562
 8029   0.3999
 8035   0.4302
 8042   0.4089
 8054   0.4316
 8061   0.4563
 8073   0.4120
 8085   0.3751
 8095   0.3649
 8103   0.3497
 8110   0.3637
 8118   0.3666
 8127   0.3691
 8139   0.3617
 8148   0.3539
 8160   0.3707
 8167   0.3699
 8179   0.3690
 8186   0.3431
 8199   0.3376
 8208   0.3327
 8217   0.3171
 8226   0.3198
 8233   0.3177
 8243   0.3048
 8251   0.3019
 8260   0.3114
 8269   0.3084
 8281   0.2983
 8288   0.3070
 8301   0.3218
 8310   0.3149
 8322   0.3038
 8338   0.2926
 8350   0.3017
 8358   0.3126
 8367   0.3083
 8375   0.3092
 8384   0.3209
 8393   0.3261
 8405   0.3236
 8414   0.3295
 8422   0.3482
 8427   0.3497
 8435   0.3483
 8443   0.3561
 8455   0.3637
 8464   0.3703
 8471   0.3752
 8480   0.3701
 8492   0.3601
 8499   0.3608
 8508   0.3584
 8513   0.3383
 8526   0.3409
 8535   0.3585
 8543   0.3498
 8549   0.3337
 8556   0.3484
 8568   0.3618
 8581   0.3411
 8593   0.3371
 8602   0.3572
 8611   0.3643
 8623   0.3493
 8628   0.3541
 8633   0.3703
 8642   0.3656
 8651   0.3535
 8660   0.3420
 8669   0.3549
 8678   0.3716
 8686   0.3661
 8695   0.3850
 8705   0.3865
 8712   0.3719
 8721   0.3800
 8730   0.3956
 8742   0.3843
 8755   0.3792
 8771   0.3934
 8780   0.3947
 8796   0.3783
 8805   0.3840
 8814   0.4061
 8820   0.3995
 8833   0.3848
 8844   0.4013
 8852   0.4155
 8864   0.4061
 8872   0.3990
 8881   0.4164
 8889   0.4219
 8898   0.4091
 8908   0.4141
 8919   0.4310
 8928   0.4267
 8937   0.4210
 8944   0.4373
 8953   0.4491
 8958   0.4355
 8964   0.4577
 8971   0.4759
 8976   0.4483
 8989   0.4456
 8998   0.4837
 9003   0.4730
 9009   0.4468
 9018   0.4923
 9026   0.5233
 9038   0.5037
 9049   0.5087
 9056   0.4835
 9063   0.4572
 9079   0.4327
 9088   0.4206
 9097   0.4142
 9109   0.3939
 9115   0.3748
 9127   0.3803
 9134   0.3947
 9143   0.4045
 9149   0.4204
 9156   0.4202
 9164   0.4450
 9172   0.4817
 9182   0.5039
 9187   0.4594
 9200   0.4356
 9212   0.4134
 9220   0.4545
 9228   0.3917
 9238   0.4252
 9247   0.4690
 9256   0.4611
 9263   0.4675
 9275   0.5241
 9282   0.4067
 9292   0.3942
 9300   0.3901
 9308   0.3907
 9315   0.3956
 9320   0.4108
 9330   0.3734
 9336   0.3725
 9341   0.3731
 9350   0.3427
 9359   0.3376
 9375   0.3476
 9384   0.3451
 9391   0.3260
 9400   0.3318
 9407   0.3458
 9419   0.3346
 9425   0.3259
 9437   0.3417
 9446   0.3465
 9455   0.3329
 9464   0.3334
 9476   0.3530
 9488   0.3506
 9500   0.3377
 9508   0.3508
 9520   0.3680
 9529   0.3543
 9536   0.3579
 9549   0.3372
 9562   0.3374
 9574   0.3553
 9583   0.3379
 9595   0.3228
 9603   0.3412
 9611   0.3515
 9617   0.3310
 9626   0.3330
 9635   0.3643
 9645   0.3520
 9651   0.3272
 9658   0.3497
 9670   0.3786
 9679   0.3515
 9688   0.3373
 9694   0.3508
 9701   0.3358
 9713   0.3131
 9718   0.3188
 9724   0.3214
 9734   0.3100
 9743   0.3030
 9755   0.3008
 9767   0.3058
 9773   0.3000
 9781   0.2854
 9790   0.2882
 9798   0.2967
 9808   0.2876
 9814   0.2761
 9822   0.2911
 9832   0.2871
 9838   0.2788
 9850   0.2981
 9859   0.2952
 9869   0.2783
 9879   0.3009
 9889   0.3213
 9899   0.2937
 9909   0.2837
 9916   0.3302
 9925   0.3314
 9934   0.2844
 9946   0.3053
 9955   0.3555
 9965   0.3265
 9977   0.2942
 9989   0.3505
 9998   0.3825
10007   0.3333
10019   0.3364
10028   0.4089
10038   0.4093
10044   0.3725
10056   0.4210
10068   0.4746
10080   0.4566
10090   0.4473
10103   0.5073
10113   0.5415
10123   0.5299
10128   0.5490
10138   0.5997
10148   0.6228
10160   0.6435
10169   0.6700
10178   0.7009
10185   0.9156
10194   0.9156
10202   0.8924
10214   0.9882
10224   1.0706
10231   1.0963
10236   1.0358
10246   1.0120
10251   1.1011
10263   1.1055
10272   1.0274
10281   1.1762
10293   1.2710
10303   1.1399
10311   1.2117
10318   1.4751
10328   1.4356
10338   1.2457
10347   1.4778
10356   1.6546
10366   1.4130
10378   1.3937
10388   1.7240
10394   1.7103
10403   1.4607
10413   1.3424
10425   1.1053
10435   0.9502
10441   0.8951
10451   0.7216
10456   0.6991
10466   0.5622
10476   0.6706
10486   0.6609
10498   0.5870
10514   0.6604
10530   0.6529
10541   0.6634
10549   0.5600
10565   0.4610
10573   0.3470
10582   0.3488
10594   0.3332
10600   0.3406
10607   0.3733
10616   0.3578
10624   0.3348
10636   0.3409
10643   0.3172
10648   0.3371
10657   0.3364
10670   0.4105
10683   0.4086
10692   0.3893
10704   0.3813
10714   0.4468
10722   0.5079
10731   0.6330
10738   0.7098
10748   0.6965
10758   0.5175
10770   0.4522
10778   0.4014
10794   0.4147
10802   0.4160
10811   0.3708
10823   0.3569
10832   0.3706
10838   0.3518
10846   0.3205
10854   0.3247
10863   0.3269
10870   0.3059
10882   0.2902
10890   0.2956
10898   0.2922
10914   0.2752
10923   0.2724
10934   0.2763
10941   0.2738
10950   0.2652
10957   0.2706
10969   0.2684
10979   0.2632
10991   0.2682
11000   0.2759
11009   0.2759
11018   0.2786
11025   0.2866
11033   0.2899
11041   0.2897
11050   0.2950
11062   0.3025
11071   0.3090
11081   0.3094
11093   0.3178
11100   0.3251
11109   0.3319
11118   0.3392
11126   0.3460
11138   0.3538
11148   0.3652
11157   0.3776
11167   0.3840
11177   0.3955
11182   0.4083
11193   0.4000
11200   0.3831
11208   0.4233
11216   0.5493
11228   0.5694
11238   0.6000
11245   0.7122
11254   0.8019
11266   0.8573
11275   0.9646
11288   1.0828
11301   1.1576
11313   1.2192
11324   1.3444
11336   0.6105
11345   0.4935
11353   0.4072
11359   0.4898
11366   0.5233
11375   0.4156
11384   0.4138
11393   0.5471
11402   0.5213
11409   0.4198
11419   0.3809
11428   0.3370
11440   0.3399
11452   0.3274
11461   0.3320
11470   0.3280
11480   0.3187
11489   0.3220
11499   0.3267
11509   0.3190
11516   0.3186
11526   0.3300
11536   0.3289
11548   0.3259
11561   0.3390
11569   0.3384
11578   0.3257
11589   0.3276
11597   0.3203
11609   0.3141
11621   0.3078
11630   0.2996
11639   0.2886
11648   0.2812
11660   0.2856
11673   0.2779
11679   0.2715
11688   0.2713
11701   0.2681
11712   0.2647
11720   0.2669
11729   0.2697
11737   0.2678
11743   0.2695
11755   0.2800
11762   0.2875
11772   0.2805
11781   0.2817
11789   0.2996
11796   0.3005
11809   0.2878
11821   0.2979
11829   0.3136
11838   0.3050
11847   0.2990
11856   0.3157
11867   0.3251
11879   0.3185
11888   0.3260
11896   0.3397
11903   0.3391
11909   0.3560
11916   0.3685
11925   0.3729
11934   0.3590
11942   0.3447
11951   0.3533
11960   0.3493
11968   0.3360
11976   0.3371
11985   0.3413
11994   0.3272
12003   0.3226
12015   0.3305
12024   0.3273
12040   0.3131
12046   0.3147
12055   0.3210
12064   0.3258
12071   0.3634
12078   0.3800
12086   0.3771
12097   0.3921
12105   0.4148
12112   0.3931
12124   0.4064
12136   0.4108
12148   0.3800
12164   0.3752
12173   0.3927
12182   0.3749
12188   0.3544
12197   0.3671
12205   0.3728
12218   0.3562
12226   0.3556
12236   0.3673
12244   0.3613
12250   0.3492
12259   0.3612
12267   0.3696
12275   0.3582
12285   0.3584
12298   0.3759
12310   0.3762
12322   0.3673
12334   0.3790
12346   0.3958
12351   0.4044
12363   0.4112
12374   0.4467
12382   0.4517
12398   0.4816
12409   0.5027
12419   0.4866
12428   0.5066
12437   0.5269
12447   0.5353
12456   0.5477
12469   0.6002
12479   0.6231
12489   0.5450
12500   0.5122
12508   0.4693
12521   0.4347
12532   0.4197
12539   0.4020
12547   0.3834
12558   0.3796
12567   0.3771
12576   0.3913
12581   0.3688
12589   0.3686
12599   0.3766
12609   0.3751
12619   0.3818
12629   0.3933
12634   0.3802
12647   0.3429
12655   0.3290
12664   0.3227
12677   0.3253
12686   0.3223
12695   0.3128
12704   0.3133
12716   0.3190
12725   0.3117
12734   0.3027
12740   0.3091
12749   0.3139
12761   0.3029
12773   0.3001
12785   0.3102
12797   0.3106
12804   0.2989
12813   0.3054
12822   0.3233
12832   0.3100
12839   0.3138
12851   0.3383
12856   0.3418
12865   0.3840
12881   0.5321
12890   0.6462
12900   0.5087
12912   0.4899
12921   0.4545
12934   0.4469
12941   0.4427
12949   0.4340
12958   0.4234
12970   0.4177
12982   0.4195
12994   0.4126
13006   0.4009
13019   0.4083
13028   0.4192
13037   0.4066
13046   0.3974
13057   0.3625
13065   0.3490
13074   0.3192
13087   0.3286
13094   0.3111
13100   0.3495
13108   0.3281
13116   0.3080
13125   0.3181
13133   0.2760
13146   0.2672
13154   0.2721
13163   0.2733
13172   0.2721
13184   0.2806
13193   0.2850
13199   0.2885
13208   0.2953
13216   0.3027
13224   0.3068
13233   0.3131
13245   0.3197
13254   0.3218
13263   0.3257
13272   0.3343
13280   0.3417
13292   0.3401
13297   0.3496
13309   0.3691
13325   0.3695
13331   0.3633
13343   0.3729
13348   0.3772
13358   0.4034
13370   0.4347
13377   0.4607
13383   0.4933
13389   0.4821
13395   0.4436
13404   0.4073
13413   0.4211
13421   0.4175
13428   0.3765
13435   0.3362
13444   0.3879
13451   0.4015
13461   0.3988
13470   0.3885
13482   0.3711
13489   0.3575
13497   0.3651
13501   0.3569
13509   0.3409
13521   0.3443
13530   0.3461
13538   0.3289
13547   0.3235
13555   0.3355
13564   0.3273
13573   0.3170
13585   0.3243
13597   0.3328
13602   0.3218
13610   0.3201
13619   0.3339
13627   0.3315
13635   0.3197
13644   0.3364
13656   0.3502
13662   0.3384
13671   0.3403
13684   0.3639
13693   0.3558
13705   0.3450
13715   0.3391
13723   0.3377
13731   0.3424
13740   0.3398
13745   0.3228
13755   0.3235
13763   0.3308
13772   0.3303
13784   0.3255
13796   0.3249
13804   0.3344
13813   0.3416
13822   0.3374
13830   0.3446
13842   0.3539
13847   0.3494
13856   0.3621
13868   0.3799
13880   0.3744
13896   0.3803
13905   0.4183
13917   0.4239
13929   0.3954
13938   0.3806
13946   0.4207
13954   0.4265
13959   0.3943
13967   0.4283
13975   0.4604
13985   0.4447
13997   0.4376
14007   0.4682
14019   0.5038
14026   0.5153
14038   0.4900
14049   0.4501
14058   0.4187
14066   0.4205
14072   0.4132
14084   0.3741
14093   0.3487
14109   0.3680
14122   0.3495
14134   0.3145
14142   0.3167
14152   0.3241
14159   0.3026
14167   0.2899
14180   0.3020
14192   0.2980
14197   0.2835
14206   0.2911
14213   0.3025
14219   0.2906
14232   0.2911
14244   0.3137
14253   0.3133
14265   0.3116
14272   0.3244
14277   0.3218
14289   0.3802
14297   0.3808
14305   0.2963
14317   0.2870
14325   0.2721
14334   0.2732
14339   0.2747
14350   0.2759
14362   0.2757
14371   0.2743
14379   0.2754
14389   0.2765
14396   0.2809
14409   0.2802
14420   0.2824
14433   0.2851
14441   0.2800
14452   0.2794
14461   0.2857
14473   0.2842
14482   0.2800
14494   0.2847
14506   0.2929
14511   0.2861
14523   0.2857
14535   0.2988
14544   0.3065
14551   0.3110
14559   0.3215
14571   0.3003
14580   0.2844
14588   0.2928
14598   0.2962
14607   0.2810
14619   0.2755
14625   0.2847
14633   0.2821
14642   0.2762
14651   0.2788
14667   0.2825
14675   0.2831
14691   0.2831
14699   0.2948
14708   0.2800
14716   0.2871
14724   0.2891
14733   0.2997
14740   0.3014
14749   0.3000
14756   0.2925
14763   0.2881
14779   0.2891
14788   0.2890
14795   0.2839
14803   0.2810
14813   0.2824
14822   0.2792
14831   0.2735
14844   0.2783
14850   0.2807
14862   0.2760
14871   0.2757
14883   0.2761
14892   0.2778
14901   0.2747
14911   0.2746
14918   0.2827
14934   0.2802
14946   0.2769
14956   0.2878
14963   0.2937
14973   0.2917
14983   0.2985
14995   0.3096
15007   0.3189
15015   0.3260
15026   0.3246
15034   0.3609
15046   0.4778
15051   0.4710
15063   0.3647
15073   0.3724
15083   0.3619
15093   0.3482
15103   0.3580
15109   0.3297
15117   0.3197
15127   0.3362
15140   0.3242
15145   0.3028
15154   0.3118
15159   0.3159
15164   0.2970
15173   0.2923
15182   0.3029
15191   0.2950
15199   0.2876
15208   0.2928
15217   0.2921
15226   0.2870
15233   0.2911
15242   0.2982
15250   0.2983
15266   0.3015
15277   0.3133
15285   0.3159
15294   0.3141
15303   0.3221
15315   0.3352
15324   0.3411
15331   0.3433
15340   0.3635
15349   0.3987
15359   0.3738
15366   0.3540
15374   0.3513
15380   0.3933
15385   0.3920
15393   0.4733
15402   0.5440
15413   0.5135
15424   0.4591
15432   0.4513
15441   0.4471
15450   0.4355
15458   0.4198
15465   0.4135
15473   0.4008
15481   0.3965
15490   0.3822
15498   0.3848
15507   0.3835
15512   0.4013
15517   0.4011
15530   0.4079
15541   0.4065
15549   0.4049
15558   0.4216
15570   0.4263
15578   0.4503
15587   0.4577
15594   0.4826
15600   0.4863
15612   0.4937
15624   0.5273
15631   0.5192
15643   0.5026
15652   0.5399
15662   0.5485
15670   0.5647
15679   0.6191
15688   0.6521
15699   0.6774
15706   0.6246
15716   0.6081
15729   0.6570
15740   0.6492
15750   0.5971
15762   0.6205
15771   0.6663
15781   0.6405
15788   0.5940
15800   0.6140
15804   0.6792
15812   0.6623
15823   0.6945
15830   0.6434
15835   0.6004
15841   0.6278
15850   0.5913
15862   0.5440
15874   0.5729
15883   0.5805
15893   0.5269
15904   0.5201
15917   0.5464
15927   0.5529
15939   0.5357
15949   0.4994
15958   0.5017
15966   0.4859
15974   0.5038
15982   0.4911
15988   0.5022
15998   0.4824
16007   0.4875
16017   0.4811
16022   0.4535
16033   0.4259
16040   0.4243
16051   0.4262
16058   0.4251
16067   0.4064
16083   0.4054
16091   0.4019
16100   0.4125
16106   0.4298
16113   0.4310
16121   0.4126
16128   0.4213
16138   0.4368
16150   0.4339
16160   0.4265
16169   0.4429
16178   0.4640
16190   0.4599
16200   0.4383
16209   0.4446
16217   0.4391
16225   0.4651
16233   0.4680
16244   0.4314
16251   0.4346
16258   0.4142
16270   0.4002
16277   0.3861
16285   0.3751
16293   0.3910
16305   0.3717
16312   0.3878
16328   0.3775
16335   0.3979
16344   0.3893
16356   0.3968
16368   0.3860
16379   0.3695
16388   0.3752
16396   0.3946
16405   0.3767
16410   0.3586
16416   0.3657
16426   0.3545
16432   0.3514
16442   0.3528
16451   0.3605
16457   0.3541
16465   0.3705
16474   0.3662
16484   0.3910
16493   0.3868
16500   0.4051
16511   0.4170
16519   0.4226
16528   0.4475
16534   0.4577
16542   0.4536
16548   0.4703
16556   0.4956
16568   0.5277
16579   0.5222
16586   0.5258
16595   0.5609
16601   0.5820
16611   0.6092
16620   0.7120
16629   0.7365
16635   0.7070
16640   0.6690
16651   0.6152
16660   0.5789
16668   0.5707
16678   0.5104
16685   0.4995
16692   0.5147
16703   0.4803
16710   0.4512
16718   0.4418
16726   0.4611
16734   0.4552
16743   0.4772
16753   0.4786
16763   0.4533
16772   0.4576
16784   0.4665
16792   0.4708
16805   0.4681
16818   0.4249
16826   0.4167
16836   0.3837
16841   0.3649
16849   0.3570
16856   0.3460
16865   0.3792
16872   0.3709
16883   0.3651
16890   0.4013
16899   0.4246
16907   0.4736
16916   0.5005
16926   0.5299
16938   0.5353
16947   0.5509
16956   0.5862
16963   0.5538
16973   0.5524
16984   0.5307
16995   0.4944
17007   0.4711
17016   0.4830
17027   0.4711
17036   0.4768
17044   0.4545
17053   0.4609
17062   0.4566
17071   0.4763
17083   0.4574
17095   0.4679
17104   0.4957
17115   0.5214
17123   0.5570
17131   0.5964
17141   0.5432
17148   0.5274
17159   0.4819
17166   0.4467
17176   0.4396
17192   0.4373
17208   0.4605
17216   0.4685
17225   0.4956
17236   0.5034
17245   0.5517
17253   0.5815
17258   0.6591
17265   0.7082
17277   0.7497
17286   0.7170
17298   0.6406
17309   0.6463
17321   0.5870
17326   0.5658
17333   0.5111
17345   0.5070
17351   0.5030
17360   0.5097
17370   0.4685
17379   0.4727
17387   0.4378
17395   0.4505
17407   0.4383
17418   0.4059
17427   0.3672
17437   0.3532
17445   0.3554
17451   0.3763
17458   0.3652
17466   0.3920
17473   0.3693
17482   0.3893
17487   0.3866
17499   0.3673
17508   0.3911
17514   0.3837
17519   0.3594
17532   0.3629
17537   0.3546
17546   0.3555
17555   0.3544
17560   0.3485
17569   0.3496
17582   0.3531
17588   0.3484
17595   0.3447
17603   0.3530
17611   0.3535
17620   0.3423
17628   0.3470
17637   0.3570
17642   0.3492
17652   0.3408
17664   0.3552
17672   0.3632
17684   0.3416
17694   0.3447
17706   0.3779
17718   0.3727
17725   0.3438
17730   0.3827
17739   0.4298
17746   0.4188
17758   0.3258
17765   0.2672
17774   0.2890
17783   0.2897
17795   0.2847
17805   0.2758
17815   0.2716
17823   0.2705
17831   0.2723
17842   0.2759
17850   0.2715
17859   0.2707
17871   0.2791
17880   0.2799
17889   0.2752
17899   0.2846
17908   0.2995
17915   0.2896
17923   0.2864
17932   0.3132
17941   0.3169
17953   0.3119
17962   0.3209
17970   0.3309
17982   0.3289
17992   0.3341
18000   0.3508
18005   0.3482
18015   0.3770
18024   0.3495
18034   0.3167
18043   0.3487
18053   0.3541
18063   0.3064
18072   0.3124
18081   0.3447
18094   0.3175
18100   0.2920
18110   0.2986
18119   0.3039
18128   0.2908
18140   0.2831
18149   0.2915
18162   0.2933
18174   0.2830
18180   0.2776
18188   0.2765
18198   0.2782
18206   0.2761
18215   0.2721
18224   0.2743
18234   0.2746
18250   0.2724
18258   0.2712
18270   0.3008
18280   0.3005
18290   0.3486
18298   0.4275
18309   1.4967
18314   1.4983
18323   1.5073
18332   1.5448
18344   1.5458
18356   1.5264
18365   1.5396
18374   1.5029
18382   1.4883
18390   1.5218
18399   1.5212
18406   1.4851
18415   1.4944
18421   1.5259
18429   1.5081
18435   1.4830
18442   1.5008
18448   1.5484
18460   1.5322
18472   1.4933
18485   1.4638
18496   1.4455
18501   1.4618
18510   1.4539
18517   1.4204
18529   1.4196
18537   1.4362
18550   1.4176
18559   1.3900
18568   1.4092
18581   1.4164
18590   1.3870
18599   1.3751
18608   1.3983
18616   1.3825
18624   1.3681
18633   1.3915
18645   1.3960
18652   1.3665
18661   1.3748
18669   1.3558
18677   1.3540
18687   1.3639
18693   1.4272
18701   1.4074
18710   1.4257
18722   1.4595
18727   1.4398
18739   1.4291
18747   1.4670
18752   1.4781
18764   1.4467
18773   1.4665
18782   1.5092
18794   1.4915
18801   1.4720
18810   1.5204
18817   1.5421
18826   1.5148
18834   1.5268
18841   1.5753
18850   1.5706
18857   1.5494
18869   1.5890
18878   1.6213
18887   1.5988
18896   1.6056
18908   1.6583
18917   1.6689
18926   1.6512
18938   1.6543
18950   1.6476
18959   1.7559
18967   1.6882
18979   1.6450
18986   1.5942
18994   1.5957
19003   1.6320
19012   1.6031
19017   1.5633
19026   1.6001
19038   1.6183
19047   1.5685
19053   1.5607
19060   1.6057
19069   1.5946
19077   1.5500
19086   1.5715
19102   1.6054
19111   1.5712
19119   1.5426
19126   1.5794
19138   1.5974
19146   1.3450
19155   1.3064
19167   1.2816
19179   1.2844
19191   1.2825
19197   1.2457
19204   1.2318
19212   1.2472
19218   1.2317
19225   1.2004
19235   1.2039
19244   1.2134
19254   1.1860
19264   1.1691
19276   1.1846
19285   1.1833
19290   1.1563
19301   1.1526
19310   1.1698
19319   1.1603
19327   1.1353
19335   1.1447
19341   1.1600
19346   1.1423
19356   1.1230
19364   1.1431
19372   1.1553
19380   1.1309
19388   1.1173
19397   1.1457
19406   1.1475
19415   1.1110
19420   1.1133
19427   1.1411
19434   1.1260
19439   1.0880
19448   1.1111
19457   1.1338
19465   1.1220
19473   1.1591
19480   1.1770
19489   1.2041
19497   1.1716
19504   1.1467
19510   1.1706
19518   1.1640
19531   1.1258
19543   1.1414
19555   1.1666
19563   1.1341
19575   1.1138
19584   1.1499
19589   1.1484
19598   1.1051
19605   1.1145
19613   1.1449
19629   1.1146
19645   1.0842
19652   1.1125
19668   1.1247
19675   1.1596
19687   1.1985
19695   1.2288
19707   1.2368
19715   1.2407
19723   1.2415
19732   1.2180
19741   1.2201
19753   1.2390
19758   1.2263
19765   1.2108
19774   1.2317
19781   1.2393
19789   1.2177
19798   1.2223
19807   1.2501
19813   1.2465
19822   1.2302
19834   1.2543
19842   1.2789
19848   1.2674
19853   1.2719
19865   1.3021
19874   1.3120
19883   1.3071
19888   1.3262
19897   1.3523
19910   1.3542
19919   1.3370
19932   1.3600
19944   1.3740
19956   1.4403
19968   1.4475
19980   1.4122
19992   1.4170
20004   1.3999
20014   1.3224
20020   1.3113
20027   1.3035
20034   1.3176
20042   1.3210
20053   1.3071
20062   1.3105
20075   1.3316
20088   1.2831
20104   1.2546
20117   1.2356
20129   1.2168
20141   1.2536
20147   1.2462
20157   1.2679
20165   1.2354
20174   1.2088
20183   1.2365
20192   1.2419
20201   1.2031
20209   1.2037
20218   1.2348
20231   1.2175
20244   1.1913
20252   1.2165
20261   1.2302
20267   1.1971
20275   1.1953
20284   1.2293
20293   1.2253
20305   1.1980
20314   1.2218
20330   1.2609
20339   1.2499
20351   1.2664
20361   0.8468
20367   0.7934
20375   0.7983
20387   0.8058
20399   0.8236
20411   0.8489
20420   0.8625
20429   0.8715
20439   0.9123
20451   0.9170
20458   0.8817
20471   0.8976
20480   0.9318
20487   0.9075
20493   0.8891
20502   0.9292
20511   0.9411
20517   0.9030
20526   0.9115
20535   0.9598
20541   0.9428
20557   0.9077
20564   0.9492
20573   0.9824
20581   0.9383
20594   0.8819
20606   0.8909
20613   0.8578
20629   0.8850
20638   0.8907
20646   0.8447
20658   0.8417
20666   0.8698
20675   0.8497
20684   0.8180
20693   0.8341
20709   0.8457
20716   0.8167
20723   0.8033
20731   0.8256
20740   0.8152
20756   0.7857
20765   0.7910
20774   0.7889
20786   0.8140
20797   0.8155
20809   0.8416
20821   0.8622
20831   0.8493
20844   0.8557
20850   0.8912
20859   0.8989
20868   0.8834
20875   0.9037
20881   0.9502
20889   0.9404
20901   0.9299
20910   0.9720
20918   0.9952
20926   0.9693
20939   0.9842
20945   1.0256
20956   1.0219
20965   1.0026
20974   1.0292
20983   1.0572
20991   1.0451
21000   1.0437
21012   1.0670
21025   1.0755
21034   1.0688
21050   1.0747
21057   1.1051
21069   1.1171
21079   1.1397
21087   1.1671
21095   1.1797
21105   1.1956
21114   1.2146
21124   1.1653
21134   1.1418
21141   1.1294
21149   1.1392
21154   1.1277
21166   1.1066
21175   1.0972
21185   1.0911
21195   1.0486
21205   1.0472
21214   1.0769
21222   1.0583
21227   1.0981
21237   1.0930
21246   1.0712
21252   1.0282
21259   1.0341
21269   1.0535
21278   1.0201
21287   0.9890
21299   1.0126
21307   1.0190
21316   0.9790
21324   0.9667
21336   0.9966
21352   0.9868
21361   0.9516
21370   0.9739
21379   0.9966
21391   0.9613
21403   0.9486
21415   0.9908
21424   0.9863
21432   0.9479
21442   0.9685
21454   1.0008
21464   0.9741
21470   0.9590
21479   1.0000
21491   1.0114
21501   0.9803
21511   0.9977
21521   1.0392
21527   1.0284
21536   1.0098
21545   1.0831
21552   0.9699
21561   0.8957
21570   0.8508
21580   0.8234
21588   0.8314
21597   0.8155
21602   0.7747
21613   0.7678
21622   0.7724
21630   0.7484
21638   0.7195
21644   0.7257
21653   0.7238
21665   0.6971
21674   0.6835
21684   0.6951
21697   0.7158
21713   0.6967
21722   0.6894
21735   0.7070
21743   0.7045
21750   0.6822
21755   0.6941
21760   0.7101
21769   0.6913
21781   0.6887
21793   0.7126
21805   0.7206
21813   0.6988
21820   0.7215
21832   0.8117
21842   0.8751
21847   0.8338
21857   0.7671
21866   0.7372
21874   0.7535
21883   0.6981
21896   0.6750
21906   0.7234
21915   0.7035
21924   0.6599
21937   0.6846
21946   0.6971
21954   0.6662
21963   0.6669
21975   0.6948
21984   0.6832
21996   0.6652
22003   0.6869
22011   0.7013
22017   0.6822
22026   0.6833
22039   0.7021
22051   0.6978
22059   0.6979
22071   0.6946
22084   0.6853
22094   0.6853
22110   0.6878
22126   0.6757
22138   0.6661
22148   0.6549
22157   0.6587
22166   0.6712
22176   0.6641
22189   0.6508
22201   0.6675
22217   0.6755
22226   0.6575
22233   0.6595
22241   0.6882
22249   0.6864
22258   0.6669
22271   0.6886
22279   0.7150
22288   0.7027
22297   0.6977
22305   0.7349
22314   0.7485
22323   0.7308
22335   0.7549
22344   0.7968
22357   0.7874
22365   0.7741
22378   0.8579
22390   0.8865
22402   0.8355
22412   0.8391
22423   0.7637
22434   0.7618
22442   0.8145
22447   0.7921
22456   0.7789
22472   0.8388
22484   0.9010
22495   0.8796
22504   0.8985
22512   0.9130
22517   0.8434
22526   0.8305
22536   0.8363
22546   0.8312
22556   0.8116
22566   0.8203
22575   0.8588
22585   0.8786
22594   0.8786
22603   0.9198
22608   0.8925
22617   0.9748
22627   0.9539
22639   0.8947
22651   0.8971
22659   0.8877
22667   0.8776
22673   0.8266
22683   0.7991
22692   0.8179
22704   0.8004
22712   0.7655
22724   0.7635
22733   0.7903
22745   0.7743
22753   0.7343
22761   0.7502
22769   0.7734
22776   0.7380
22788   0.7191
22797   0.7495
22806   0.7398
22814   0.7026
22821   0.7120
22830   0.7240
22839   0.6935
22851   0.6767
22860   0.6961
22872   0.6872
22885   0.6635
22897   0.6670
22909   0.6805
22918   0.6702
22930   0.6574
22942   0.6725
22951   0.6851
22961   0.6793
22970   0.6764
22978   0.6981
22987   0.7038
22996   0.7909
23006   0.9351
23014   0.8910
23022   0.8285
23031   0.8036
23043   0.7872
23052   0.7747
23062   0.7604
23074   0.7424
23083   0.7309
23093   0.7208
23106   0.7074
23118   0.6916
23130   0.6881
23140   0.6821
23149   0.6635
23161   0.6591
23169   0.6632
23181   0.6511
23190   0.6378
23206   0.6443
23222   0.6422
23231   0.6282
23240   0.6208
23250   0.6303
23259   0.6251
23271   0.6125
23280   0.6099
23289   0.6058
23299   0.5980
23308   0.5862
23316   0.5918
23323   0.5910
23330   0.5827
23343   0.5852
23352   0.5755
23361   0.5726
23377   0.5688
23385   0.5536
23393   0.5479
23401   0.5534
23411   0.5524
23421   0.5485
23429   0.5597
23436   0.5751
23445   0.5808
23457   0.5639
23468   0.5625
23481   0.5881
23489   0.5865
23501   0.5725
23510   0.5841
23519   0.6124
23526   0.6065
23542   0.6006
23548   0.6274
23560   0.6526
23566   0.6671
23574   0.6874
23582   0.6965
23595   0.7021
23601   0.6981
23611   0.6509
23620   0.6397
23632   0.6551
23644   0.6357
23650   0.6046
23656   0.6217
23663   0.6290
23670   0.5997
23678   0.5909
23685   0.6154
23693   0.6073
23701   0.5967
23717   0.6066
23725   0.6079
23732   0.5976
23740   0.5877
23749   0.5954
23758   0.6019
23766   0.5936
23773   0.5899
23783   0.6041
23792   0.6118
23801   0.6024
23814   0.6087
23826   0.6235
23835   0.6351
23847   0.6538
23855   0.6356
23864   0.6185
23873   0.6130
23881   0.6271
23891   0.6576
23902   0.6306
23914   0.6354
23921   0.6271
23929   0.6363
23940   0.6029
23947   0.5897
23954   0.5869
23962   0.6222
23970   0.6324
23981   0.5709
23991   0.5964
24002   0.5971
24014   0.6545
24022   0.5445
24033   0.5110
24041   0.5107
24049   0.5247
24058   0.5310
24070   0.5362
24080   0.5559
24089   0.5773
24100   0.5844
24110   0.5887
24117   0.5714
24126   0.5687
24135   0.5665
24148   0.5700
24155   0.5849
24160   0.5960
24168   0.5885
24176   0.5924
24184   0.6034
24192   0.5961
24200   0.5762
24210   0.5724
24226   0.5754
24234   0.5763
24239   0.5912
24248   0.5920
24260   0.6102
24270   0.6241
24277   0.6241
24283   0.6274
24291   0.6193
24300   0.6549
24309   0.6672
24317   0.6388
24330   0.6386
24339   0.6260
24351   0.6051
24362   0.6005
24373   0.6130
24382   0.6002
24391   0.5825
24400   0.5975
24409   0.5975
24415   0.5773
24424   0.5820
24433   0.5972
24439   0.5885
24451   0.5803
24461   0.5866
24469   0.5981
24477   0.6084
24485   0.6120
24498   0.6008
24510   0.5999
24522   0.6034
24534   0.6109
24544   0.6123
24557   0.6062
24570   0.6163
24582   0.6328
24587   0.6371
24599   0.6415
24610   0.6716
24621   0.6048
24630   0.6378
24638   0.6241
24643   0.5724
24651   0.5832
24659   0.6206
24666   0.6043
24676   0.5885
24684   0.6608
24693   0.5931
24705   0.5913
24717   0.5843
24726   0.5942
24735   0.6192
24743   0.6522
24755   0.6888
24764   0.6845
24776   0.6143
24785   0.6064
24794   0.6468
24803   0.6143
24808   0.5817
24817   0.5841
24826   0.5646
24837   0.5499
24844   0.5547
24850   0.5493
24860   0.5382
24873   0.5521
24885   0.5632
24893   0.5493
24904   0.5671
24917   0.5997
24929   0.6021
24941   0.6095
24954   0.5879
24964   0.5404
24976   0.4840
24981   0.4974
24990   0.4495
25000   0.4297
25008   0.4626
25015   0.4530
25027   0.4245
25036   0.4523
25045   0.4827
25052   0.4613
25060   0.4513
25071   0.4836
25079   0.4946
25088   0.4746
25093   0.4793
25105   0.5029
25117   0.5068
25126   0.5360
25135   0.5612
25147   0.5617
25160   0.5274
25166   0.5349
25175   0.5496
25184   0.5299
25196   0.5148
25202   0.5311
25209   0.5319
25225   0.5074
25234   0.5057
25243   0.5347
25248   0.5279
25256   0.4939
25265   0.5217
25278   0.5617
25290   0.5520
25302   0.5671
25314   0.5970
25326   0.6355
25336   0.6147
25342   0.5866
25351   0.6293
25357   0.6554
25367   0.6067
25375   0.5845
25390   0.6129
25398   0.6058
25408   0.5708
25421   0.5733
25428   0.5846
25435   0.5709
25447   0.5514
25456   0.5686
25462   0.5859
25469   0.5638
25478   0.5579
25487   0.5867
25495   0.5886
25507   0.5633
25519   0.5776
25532   0.6025
25544   0.5864
25552   0.5708
25559   0.5880
25568   0.6047
25573   0.5992
25581   0.6312
25588   0.6302
25596   0.6270
25601   0.6015
25609   0.5917
25616   0.5920
25628   0.5800
25637   0.5879
25649   0.5948
25657   0.5892
25673   0.5935
25685   0.6190
25697   0.6138
25707   0.6518
25712   0.6116
25718   0.5891
25731   0.5603
25743   0.5748
25754   0.5889
25763   0.5951
25774   0.5560
25783   0.5389
25792   0.5746
25802   0.5645
25818   0.5294
25827   0.5473
25840   0.5591
25851   0.5831
25859   0.5692
25868   0.5753
25880   0.5412
25889   0.5816
25897   0.5706
25908   0.6423
25916   0.5566
25926   0.5300
25934   0.4779
25942   0.5164
25954   0.5632
25963   0.5048
25971   0.4603
25984   0.4908
25993   0.5120
26005   0.5094
26014   0.5041
26023   0.5253
26032   0.5382
26041   0.5339
26048   0.5426
26054   0.5706
26061   0.5665
26070   0.5581
26082   0.5913
26094   0.6068
26106   0.5859
26115   0.5939
26127   0.6324
26137   0.6253
26146   0.5955
26156   0.5873
26167   0.5946
26177   0.5887
26183   0.5612
26189   0.5481
26197   0.5465
26209   0.5282
26218   0.4870
26227   0.4559
26233   0.4532
26238   0.4459
26247   0.4295
26258   0.4090
26266   0.4128
26276   0.4146
26285   0.3963
26292   0.3941
26301   0.4051
26312   0.3834
26321   0.3669
26330   0.3475
26336   0.3357
26342   0.3451
26349   0.3468
26361   0.3462
26368   0.3550
26380   0.3669
26392   0.3799
26402   0.3854
26410   0.3750
26417   0.3906
26425   0.4185
26434   0.3900
26446   0.3334
26455   0.3848
26467   0.4118
26474   0.4719
26486   0.5336
26493   0.5401
26506   0.5182
26515   0.4540
26524   0.4611
26533   0.5255
26540   0.4668
26550   0.3887
26558   0.4525
26567   0.4810
26576   0.4041
26588   0.3953
26595   0.4673
26608   0.4492
26617   0.3916
26629   0.3669
26645   0.3737
26657   0.3845
26665   0.3584
26674   0.3392
26682   0.3531
26691   0.3744
26700   0.3663
26712   0.3571
26721   0.3694
26729   0.3743
26734   0.3729
26742   0.4135
26750   0.4486
26762   0.4445
26771   0.4528
26778   0.4712
26787   0.4682
26799   0.4513
26806   0.4550
26815   0.4678
26820   0.4594
26833   0.4314
26842   0.4335
26850   0.4422
26856   0.4205
26863   0.4118
26875   0.4189
26888   0.4069
26900   0.3966
26909   0.4064
26918   0.3960
26930   0.4349
26935   0.4051
26940   0.4224
26949   0.4053
26958   0.3846
26967   0.3591
26976   0.3686
26985   0.3847
26993   0.3839
27002   0.4118
27012   0.4164
27019   0.4034
27028   0.4146
27037   0.4415
27049   0.4374
27062   0.4287
27078   0.4508
27087   0.4678
27103   0.4607
27112   0.4594
27121   0.4800
27127   0.4848
27140   0.4760
27151   0.4818
27159   0.4902
27171   0.4798
27179   0.4803
27188   0.5039
27196   0.5084
27205   0.4968
27215   0.5119
27226   0.5365
27235   0.5319
27244   0.5306
27251   0.5612
27260   0.5772
27265   0.6156
27271   0.6410
27278   0.5953
27283   0.6238
27296   0.5883
27305   0.5753
27310   0.5665
27316   0.6051
27325   0.5660
27333   0.5436
27345   0.5397
27356   0.6236
27363   0.6034
27370   0.5367
27386   0.5124
27395   0.5000
27404   0.4960
27416   0.4753
27422   0.4564
27434   0.4465
27441   0.4620
27450   0.4816
27456   0.4887
27463   0.5637
27471   0.6022
27479   0.5585
27489   0.5969
27494   0.6795
27507   0.7671
27519   0.8095
27527   0.8928
27535   0.9083
27545   0.9885
27554   0.9467
27563   1.0206
27570   0.9032
27582   0.7261
27589   0.7398
27599   0.6035
27607   0.5552
27615   0.5347
27622   0.4911
27627   0.4433
27637   0.4241
27643   0.4172
27648   0.4317
27657   0.4311
27666   0.4110
27682   0.4138
27691   0.4209
27698   0.4059
27707   0.4042
27714   0.4290
27726   0.4123
27732   0.3775
27744   0.3943
27753   0.4100
27762   0.3826
27771   0.3731
27783   0.4001
27795   0.4010
27807   0.3768
27815   0.3774
27827   0.4002
27836   0.3919
27843   0.3732
27856   0.3601
27869   0.3481
27881   0.3442
27890   0.3328
27902   0.3233
27910   0.3238
27918   0.3244
27924   0.3144
27933   0.3105
27942   0.3189
27952   0.3164
27958   0.3097
27965   0.3107
27977   0.3051
27986   0.3006
27995   0.2990
28001   0.3027
28008   0.3067
28020   0.3056
28025   0.3047
28031   0.3122
28041   0.3164
28050   0.3131
28062   0.3160
28074   0.3210
28080   0.3185
28088   0.3140
28097   0.3157
28105   0.3202
28115   0.3123
28121   0.3112
28129   0.3217
28139   0.3181
28145   0.3064
28157   0.3145
28166   0.3251
28176   0.3175
28186   0.3103
28196   0.3284
28206   0.3373
28216   0.3176
28223   0.3218
28232   0.3478
28241   0.3424
28253   0.3294
28262   0.3544
28272   0.3742
28284   0.3589
28296   0.3605
28305   0.3900
28314   0.3909
28326   0.3806
28335   0.4026
28345   0.4255
28351   0.4140
28363   0.4255
28375   0.4636
28387   0.4721
28397   0.4693
28410   0.5032
28420   0.5397
28430   0.5412
28435   0.5642
28445   0.6182
28455   0.6614
28467   0.6370
28476   0.6400
28485   0.6718
28492   0.7039
28501   0.7726
28509   0.8097
28521   0.8093
28531   0.8712
28538   0.8559
28543   0.8572
28553   0.8317
28558   0.8301
28570   0.8449
28579   0.8588
28588   0.8253
28600   0.7760
28610   0.8485
28618   0.8555
28625   0.6996
28635   0.6884
28645   0.7020
28654   0.7251
28663   0.7411
28673   0.7088
28685   0.6398
28695   0.6246
28701   0.5877
28710   0.4909
28720   0.5058
28732   0.5439
28742   0.5976
28748   0.6222
28758   0.6207
28763   0.6217
28773   0.5625
28783   0.5034
28793   0.4578
28805   0.4271
28821   0.3996
28837   0.3604
28848   0.3256
28856   0.3109
28872   0.3165
28880   0.3481
28889   0.3172
28901   0.2812
28907   0.3125
28914   0.3161
28923   0.2882
28931   0.2851
28943   0.2820
28950   0.2775
28955   0.2810
28964   0.2867
28977   0.2988
28990   0.3082
28999   0.3027
29011   0.3188
29021   0.3779
29029   0.4638
29038   0.4291
29045   0.4890
29055   0.6679
29065   0.9913
29077   0.7829
29085   0.5621
29101   0.5235
29109   0.5277
29118   0.5113
29130   0.4753
29139   0.4625
29145   0.4608
29153   0.4313
29161   0.4046
29170   0.4049
29177   0.3930
29189   0.3659
29197   0.3520
29205   0.3558
29221   0.3393
29230   0.3194
29241   0.3251
29248   0.3255
29257   0.3132
29264   0.3010
29276   0.3063
29286   0.2998
29298   0.2968
29307   0.3032
29316   0.3015
29325   0.3002
29332   0.3079
29340   0.3068
29348   0.3025
29357   0.3107
29369   0.3168
29378   0.3143
29388   0.3194
29400   0.3312
29407   0.3310
29416   0.3341
29425   0.3460
29433   0.3520
29445   0.3545
29455   0.3656
29464   0.3825
29474   0.3870
29484   0.3908
29489   0.3731
29500   0.3598
29507   0.3696
29515   0.3859
29523   0.3874
29535   0.4179
29545   0.4127
29552   0.3988
29561   0.4291
29573   0.4380
29582   0.4153
29595   0.4177
29608   0.4563
29620   0.5319
29631   0.6626
29643   0.8184
29652   0.7029
29660   0.4994
29666   0.5022
29673   0.5265
29682   0.4982
29691   0.4148
29700   0.4434
29709   0.4527
29716   0.4917
29726   0.4461
29735   0.4028
29747   0.4167
29759   0.4111
29768   0.4291
29777   0.4340
29787   0.4220
29796   0.4200
29806   0.4327
29816   0.4435
29823   0.4382
29833   0.4405
29843   0.4646
29855   0.4724
29868   0.4689
29876   0.4699
29885   0.4736
29896   0.4536
29904   0.4445
29916   0.4424
29928   0.4381
29937   0.4059
29946   0.3901
29955   0.3853
29967   0.3780
29980   0.3610
29986   0.3511
29995   0.3572
30008   0.3382
30019   0.3252
30027   0.3396
30036   0.3428
30044   0.3267
30050   0.3282
30062   0.3455
30069   0.3295
30079   0.3273
30088   0.3354
30096   0.3215
30103   0.3108
30116   0.3237
30128   0.3227
30136   0.3101
30145   0.3138
30154   0.3242
30163   0.3209
30174   0.3140
30186   0.3212
30195   0.3294
30203   0.3339
30210   0.3475
30216   0.3378
30223   0.3414
30232   0.3366
30241   0.3332
30249   0.3359
30258   0.3311
30267   0.3357
30275   0.3226
30283   0.3198
30292   0.3384
30301   0.3312
30310   0.3130
30322   0.3327
30331   0.3454
30347   0.3219
30353   0.3245
30362   0.3451
30371   0.3447
30378   0.3191
30385   0.3800
30393   0.3722
30404   0.4077
30412   0.3938
30419   0.3745
30431   0.3685
30443   0.3574
30455   0.3448
30471   0.3438
30480   0.3445
30489   0.3335
30495   0.3357
30504   0.3449
30512   0.3344
30525   0.3375
30533   0.3581
30543   0.3589
30551   0.3450
30557   0.3666
30566   0.3870
30574   0.3732
30582   0.3752
30592   0.4089
30605   0.4136
30617   0.3998
30629   0.4240
30641   0.4543
30653   0.4606
30658   0.4700
30670   0.6168
30681   0.8667
30689   0.9082
30705   0.7737
30716   0.7426
30726   0.7303
30735   0.6694
30744   0.6126
30754   0.5216
30763   0.4818
30776   0.4190
30786   0.4359
30796   0.4908
30807   0.5243
30815   0.5236
30828   0.4554
30839   0.4074
30846   0.3778
30854   0.3821
30865   0.3852
30874   0.3677
30883   0.3686
30888   0.3711
30896   0.3892
30906   0.4237
30916   0.4496
30926   0.4925
30936   0.4575
30941   0.4172
30954   0.4220
30962   0.3880
30971   0.3781
30984   0.3674
30993   0.3705
31002   0.3716
31011   0.3509
31023   0.3415
31032   0.3565
31041   0.3477
31047   0.3241
31056   0.3331
31068   0.3414
31080   0.3218
31092   0.3118
31104   0.3281
31111   0.3272
31120   0.3097
31129   0.3185
31139   0.3258
31146   0.3166
31158   0.3129
31163   0.3345
31172   0.3402
31188   0.3360
31197   0.4222
31207   0.5584
31219   0.4564
31228   0.4095
31241   0.3649
31248   0.3336
31256   0.3263
31265   0.3274
31277   0.2959
31289   0.2947
31301   0.3153
31313   0.3135
31326   0.3077
31335   0.3324
31344   0.3553
31353   0.3365
31364   0.3279
31372   0.3384
31381   0.3457
31394   0.3385
31401   0.3150
31407   0.3701
31415   0.3806
31423   0.4135
31432   0.4306
31440   0.4156
31453   0.3893
31461   0.3701
31470   0.3680
31479   0.3647
31491   0.3406
31500   0.3330
31506   0.3328
31515   0.3231
31523   0.3122
31531   0.3096
31540   0.3061
31552   0.3022
31561   0.2941
31570   0.2895
31579   0.2932
31587   0.3008
31599   0.2915
31604   0.2899
31616   0.3004
31632   0.3161
31638   0.3156
31650   0.3053
31655   0.3080
31665   0.3170
31677   0.3598
31684   0.3982
31690   0.5154
31696   0.4919
31702   0.4648
31711   0.4862
31720   0.4499
31728   0.4385
31735   0.4228
31742   0.3940
31751   0.4005
31758   0.3742
31768   0.3803
31777   0.3679
31789   0.3615
31796   0.3589
31804   0.3261
31808   0.3155
31816   0.3101
31828   0.3097
31837   0.3022
31845   0.2955
31854   0.2919
31862   0.2883
31871   0.2849
31880   0.2835
31892   0.2854
31904   0.2870
31909   0.2831
31917   0.2841
31926   0.2948
31934   0.2939
31942   0.2831
31951   0.3016
31963   0.3159
31969   0.2941
31978   0.2964
31991   0.3401
32000   0.3425
32012   0.3084
32022   0.3143
32030   0.2985
32038   0.3170
32047   0.3125
32052   0.2917
32062   0.3017
32070   0.3129
32079   0.2965
32091   0.2901
32103   0.3060
32111   0.3060
32120   0.2910
32129   0.2978
32137   0.3120
32149   0.3022
32154   0.2974
32163   0.3120
32175   0.3208
32187   0.3087
32203   0.3164
32212   0.3378
32224   0.3369
32236   0.3237
32245   0.3282
32253   0.3415
32261   0.3342
32266   0.3321
32274   0.3524
32282   0.3829
32292   0.3656
32304   0.3712
32314   0.3645
32326   0.3783
32333   0.3723
32345   0.3513
32356   0.3390
32365   0.3401
32373   0.3270
32379   0.3218
32391   0.3299
32400   0.3235
32416   0.3132
32429   0.3169
32441   0.3223
32449   0.3160
32459   0.3156
32466   0.3168
32474   0.3150
32487   0.3076
32499   0.3065
32504   0.3127
32513   0.3103
32520   0.3032
32526   0.3065
32539   0.3071
32551   0.3038
32560   0.3160
32572   0.3144
32579   0.3125
32584   0.3455
32596   0.3344
32604   0.3688
32612   0.3936
32624   0.3573
32632   0.3466
32641   0.3195
32646   0.3439
32657   0.3809
32669   0.4137
32678   0.3694
32686   0.3866
32696   0.3958
32703   0.4438
32716   0.4251
32727   0.4274
32740   0.3857
32748   0.3523
32759   0.3838
32768   0.3716
32780   0.3441
32789   0.3556
32801   0.3674
32813   0.3509
32818   0.3452
32830   0.3698
32842   0.3807
32851   0.3662
32858   0.3915
32866   0.3429
32878   0.3354
32887   0.3332
32895   0.3370
32905   0.3236
32914   0.3217
32926   0.3263
32932   0.3258
32940   0.3244
32949   0.3226
32958   0.3212
32974   0.3273
32982   0.3296
32998   0.3270
33006   0.3132
33015   0.3138
33023   0.3018
33031   0.2962
33040   0.3011
33047   0.3035
33056   0.2970
33063   0.2980
33070   0.3029
33086   0.3067
33095   0.3057
33102   0.3040
33110   0.3086
33120   0.3169
33129   0.3023
33138   0.3059
33151   0.3179
33157   0.3133
33169   0.3037
33178   0.3192
33190   0.3276
33199   0.3156
33208   0.3172
33218   0.3371
33225   0.3327
33241   0.3206
33253   0.3364
33263   0.3494
33270   0.3358
33280   0.3378
33290   0.3622
33302   0.3685
33314   0.3604
33322   0.3571
33333   0.3842
33341   0.4028
33353   0.4195
33358   0.3886
33370   0.3795
33380   0.4005
33390   0.3827
33400   0.3557
33410   0.3751
33416   0.3777
33424   0.3529
33434   0.3526
33447   0.3678
33452   0.3597
33461   0.3434
33466   0.3517
33471   0.3594
33480   0.3468
33489   0.3427
33498   0.3530
33506   0.3509
33515   0.3437
33524   0.3489
33533   0.3538
33540   0.3497
33549   0.3485
33557   0.3536
33573   0.3543
33584   0.3572
33592   0.3648
33601   0.3630
33610   0.3598
33622   0.3720
33631   0.3813
33638   0.3775
33647   0.3825
33656   0.4032
33666   0.4129
33673   0.4196
33681   0.4387
33687   0.4527
33692   0.4415
33700   0.4951
33709   0.4691
33720   0.4459
33731   0.4203
33739   0.4174
33748   0.3968
33757   0.4041
33765   0.4022
33772   0.4160
33780   0.4182
33788   0.4447
33797   0.4473
33805   0.4625
33814   0.5084
33819   0.4590
33824   0.4637
33837   0.4332
33848   0.4270
33856   0.4348
33865   0.4222
33877   0.4097
33885   0.4140
33894   0.4065
33901   0.4138
33907   0.4082
33919   0.4439
33931   0.4470
33938   0.4325
33950   0.4466
33959   0.4889
33969   0.5099
33977   0.5427
33986   0.5989
33995   0.6416
34006   0.6863
34013   0.6316
34023   0.6255
34036   0.6854
34047   0.6773
34057   0.6306
34069   0.6591
34078   0.7043
34088   0.6857
34095   0.6517
34107   0.6657
34111   0.7067
34119   0.7095
34130   0.6996
34137   0.7726
34142   0.7527
34148   0.7513
34157   0.6594
34169   0.6424
34181   0.6484
34190   0.6672
34200   0.6657
34211   0.6463
34224   0.6653
34234   0.6829
34246   0.6197
34256   0.5260
34265   0.5148
34273   0.4989
34281   0.4936
34289   0.4686
34295   0.4656
34305   0.4486
34314   0.4573
34324   0.4451
34329   0.4226
34340   0.4113
34347   0.4089
34358   0.4043
34365   0.4179
34374   0.4301
34390   0.4451
34398   0.4617
34407   0.4877
34413   0.5178
34420   0.5465
34428   0.5251
34435   0.5120
34445   0.5393
34457   0.5705
34467   0.5486
34476   0.5451
34485   0.5859
34497   0.6224
34507   0.6009
34516   0.5963
34524   0.6483
34532   0.6948
34540   0.7091
34551   0.6387
34558   0.6062
34565   0.5608
34577   0.5379
34584   0.4994
34592   0.4913
34600   0.4793
34612   0.4410
34619   0.4313
34635   0.4126
34642   0.4079
34651   0.3957
34663   0.3952
34675   0.3990
34686   0.4156
34695   0.4335
34703   0.4317
34712   0.4254
34717   0.4200
34723   0.4255
34733   0.4214
34739   0.4076
34749   0.4107
34758   0.4264
34764   0.4245
34772   0.4445
34781   0.4627
34791   0.4897
34800   0.5057
34807   0.5412
34818   0.5535
34826   0.5415
34835   0.5834
34841   0.5967
34849   0.5758
34855   0.5894
34863   0.6311
34875   0.6356
34886   0.6225
34893   0.5824
34902   0.6214
34908   0.6231
34918   0.5764
34927   0.5578
34936   0.5948
34942   0.6090
34947   0.6505
34958   0.6533
34967   0.6538
34975   0.6501
34985   0.6058
34992   0.5759
34999   0.5753
35010   0.5683
35017   0.5309
35025   0.5418
35033   0.5570
35041   0.5493
35050   0.5697
35060   0.5659
35070   0.5309
35079   0.5134
35091   0.5286
35099   0.5117
35112   0.5247
35125   0.5012
35133   0.5164
35143   0.4741
35148   0.4557
35156   0.4343
35163   0.4262
35172   0.4292
35179   0.4416
35190   0.4596
35197   0.5029
35206   0.5184
35214   0.5614
35223   0.6010
35233   0.6678
35245   0.6618
35254   0.6315
35263   0.6911
35270   0.6522
35280   0.6296
35291   0.5823
35302   0.5495
35314   0.5196
35323   0.5268
35334   0.5043
35343   0.5046
35351   0.4896
35360   0.4793
35369   0.4689
35378   0.4497
35390   0.4671
35402   0.4847
35411   0.5302
35422   0.5752
35430   0.5767
35438   0.5177
35448   0.5155
35455   0.5003
35466   0.4737
35473   0.4604
35483   0.4418
35499   0.4472
35515   0.4374
35523   0.4498
35532   0.4639
35543   0.4777
35552   0.5001
35560   0.5129
35565   0.5678
35572   0.5940
35584   0.6319
35593   0.6268
35605   0.5926
35616   0.5638
35628   0.5559
35633   0.5383
35640   0.5093
35652   0.4795
35658   0.4779
35667   0.4998
35677   0.4890
35686   0.5004
35694   0.4891
35702   0.4927
35714   0.4911
35725   0.4939
35734   0.4682
35744   0.4529
35752   0.4484
35758   0.4453
35765   0.4330
35773   0.4235
35780   0.4380
35789   0.4183
35794   0.3880
35806   0.3819
35815   0.3707
35821   0.3759
35826   0.3704
35839   0.3617
35844   0.3685
35853   0.3671
35862   0.3512
35867   0.3487
35876   0.3574
35889   0.3476
35895   0.3333
35902   0.3397
35910   0.3399
35918   0.3243
35927   0.3210
35935   0.3288
35944   0.3218
35949   0.3103
35959   0.3143
35971   0.3188
35979   0.3073
35991   0.3045
36001   0.3139
36013   0.3126
36025   0.3073
36032   0.3126
36037   0.3256
36046   0.3190
36053   0.3059
36065   0.3180
36072   0.3004
36081   0.2902
36090   0.3033
36102   0.2971
36112   0.2991
36122   0.3003
36130   0.3092
36138   0.3139
36149   0.3093
36157   0.3122
36166   0.3068
36178   0.3049
36187   0.3107
36196   0.3080
36206   0.3052
36215   0.3100
36222   0.3109
36230   0.3043
36239   0.3061
36248   0.3096
36260   0.3074
36269   0.3039
36277   0.3114
36289   0.3164
36299   0.3161
36307   0.3092
36312   0.3095
36322   0.3037
36331   0.3025
36341   0.2949
36350   0.2945
36360   0.2911
36370   0.2913
36379   0.2899
36388   0.2841
36401   0.2819
36407   0.2838
36417   0.2810
36426   0.2800
36435   0.2772
36447   0.2804
36456   0.2865
36469   0.2827
36481   0.2869
36487   0.2882
36495   0.2842
36505   0.2801
36513   0.2843
36522   0.2903
36531   0.2901
36541   0.2876
36557   0.2951
36565   0.3034
36577   0.2995
36587   0.3445
36597   0.4538
36605   0.6375
36616   1.0366
36621   1.0143
36630   0.9892
36639   0.9910
36651   0.9652
36663   0.9415
36672   0.9726
36681   0.9875
36689   0.9539
36697   0.9505
36706   0.9899
36713   0.9827
36722   0.9514
36728   0.9738
36736   1.0059
36742   0.9836
36749   0.9707
36755   1.0085
36767   1.0433
36779   1.0758
36792   1.0719
36803   1.0739
36808   1.0675
36817   1.0235
36824   1.0201
36836   1.0379
36844   1.0103
36857   0.9789
36866   0.9957
36875   0.9962
36888   0.9622
36897   0.9540
36906   0.9743
36915   0.9575
36923   0.9365
36931   0.9559
36940   0.9708
36952   0.9667
36959   0.9944
36968   1.0320
36976   1.0324
36984   1.0487
36994   1.0385
37000   1.0719
37008   1.0541
37017   1.0253
37029   1.0612
37034   1.0799
37046   1.0416
37054   1.0477
37059   1.0920
37071   1.0773
37080   1.0520
37089   1.0903
37101   1.1166
37108   1.0850
37117   1.0902
37124   1.1391
37133   1.1386
37141   1.1108
37148   1.1455
37157   1.1840
37164   1.1575
37176   1.1576
37185   1.2101
37194   1.2194
37203   1.1957
37215   1.2270
37224   1.2734
37233   1.2705
37245   1.2680
37257   1.3134
37266   1.0527
37274   1.0750
37286   1.0496
37293   1.0308
37301   1.0758
37310   1.0875
37319   1.0493
37324   1.0646
37333   1.1090
37345   1.0922
37354   1.0668
37360   1.1096
37367   1.1339
37376   1.0986
37384   1.1057
37393   1.1564
37409   1.1474
37418   1.1213
37426   1.1582
37433   1.1957
37445   1.2227
37453   0.9866
37462   0.9640
37474   0.9525
37486   0.9462
37498   0.9490
37504   0.9181
37511   0.8957
37519   0.9112
37525   0.9082
37532   0.8747
37542   0.8722
37551   0.8927
37561   0.8708
37571   0.8438
37583   0.8602
37592   0.8756
37597   0.8442
37608   0.8327
37617   0.8619
37626   0.8612
37634   0.8273
37642   0.8343
37648   0.8605
37653   0.8384
37663   0.8143
37671   0.8380
37679   0.8494
37687   0.8158
37695   0.8020
37704   0.8243
37713   0.8228
37722   0.7914
37727   0.7979
37734   0.8166
37741   0.7965
37746   0.7790
37755   0.7991
37764   0.8110
37772   0.7998
37780   0.8295
37787   0.8550
37796   0.8742
37804   0.8445
37811   0.8254
37817   0.8462
37825   0.8390
37838   0.8069
37850   0.8151
37862   0.8361
37870   0.8052
37882   0.7797
37891   0.8094
37896   0.8108
37905   0.7674
37912   0.7706
37920   0.8035
37936   0.7843
37952   0.7560
37959   0.7721
37975   0.7733
37982   0.7766
37994   0.7958
38002   0.8085
38014   0.8252
38022   0.8350
38030   0.8635
38039   0.8550
38048   0.8370
38060   0.8585
38065   0.8763
38072   0.8581
38081   0.8531
38088   0.8811
38096   0.8876
38105   0.8694
38114   0.8884
38120   0.9253
38129   0.9220
38141   0.9163
38149   0.9527
38155   0.9776
38160   0.9670
38172   0.9846
38181   1.0310
38190   1.0392
38195   1.0321
38204   1.0663
38217   1.1166
38226   1.1243
38239   1.1307
38251   1.1983
38263   1.2424
38275   1.2529
38287   1.2587
38299   1.2848
38311   1.2500
38321   1.2170
38327   1.1819
38334   1.2491
38341   1.2278
38349   1.2492
38360   1.2394
38369   1.1620
38382   1.1443
38395   0.9988
38411   0.9415
38424   0.9163
38436   0.9317
38448   0.9622
38454   0.9689
38464   0.9972
38472   0.9510
38481   0.9065
38490   0.9426
38499   0.9370
38508   0.8755
38516   0.8788
38525   0.9157
38538   0.8766
38551   0.8365
38559   0.8788
38568   0.8762
38574   0.8307
38582   0.8354
38591   0.8679
38600   0.8424
38612   0.8147
38621   0.8338
38637   0.8599
38646   0.8678
38658   0.8552
38668   0.8255
38674   0.7933
38682   0.7192
38694   0.6808
38706   0.6679
38718   0.6920
38727   0.6876
38736   0.6662
38746   0.6756
38758   0.6986
38765   0.7031
38778   0.6665
38787   0.6624
38794   0.6884
38800   0.6807
38809   0.6568
38818   0.6656
38824   0.6765
38833   0.6650
38842   0.6562
38848   0.6685
38864   0.6729
38871   0.6618
38880   0.6665
38888   0.6886
38901   0.6822
38913   0.6914
38920   0.7106
38936   0.7015
38945   0.6832
38953   0.6914
38965   0.7044
38973   0.6867
38982   0.6808
38991   0.7069
39000   0.7086
39016   0.6896
39023   0.7075
39030   0.7308
39038   0.7129
39047   0.7136
39063   0.7497
39072   0.7681
39081   0.7828
39093   0.7722
39104   0.7399
39116   0.7380
39128   0.7566
39138   0.7381
39151   0.7131
39157   0.7328
39166   0.7443
39175   0.7158
39182   0.7157
39188   0.7391
39196   0.7298
39208   0.7116
39217   0.7334
39225   0.7492
39233   0.7283
39246   0.7311
39252   0.7621
39263   0.7584
39272   0.7409
39281   0.7701
39290   0.7946
39298   0.7781
39307   0.7770
39319   0.8147
39332   0.8231
39341   0.8038
39357   0.8119
39364   0.8480
39376   0.8725
39386   0.8658
39394   0.8785
39402   0.8578
39412   0.8425
39421   0.8513
39431   0.8283
39441   0.7895
39448   0.7576
39456   0.7433
39461   0.7325
39473   0.7517
39482   0.7516
39492   0.7651
39502   0.7487
39512   0.7540
39521   0.7521
39529   0.7324
39534   0.7108
39544   0.7265
39553   0.7167
39559   0.6955
39566   0.7105
39576   0.7234
39585   0.7028
39594   0.6957
39606   0.7215
39614   0.7207
39623   0.7001
39631   0.7111
39643   0.7310
39659   0.7156
39668   0.7049
39677   0.7286
39686   0.7316
39698   0.7116
39710   0.7184
39722   0.7392
39731   0.7322
39739   0.7224
39749   0.7433
39761   0.7566
39771   0.7460
39777   0.7529
39786   0.7779
39798   0.7837
39808   0.7829
39818   0.8056
39828   0.8285
39834   0.8324
39843   0.8474
39852   0.9118
39859   0.5889
39868   0.5317
39877   0.5412
39887   0.5278
39895   0.5109
39904   0.5195
39909   0.5254
39920   0.5084
39929   0.5014
39937   0.5194
39945   0.5197
39951   0.4991
39960   0.5072
39972   0.5264
39981   0.5128
39991   0.5027
40004   0.5206
40020   0.5230
40029   0.5134
40042   0.5261
40050   0.5421
40057   0.5414
40062   0.5354
40067   0.5527
40076   0.5701
40088   0.5657
40100   0.5669
40112   0.5913
40120   0.6084
40127   0.6094
40139   0.6225
40149   0.6640
40154   0.7183
40164   0.7336
40173   0.7354
40181   0.7272
40190   0.7163
40203   0.6964
40213   0.6883
40222   0.6877
40231   0.6639
40244   0.6392
40253   0.6448
40261   0.6397
40270   0.6049
40282   0.5943
40291   0.6081
40303   0.5870
40310   0.5554
40318   0.5663
40324   0.5741
40333   0.5447
40346   0.5330
40358   0.5542
40366   0.5504
40378   0.5447
40391   0.5617
40401   0.5688
40417   0.5595
40433   0.5680
40445   0.5958
40455   0.6172
40464   0.6300
40473   0.6441
40483   0.6648
40496   0.6448
40508   0.6227
40524   0.6436
40533   0.6572
40540   0.6347
40548   0.6298
40556   0.6527
40565   0.6527
40578   0.6302
40586   0.6415
40595   0.6632
40604   0.6535
40612   0.6424
40621   0.6661
40630   0.6803
40642   0.6663
40651   0.6748
40664   0.6999
40672   0.6944
40685   0.6953
40697   0.6950
40709   0.7082
40719   0.7328
40730   0.7459
40741   0.7465
40749   0.7584
40754   0.7803
40763   0.7885
40779   0.7995
40791   0.8274
40802   0.8509
40811   0.8699
40819   0.8612
40824   0.8264
40833   0.8300
40843   0.8099
40853   0.8202
40863   0.8276
40873   0.8141
40882   0.8092
40892   0.8415
40901   0.8510
40910   0.8370
40915   0.7949
40924   0.7658
40934   0.7546
40946   0.6806
40958   0.6542
40966   0.6509
40974   0.6216
40980   0.6128
40990   0.6235
40999   0.6052
41011   0.5900
41019   0.6064
41031   0.6090
41040   0.5868
41052   0.5762
41060   0.5906
41068   0.5880
41076   0.5664
41083   0.5679
41095   0.5814
41104   0.5704
41113   0.5549
41121   0.5683
41128   0.5817
41137   0.5645
41146   0.5508
41158   0.5721
41167   0.5739
41179   0.5434
41192   0.5283
41204   0.5245
41216   0.5164
41225   0.5001
41237   0.4941
41249   0.4929
41258   0.4798
41268   0.4739
41277   0.4848
41285   0.5312
41294   0.6276
41303   0.6537
41313   0.7489
41321   0.7233
41329   0.6810
41338   0.7143
41350   0.6899
41359   0.6632
41369   0.6476
41381   0.6360
41390   0.6139
41400   0.5976
41413   0.5933
41425   0.5837
41437   0.5695
41447   0.5664
41456   0.5571
41468   0.5303
41476   0.5269
41488   0.5320
41497   0.5136
41513   0.4951
41529   0.5023
41538   0.5046
41547   0.4865
41557   0.4767
41566   0.4877
41578   0.4722
41587   0.4550
41596   0.4542
41606   0.4780
41615   0.4826
41623   0.4688
41630   0.4855
41637   0.5110
41650   0.5096
41659   0.5056
41668   0.5268
41684   0.5476
41692   0.5469
41700   0.5521
41708   0.5732
41718   0.5790
41728   0.5712
41736   0.5745
41743   0.5791
41752   0.5803
41764   0.5677
41775   0.5552
41788   0.5507
41796   0.5371
41808   0.5287
41817   0.5158
41826   0.5103
41833   0.5073
41849   0.4948
41855   0.4853
41867   0.5185
41873   0.5323
41881   0.5310
41889   0.5335
41902   0.5392
41908   0.5333
41918   0.5277
41927   0.5212
41939   0.5181
41951   0.5323
41957   0.5322
41963   0.5153
41970   0.5241
41977   0.5475
41985   0.5373
41992   0.5361
42000   0.5598
42008   0.5736
42024   0.5716
42032   0.5825
42039   0.5999
42047   0.6039
42056   0.6072
42065   0.6258
42073   0.6396
42080   0.6399
42090   0.6562
42099   0.6761
42108   0.6734
42121   0.6809
42133   0.7116
42142   0.7560
42154   0.7544
42162   0.7201
42171   0.7056
42180   0.7176
42188   0.7364
42198   0.7272
42209   0.6908
42221   0.6835
42228   0.6732
42236   0.6758
42247   0.6622
42254   0.6768
42261   0.6684
42269   0.6867
42277   0.7056
42288   0.7374
42298   0.7607
42309   0.7502
42321   0.7250
42329   0.7155
42340   0.6934
42348   0.6866
42356   0.6719
42365   0.6911
42377   0.7047
42387   0.6913
42396   0.7061
42407   0.6830
42417   0.6932
42424   0.6704
42433   0.6755
42442   0.6935
42455   0.7152
42462   0.7052
42467   0.6985
42475   0.6705
42483   0.6755
42491   0.6472
42499   0.6310
42507   0.6296
42517   0.6155
42533   0.6005
42541   0.6007
42546   0.6069
42555   0.6080
42567   0.6212
42577   0.6497
42584   0.7101
42590   0.6416
42598   0.6236
42607   0.6030
42616   0.6099
42624   0.5994
42637   0.5920
42646   0.5818
42658   0.5692
42669   0.5606
42680   0.5461
42689   0.5307
42698   0.5214
42707   0.5079
42716   0.4919
42722   0.4848
42731   0.4775
42740   0.4650
42746   0.4561
42758   0.4536
42768   0.4462
42776   0.4373
42784   0.4375
42792   0.4393
42805   0.4297
42817   0.4370
42829   0.4505
42841   0.4473
42851   0.4468
42864   0.4729
42877   0.4897
42889   0.4885
42894   0.5091
42906   0.6104
42917   0.5967
42928   0.5649
42937   0.6071
42945   0.6058
42950   0.6551
42958   0.6223
42966   0.7016
42973   0.6444
42983   0.6237
42991   0.5378
43000   0.5109
43012   0.5375
43024   0.5497
43033   0.5439
43042   0.5739
43050   0.6099
43062   0.6492
43071   0.5891
43083   0.5512
43092   0.5964
43101   0.5275
43110   0.4853
43115   0.4624
43124   0.4632
43133   0.4634
43144   0.4439
43151   0.4305
43157   0.4461
43167   0.4500
43180   0.4384
43192   0.4481
43200   0.4600
43211   0.4584
43224   0.4456
43236   0.4500
43248   0.4574
43261   0.4511
43271   0.4463
43283   0.4527
43288   0.4631
43297   0.4592
43307   0.4600
43315   0.4711
43322   0.4786
43334   0.4785
43343   0.4834
43352   0.4960
43359   0.5018
43367   0.4998
43378   0.5159
43386   0.5349
43395   0.5271
43400   0.5363
43412   0.5453
43424   0.5856
43433   0.5543
43442   0.5356
43454   0.5194
43467   0.5152
43473   0.5104
43482   0.5121
43491   0.5032
43503   0.5063
43509   0.5068
43516   0.4942
43532   0.4924
43541   0.5008
43550   0.4920
43555   0.4776
43563   0.4850
43572   0.4922
43585   0.4792
43597   0.4691
43609   0.4602
43621   0.4591
43633   0.4591
43643   0.4718
43649   0.4758
43658   0.4659
43664   0.4905
43674   0.5050
43682   0.4978
43697   0.5280
43705   0.5295
43715   0.4897
43728   0.4997
43735   0.5291
43742   0.5118
43754   0.4960
43763   0.5170
43769   0.5265
43776   0.5127
43785   0.5171
43794   0.5233
43802   0.5295
43814   0.5385
43826   0.5375
43839   0.5427
43851   0.5760
43859   0.5820
43866   0.5804
43875   0.6107
43880   0.6073
43888   0.6097
43895   0.6411
43903   0.6422
43908   0.6290
43916   0.6230
43923   0.6442
43935   0.6272
43944   0.6365
43956   0.6301
43964   0.6626
43980   0.6645
43992   0.6761
44004   0.6576
44014   0.6353
44019   0.6360
44025   0.5954
44038   0.5809
44050   0.5787
44061   0.6146
44070   0.6046
44081   0.5813
44090   0.6206
44099   0.6541
44109   0.6203
44125   0.6207
44134   0.6980
44147   0.6882
44158   0.7770
44166   0.7319
44175   0.6946
44187   0.6693
44196   0.6623
44204   0.6490
44215   0.6609
44223   0.6680
44233   0.6174
44241   0.6127
44249   0.5833
44261   0.5516
44270   0.5535
44278   0.5587
44291   0.5276
44300   0.5035
44312   0.4579
44321   0.4689
44330   0.5054
44339   0.4759
44348   0.4553
44355   0.4970
44361   0.5025
44368   0.4713
44377   0.4860
44389   0.5176
44401   0.4891
44413   0.4739
44422   0.5154
44434   0.5221
44444   0.4890
44453   0.4926
44463   0.5253
44474   0.5101
44484   0.5223
44490   0.4818
44496   0.4775
44504   0.5052
44516   0.5022
44525   0.4811
44534   0.4955
44540   0.4908
44545   0.4795
44554   0.4581
44565   0.4540
44573   0.4619
44583   0.4700
44592   0.4722
44599   0.4779
44608   0.4764
44619   0.4410
44628   0.4406
44637   0.4442
44643   0.4733
44649   0.4787
44656   0.4716
44668   0.4995
44675   0.5259
44687   0.5190
44699   0.5009
44709   0.5073
44717   0.5047
44724   0.5041
44732   0.5195
44741   0.5052
44753   0.4891
44762   0.5028
44774   0.5132
44781   0.4837
44793   0.4912
44800   0.4745
44813   0.4466
44822   0.4473
44831   0.4270
44840   0.4398
44847   0.4545
44857   0.4290
44865   0.4131
44874   0.4409
44883   0.4508
44895   0.4267
44902   0.4004
44915   0.4088
44924   0.4111
44936   0.4100
44952   0.4099
44964   0.4085
44972   0.4038
44981   0.4011
44989   0.4052
44998   0.4091
45007   0.3961
45019   0.3949
45028   0.3987
45036   0.4087
45041   0.3984
45049   0.4015
45057   0.3999
45069   0.3941
45078   0.4089
45085   0.4172
45094   0.4218
45106   0.4096
45113   0.4203
45122   0.4431
45127   0.4245
45140   0.4066
45149   0.4204
45157   0.4220
45163   0.4099
45170   0.4108
45182   0.4202
45195   0.4173
45207   0.4156
45216   0.4181
45225   0.4201
45237   0.4542
45242   0.4552
45247   0.4573
45256   0.4417
45265   0.4296
45274   0.4403
45283   0.4442
45292   0.4394
45300   0.4355
45309   0.4484
45319   0.4542
45326   0.4398
45335   0.4397
45344   0.4569
45356   0.4407
45369   0.4328
45385   0.4527
45394   0.4583
45410   0.4403
45419   0.4492
45428   0.4721
45434   0.4592
45447   0.4494
45458   0.4757
45466   0.4913
45478   0.4624
45486   0.4795
45495   0.5219
45503   0.5123
45512   0.4924
45522   0.5350
45533   0.5680
45542   0.5439
45551   0.5484
45558   0.6049
45567   0.6103
45572   0.5853
45578   0.6185
45585   0.6559
45590   0.6389
45603   0.6356
45612   0.6925
45617   0.7151
45623   0.6977
45632   0.7291
45640   0.7914
45652   0.8054
45663   0.7949
45670   0.7494
45677   0.7225
45693   0.6736
45702   0.6554
45711   0.6117
45723   0.6157
45729   0.5898
45741   0.5504
45748   0.5288
45757   0.5393
45763   0.5352
45770   0.5023
45778   0.4967
45786   0.5305
45796   0.5326
45801   0.5419
45814   0.5382
45826   0.5599
45834   0.5927
45842   0.6020
45852   0.5494
45861   0.5272
45870   0.5182
45877   0.5102
45889   0.5086
45896   0.4816
45906   0.4592
45914   0.4543
45922   0.4562
45929   0.4907
45934   0.4729
45944   0.5165
45950   0.5294
45955   0.4879
45964   0.4705
45973   0.4596
45989   0.4620
45998   0.4562
46005   0.4472
46014   0.4425
46021   0.4420
46033   0.4404
46039   0.4280
46051   0.4267
46060   0.4369
46069   0.4332
46078   0.4215
46090   0.4320
46102   0.4395
46114   0.4293
46122   0.4281
46134   0.4411
46143   0.4433
46150   0.4391
46163   0.4172
46176   0.4193
46188   0.4121
46197   0.4035
46209   0.4089
46217   0.4093
46225   0.4030
46231   0.3994
46240   0.4002
46249   0.4025
46259   0.3999
46265   0.3898
46272   0.3962
46284   0.3996
46293   0.3874
46302   0.3842
46308   0.3900
46315   0.3877
46327   0.3772
46332   0.3825
46338   0.3828
46348   0.3716
46357   0.3678
46369   0.3764
46381   0.3739
46387   0.3652
46395   0.3708
46404   0.3762
46412   0.3693
46422   0.3629
46428   0.3656
46436   0.3713
46446   0.3633
46452   0.3568
46464   0.3642
46473   0.3675
46483   0.3572
46493   0.3545
46503   0.3686
46513   0.3602
46523   0.3443
46530   0.3575
46539   0.3667
46548   0.3494
46560   0.3461
46569   0.3676
46579   0.3640
46591   0.3542
46603   0.3664
46612   0.3857
46621   0.3764
46633   0.3755
46642   0.4019
46652   0.4167
46658   0.4158
46670   0.4314
46682   0.4605
46694   0.4691
46704   0.4795
46717   0.5081
46727   0.5266
46737   0.5432
46742   0.5715
46752   0.5936
46762   0.5999
46774   0.5794
46783   0.5708
46792   0.6385
46799   0.6989
46808   0.7407
46816   0.8943
46828   0.9319
46838   0.8511
46845   0.9327
46850   1.0013
46860   0.9582
46865   0.9233
46877   0.8955
46886   0.9184
46895   0.9587
46907   0.8706
46917   0.7125
46925   0.7426
46932   0.8115
46942   0.7331
46952   0.6755
46961   0.5376
46970   0.4888
46980   0.4309
46992   0.4060
47002   0.4156
47008   0.4032
47017   0.4207
47027   0.4143
47039   0.3933
47049   0.3845
47055   0.3950
47065   0.4097
47070   0.3930
47080   0.4014
47090   0.4260
47100   0.4119
47112   0.3840
47128   0.3667
47144   0.3528
47155   0.3583
47163   0.3627
47179   0.3489
47187   0.3414
47196   0.3462
47208   0.3404
47214   0.3272
47221   0.3276
47230   0.3280
47238   0.3145
47250   0.3077
47257   0.3008
47262   0.3117
47271   0.3112
47284   0.3183
47297   0.3387
47306   0.3539
47318   0.3435
47328   0.3460
47336   0.3599
47345   0.3726
47352   0.4208
47362   0.4389
47372   0.6284
47384   0.5499
47392   0.4764
47408   0.4844
47416   0.4918
47425   0.4586
47437   0.4415
47446   0.4558
47452   0.4440
47460   0.4167
47468   0.4179
47477   0.4241
47484   0.4045
47496   0.3918
47504   0.3990
47512   0.3955
47528   0.3803
47537   0.3792
47548   0.3841
47555   0.3774
47564   0.3682
47571   0.3660
47583   0.3662
47593   0.3657
47605   0.3598
47614   0.3547
47623   0.3528
47632   0.3539
47639   0.3511
47647   0.3464
47655   0.3508
47664   0.3545
47676   0.3566
47685   0.3558
47695   0.3603
47707   0.3683
47714   0.3693
47723   0.3741
47732   0.3855
47740   0.3959
47752   0.4013
47762   0.4122
47771   0.4316
47781   0.4435
47791   0.4526
47796   0.4582
47807   0.4634
47814   0.5551
47822   0.6659
47830   0.8010
47842   0.9299
47852   0.9864
47859   1.0269
47868   1.0796
47880   1.1808
47889   1.2871
47902   1.3721
47915   1.4694
47927   1.5862
47938   1.7034
47950   0.6755
47959   0.5762
47967   0.5066
47973   0.5552
47980   0.5708
47989   0.4979
47998   0.5065
48007   0.6135
48016   0.6243
48023   0.5822
48033   0.5260
48042   0.4594
48054   0.4541
48066   0.4281
48075   0.4347
48084   0.4125
48094   0.4104
48103   0.4320
48113   0.4249
48123   0.4134
48130   0.4315
48140   0.4433
48150   0.4335
48162   0.4420
48175   0.4633
48183   0.4676
48192   0.4462
48203   0.4291
48211   0.4181
48223   0.4068
48235   0.4087
48244   0.3972
48253   0.3884
48262   0.3891
48274   0.3919
48287   0.3791
48293   0.3750
48302   0.3820
48315   0.3790
48326   0.3686
48334   0.3733
48343   0.3777
48351   0.3703
48357   0.3678
48369   0.3707
48376   0.3708
48386   0.3691
48395   0.3689
48403   0.3691
48410   0.3656
48423   0.3630
48435   0.3690
48443   0.3715
48452   0.3708
48461   0.3732
48470   0.3778
48481   0.3779
48493   0.3828
48502   0.3856
48510   0.3898
48517   0.3848
48523   0.3874
48530   0.3920
48539   0.3884
48548   0.3780
48556   0.3798
48565   0.3797
48574   0.3782
48582   0.3850
48590   0.3915
48599   0.3834
48608   0.3825
48617   0.3978
48629   0.3986
48638   0.3891
48654   0.3797
48660   0.3577
48669   0.3639
48678   0.3669
48685   0.3648
48692   0.3712
48700   0.3724
48711   0.3754
48719   0.3746
48726   0.3749
48738   0.3856
48750   0.3918
48762   0.3795
48778   0.3784
48787   0.3843
48796   0.3845
48802   0.3864
48811   0.3953
48819   0.3912
48832   0.3938
48840   0.4029
48850   0.4049
48858   0.3979
48864   0.4032
48873   0.4183
48881   0.4144
48889   0.4081
48899   0.4271
48912   0.4382
48924   0.4302
48936   0.4379
48948   0.4621
48960   0.4683
48965   0.4893
48977   0.4836
48988   0.5089
48996   0.5083
49012   0.5338
49023   0.5465
49033   0.5909
49042   0.5565
49051   0.5674
49061   0.5628
49070   0.5123
49083   0.5070
49093   0.5498
49103   0.5267
49114   0.4899
49122   0.4916
49135   0.4652
49146   0.4304
49153   0.4166
49161   0.4266
49172   0.4228
49181   0.4041
49190   0.3995
49195   0.4062
49203   0.4259
49213   0.4406
49223   0.4283
49233   0.4452
49243   0.4316
49248   0.3953
49261   0.3923
49269   0.3873
49278   0.3880
49291   0.3888
49300   0.3806
49309   0.3777
49318   0.3831
49330   0.3774
49339   0.3731
49348   0.3826
49354   0.3793
49363   0.3701
49375   0.3725
49387   0.3739
49399   0.3710
49411   0.3716
49418   0.3712
49427   0.3719
49436   0.3767
49446   0.3780
49453   0.3733
49465   0.3807
49470   0.3755
49479   0.3775
49495   0.3884
49504   0.4108
49514   0.6874
49526   0.5571
49535   0.4673
49548   0.4530
49555   0.4534
49563   0.4324
49572   0.4112
49584   0.4066
49596   0.4408
49608   0.4428
49620   0.4319
49633   0.4607
49642   0.5269
49651   0.5403
49660   0.4676
49671   0.4476
49679   0.3937
49688   0.3967
49701   0.4183
49708   0.4091
49714   0.3590
49722   0.3602
49730   0.3515
49739   0.3412
49747   0.3315
49760   0.3279
49768   0.3299
49777   0.3308
49786   0.3269
49798   0.3267
49807   0.3286
49813   0.3300
49822   0.3349
49830   0.3370
49838   0.3366
49847   0.3385
49859   0.3416
49868   0.3434
49877   0.3439
49886   0.3449
49894   0.3502
49906   0.3536
49911   0.3527
49923   0.3582
49939   0.3678
49945   0.3693
49957   0.3694
49962   0.3749
49972   0.3887
49984   0.3941
49991   0.4171
49997   0.4075
50003   0.3985
50009   0.4216
50018   0.4414
50027   0.4698
50035   0.4486
50042   0.4144
50049   0.4481
50058   0.4537
50065   0.4395
50075   0.4123
50084   0.3841
50096   0.3735
50103   0.3620
50111   0.3681
50115   0.3686
50123   0.3598
50135   0.3526
50144   0.3559
50152   0.3503
50161   0.3428
50169   0.3456
50178   0.3486
50187   0.3387
50199   0.3323
50211   0.3402
50216   0.3380
50224   0.3269
50233   0.3305
50241   0.3374
50249   0.3302
50258   0.3281
50270   0.3367
50276   0.3416
50285   0.3341
50298   0.3360
50307   0.3537
50319   0.3624
50329   0.3785
50337   0.3891
50345   0.4162
50354   0.4027
50359   0.3862
50369   0.3911
50377   0.3998
50386   0.3859
50398   0.3784
50410   0.3943
50418   0.3930
50427   0.3800
50436   0.3834
50444   0.3913
50456   0.3881
50461   0.3878
50470   0.3918
50482   0.3971
50494   0.3960
50510   0.4001
50519   0.4055
50531   0.4193
50543   0.4576
50552   0.4842
50560   0.4678
50568   0.4630
50573   0.5142
50581   0.5415
50589   0.5953
50599   0.5386
50611   0.4975
50621   0.4462
50633   0.4521
50640   0.4750
50652   0.4570
50663   0.4363
50672   0.4431
50680   0.4216
50686   0.3968
50698   0.3958
50707   0.3982
50723   0.3776
50736   0.3655
50748   0.3682
50756   0.3623
50766   0.3553
50773   0.3559
50781   0.3533
50794   0.3499
50806   0.3575
50811   0.3558
50820   0.3548
50827   0.3625
50833   0.3606
50846   0.3592
50858   0.3636
50867   0.3688
50879   0.3633
50886   0.3607
50891   0.3481
50903   0.3476
50911   0.3457
50919   0.3407
50931   0.3448
50939   0.3403
50948   0.3557
50953   0.3399
50964   0.3623
50976   0.4323
50985   0.4524
50993   0.4391
51003   0.4152
51010   0.4596
51023   0.4498
51034   0.4409
51047   0.4279
51055   0.3836
51066   0.3838
51075   0.4037
51087   0.3763
51096   0.3505
51108   0.3714
51120   0.3785
51125   0.3471
51137   0.3444
51149   0.3690
51158   0.3547
51165   0.3601
51173   0.3475
51185   0.3353
51194   0.3161
51202   0.3136
51212   0.3212
51221   0.3212
51233   0.3174
51239   0.3221
51247   0.3278
51256   0.3248
51265   0.3256
51281   0.3341
51289   0.3367
51305   0.3430
51313   0.3504
51322   0.3524
51330   0.3545
51338   0.3465
51347   0.3402
51354   0.3225
51363   0.3200
51370   0.3227
51377   0.3199
51393   0.3135
51402   0.3193
51409   0.3285
51417   0.3199
51427   0.3164
51436   0.3276
51445   0.3325
51458   0.3231
51464   0.3265
51476   0.3411
51485   0.3382
51497   0.3283
51506   0.3386
51515   0.3457
51525   0.3360
51532   0.3350
51548   0.3469
51560   0.3474
51570   0.3432
51577   0.3451
51587   0.3533
51597   0.3566
51609   0.3536
51621   0.3689
51629   0.3589
51640   0.3395
51648   0.3333
51660   0.3413
51665   0.3587
51677   0.3672
51687   0.3651
51697   0.3791
51707   0.3820
51717   0.3965
51723   0.3860
51731   0.3657
51741   0.3759
51754   0.3850
51759   0.3642
51768   0.3564
51773   0.3776
51778   0.3747
51787   0.3535
51796   0.3637
51805   0.3843
51813   0.3700
51822   0.3585
51831   0.3758
51840   0.3825
51847   0.3683
51856   0.3696
51864   0.3890
51880   0.3974
51891   0.3833
51899   0.3889
51908   0.4068
51917   0.3983
51929   0.3885
51938   0.4068
51945   0.4141
51954   0.4016
51963   0.3986
51973   0.3761
51980   0.3695
51988   0.3571
51994   0.3847
51999   0.4783
52007   0.4820
52016   0.6249
52027   0.5824
52038   0.5201
52046   0.5071
52055   0.4846
52064   0.4865
52072   0.4756
52079   0.4788
52087   0.4796
52095   0.5148
52104   0.5216
52112   0.5663
52121   0.5904
52126   0.5721
52131   0.5554
52144   0.5364
52155   0.5317
52163   0.5419
52172   0.5274
52184   0.4906
52192   0.4990
52201   0.4819
52208   0.4981
52214   0.4945
52226   0.5166
52238   0.5489
52245   0.5567
52257   0.5641
52266   0.6018
52276   0.6557
52284   0.6792
52293   0.7230
52302   0.7446
52313   0.7440
52320   0.7031
52330   0.7174
52343   0.7279
52354   0.7099
52364   0.6996
52376   0.7214
52385   0.7160
52395   0.7016
52402   0.7249
52414   0.7673
52418   0.7309
52426   0.7875
52437   0.8677
52444   0.8371
52449   0.8028
52455   0.7906
52464   0.7098
52476   0.7014
52488   0.7209
52497   0.7733
52507   0.7717
52518   0.7824
52531   0.7299
52541   0.7648
52553   0.7020
52563   0.6864
52572   0.6548
52580   0.6022
52588   0.6012
52596   0.5778
52602   0.6112
52612   0.6089
52621   0.5975
52631   0.5979
52636   0.5271
52647   0.4911
52654   0.4781
52665   0.4559
52672   0.4598
52681   0.4610
52697   0.4456
52705   0.4586
52714   0.4585
52720   0.5037
52727   0.5031
52735   0.4900
52742   0.5335
52752   0.5674
52764   0.5608
52774   0.5727
52783   0.6216
52792   0.6502
52804   0.6670
52814   0.6956
52823   0.7655
52831   0.7654
52839   0.7923
52847   0.7625
52858   0.6847
52865   0.6436
52872   0.6056
52884   0.6462
52891   0.6017
52899   0.5386
52907   0.5061
52919   0.4796
52926   0.4773
52942   0.4718
52949   0.4844
52958   0.4971
52970   0.4681
52982   0.5608
52993   0.5746
53002   0.6965
53010   0.6928
53019   0.6805
53024   0.6412
53030   0.5884
53040   0.6664
53046   0.7640
53056   0.7337
53065   0.5960
53071   0.4946
53079   0.4990
53088   0.5047
53098   0.5415
53107   0.6087
53114   0.6573
53125   0.6785
53133   0.6509
53142   0.6847
53148   0.7039
53156   0.7116
53162   0.6662
53170   0.6565
53182   0.6843
53193   0.6690
53200   0.6320
53209   0.6398
53215   0.6512
53225   0.6316
53234   0.5926
53243   0.6338
53249   0.6845
53254   0.7316
53265   0.7402
53274   0.7425
53282   0.7401
53292   0.7823
53299   0.7981
53306   0.7870
53317   0.7370
53324   0.6555
53332   0.6490
53340   0.6630
53348   0.6429
53357   0.6585
53367   0.6490
53377   0.6261
53386   0.6189
53398   0.6285
53406   0.6186
53419   0.6115
53432   0.5646
53440   0.5459
53450   0.5254
53455   0.5040
53463   0.5025
53470   0.5342
53479   0.5150
53486   0.4956
53497   0.4966
53504   0.5282
53513   0.5703
53521   0.6163
53530   0.6520
53540   0.7025
53552   0.7111
53561   0.7049
53570   0.7447
53577   0.7089
53587   0.6972
53598   0.6692
53609   0.6462
53621   0.6299
53630   0.6367
53641   0.6151
53650   0.6285
53658   0.5939
53667   0.5881
53676   0.5537
53685   0.5589
53697   0.5708
53709   0.6382
53718   0.7162
53729   0.7771
53737   0.7250
53745   0.6794
53755   0.6015
53762   0.5546
53773   0.4941
53780   0.4913
53790   0.4809
53806   0.5134
53822   0.5519
53830   0.5743
53839   0.6077
53850   0.6088
53859   0.6551
53867   0.6650
53872   0.7309
53879   0.7519
53891   0.7948
53900   0.7800
53912   0.7718
53923   0.7274
53935   0.6982
53940   0.6756
53947   0.6268
53959   0.6046
53965   0.5930
53974   0.5875
53984   0.5799
53993   0.6012
54001   0.5656
54009   0.5566
54021   0.5258
54032   0.4566
54041   0.3904
54051   0.4360
54059   0.4229
54065   0.4760
54072   0.5168
54080   0.5457
54087   0.4498
54096   0.4381
54101   0.4540
54113   0.4232
54122   0.5184
54128   0.5745
54133   0.5260
54146   0.5234
54151   0.5084
54160   0.4705
54169   0.4612
54174   0.4661
54183   0.4397
54196   0.4169
54202   0.4168
54209   0.4145
54217   0.3921
54225   0.3753
54234   0.3756
54242   0.3759
54251   0.3572
54256   0.3421
54266   0.3486
54278   0.3476
54286   0.3259
54298   0.3239
54308   0.3308
54320   0.3165
54332   0.3141
54339   0.3193
54344   0.3172
54353   0.3127
54360   0.3114
54372   0.3175
54379   0.3066
54388   0.3173
54397   0.3204
54409   0.3640
54419   0.3579
54429   0.3095
54437   0.3629
54445   0.3191
54456   0.3135
54464   0.3192
54473   0.3152
54485   0.3105
54494   0.3211
54503   0.3219
54513   0.3159
54522   0.3196
54529   0.3321
54537   0.3317
54546   0.3287
54555   0.3404
54567   0.3469
54576   0.3440
54584   0.3566
54596   0.3593
54606   0.3681
54614   0.3673
54619   0.3634
54629   0.3586
54638   0.3511
54648   0.3390
54657   0.3334
54667   0.3289
54677   0.3228
54686   0.3153
54695   0.3101
54708   0.3089
54714   0.3062
54724   0.2984
54733   0.2975
54742   0.3065
54754   0.2987
54763   0.2900
54776   0.2956
54788   0.2979
54794   0.2927
54802   0.2998
54812   0.3015
54820   0.2961
54829   0.3020
54838   0.3087
54848   0.3054
54864   0.3054
54872   0.3253
54884   0.3506
54894   0.3474
54904   0.3380
54912   0.3651
