#time, lipid_head, lipid_tail, water, pore_size
0          0       2       5       6.26      
1          1       3       8       7.31      
2          2       3       6       7.40      
3          1       4       7       7.41      
4          0       3       6       6.85      
5          0       5       7       8.05      
6          0       3       7       7.90      
7          0       4       8       7.45      
8          1       4       10      7.45      
9          2       5       8       8.37      
10         1       5       8       8.50      
11         1       4       10      8.04      
12         2       4       9       8.21      
13         2       5       9       8.12      
14         1       5       8       8.41      
15         0       4       8       7.77      
16         0       4       8       8.30      
17         1       4       8       7.84      
18         0       4       7       7.75      
19         0       4       8       7.84      
20         1       3       9       7.64      
21         0       4       6       7.75      
22         0       4       7       8.08      
23         0       6       8       8.26      
24         0       3       8       7.34      
25         0       4       9       7.82      
26         1       4       10      8.36      
27         0       5       9       8.16      
28         0       4       12      8.70      
29         0       4       10      8.36      
30         0       4       9       7.72      
31         0       4       9       7.93      
32         0       5       10      7.23      
33         0       3       8       7.04      
34         1       5       9       7.67      
35         0       3       8       7.41      
36         0       2       10      7.85      
37         0       2       9       7.10      
38         0       2       8       7.17      
39         1       2       9       7.37      
40         0       2       7       7.07      
41         0       4       9       7.55      
42         1       4       8       7.69      
43         0       2       9       7.90      
44         0       4       9       7.99      
45         1       4       9       7.66      
46         1       4       7       7.52      
47         0       3       8       7.67      
48         0       4       8       7.77      
49         1       4       8       8.29      
50         0       4       7       7.66      
51         0       4       8       8.02      
52         0       4       6       7.35      
53         0       4       7       6.72      
54         0       4       8       7.54      
55         0       4       7       8.03      
56         0       5       6       7.78      
57         0       4       8       7.67      
58         1       4       7       8.24      
59         2       4       7       7.62      
60         0       4       7       7.41      
61         0       4       8       7.09      
62         0       4       6       7.38      
63         0       4       8       7.72      
64         0       4       7       7.51      
65         0       4       7       7.22      
66         0       4       8       7.41      
67         1       4       7       8.12      
68         0       4       8       7.96      
69         0       4       8       8.34      
70         1       4       8       7.83      
71         0       4       8       8.12      
72         0       5       11      8.28      
73         0       4       10      7.95      
74         0       4       9       7.62      
75         0       3       8       7.47      
76         0       3       6       8.12      
77         0       2       5       6.45      
78         0       3       6       7.02      
79         1       3       7       7.48      
80         0       3       9       7.51      
81         0       3       5       7.92      
82         1       3       6       7.30      
83         0       3       5       7.25      
84         1       3       8       7.20      
85         0       3       7       7.61      
86         1       3       6       7.55      
87         0       3       7       7.59      
88         0       3       7       7.37      
89         0       3       8       7.49      
90         0       3       6       7.32      
91         0       3       4       7.24      
92         0       3       4       6.99      
93         0       3       8       7.30      
94         0       3       6       7.46      
95         0       3       8       7.98      
96         0       2       6       7.43      
97         0       2       8       6.98      
98         0       3       9       7.53      
99         0       3       7       7.84      
100        0       4       5       7.00      
101        0       3       8       7.55      
102        0       3       4       7.36      
103        0       3       7       7.10      
104        1       3       7       7.80      
105        0       2       8       7.07      
106        0       3       6       7.29      
107        0       3       9       7.41      
108        0       2       7       7.06      
109        0       3       6       7.40      
110        0       3       5       7.06      
111        0       3       6       7.06      
112        0       3       5       7.12      
113        0       3       8       7.60      
114        1       3       6       7.41      
115        1       3       9       7.81      
116        1       3       8       7.01      
117        0       3       7       7.52      
118        1       4       6       6.93      
119        0       2       6       6.01      
120        0       4       7       7.23      
121        0       3       7       6.16      
122        0       4       7       7.08      
123        0       4       9       7.77      
124        0       4       6       6.91      
125        0       3       7       5.97      
126        0       3       6       6.39      
127        1       3       5       6.28      
128        0       3       5       6.41      
129        1       4       6       7.49      
130        0       4       8       7.61      
131        0       4       6       7.69      
132        0       4       9       7.42      
133        0       4       6       6.80      
134        0       4       9       7.84      
135        0       4       7       7.12      
136        0       4       7       7.51      
137        1       4       7       7.06      
138        0       4       7       7.39      
139        0       4       7       7.00      
140        0       4       7       7.04      
141        0       4       6       6.99      
142        1       4       5       7.08      
143        2       3       4       7.57      
144        1       4       6       7.27      
145        1       4       8       7.69      
146        1       4       8       7.95      
147        1       3       6       7.63      
148        2       4       6       7.56      
149        2       4       7       7.36      
150        1       3       7       7.95      
151        1       4       8       7.85      
152        2       4       8       7.55      
153        0       4       6       7.83      
154        2       4       9       7.45      
155        1       4       7       7.34      
156        2       4       6       7.30      
157        2       4       6       7.21      
158        2       4       7       7.97      
159        2       4       5       7.25      
160        1       4       7       7.37      
161        0       4       8       7.53      
162        0       4       7       7.40      
163        1       4       7       7.19      
164        0       4       6       6.80      
165        0       4       6       7.15      
166        0       4       7       6.84      
167        0       4       8       7.10      
168        0       4       8       8.35      
169        0       3       8       7.91      
170        1       4       7       8.06      
171        0       2       7       6.95      
172        0       3       8       8.07      
173        1       3       6       7.40      
174        0       2       7       6.38      
175        0       1       6       7.11      
176        0       3       8       7.17      
177        0       2       7       6.81      
178        1       2       6       6.85      
179        0       2       6       6.03      
180        0       3       6       7.05      
181        0       2       6       6.31      
182        0       2       5       6.38      
183        1       2       8       7.29      
184        0       2       6       7.05      
185        0       2       5       6.24      
186        0       2       6       7.43      
187        0       2       5       5.80      
188        0       2       6       6.48      
189        1       2       5       6.56      
190        0       2       6       6.26      
191        0       2       5       6.46      
192        1       2       6       6.04      
193        1       3       7       6.38      
194        1       2       6       6.96      
195        0       2       6       6.22      
196        0       1       6       6.56      
197        0       1       6       6.62      
198        1       1       6       7.27      
199        0       1       6       7.10      
200        0       1       6       6.69      
201        1       1       6       6.67      
202        1       1       7       6.47      
203        2       1       7       6.27      
204        1       2       6       6.23      
205        2       2       5       6.56      
206        0       2       5       6.29      
207        1       2       5       6.15      
208        1       2       7       6.41      
209        0       2       6       6.03      
210        0       2       6       6.16      
211        0       2       7       6.66      
212        1       2       7       5.80      
213        0       2       7       6.44      
214        2       2       5       6.54      
215        1       2       5       6.49      
216        1       2       5       6.23      
217        1       2       5       6.67      
218        2       2       4       6.57      
219        1       2       7       6.83      
220        3       2       6       6.36      
221        2       3       7       7.44      
222        1       2       8       6.19      
223        1       2       8       5.80      
224        2       2       5       6.22      
225        2       2       7       6.17      
226        2       2       7       5.79      
227        2       2       6       6.07      
228        2       1       6       6.30      
229        2       1       6       6.10      
230        2       1       5       7.04      
231        2       1       5       6.05      
232        2       1       6       6.99      
233        3       1       7       7.24      
234        2       1       6       7.27      
235        3       2       5       7.63      
236        1       2       7       7.63      
237        3       1       7       7.49      
238        2       3       7       7.96      
239        2       3       5       7.62      
240        3       3       6       7.91      
241        2       3       7       7.96      
242        2       2       7       7.39      
243        3       2       8       8.72      
244        3       2       6       8.48      
245        3       2       6       8.60      
246        3       2       6       7.80      
247        3       1       7       8.04      
248        2       1       7       7.28      
249        3       2       7       7.94      
250        2       1       7       7.57      
251        3       2       7       7.20      
252        2       1       6       7.17      
253        3       2       7       8.08      
254        3       2       8       7.66      
255        1       1       8       7.40      
256        2       1       7       7.91      
257        1       1       9       7.48      
258        2       1       8       8.08      
259        1       1       8       6.71      
260        0       2       8       7.70      
261        2       2       10      7.85      
262        0       0       8       7.72      
263        1       2       8       7.78      
264        0       1       9       6.55      
265        0       1       8       6.90      
266        2       1       9       7.93      
267        2       1       7       7.87      
268        1       0       10      8.41      
269        2       2       11      8.02      
270        2       1       9       8.33      
271        2       2       10      8.25      
272        2       1       8       8.41      
273        2       1       7       8.38      
274        1       1       10      9.14      
275        2       1       9       8.62      
276        2       2       9       8.60      
277        2       1       8       8.38      
278        2       2       8       8.53      
279        2       0       7       8.07      
280        2       2       8       8.08      
281        2       1       9       8.28      
282        2       1       9       7.89      
283        2       2       8       8.45      
284        2       2       7       8.26      
285        1       1       7       7.57      
286        0       1       8       8.82      
287        0       0       7       8.14      
288        0       1       7       7.97      
289        0       0       9       7.83      
290        0       0       8       7.95      
291        0       1       10      7.93      
292        0       1       10      7.70      
293        0       0       8       8.25      
294        0       1       10      8.10      
295        0       1       11      8.48      
296        0       0       10      8.06      
297        0       0       9       7.45      
298        0       0       10      7.90      
299        0       0       10      7.57      
300        0       0       12      8.22      
301        0       0       12      8.03      
302        0       0       11      8.74      
303        0       0       10      8.01      
304        0       0       11      7.98      
305        0       0       11      8.26      
306        0       0       9       7.86      
307        0       0       9       7.72      
308        0       0       8       7.82      
309        0       0       8       8.34      
310        0       0       11      8.09      
311        0       0       9       8.08      
312        0       0       9       7.69      
313        0       0       9       8.01      
314        0       0       9       7.95      
315        0       0       10      8.52      
316        0       0       10      8.84      
317        0       0       10      9.00      
318        0       0       8       7.85      
319        0       0       10      8.32      
320        0       0       11      8.29      
321        0       0       11      8.44      
322        0       0       8       7.89      
323        0       0       7       8.00      
324        1       0       8       8.02      
325        0       0       9       9.36      
326        0       0       11      7.78      
327        0       0       12      7.89      
328        1       0       11      8.25      
329        1       0       11      8.03      
330        0       0       11      8.16      
331        0       0       8       7.73      
332        0       0       12      8.40      
333        0       0       13      8.36      
334        0       0       11      8.52      
335        0       0       10      8.07      
336        0       0       10      8.11      
337        0       0       10      8.43      
338        0       0       11      8.25      
339        0       0       10      8.47      
340        0       0       10      7.92      
341        0       0       7       7.87      
342        0       0       10      8.02      
343        0       0       10      8.38      
344        0       0       12      8.35      
345        0       0       11      8.00      
346        0       0       8       7.47      
347        0       0       8       7.83      
348        0       0       11      7.69      
349        0       0       13      8.29      
350        0       0       12      8.25      
351        0       0       12      8.43      
352        0       0       11      8.30      
353        0       0       12      8.80      
354        0       0       12      8.03      
355        0       0       13      8.81      
356        0       0       13      7.99      
357        0       0       10      7.90      
358        0       0       14      9.00      
359        0       0       11      8.32      
360        0       0       12      7.97      
361        0       0       9       7.67      
362        0       0       11      8.27      
363        0       0       13      7.85      
364        0       0       11      8.34      
365        0       0       10      8.01      
366        0       0       12      8.85      
367        1       0       12      9.14      
368        0       0       8       7.90      
369        0       0       8       8.27      
370        0       0       7       8.07      
371        0       0       8       8.19      
372        0       0       8       8.62      
373        0       1       7       8.04      
374        0       0       8       7.55      
375        0       0       6       7.80      
376        0       0       8       8.05      
377        0       1       8       7.96      
378        0       0       7       7.55      
379        0       0       9       8.14      
380        0       0       10      8.26      
381        0       0       9       8.48      
382        0       0       7       7.94      
383        0       0       10      8.61      
384        0       1       9       8.10      
385        0       0       8       7.55      
386        0       0       7       7.97      
387        0       1       7       7.94      
388        0       1       8       8.04      
389        0       1       8       8.00      
390        0       1       7       7.67      
391        0       1       8       8.08      
392        0       0       8       8.00      
393        0       1       8       7.99      
394        0       1       10      8.76      
395        0       0       7       8.08      
396        0       0       9       7.94      
397        0       1       8       7.97      
398        0       0       9       8.19      
399        0       1       8       8.15      
400        0       1       8       8.43      
401        0       1       9       8.34      
402        0       1       10      8.12      
403        0       0       10      8.39      
404        0       0       8       8.26      
405        0       0       8       8.27      
406        1       1       8       8.35      
407        0       0       7       7.95      
408        0       0       9       8.00      
409        1       0       8       8.66      
410        0       0       8       8.18      
411        0       0       8       8.67      
412        0       0       7       7.62      
413        0       0       10      7.79      
414        0       0       7       7.90      
415        0       0       6       7.52      
416        1       0       8       7.85      
417        0       1       7       7.31      
418        0       0       7       7.91      
419        0       1       8       7.43      
420        0       1       9       7.66      
421        0       0       8       8.02      
422        0       1       7       8.00      
423        0       0       8       8.03      
424        0       1       10      8.50      
425        0       0       7       7.86      
426        1       1       9       7.85      
427        1       1       10      8.25      
428        1       1       9       7.75      
429        1       1       8       7.98      
430        1       0       8       8.26      
431        1       1       9       7.96      
432        0       0       10      8.14      
433        1       0       8       7.76      
434        0       0       8       8.04      
435        1       0       8       7.75      
436        1       1       9       7.59      
437        1       0       10      7.82      
438        0       1       9       7.91      
439        0       0       8       7.81      
440        0       0       9       7.71      
441        1       1       9       7.72      
442        1       0       8       8.16      
443        0       0       9       8.28      
444        1       0       8       7.77      
445        0       0       9       7.27      
446        0       1       8       7.60      
447        0       0       9       7.91      
448        1       0       9       7.89      
449        1       0       9       7.82      
450        0       0       7       7.64      
451        1       0       8       7.50      
452        0       0       7       7.89      
453        1       0       9       8.33      
454        1       0       9       7.85      
455        0       0       9       7.73      
456        0       0       9       7.90      
457        1       0       10      7.74      
458        1       0       11      8.63      
459        0       0       10      8.17      
460        0       0       10      7.84      
461        0       0       11      7.78      
462        0       0       11      8.66      
463        0       0       12      7.85      
464        0       0       11      8.11      
465        0       0       8       8.03      
466        0       0       10      7.34      
467        0       0       10      7.68      
468        0       0       9       7.57      
469        0       0       9       8.22      
470        0       0       10      8.10      
471        0       0       10      7.95      
472        0       0       8       7.54      
473        0       0       9       8.01      
474        0       0       10      7.99      
475        0       0       11      7.77      
476        0       0       11      7.95      
477        0       0       8       7.77      
478        0       0       10      8.15      
479        0       0       9       8.01      
480        0       0       8       7.68      
481        1       0       10      7.73      
482        0       0       9       7.41      
483        0       0       8       7.92      
484        0       0       8       7.37      
485        0       0       9       7.75      
486        0       0       9       7.15      
487        0       0       6       7.63      
488        0       0       8       7.26      
489        0       0       9       7.26      
490        0       0       8       7.86      
491        0       0       8       7.15      
492        0       0       10      8.12      
493        0       0       7       7.65      
494        0       0       7       7.09      
495        0       0       8       7.99      
496        0       0       8       7.32      
497        0       0       8       8.50      
498        0       0       8       7.90      
499        0       0       7       7.24      
500        0       0       9       7.64      
501        0       0       8       8.33      
502        0       0       8       7.91      
503        0       0       7       6.74      
504        0       0       9       7.83      
505        0       0       8       8.10      
506        0       0       8       7.18      
507        0       0       8       7.78      
508        0       0       6       7.28      
509        0       0       8       7.90      
510        0       0       7       7.93      
511        0       0       8       7.31      
512        0       0       7       7.41      
513        0       0       8       7.91      
514        0       0       7       7.52      
515        0       0       8       7.53      
516        0       1       7       7.29      
517        0       0       8       7.56      
518        0       0       6       7.24      
519        0       0       7       7.27      
520        0       0       8       8.09      
521        0       0       7       7.80      
522        0       1       7       8.06      
523        0       0       7       8.07      
524        0       0       5       7.82      
525        0       1       7       7.91      
526        0       0       7       7.92      
527        0       0       7       7.28      
528        0       0       6       7.27      
529        0       0       7       7.92      
530        0       1       8       7.89      
531        0       0       6       7.19      
532        0       0       7       7.72      
533        0       0       5       7.19      
534        0       1       5       7.35      
535        0       0       6       8.18      
536        0       0       6       7.13      
537        0       0       6       7.59      
538        0       0       7       8.08      
539        0       0       5       7.28      
540        0       1       7       8.03      
541        0       0       6       7.28      
542        0       0       6       7.97      
543        0       0       7       7.86      
544        0       0       7       8.20      
545        0       0       6       7.49      
546        0       0       7       7.59      
547        0       1       6       6.92      
548        0       0       7       7.54      
549        0       0       4       6.95      
550        0       0       6       7.62      
551        0       0       6       7.76      
552        0       0       6       7.29      
553        0       0       6       7.75      
554        0       0       8       7.99      
555        0       0       7       7.47      
556        0       1       6       7.22      
557        0       0       6       7.48      
558        0       0       7       8.08      
559        0       0       7       7.67      
560        0       0       6       7.67      
561        0       1       7       7.74      
562        0       0       6       7.75      
563        0       1       6       7.78      
564        0       0       7       7.29      
565        0       0       7       7.94      
566        0       0       6       7.38      
567        0       0       5       7.29      
568        0       0       6       7.54      
569        0       0       6       7.36      
570        0       0       7       7.67      
571        0       0       6       7.08      
572        0       1       7       8.09      
573        0       0       5       7.51      
574        0       1       6       7.71      
575        0       0       6       7.44      
576        0       0       6       7.55      
577        0       0       7       8.20      
578        0       0       6       8.02      
579        0       1       6       7.69      
580        0       0       7       7.41      
581        0       1       6       7.97      
582        0       1       6       7.58      
583        0       0       6       7.54      
584        0       0       7       7.54      
585        0       1       7       8.38      
586        0       1       5       7.69      
587        0       1       7       7.84      
588        0       1       6       7.44      
589        0       0       6       7.55      
590        0       0       6       7.75      
591        0       0       8       8.00      
592        0       1       7       8.37      
593        0       0       5       7.90      
594        0       0       6       7.49      
595        0       0       5       7.21      
596        0       0       6       7.60      
597        0       0       6       6.77      
598        0       0       6       7.32      
599        0       0       6       7.53      
600        0       1       7       7.56      
601        0       0       6       7.60      
602        0       0       6       8.18      
603        0       0       7       7.94      
604        0       1       7       8.10      
605        0       0       6       7.62      
606        0       0       4       7.52      
607        0       0       6       7.25      
608        0       0       6       7.11      
609        0       0       6       7.33      
610        0       1       6       7.41      
611        0       1       5       7.89      
612        0       0       6       7.65      
613        0       1       6       8.44      
614        0       0       8       7.72      
615        0       0       7       8.20      
616        0       0       5       7.69      
617        0       0       7       7.79      
618        0       1       9       8.31      
619        0       0       6       8.01      
620        0       0       8       8.01      
621        0       0       7       7.76      
622        0       0       7       7.77      
623        0       0       8       7.89      
624        0       0       8       7.52      
625        0       0       9       7.84      
626        0       0       8       7.95      
627        0       0       7       8.09      
628        0       0       8       7.61      
629        0       0       7       8.32      
630        0       0       7       7.64      
631        0       0       7       7.94      
632        0       0       7       7.87      
633        0       0       7       8.28      
634        0       0       9       8.71      
635        0       0       8       8.64      
636        0       0       8       8.22      
637        0       0       8       7.75      
638        0       0       8       8.07      
639        0       0       8       8.54      
640        0       1       8       7.96      
641        0       0       9       8.22      
642        0       0       6       8.11      
643        0       0       6       8.21      
644        0       0       7       7.89      
645        1       0       9       8.07      
646        1       0       8       7.79      
647        1       1       7       8.01      
648        0       0       7       7.76      
649        0       0       7       7.58      
650        0       0       7       7.72      
651        0       0       8       7.59      
652        0       0       8       8.18      
653        0       0       8       8.05      
654        0       0       8       7.71      
655        0       0       7       7.29      
656        0       0       6       7.51      
657        0       0       7       7.96      
658        1       0       8       7.65      
659        0       0       6       8.37      
660        0       0       8       7.96      
661        0       0       7       7.70      
662        0       0       8       7.99      
663        0       0       8       7.82      
664        0       0       8       7.59      
665        0       0       7       8.06      
666        1       1       7       8.53      
667        0       0       7       7.28      
668        0       1       7       8.00      
669        0       1       6       7.87      
670        1       0       7       8.05      
671        0       1       7       7.64      
672        0       0       8       7.75      
673        1       0       8       7.91      
674        0       0       8       7.98      
675        0       0       7       8.01      
676        0       0       7       8.30      
677        0       0       8       7.73      
678        0       0       8       7.79      
679        0       0       7       7.98      
680        1       0       7       7.83      
681        0       0       6       7.52      
682        0       0       6       8.12      
683        0       0       6       7.64      
684        0       0       7       7.48      
685        0       0       6       7.40      
686        0       0       8       7.69      
687        0       0       7       7.73      
688        0       0       6       8.44      
689        1       0       7       7.91      
690        0       0       6       7.88      
691        0       0       6       7.87      
692        0       0       7       7.57      
693        0       1       6       7.87      
694        0       0       6       8.45      
695        0       0       6       7.96      
696        0       0       6       7.79      
697        0       1       6       7.77      
698        0       0       6       7.87      
699        0       0       6       8.19      
700        0       1       6       7.68      
701        0       0       6       7.32      
702        0       0       6       8.13      
703        0       0       6       7.88      
704        0       0       6       7.51      
705        0       0       6       7.83      
706        0       0       6       7.52      
707        0       0       6       7.98      
708        0       1       6       7.59      
709        1       0       6       7.60      
710        0       0       7       8.19      
711        0       0       7       7.39      
712        0       0       8       7.63      
713        0       0       8       7.27      
714        0       0       8       8.09      
715        0       0       8       7.69      
716        0       1       8       8.26      
717        0       0       8       7.74      
718        0       0       9       7.94      
719        0       0       10      9.08      
720        0       0       8       7.75      
721        0       0       8       7.45      
722        0       0       8       7.71      
723        0       0       9       8.27      
724        0       0       9       7.98      
725        0       0       9       8.31      
726        0       0       8       7.81      
727        0       0       9       8.12      
728        0       0       9       7.60      
729        0       0       8       7.55      
730        0       0       9       7.77      
731        0       0       9       8.29      
732        0       0       9       9.02      
733        0       0       9       8.28      
734        0       0       8       7.99      
735        0       0       7       7.92      
736        0       0       8       8.65      
737        0       0       7       7.75      
738        0       0       9       8.36      
739        0       0       9       8.08      
740        0       0       12      8.01      
741        0       0       10      8.09      
742        0       0       9       8.27      
743        0       0       9       8.33      
744        0       0       10      8.35      
745        0       0       9       8.01      
746        0       0       9       8.05      
747        0       0       11      9.12      
748        0       0       11      8.01      
749        0       0       9       8.03      
750        0       0       8       7.85      
751        0       0       11      7.99      
752        0       0       12      8.27      
753        0       0       8       7.85      
754        0       0       9       7.74      
755        0       0       8       8.33      
756        0       0       8       7.96      
757        0       0       8       7.94      
758        0       1       7       7.80      
759        0       0       7       7.91      
760        0       1       8       7.90      
761        0       0       7       7.86      
762        0       1       9       8.43      
763        0       0       8       7.58      
764        0       0       9       7.61      
765        0       1       8       8.25      
766        0       1       10      8.01      
767        0       1       7       7.68      
768        0       0       7       7.78      
769        0       0       8       8.22      
770        0       0       6       7.73      
771        0       1       9       8.06      
772        0       0       8       8.18      
773        0       0       7       7.72      
774        0       0       7       8.21      
775        0       0       7       8.07      
776        0       1       6       8.34      
777        0       0       7       8.00      
778        0       1       7       8.48      
779        1       0       6       7.89      
780        1       0       7       8.18      
781        0       0       9       7.86      
782        0       0       9       7.71      
783        2       0       8       7.68      
784        1       0       9       8.32      
785        0       0       10      7.95      
786        0       0       10      8.64      
787        2       0       9       7.92      
788        2       0       9       8.57      
789        0       0       9       8.49      
790        0       0       11      8.18      
791        0       0       9       7.84      
792        0       1       8       7.91      
793        0       0       9       7.92      
794        0       1       9       8.06      
795        0       0       9       8.00      
796        0       0       9       7.70      
797        0       1       8       7.91      
798        0       0       9       8.17      
799        0       0       8       7.57      
800        0       0       9       8.17      
801        0       0       9       7.44      
802        0       0       10      8.11      
803        0       0       9       8.32      
804        0       0       10      8.47      
805        0       0       9       8.15      
806        0       0       9       7.95      
807        0       0       9       8.42      
808        0       0       9       8.01      
809        0       0       9       7.45      
810        0       0       10      7.80      
811        0       0       8       8.48      
812        0       0       8       8.19      
813        0       0       9       7.51      
814        0       0       10      8.23      
815        0       0       8       7.70      
816        0       0       8       7.80      
817        0       0       9       7.99      
818        0       0       8       7.50      
819        0       0       8       7.95      
820        0       0       9       7.79      
821        0       0       8       7.87      
822        0       0       9       7.89      
823        0       0       9       7.78      
824        0       0       9       7.82      
825        0       0       10      7.80      
826        0       0       9       8.04      
827        0       0       10      8.79      
828        0       0       11      8.44      
829        0       0       13      9.05      
830        0       0       8       8.46      
831        0       0       9       9.03      
832        0       0       7       7.33      
833        0       0       7       7.58      
834        0       0       7       7.38      
835        0       0       9       8.79      
836        0       0       8       8.41      
837        0       0       8       8.61      
838        0       0       9       8.30      
839        0       0       9       8.95      
840        0       0       10      9.07      
841        0       0       10      7.97      
842        0       0       11      8.46      
843        0       1       8       8.54      
844        0       0       9       7.88      
845        0       1       6       7.60      
846        0       0       10      9.45      
847        0       1       11      9.20      
848        0       1       12      8.57      
849        0       1       10      9.22      
850        0       0       10      9.40      
851        0       0       11      8.85      
852        0       1       11      9.00      
853        0       1       12      8.85      
854        0       0       12      9.09      
855        0       0       11      9.01      
856        0       1       11      8.77      
857        0       1       11      9.43      
858        0       0       11      8.73      
859        0       1       8       8.03      
860        0       0       8       9.14      
861        0       0       10      9.22      
862        0       0       10      9.19      
863        0       0       9       9.23      
864        1       0       9       8.66      
865        0       0       10      8.42      
866        0       0       9       8.92      
867        0       0       8       8.18      
868        0       0       7       7.98      
869        0       0       8       8.05      
870        0       0       9       8.22      
871        0       0       9       8.12      
872        0       0       11      7.98      
873        0       0       10      7.24      
874        0       0       9       7.43      
875        0       0       10      7.43      
876        0       0       8       7.28      
877        0       0       10      7.65      
878        0       0       11      8.07      
879        0       0       10      8.10      
880        0       0       12      8.56      
881        0       0       10      8.12      
882        0       0       11      7.80      
883        0       0       12      8.05      
884        0       0       8       8.42      
885        0       0       10      7.74      
886        0       0       10      7.83      
887        0       0       9       7.51      
888        0       0       10      8.10      
889        0       0       10      7.97      
890        0       0       10      7.92      
891        0       0       10      7.91      
892        0       0       10      7.70      
893        0       0       7       7.43      
894        0       0       10      7.64      
895        0       0       9       7.68      
896        0       0       10      8.20      
897        0       0       10      7.83      
898        0       0       10      7.93      
899        0       0       9       8.20      
900        0       0       10      7.80      
901        0       0       9       8.04      
902        0       0       9       7.76      
903        1       0       10      7.39      
904        1       0       10      8.11      
905        0       0       11      8.48      
906        0       0       9       8.72      
907        0       0       10      7.90      
908        0       0       9       7.99      
909        0       0       10      7.98      
910        0       0       9       8.24      
911        0       0       9       8.33      
912        0       0       10      7.78      
913        0       0       10      7.63      
914        0       0       8       7.29      
915        0       0       8       7.53      
916        0       0       6       8.10      
917        0       0       8       7.27      
918        0       0       9       7.69      
919        0       0       9       8.05      
920        0       0       10      7.53      
921        0       0       8       8.02      
922        0       0       8       8.10      
923        0       0       9       7.78      
924        0       0       8       7.65      
925        1       0       6       7.47      
926        0       0       7       7.45      
927        0       0       8       7.93      
928        0       0       7       7.99      
929        0       0       10      7.88      
930        1       0       9       8.28      
931        1       0       8       7.80      
932        1       0       8       7.48      
933        1       0       9       8.35      
934        0       0       7       7.74      
935        1       0       7       7.76      
936        1       0       6       8.17      
937        1       0       8       7.94      
938        0       0       7       7.76      
939        0       0       9       7.78      
940        1       0       8       8.04      
941        0       0       8       7.69      
942        1       0       8       7.83      
943        1       0       7       7.78      
944        1       0       8       7.85      
945        0       0       7       7.68      
946        1       0       8       8.02      
947        0       0       11      8.39      
948        1       0       9       8.50      
949        1       0       9       8.28      
950        0       0       9       8.09      
951        1       0       10      8.27      
952        0       0       7       8.15      
953        0       0       9       8.23      
954        0       0       8       8.13      
955        0       0       9       8.38      
956        0       0       8       8.32      
957        0       0       10      8.02      
958        1       0       8       7.81      
959        0       0       9       8.26      
960        1       0       11      8.24      
961        0       0       11      8.39      
962        0       0       11      8.28      
963        0       0       11      8.38      
964        0       0       11      8.61      
965        0       0       11      8.39      
966        0       0       10      8.08      
967        1       0       11      8.30      
968        1       0       10      8.06      
969        1       1       12      8.45      
970        0       0       11      8.27      
971        0       0       10      8.27      
972        0       0       12      8.29      
973        0       0       10      8.07      
974        0       1       12      8.33      
975        0       0       9       7.86      
976        0       0       13      8.18      
977        0       0       10      7.59      
978        0       0       8       7.54      
979        0       0       8       7.64      
980        0       0       9       7.35      
981        0       1       9       7.96      
982        0       0       12      8.51      
983        0       0       12      8.05      
984        0       0       13      8.14      
985        0       0       11      8.54      
986        0       0       13      7.86      
987        0       0       10      7.90      
988        1       0       11      8.79      
989        1       0       11      8.53      
990        1       0       12      8.53      
991        1       0       9       8.07      
992        1       1       10      8.59      
993        1       1       13      8.97      
994        1       1       10      8.26      
995        1       0       9       8.03      
996        1       0       9       8.48      
997        1       1       10      8.49      
998        1       0       12      8.90      
999        1       0       9       8.08      
1000       1       0       11      8.27      
1001       0       0       11      8.82      
1002       0       0       11      8.66      
1003       0       0       9       7.99      
1004       0       0       8       7.92      
1005       0       0       10      8.15      
1006       0       0       9       8.07      
1007       0       0       10      8.27      
1008       0       0       10      7.80      
1009       0       1       10      8.58      
1010       0       1       11      8.20      
1011       0       2       9       8.40      
1012       0       1       10      8.34      
1013       0       1       9       8.59      
1014       1       0       11      9.26      
1015       0       0       8       8.64      
1016       1       0       10      8.88      
1017       0       0       11      8.42      
1018       0       0       10      8.08      
1019       0       1       10      8.31      
1020       0       1       8       8.19      
1021       0       0       10      7.79      
1022       0       0       10      7.88      
1023       0       0       11      7.87      
1024       0       0       11      8.57      
1025       0       0       9       7.92      
1026       0       0       8       8.10      
1027       0       1       11      8.01      
1028       0       0       8       7.97      
1029       0       0       9       8.19      
1030       0       0       8       8.05      
1031       0       0       8       8.42      
1032       0       0       8       8.42      
1033       0       0       8       8.38      
1034       1       0       9       9.31      
1035       0       0       8       8.03      
1036       0       0       9       8.47      
1037       0       0       10      7.98      
1038       0       0       8       7.78      
1039       0       0       7       7.95      
1040       0       0       7       7.96      
1041       0       0       8       8.83      
1042       0       0       8       7.99      
1043       0       0       9       8.37      
1044       0       0       8       7.67      
1045       0       0       9       7.61      
1046       0       0       10      8.22      
1047       0       0       8       7.50      
1048       0       0       10      7.78      
1049       1       0       11      8.52      
1050       0       0       10      8.06      
1051       0       0       8       8.53      
1052       0       0       11      8.59      
1053       0       0       10      8.69      
1054       0       0       12      8.85      
1055       0       0       10      8.70      
1056       1       0       10      7.99      
1057       0       0       10      7.67      
1058       0       0       10      7.86      
1059       0       0       9       8.57      
1060       0       0       11      7.84      
1061       0       0       10      7.61      
1062       0       0       10      7.33      
1063       0       0       12      7.62      
1064       0       0       11      8.56      
1065       0       0       14      9.13      
