#time, lipid_head, lipid_tail, water, pore_size
0          0       3       7       7.27      
1          0       1       5       6.46      
2          0       2       6       6.45      
3          0       1       7       7.14      
4          1       1       8       6.89      
5          1       3       6       7.27      
6          1       3       7       7.47      
7          0       1       4       5.80      
8          0       2       5       6.43      
9          1       2       5       6.75      
10         0       2       6       6.39      
11         2       2       7       7.04      
12         0       1       6       6.36      
13         0       1       6       6.20      
14         1       1       5       6.39      
15         0       2       5       6.57      
16         0       2       6       7.02      
17         2       2       7       6.67      
18         0       2       7       6.78      
19         0       2       4       6.87      
20         0       2       5       6.34      
21         1       2       5       6.24      
22         0       2       5       6.32      
23         0       2       6       6.40      
24         0       2       6       6.57      
25         0       2       4       6.26      
26         0       2       4       6.19      
27         0       2       4       6.22      
28         0       2       6       6.17      
29         0       2       4       6.36      
30         1       2       5       6.11      
31         0       2       5       5.86      
32         0       2       6       6.11      
33         1       1       4       5.83      
34         0       2       6       6.12      
35         0       2       5       6.31      
36         0       2       5       6.24      
37         0       2       5       6.09      
38         0       2       6       6.06      
39         0       2       6       5.81      
40         0       1       5       5.92      
41         1       1       5       5.98      
42         1       2       6       6.25      
43         1       2       5       5.62      
44         1       1       4       5.39      
45         1       2       3       5.34      
46         1       1       4       5.51      
47         1       2       4       5.43      
48         0       1       5       5.59      
49         1       1       5       5.79      
50         0       1       4       5.59      
51         0       2       5       5.69      
52         0       1       5       5.62      
53         0       1       4       5.50      
54         0       1       4       5.96      
55         1       1       5       5.43      
56         1       1       4       5.30      
57         1       1       4       5.34      
58         1       1       3       5.45      
59         1       2       4       6.09      
60         1       1       2       5.34      
61         1       1       2       5.19      
62         1       1       3       5.55      
63         1       1       4       5.60      
64         1       1       6       5.57      
65         1       1       4       5.35      
66         2       1       5       5.41      
67         2       1       5       5.20      
68         1       1       5       5.16      
69         2       1       4       5.66      
70         2       2       4       5.66      
71         2       1       5       5.90      
72         2       1       5       5.84      
73         2       1       5       6.14      
74         1       1       5       5.65      
75         2       1       3       5.65      
76         0       1       4       5.67      
77         1       1       5       5.73      
78         1       1       5       5.64      
79         1       1       4       5.62      
80         1       2       5       5.74      
81         1       1       5       5.95      
82         1       1       5       5.54      
83         1       1       5       5.71      
84         1       1       5       5.58      
85         0       1       2       5.44      
86         1       1       5       5.65      
87         1       1       6       5.95      
88         1       1       6       5.79      
89         1       1       4       5.49      
90         1       1       4       5.75      
91         1       1       5       6.00      
92         1       1       4       5.64      
93         1       1       5       5.85      
94         0       1       4       6.00      
95         1       1       4       5.31      
96         1       1       3       5.86      
97         1       1       6       5.93      
98         1       1       5       6.21      
99         1       1       4       5.57      
100        2       1       6       5.74      
101        1       1       5       5.97      
102        2       0       6       6.98      
103        2       0       6       6.36      
104        1       0       6       5.66      
105        1       0       6       5.37      
106        1       0       6       5.35      
107        1       0       6       5.53      
108        1       0       5       5.77      
109        1       0       5       5.80      
110        1       0       6       6.26      
111        1       0       5       5.81      
112        1       0       3       5.47      
113        1       0       5       5.87      
114        1       0       4       5.61      
115        1       0       6       5.45      
116        1       0       6       6.37      
117        1       0       6       6.00      
118        1       0       7       6.52      
119        1       0       6       6.45      
120        2       0       6       6.67      
121        1       1       7       6.16      
122        1       0       6       5.85      
123        2       0       6       6.48      
124        1       0       8       6.59      
125        1       0       7       6.40      
126        1       0       8       6.80      
127        1       0       6       6.69      
128        1       0       8       6.95      
129        1       0       7       7.41      
130        1       0       7       7.35      
131        1       0       7       7.29      
132        1       0       8       7.80      
133        1       0       8       7.29      
134        1       0       8       6.97      
135        1       0       7       7.08      
136        1       0       7       7.17      
137        1       0       8       7.21      
138        1       0       9       6.91      
139        1       0       8       6.23      
140        1       0       8       6.60      
141        1       0       8       6.79      
142        1       0       7       6.72      
143        1       0       7       6.11      
144        1       0       6       5.87      
145        1       0       5       6.14      
146        1       0       6       6.11      
147        1       0       7       6.91      
148        1       1       7       7.27      
149        1       1       6       7.55      
150        1       0       6       6.74      
151        1       0       6       7.22      
152        1       0       8       7.51      
153        1       0       7       6.69      
154        1       0       7       6.87      
155        1       0       6       7.48      
156        1       0       6       7.39      
157        1       0       7       7.16      
158        1       1       6       7.08      
159        1       0       6       7.35      
160        2       0       6       7.41      
161        1       0       5       7.46      
162        1       1       7       7.67      
163        1       0       6       7.46      
164        1       1       7       7.62      
165        1       1       6       6.62      
166        1       0       7       7.54      
167        2       0       6       6.79      
168        1       0       6       6.61      
169        1       0       7       6.71      
170        1       0       5       6.31      
171        1       0       6       6.21      
172        1       0       5       6.10      
173        1       0       6       5.87      
174        2       0       8       6.82      
175        1       0       7       7.52      
176        1       0       5       7.26      
177        2       1       8       7.62      
178        2       1       8       7.85      
179        1       0       5       6.87      
180        1       0       6       7.49      
181        1       0       6       6.95      
182        1       0       8       6.78      
183        1       0       6       7.26      
184        1       0       6       6.68      
185        1       0       7       6.59      
186        1       1       8       7.09      
187        1       1       7       8.52      
188        1       0       7       7.80      
189        2       0       6       7.56      
190        2       0       8       7.56      
191        1       0       8       7.64      
192        2       1       7       7.45      
193        1       0       7       7.13      
194        1       0       6       7.28      
195        1       1       8       7.95      
196        1       1       6       6.60      
197        1       0       8       7.18      
198        1       0       6       6.70      
199        1       0       7       7.42      
200        1       0       7       6.96      
201        1       0       9       7.72      
202        2       1       7       7.96      
203        1       0       6       7.00      
204        2       1       8       8.05      
205        2       1       7       7.38      
206        2       0       7       7.17      
207        1       0       7       7.33      
208        1       0       8       7.38      
209        2       0       7       6.85      
210        1       1       7       7.02      
211        2       0       6       7.39      
212        1       0       7       7.52      
213        1       0       8       7.42      
214        2       0       8       7.46      
215        1       0       8       7.99      
216        1       0       7       7.41      
217        2       0       7       7.28      
218        2       0       8       8.18      
219        1       0       7       7.52      
220        2       0       7       6.91      
221        1       0       7       7.45      
222        2       0       8       7.57      
223        2       0       8       8.18      
224        1       0       7       7.36      
225        1       0       8       7.44      
226        1       1       8       7.76      
227        1       1       8       7.73      
228        2       0       7       7.72      
229        2       1       6       7.60      
230        2       1       7       8.05      
231        1       1       8       7.96      
232        1       0       7       7.56      
233        1       0       6       6.83      
234        1       0       7       7.08      
235        1       1       6       7.54      
236        1       0       7       7.38      
237        1       0       5       7.00      
238        1       0       7       8.04      
239        2       0       8       7.23      
240        2       0       8       7.82      
241        1       0       7       7.25      
242        1       0       8       8.20      
243        1       0       7       7.58      
244        2       0       7       7.74      
245        2       0       8       7.85      
246        2       0       8       7.72      
247        2       0       8       8.04      
248        1       0       8       8.00      
249        2       0       8       7.72      
250        2       0       8       7.17      
251        1       1       8       8.00      
252        1       0       8       7.63      
253        1       1       8       7.60      
254        1       1       9       7.78      
255        1       0       9       7.75      
256        1       0       8       7.35      
257        1       0       7       7.80      
258        1       0       8       7.23      
259        1       0       7       7.35      
260        1       0       7       7.63      
261        2       0       7       7.47      
262        1       0       8       7.42      
263        2       0       8       7.56      
264        2       0       8       7.47      
265        1       0       8       7.72      
266        1       0       8       7.91      
267        1       0       7       7.88      
268        1       0       6       8.12      
269        1       0       8       7.98      
270        2       0       8       7.93      
271        1       0       8       7.79      
272        2       0       8       7.63      
273        2       0       9       7.92      
274        1       1       8       8.09      
275        1       1       9       7.63      
276        2       1       9       8.01      
277        1       0       8       7.80      
278        2       1       8       7.46      
279        2       0       7       7.39      
280        1       0       7       7.63      
281        2       0       9       7.80      
282        1       0       9       7.53      
283        1       0       9       6.95      
284        1       1       9       7.80      
285        1       1       8       7.40      
286        1       1       7       7.68      
287        2       0       8       7.52      
288        2       0       6       7.82      
289        2       0       9       7.89      
290        2       0       8       7.79      
291        2       0       7       7.82      
292        1       0       8       7.86      
293        2       0       8       8.14      
294        2       0       9       7.21      
295        2       0       8       7.08      
296        2       0       8       7.96      
297        1       0       8       7.64      
298        2       0       8       7.37      
299        1       0       7       6.94      
300        1       0       8       7.31      
301        1       0       8       7.19      
302        1       0       8       6.96      
303        2       0       8       7.54      
304        2       1       10      7.95      
305        2       0       7       7.38      
306        2       0       8       7.04      
307        1       0       8       7.60      
308        1       0       8       6.92      
309        2       0       9       7.73      
310        1       0       7       7.82      
311        1       0       8       7.54      
312        1       0       7       7.51      
313        1       0       7       7.46      
314        1       0       7       7.36      
315        2       0       8       7.63      
316        1       0       7       7.11      
317        1       0       7       8.07      
318        1       0       8       7.67      
319        1       0       8       7.57      
320        1       0       8       7.74      
321        1       0       6       7.42      
322        1       0       7       7.79      
323        1       0       8       7.26      
324        1       0       8       7.95      
325        1       0       9       7.73      
326        1       0       8       7.97      
327        1       0       7       7.64      
328        1       0       7       7.72      
329        1       0       9       7.29      
330        1       0       8       7.88      
331        1       0       7       7.14      
332        1       0       8       7.46      
333        1       0       7       7.53      
334        1       0       7       7.46      
335        1       0       7       7.22      
336        1       0       8       7.83      
337        1       0       9       7.70      
338        1       0       7       7.60      
339        1       0       7       8.03      
340        1       0       7       7.93      
341        1       0       7       7.56      
342        1       0       6       7.22      
343        1       0       7       7.69      
344        1       0       8       7.09      
345        1       0       9       7.08      
346        0       0       8       7.50      
347        0       0       8       7.78      
348        1       0       8       7.51      
349        0       0       8       7.41      
350        1       0       7       7.61      
351        2       0       7       7.64      
352        1       0       8       7.20      
353        2       0       6       7.67      
354        1       0       6       6.94      
355        1       0       8       7.42      
356        1       0       8       7.79      
357        1       0       7       7.82      
358        1       0       8       7.50      
359        1       0       8       7.53      
360        1       0       8       7.71      
361        1       0       7       6.90      
362        1       0       8       7.93      
363        1       1       8       8.29      
364        1       0       8       8.07      
365        1       1       8       7.49      
366        1       0       8       7.06      
367        1       0       8       7.73      
368        1       0       7       7.22      
369        1       1       8       7.13      
370        1       1       7       7.72      
371        1       0       7       7.52      
372        1       0       8       7.64      
373        1       0       6       7.24      
374        1       0       8       7.27      
375        1       0       8       7.42      
376        1       0       8       7.56      
377        1       0       8       8.21      
378        1       0       7       7.18      
379        1       0       8       7.67      
380        2       0       8       7.47      
381        1       1       7       8.27      
382        1       0       7       7.89      
383        2       0       7       7.29      
384        1       1       9       8.38      
385        1       0       7       7.42      
386        1       0       8       7.48      
387        2       1       8       8.13      
388        1       0       7       7.92      
389        1       0       7       8.10      
390        1       0       8       7.07      
391        1       0       8       7.54      
392        1       0       8       7.20      
393        1       0       7       7.06      
394        1       0       7       7.55      
395        1       1       8       7.93      
396        2       0       8       7.45      
397        2       0       7       7.33      
398        1       0       8       6.33      
399        1       0       6       7.24      
400        1       0       8       7.34      
401        1       0       6       7.27      
402        2       0       6       7.24      
403        2       1       5       7.28      
404        2       0       6       7.35      
405        1       0       5       7.14      
406        1       0       6       7.35      
407        2       0       7       7.16      
408        1       0       6       7.49      
409        1       0       6       6.69      
410        1       0       7       6.97      
411        2       0       6       7.55      
412        1       0       7       7.50      
413        1       0       5       7.04      
414        2       0       7       8.13      
415        1       0       7       7.48      
416        1       0       6       7.53      
417        1       0       6       7.54      
418        1       0       6       7.68      
419        1       0       6       7.65      
420        2       0       7       7.40      
421        2       0       6       7.06      
422        2       0       6       7.46      
423        2       0       6       7.20      
424        1       1       5       6.91      
425        2       0       6       7.52      
426        1       0       6       7.34      
427        1       0       6       7.25      
428        1       0       6       6.61      
429        1       0       7       7.55      
430        1       0       8       7.52      
431        1       0       5       7.45      
432        1       0       7       7.15      
433        1       0       6       7.29      
434        1       1       6       7.39      
435        2       0       7       7.16      
436        1       0       7       7.74      
437        1       0       6       6.77      
438        2       0       6       7.18      
439        1       0       7       7.44      
440        1       1       5       7.70      
441        1       0       6       8.01      
442        1       0       6       7.32      
443        1       0       7       7.29      
444        1       0       6       7.47      
445        1       0       7       7.13      
446        1       0       7       7.89      
447        1       0       7       7.48      
448        1       0       6       7.35      
449        1       0       6       6.99      
450        2       0       7       7.62      
451        2       0       6       7.60      
452        1       0       7       6.71      
453        1       0       7       6.86      
454        2       0       6       7.70      
455        1       0       6       6.83      
456        1       0       6       6.88      
457        1       0       4       6.65      
458        2       0       6       7.68      
459        1       0       7       7.74      
460        1       0       6       7.55      
461        1       0       6       7.39      
462        1       0       6       6.86      
463        1       0       6       6.55      
464        1       0       6       6.99      
465        1       0       5       6.87      
466        1       0       6       6.93      
467        1       0       6       6.66      
468        1       0       6       6.84      
469        1       0       6       7.48      
470        1       0       6       7.13      
471        1       0       6       7.38      
472        1       0       6       7.28      
473        1       1       6       7.75      
474        1       0       6       7.18      
475        1       0       6       7.70      
476        1       0       5       7.35      
477        1       0       6       7.48      
478        1       0       6       7.36      
479        1       0       7       7.56      
480        0       1       8       7.67      
481        1       1       6       7.34      
482        1       1       8       7.84      
483        1       1       6       7.55      
484        1       0       7       7.01      
485        1       0       6       7.78      
486        1       1       7       7.31      
487        0       0       5       6.39      
488        1       0       6       7.32      
489        1       1       6       7.41      
490        1       0       6       7.19      
491        1       0       6       6.41      
492        1       0       6       7.58      
493        1       2       6       8.43      
494        2       0       6       7.44      
495        1       0       6       6.35      
496        1       0       6       6.70      
497        1       0       7       6.39      
498        1       0       6       6.72      
499        1       0       6       6.03      
500        1       0       6       5.97      
501        1       0       6       6.57      
502        0       0       6       5.99      
503        0       0       6       6.47      
504        1       0       6       6.04      
505        1       0       6       6.18      
506        1       0       6       6.67      
507        1       0       6       6.10      
508        2       0       7       6.99      
509        1       0       6       6.69      
510        1       0       7       7.13      
511        1       0       7       6.38      
512        1       0       7       6.51      
513        1       0       6       6.95      
514        1       0       6       6.11      
515        1       0       7       6.75      
516        1       0       6       6.96      
517        0       0       6       6.88      
518        0       0       6       5.68      
519        1       0       7       6.73      
520        1       0       6       7.16      
521        0       0       7       6.13      
522        0       0       6       6.43      
523        0       0       6       6.68      
524        0       0       5       7.01      
525        0       0       4       6.35      
526        1       0       6       6.96      
527        0       0       6       6.73      
528        0       0       6       6.66      
529        1       1       7       6.93      
530        0       0       6       6.17      
531        1       0       8       6.69      
532        0       0       6       6.71      
533        0       0       6       7.48      
534        0       0       7       6.69      
535        0       0       7       6.86      
536        0       0       6       6.90      
537        0       0       5       6.32      
538        0       0       6       6.72      
539        1       0       6       7.06      
540        1       0       7       7.46      
541        0       0       6       7.05      
542        0       0       6       6.42      
543        0       0       5       6.39      
544        0       0       7       6.89      
545        0       0       5       6.68      
546        0       0       5       6.50      
547        0       0       5       6.68      
548        1       0       5       6.52      
549        2       0       5       6.99      
550        1       0       6       7.00      
551        1       2       8       7.96      
552        2       1       11      7.89      
553        0       2       7       7.63      
554        0       1       7       7.24      
555        1       1       7       7.62      
556        0       2       8       7.23      
557        0       0       8       7.66      
558        0       2       7       7.28      
559        1       1       9       7.69      
560        0       1       7       7.48      
561        1       2       8       7.40      
562        1       0       6       7.21      
563        1       0       8       7.52      
564        0       3       8       7.51      
565        1       0       8       7.09      
566        1       1       8       7.54      
567        1       1       7       7.27      
568        1       1       7       7.45      
569        1       1       7       7.70      
570        0       2       8       7.11      
571        0       1       8       8.05      
572        1       2       11      7.68      
573        1       2       10      7.69      
574        0       1       9       7.29      
575        0       2       9       7.76      
576        0       2       10      7.57      
577        1       2       10      7.90      
578        0       1       10      7.06      
579        0       0       9       7.06      
580        0       0       8       6.67      
581        1       0       9       7.08      
582        1       0       8       6.78      
583        0       0       9       7.30      
584        0       0       8       7.06      
585        0       2       10      7.16      
586        0       0       10      7.80      
587        1       0       9       7.33      
588        2       0       9       7.37      
589        1       1       10      7.40      
590        1       0       10      7.68      
591        1       0       11      7.56      
592        2       0       10      7.38      
593        2       1       10      8.18      
594        1       0       13      8.07      
595        0       0       10      7.33      
596        0       0       11      7.39      
597        1       0       10      7.30      
598        1       0       11      7.71      
599        0       0       9       7.23      
600        0       0       9       8.10      
601        1       0       10      7.19      
602        0       0       9       6.66      
603        1       0       12      7.61      
604        0       0       12      7.36      
605        0       0       12      7.44      
606        0       0       10      7.45      
607        0       0       11      6.90      
608        1       0       12      7.95      
609        1       0       11      7.31      
610        0       1       10      7.57      
611        1       1       11      7.86      
612        0       0       12      6.98      
613        1       0       10      7.80      
614        1       0       11      7.87      
615        1       0       10      7.33      
616        0       0       9       7.82      
617        0       0       12      7.45      
618        0       0       11      8.29      
619        1       0       11      7.49      
620        2       0       11      8.58      
621        0       0       10      7.34      
622        0       0       9       8.11      
623        1       0       11      7.83      
624        0       0       9       7.14      
625        0       0       11      7.88      
626        2       0       11      7.59      
627        0       0       11      7.97      
628        1       0       10      7.44      
629        0       0       11      7.77      
630        1       0       12      7.84      
631        0       0       12      7.43      
632        1       0       9       7.54      
633        0       0       10      7.02      
634        0       0       11      7.64      
635        0       0       10      7.29      
636        0       0       9       7.76      
637        0       0       7       7.29      
638        1       0       10      7.50      
639        1       0       9       7.47      
640        0       0       10      7.19      
641        0       0       11      7.27      
642        0       0       8       6.86      
643        0       0       8       7.34      
644        0       0       7       6.48      
645        0       0       7       7.45      
646        0       0       9       6.43      
647        0       0       9       7.30      
648        0       0       7       6.98      
649        1       0       9       6.45      
650        1       0       8       7.42      
651        1       0       9       6.98      
652        0       0       8       6.97      
653        1       0       9       7.38      
654        1       0       7       7.36      
655        1       0       11      7.73      
656        1       0       9       7.41      
657        1       0       8       6.95      
658        0       0       11      6.07      
659        0       0       8       6.62      
660        0       0       8       7.02      
661        2       0       8       7.19      
662        0       0       8       6.64      
663        0       0       8       6.77      
664        1       0       7       6.58      
665        1       0       7       6.41      
666        1       0       8       7.27      
667        1       0       10      8.74      
668        1       0       9       7.72      
669        1       0       9       6.60      
670        1       0       9       7.20      
671        2       0       9       6.65      
672        1       0       8       7.60      
673        1       0       7       6.57      
674        1       0       8       7.30      
675        1       0       9       7.01      
676        0       0       11      7.09      
677        0       0       8       7.56      
678        1       0       7       6.62      
679        1       0       9       7.30      
680        1       0       10      7.20      
681        1       0       8       7.86      
682        1       0       8       6.91      
683        1       0       8       7.62      
684        0       0       11      7.70      
685        1       0       8       8.31      
686        1       0       10      8.04      
687        2       0       10      7.80      
688        1       0       9       7.51      
689        2       0       10      8.37      
690        0       0       13      7.82      
691        1       0       8       7.05      
692        1       0       9       7.65      
693        1       0       10      7.81      
694        1       0       12      8.14      
695        0       0       12      8.00      
696        0       0       11      7.87      
697        1       0       13      8.16      
698        0       0       12      7.87      
699        0       0       10      7.63      
700        1       0       12      7.73      
701        2       1       12      8.21      
702        1       0       11      7.34      
703        0       0       10      7.47      
704        1       0       10      7.52      
705        1       0       10      7.70      
706        0       0       11      7.81      
707        0       0       9       7.34      
708        0       0       11      8.08      
709        1       0       9       7.73      
710        1       0       11      7.45      
711        1       1       9       7.68      
712        1       0       11      7.67      
713        2       0       10      7.22      
714        1       0       9       7.08      
715        0       0       7       7.01      
716        1       0       10      7.63      
717        0       0       10      7.26      
718        1       0       8       7.33      
719        1       0       11      7.65      
720        0       0       11      7.31      
721        2       0       9       7.43      
722        0       0       11      7.05      
723        1       0       8       6.82      
724        0       0       11      7.67      
725        0       0       9       7.68      
726        1       0       9       6.97      
727        1       0       12      7.43      
728        2       0       9       7.82      
729        1       0       11      7.34      
730        0       0       8       7.05      
731        1       0       8       6.85      
732        0       0       9       6.35      
733        0       0       7       7.09      
734        1       0       8       6.51      
735        1       0       8       6.29      
736        0       0       7       6.40      
737        1       0       8       7.43      
738        1       0       8       7.44      
739        0       0       7       6.54      
740        1       0       9       6.98      
741        0       0       6       6.28      
742        0       0       7       6.56      
743        1       0       7       6.60      
744        1       0       8       6.38      
745        1       0       7       6.88      
746        0       0       8       6.37      
747        1       0       7       7.32      
748        1       0       7       6.40      
749        2       0       8       6.91      
750        0       0       8       6.54      
751        1       0       9       7.28      
752        1       0       7       6.71      
753        2       0       7       6.20      
754        1       0       9       6.85      
755        0       0       8       6.79      
756        1       0       8       6.67      
757        0       0       9       6.36      
758        0       0       8       6.82      
759        0       0       8       6.64      
760        1       0       8       6.89      
761        1       0       10      6.44      
762        1       0       9       6.99      
763        0       0       8       6.25      
764        1       0       8       6.39      
765        0       0       8       6.24      
766        1       0       8       6.89      
767        1       0       9       6.90      
768        2       0       8       7.09      
769        2       0       10      7.34      
770        1       0       8       6.42      
771        1       0       8       6.90      
772        1       0       8       7.00      
773        1       0       8       6.88      
774        1       0       9       6.71      
775        2       0       8       6.90      
776        1       0       8       7.32      
777        1       0       8       6.87      
778        1       0       8       6.65      
779        1       0       8       6.53      
780        1       0       8       6.74      
781        1       0       9       6.60      
782        1       0       8       6.24      
783        1       0       6       6.88      
784        1       0       7       6.70      
785        1       0       9       6.69      
786        1       0       9       6.63      
787        0       0       9       6.33      
788        0       0       9       6.73      
789        1       0       10      6.51      
790        1       0       10      6.99      
791        2       0       9       7.02      
792        1       0       9       6.60      
793        0       0       9       6.41      
794        1       0       10      6.83      
795        1       0       8       6.80      
796        1       0       9       6.68      
797        2       0       10      6.30      
798        0       0       9       7.09      
799        0       0       9       7.27      
800        1       0       10      7.08      
801        1       0       9       6.91      
802        0       0       9       6.55      
803        1       0       9       6.66      
804        1       0       7       6.60      
805        1       0       10      6.55      
806        2       0       10      6.41      
807        1       0       8       6.88      
808        1       0       11      7.23      
809        0       0       9       6.58      
810        1       0       11      6.81      
811        2       0       10      7.06      
812        0       0       8       6.31      
813        0       0       7       7.01      
814        0       0       8       6.94      
815        2       0       9       6.81      
816        1       0       8       6.64      
817        1       0       8       6.87      
818        1       0       9       7.33      
819        1       0       6       5.88      
820        1       0       10      7.52      
821        0       1       7       6.68      
822        0       0       7       6.49      
823        0       0       8       6.26      
824        1       0       6       5.82      
825        0       0       7       6.71      
826        0       0       7       5.98      
827        1       0       8       6.55      
828        1       0       8       6.40      
829        0       0       8       6.31      
830        0       0       8       6.32      
831        1       1       8       6.80      
832        0       0       7       6.46      
833        0       0       9       7.16      
834        0       0       7       6.31      
835        0       0       6       6.77      
836        1       0       6       5.74      
837        1       0       5       5.90      
838        1       0       6       5.89      
839        1       0       6       6.52      
840        1       0       7       6.52      
841        1       0       5       5.40      
842        1       0       4       5.77      
843        1       1       6       5.66      
844        0       1       9       6.52      
845        1       1       7       7.04      
846        1       0       8       7.04      
847        1       0       8       6.60      
848        2       0       7       6.43      
849        1       0       7       7.28      
850        1       0       8       7.33      
851        1       0       8       6.68      
852        1       0       8       7.03      
853        0       0       9       6.93      
854        0       0       9       5.99      
855        0       0       9       6.35      
856        0       0       7       6.35      
857        1       0       7       5.73      
858        1       0       8       6.66      
859        0       0       9       6.60      
860        0       0       7       6.54      
861        1       0       9       6.21      
862        1       0       7       6.51      
863        1       0       8       7.21      
864        0       0       9       6.64      
865        1       0       6       6.34      
866        1       0       7       6.13      
867        2       0       7       6.48      
868        2       0       6       6.98      
869        2       0       7       6.84      
870        0       0       6       6.39      
871        2       0       7       7.00      
872        1       0       7       6.85      
873        1       0       7       6.84      
874        0       0       7       6.72      
875        1       0       7       6.94      
876        0       0       5       6.75      
877        2       0       7       6.57      
878        2       0       8       7.15      
879        2       0       8       7.06      
880        0       0       8       6.31      
881        1       0       6       6.54      
882        1       0       6       6.86      
883        1       0       6       6.40      
884        1       0       7       6.47      
885        0       0       8       6.52      
886        0       0       7       6.28      
887        1       0       6       6.27      
888        0       0       8       6.51      
889        0       0       6       6.50      
890        2       0       8       6.63      
891        1       0       5       6.19      
892        1       0       9       6.81      
893        1       0       8       6.52      
894        1       0       6       6.80      
895        1       0       6       6.28      
896        1       0       8       6.44      
897        0       0       7       6.40      
898        0       0       6       6.52      
899        1       0       7       6.11      
900        0       0       8       6.38      
901        0       0       6       6.19      
902        0       0       8       6.13      
903        1       0       8       6.22      
904        0       0       8       6.54      
905        1       0       6       6.10      
906        1       0       6       7.06      
907        1       0       7       6.47      
908        1       0       7       7.28      
909        1       0       6       6.19      
910        0       0       6       6.60      
911        0       0       6       6.00      
912        0       0       8       7.08      
913        1       0       8       6.77      
914        0       0       6       6.27      
915        0       0       7       6.38      
916        0       0       8       6.31      
917        1       0       7       6.85      
918        0       0       7       6.38      
919        1       0       8       7.13      
920        1       0       11      7.65      
921        1       0       11      7.63      
922        1       0       9       7.96      
923        0       0       8       6.85      
924        0       0       9       6.61      
925        1       0       10      7.27      
926        1       0       8       6.86      
927        1       0       8       6.92      
928        0       0       7       5.77      
929        1       0       6       6.33      
930        0       0       7       6.15      
931        0       0       8       6.77      
932        0       0       8       6.71      
933        0       0       7       5.89      
934        1       0       8       7.28      
935        0       1       6       6.11      
936        1       1       5       5.80      
937        0       0       5       5.98      
938        1       1       5       6.23      
939        1       1       6       6.02      
940        0       1       5       6.74      
941        1       1       5       5.91      
942        1       1       5       6.20      
943        0       1       5       6.29      
944        0       1       5       6.26      
945        0       1       5       5.83      
946        0       1       5       6.20      
947        0       1       6       6.29      
948        0       1       4       5.89      
949        1       0       6       5.81      
950        0       0       6       5.61      
951        1       0       7       6.10      
952        0       0       6       6.03      
953        1       0       8       6.99      
954        1       0       6       6.64      
955        1       0       7       6.43      
956        1       0       7       6.68      
957        1       0       7       6.87      
958        1       0       7       6.57      
959        0       0       5       6.57      
960        2       0       6       6.67      
961        1       0       7       6.68      
962        1       0       9       6.93      
963        2       0       6       6.50      
964        1       0       5       6.08      
965        1       0       5       6.58      
966        1       0       7       6.09      
967        0       0       5       6.46      
968        0       0       7       6.74      
969        1       0       8       6.52      
970        1       0       9       6.74      
971        2       0       9       7.06      
972        1       0       9       6.74      
973        2       0       8       7.11      
974        1       0       10      6.99      
975        2       0       7       6.90      
976        1       0       8       6.61      
977        1       0       8       7.32      
978        1       0       6       7.04      
979        0       0       8       6.80      
980        1       0       6       6.54      
981        1       0       7       7.12      
982        1       0       7       7.05      
983        1       0       7       6.25      
984        1       0       11      6.66      
985        1       0       9       7.09      
986        1       0       9       7.31      
987        1       0       5       6.57      
988        1       0       6       6.69      
989        1       0       6       6.22      
990        2       0       7       6.71      
991        2       1       11      7.24      
992        2       0       7       7.21      
993        2       0       7       6.91      
994        1       0       8       7.21      
995        1       0       8       6.34      
996        1       0       7       6.79      
997        1       0       6       5.91      
998        1       0       7       6.21      
999        1       0       6       6.49      
1000       1       0       7       6.53      
1001       1       0       7       7.21      
1002       1       0       7       5.84      
1003       1       0       7       6.45      
1004       1       0       6       5.71      
1005       1       0       8       6.66      
1006       0       0       7       6.06      
1007       0       0       6       6.28      
1008       0       0       6       5.58      
1009       0       0       6       6.41      
1010       0       0       7       6.46      
1011       0       0       7       6.00      
1012       1       0       7       7.00      
1013       0       0       8       6.97      
1014       0       0       7       6.62      
1015       1       0       6       7.17      
1016       0       1       8       7.02      
1017       1       0       9       7.15      
1018       1       0       7       6.27      
1019       1       0       7       6.78      
1020       0       0       7       6.55      
1021       0       0       6       6.53      
1022       0       0       6       6.59      
1023       0       0       7       6.33      
1024       1       0       8       6.93      
1025       0       0       6       6.83      
1026       2       0       7       6.69      
1027       0       0       6       6.45      
1028       0       0       7       6.38      
1029       0       0       7       5.99      
1030       1       0       7       6.58      
1031       1       0       7       6.76      
1032       1       0       6       6.20      
1033       0       0       6       6.47      
1034       1       0       7       7.37      
1035       0       0       8       6.83      
1036       1       0       7       6.57      
1037       1       0       7       6.43      
1038       1       0       7       6.62      
1039       1       0       8       6.78      
1040       1       0       6       5.99      
1041       0       0       6       6.38      
1042       1       0       6       6.81      
1043       0       0       7       6.51      
1044       2       0       8       6.82      
1045       0       0       8       6.72      
1046       0       0       8       6.44      
1047       0       1       7       6.37      
1048       1       0       4       6.06      
1049       1       0       7       6.28      
1050       1       0       7       6.53      
1051       0       0       6       6.67      
1052       2       0       8       6.78      
1053       0       0       7       6.34      
1054       1       0       6       6.59      
1055       0       0       8       6.74      
1056       1       0       7       6.53      
1057       1       0       7       6.50      
1058       1       0       7       6.16      
1059       2       0       6       6.11      
1060       1       0       7       6.44      
1061       1       0       7       6.65      
1062       0       0       6       6.05      
1063       1       0       7       5.66      
1064       1       0       8       6.14      
1065       1       0       6       6.56      
1066       1       0       7       5.86      
1067       1       0       6       6.13      
1068       0       0       6       6.29      
1069       1       0       5       6.01      
1070       1       0       6       6.25      
1071       1       0       5       6.06      
1072       1       0       7       6.70      
1073       1       0       6       5.89      
1074       1       0       7       6.55      
1075       1       0       8       6.28      
1076       1       0       7       6.02      
1077       1       0       7       6.47      
1078       1       0       5       6.55      
1079       2       0       9       7.47      
1080       1       0       5       6.53      
1081       2       0       5       6.59      
1082       1       0       4       6.73      
1083       2       0       6       6.49      
1084       1       0       5       5.78      
1085       1       0       5       6.55      
1086       1       0       6       6.88      
1087       1       0       6       6.28      
1088       1       0       6       6.74      
1089       1       0       5       6.79      
1090       1       0       5       6.33      
1091       1       0       6       6.69      
1092       1       0       4       5.86      
1093       1       0       6       6.18      
1094       1       0       4       6.18      
1095       1       0       5       6.11      
1096       1       0       6       6.36      
1097       1       0       5       5.70      
1098       1       0       4       5.66      
1099       1       0       5       6.56      
1100       1       0       7       6.18      
1101       1       0       5       6.73      
1102       1       0       7       6.77      
1103       2       0       6       5.87      
1104       0       0       7       6.16      
1105       1       0       5       6.05      
1106       0       0       5       5.91      
1107       1       0       5       6.00      
1108       0       0       6       6.01      
1109       0       0       6       5.65      
1110       1       0       7       6.14      
1111       0       0       6       6.08      
1112       0       0       6       6.16      
1113       1       0       4       5.41      
1114       1       0       7       6.46      
1115       0       0       7       6.03      
1116       3       0       7       6.98      
1117       1       0       7       6.78      
1118       1       0       5       6.31      
1119       0       0       5       6.06      
1120       0       0       4       5.58      
1121       0       0       5       6.53      
1122       0       0       5       5.27      
1123       1       0       5       6.48      
1124       0       0       6       6.18      
1125       1       0       4       6.12      
1126       0       0       6       5.72      
1127       1       0       6       5.96      
1128       1       0       5       6.38      
1129       0       0       5       5.65      
1130       1       0       5       6.57      
1131       0       0       5       5.83      
1132       1       0       5       6.44      
1133       0       0       5       6.41      
1134       1       0       7       6.66      
1135       0       0       6       6.62      
1136       0       0       6       6.02      
1137       0       0       6       5.72      
1138       0       0       6       5.72      
1139       0       0       5       6.13      
1140       0       0       5       6.16      
1141       0       0       5       6.09      
1142       1       0       4       6.03      
1143       1       0       5       5.68      
1144       0       0       4       5.65      
1145       1       0       4       6.06      
1146       1       0       5       6.42      
1147       1       0       6       6.89      
1148       1       0       4       6.01      
1149       1       0       5       6.25      
1150       1       0       4       6.03      
1151       1       0       5       6.46      
1152       1       0       5       6.44      
1153       1       0       6       6.67      
1154       1       0       5       6.57      
1155       0       0       5       6.58      
1156       1       0       5       6.18      
1157       1       0       5       5.22      
1158       0       0       5       5.68      
1159       1       0       5       6.83      
1160       0       0       8       6.61      
1161       1       0       8       6.46      
1162       1       0       7       6.31      
1163       1       0       7       6.04      
1164       1       0       7       7.19      
1165       1       0       7       6.72      
1166       1       0       5       6.59      
1167       0       0       6       5.99      
1168       1       0       5       6.11      
1169       1       0       6       6.51      
1170       0       0       6       6.43      
1171       1       0       7       5.93      
1172       1       0       7       6.51      
1173       0       0       7       6.45      
1174       0       0       7       6.44      
1175       1       0       7       6.71      
1176       1       0       7       6.33      
1177       1       0       5       5.54      
1178       1       0       7       5.76      
1179       1       0       7       6.18      
1180       1       0       7       6.12      
1181       0       0       7       6.31      
1182       1       0       6       6.13      
1183       1       0       6       6.28      
1184       1       0       6       6.53      
1185       1       0       6       6.56      
1186       1       0       7       6.76      
1187       0       0       7       6.55      
1188       1       0       7       6.48      
1189       0       0       7       6.49      
1190       0       0       7       5.97      
1191       1       0       6       6.51      
1192       1       0       6       6.67      
1193       0       0       7       6.48      
1194       0       0       6       6.06      
1195       0       0       6       5.46      
1196       0       0       7       6.16      
1197       0       0       7       6.00      
1198       1       0       8       6.40      
1199       1       0       8       6.30      
1200       0       0       7       6.08      
