#time, lipid_head, lipid_tail, water, pore_size
0          0       2       5       0.63      
1          0       3       6       0.71      
2          0       4       6       0.73      
3          1       3       7       0.76      
4          1       4       7       0.74      
5          1       3       4       0.71      
6          1       5       3       0.68      
7          0       6       5       0.74      
8          2       5       8       0.87      
9          5       5       9       0.90      
10         5       6       11      1.00      
11         6       6       10      0.92      
12         7       7       11      0.99      
13         7       5       9       0.97      
14         6       6       10      0.94      
15         7       7       11      0.95      
16         8       6       13      1.04      
17         7       6       12      1.05      
18         5       6       14      1.00      
19         7       5       12      0.95      
20         5       5       12      0.91      
21         7       6       11      0.92      
22         3       5       11      0.86      
23         3       8       10      0.84      
24         5       6       10      0.93      
25         7       6       10      0.94      
26         6       4       10      0.91      
27         6       7       10      0.93      
28         7       6       12      0.93      
29         3       6       10      0.94      
30         7       6       11      0.96      
31         5       6       12      0.92      
32         6       7       11      0.95      
33         6       7       12      0.97      
34         7       7       13      1.12      
35         7       7       12      0.95      
36         7       8       11      0.95      
37         8       7       13      1.07      
38         7       6       14      1.04      
39         6       6       14      1.05      
40         9       6       10      0.97      
41         8       6       10      1.00      
42         6       5       10      0.94      
43         7       6       10      0.98      
44         9       7       10      0.98      
45         8       7       9       0.92      
46         7       6       9       0.95      
47         7       5       10      0.97      
48         9       7       11      1.07      
49         8       7       12      1.02      
50         7       8       11      0.97      
51         6       7       13      1.04      
52         8       7       13      1.08      
53         8       7       10      1.08      
54         10      7       16      1.09      
55         10      7       12      1.08      
56         9       7       15      1.14      
57         10      6       13      1.10      
58         10      7       14      1.09      
59         9       6       14      1.07      
60         6       8       13      1.06      
61         11      7       13      1.09      
62         10      8       12      1.13      
63         8       8       11      1.04      
64         8       9       14      1.09      
65         7       8       15      1.14      
66         10      9       14      1.11      
67         8       11      13      1.13      
68         6       9       13      1.08      
69         7       11      13      1.14      
70         8       11      15      1.12      
71         4       12      15      1.15      
72         7       9       13      1.05      
73         6       9       13      1.10      
74         8       10      14      1.17      
75         9       10      13      1.04      
76         7       9       16      1.05      
77         10      9       14      1.00      
78         8       8       15      1.15      
79         9       8       17      1.16      
80         9       8       16      1.18      
81         10      10      19      1.17      
82         12      11      15      1.19      
83         9       10      16      1.22      
84         8       9       12      1.06      
85         11      9       14      1.22      
86         9       11      17      1.21      
87         9       10      18      1.23      
88         8       10      15      1.13      
89         9       11      18      1.22      
90         8       10      17      1.12      
91         9       12      21      1.39      
92         8       13      22      1.39      
93         9       9       18      1.14      
94         6       8       18      1.12      
95         12      10      17      1.28      
96         11      13      12      1.14      
97         10      10      13      1.12      
98         8       12      11      1.12      
99         8       11      14      1.17      
100        8       12      17      1.19      
101        10      9       14      1.08      
102        8       11      13      1.20      
103        12      12      16      1.24      
104        9       12      17      1.25      
105        7       10      19      1.17      
106        9       12      15      1.19      
107        9       13      12      1.16      
108        7       8       15      1.06      
109        7       9       17      1.17      
110        7       8       15      1.13      
111        8       4       18      1.14      
112        9       10      13      1.18      
113        5       8       15      1.13      
114        8       6       16      1.12      
115        7       8       18      1.15      
116        10      8       14      1.13      
117        7       5       16      1.06      
118        11      9       13      1.11      
119        7       10      16      1.26      
120        7       9       11      1.20      
121        7       10      16      1.12      
122        7       8       16      1.17      
123        12      9       15      1.25      
124        8       7       17      1.24      
125        8       5       17      1.12      
126        9       4       19      1.20      
127        12      5       19      1.26      
128        9       4       20      1.15      
129        10      6       20      1.17      
130        13      4       18      1.17      
131        11      4       19      1.11      
132        10      4       17      1.07      
133        14      5       16      1.14      
134        10      6       20      1.12      
135        8       4       15      1.05      
136        5       5       18      1.02      
137        8       5       16      1.07      
138        10      6       18      1.17      
139        9       3       19      1.12      
140        13      4       21      1.21      
141        7       5       20      1.19      
142        6       5       22      1.11      
143        7       6       22      1.17      
144        7       3       25      1.22      
145        10      4       24      1.22      
146        10      5       26      1.28      
147        13      5       23      1.26      
148        9       5       22      1.16      
149        14      5       24      1.26      
150        12      5       22      1.23      
151        13      5       21      1.31      
152        8       4       24      1.22      
153        12      5       19      1.22      
154        11      7       21      1.16      
155        12      3       24      1.27      
156        12      4       24      1.25      
157        13      5       22      1.22      
158        9       4       22      1.17      
159        10      5       24      1.21      
160        14      3       27      1.32      
161        10      2       25      1.23      
162        14      3       28      1.25      
163        12      4       26      1.23      
164        10      3       26      1.27      
165        14      3       26      1.28      
166        13      6       28      1.33      
167        9       3       26      1.23      
168        11      2       25      1.20      
169        14      3       28      1.35      
170        11      1       28      1.22      
171        12      1       30      1.26      
172        11      0       25      1.18      
173        13      1       25      1.17      
174        11      0       25      1.22      
175        8       0       30      1.33      
176        16      0       30      1.41      
177        17      0       31      1.45      
178        8       1       35      1.28      
179        12      0       36      1.39      
180        10      1       32      1.38      
181        14      0       32      1.43      
182        12      3       31      1.34      
183        15      1       34      1.39      
184        13      2       36      1.36      
185        11      1       36      1.35      
186        12      3       35      1.33      
187        13      1       36      1.37      
188        9       4       32      1.38      
189        12      3       32      1.36      
190        12      1       31      1.28      
191        14      4       37      1.43      
192        14      5       37      1.52      
193        13      0       37      1.41      
194        11      3       33      1.45      
195        12      2       34      1.42      
196        12      1       27      1.23      
197        8       3       35      1.34      
198        12      1       33      1.32      
199        17      2       33      1.30      
200        10      2       29      1.32      
201        6       1       27      1.26      
202        10      3       25      1.26      
203        9       2       25      1.18      
204        12      3       26      1.34      
205        8       3       27      1.20      
206        7       1       29      1.25      
207        13      1       27      1.27      
208        8       2       29      1.28      
209        11      0       26      1.19      
210        11      0       27      1.26      
211        13      0       28      1.33      
212        9       0       25      1.28      
213        9       0       28      1.26      
214        11      2       24      1.27      
215        11      3       23      1.22      
216        10      1       28      1.29      
217        11      0       30      1.26      
218        10      1       27      1.30      
219        10      1       26      1.17      
220        11      1       23      1.24      
221        12      1       29      1.30      
222        13      0       27      1.31      
223        16      2       27      1.25      
224        17      3       24      1.36      
225        11      2       27      1.23      
226        16      3       26      1.31      
227        14      1       30      1.32      
228        15      2       29      1.32      
229        16      2       31      1.37      
230        15      2       39      1.45      
231        13      1       37      1.45      
232        13      4       34      1.39      
233        11      3       37      1.36      
234        16      5       36      1.59      
235        16      4       34      1.51      
236        14      3       38      1.51      
237        15      3       40      1.43      
238        16      3       41      1.51      
239        18      3       38      1.53      
240        19      4       43      1.54      
241        14      4       39      1.54      
242        20      3       40      1.56      
243        19      4       42      1.60      
244        14      2       40      1.55      
245        15      2       38      1.50      
246        16      1       33      1.39      
247        11      1       35      1.27      
248        20      0       32      1.35      
249        17      0       35      1.45      
250        17      1       36      1.55      
251        20      0       38      1.42      
252        14      1       36      1.42      
253        13      0       39      1.36      
254        11      2       37      1.41      
255        11      2       43      1.49      
256        13      1       39      1.45      
257        14      1       35      1.41      
258        17      1       36      1.43      
259        11      0       38      1.49      
260        14      1       42      1.44      
261        9       3       37      1.43      
262        8       2       38      1.51      
263        12      1       41      1.56      
264        8       2       44      1.44      
265        9       1       38      1.47      
266        11      2       38      1.48      
267        9       0       43      1.48      
268        12      0       44      1.53      
269        12      1       46      1.54      
270        11      0       46      1.50      
271        9       1       47      1.50      
272        15      0       41      1.51      
273        16      2       41      1.52      
274        22      1       38      1.55      
275        18      4       37      1.52      
276        18      2       37      1.60      
277        20      1       37      1.60      
278        20      2       35      1.55      
279        18      1       35      1.60      
280        22      3       40      1.67      
281        19      4       40      1.70      
282        21      1       34      1.63      
283        21      2       38      1.64      
284        22      2       42      1.71      
285        17      3       38      1.66      
286        22      2       41      1.69      
287        15      2       39      1.59      
288        17      3       42      1.74      
289        21      2       40      1.72      
290        13      1       38      1.52      
291        14      0       44      1.60      
292        14      1       39      1.64      
293        14      1       44      1.56      
294        16      5       45      1.71      
295        18      1       39      1.65      
296        14      2       44      1.74      
297        19      2       41      1.62      
298        18      1       38      1.54      
299        21      1       39      1.68      
300        22      1       39      1.67      
301        22      2       34      1.52      
302        23      1       41      1.65      
303        26      3       39      1.70      
304        23      2       41      1.67      
305        24      4       40      1.62      
306        28      3       32      1.63      
307        29      4       37      1.73      
308        31      5       32      1.75      
309        28      5       36      1.69      
310        25      6       36      1.64      
311        25      4       37      1.69      
312        26      3       36      1.70      
313        27      5       41      1.73      
314        28      4       45      1.74      
315        23      4       46      1.68      
316        21      3       42      1.70      
317        22      3       43      1.68      
318        23      4       46      1.82      
319        21      4       43      1.73      
320        22      0       48      1.71      
321        20      5       44      1.66      
322        22      1       45      1.62      
323        22      0       46      1.73      
324        21      2       46      1.69      
325        22      3       41      1.67      
326        20      2       43      1.62      
327        16      2       43      1.60      
328        20      3       44      1.69      
329        22      2       36      1.60      
330        26      3       36      1.61      
331        22      1       33      1.58      
332        21      1       39      1.57      
333        23      1       45      1.56      
334        19      1       39      1.53      
335        17      2       38      1.47      
336        18      1       46      1.55      
337        16      0       39      1.41      
338        16      3       42      1.52      
339        14      1       39      1.47      
340        20      2       40      1.52      
341        19      3       38      1.55      
342        18      1       43      1.56      
343        18      2       40      1.59      
344        14      4       42      1.54      
345        16      1       41      1.46      
346        15      4       42      1.50      
347        20      2       38      1.64      
348        21      1       42      1.59      
349        21      4       41      1.67      
350        20      2       38      1.57      
351        22      5       48      1.78      
352        21      7       41      1.59      
353        20      5       38      1.56      
354        23      5       38      1.66      
355        23      5       43      1.77      
356        24      2       39      1.69      
357        22      2       40      1.66      
358        22      3       42      1.71      
359        22      2       43      1.64      
360        21      2       43      1.64      
361        15      1       40      1.51      
362        20      3       40      1.70      
363        21      1       44      1.65      
364        26      1       50      1.67      
365        22      3       41      1.66      
366        25      4       39      1.75      
367        17      3       29      1.47      
368        19      3       36      1.59      
369        20      5       41      1.66      
370        20      4       38      1.60      
371        20      1       43      1.66      
372        24      2       44      1.62      
373        27      5       46      1.82      
374        18      2       42      1.67      
375        29      3       44      1.77      
376        23      3       47      1.71      
377        26      4       44      1.78      
378        23      2       48      1.70      
379        21      3       42      1.65      
380        23      2       41      1.65      
381        18      3       40      1.62      
382        22      2       40      1.59      
383        25      3       40      1.63      
384        27      3       37      1.66      
385        23      4       46      1.66      
386        22      3       42      1.65      
387        22      2       47      1.68      
388        28      2       46      1.78      
389        31      1       43      1.70      
390        23      2       46      1.63      
391        23      2       43      1.66      
392        22      2       45      1.75      
393        24      3       41      1.74      
394        23      5       45      1.78      
395        29      4       36      1.66      
396        30      3       44      1.79      
397        28      1       40      1.68      
398        31      3       42      1.77      
399        28      3       39      1.72      
400        29      4       50      1.78      
401        27      4       42      1.73      
402        23      1       47      1.66      
403        23      2       46      1.73      
404        19      3       50      1.68      
405        21      3       49      1.69      
406        15      1       53      1.68      
407        17      4       53      1.71      
408        19      1       54      1.75      
409        20      0       50      1.73      
410        17      0       47      1.63      
411        19      2       47      1.64      
412        18      1       42      1.67      
413        25      1       43      1.67      
414        24      3       42      1.73      
415        28      5       44      1.76      
416        25      2       39      1.67      
417        24      3       38      1.66      
418        19      2       48      1.71      
419        19      2       43      1.61      
420        14      1       45      1.59      
421        17      2       47      1.66      
422        14      1       43      1.59      
423        16      1       49      1.58      
424        16      0       47      1.61      
425        15      2       46      1.61      
426        11      0       45      1.55      
427        20      3       42      1.65      
428        17      1       39      1.52      
429        17      3       39      1.48      
430        12      3       44      1.56      
431        14      3       46      1.62      
432        19      2       40      1.58      
433        16      1       45      1.63      
434        11      0       44      1.56      
435        14      1       45      1.69      
436        12      1       39      1.58      
437        15      1       39      1.60      
438        15      1       42      1.58      
439        11      1       38      1.49      
440        18      4       40      1.62      
441        13      4       45      1.63      
442        15      2       48      1.68      
443        16      5       44      1.65      
444        12      1       49      1.62      
445        12      2       43      1.62      
446        15      3       46      1.70      
447        14      3       45      1.71      
448        14      2       43      1.62      
449        13      2       47      1.68      
450        13      3       43      1.62      
451        14      2       39      1.58      
452        13      4       39      1.63      
453        13      2       43      1.64      
454        12      2       43      1.65      
455        12      1       50      1.66      
456        14      2       47      1.70      
457        14      2       49      1.72      
458        13      3       41      1.53      
459        8       1       44      1.55      
460        12      3       38      1.56      
461        16      3       40      1.58      
462        17      1       44      1.56      
463        13      2       43      1.59      
464        14      1       44      1.63      
465        15      1       47      1.66      
466        18      2       43      1.63      
467        16      2       42      1.58      
468        13      4       42      1.55      
469        12      2       45      1.67      
470        16      2       47      1.65      
471        15      2       37      1.58      
472        18      2       45      1.67      
473        19      2       44      1.67      
474        19      2       51      1.76      
475        13      3       53      1.70      
476        14      3       52      1.68      
477        15      2       50      1.63      
478        13      0       48      1.58      
479        12      1       46      1.57      
480        13      2       42      1.55      
481        15      2       46      1.53      
482        16      4       47      1.63      
483        16      3       50      1.68      
484        17      3       45      1.63      
485        15      4       46      1.66      
486        13      3       49      1.59      
487        12      0       42      1.57      
488        14      0       51      1.60      
489        16      2       56      1.79      
490        17      3       45      1.62      
491        16      2       43      1.60      
492        15      2       50      1.69      
493        15      1       40      1.63      
494        13      3       46      1.62      
495        16      3       46      1.61      
496        13      4       44      1.59      
497        17      2       42      1.54      
498        19      3       49      1.66      
499        16      3       48      1.63      
500        15      3       43      1.62      
501        13      5       47      1.63      
502        15      3       44      1.65      
503        16      3       48      1.67      
504        18      3       41      1.60      
505        17      4       43      1.63      
506        18      3       47      1.64      
507        16      3       45      1.63      
508        16      2       49      1.67      
509        20      2       43      1.65      
510        19      1       49      1.65      
511        17      1       49      1.73      
512        18      4       51      1.69      
513        24      4       49      1.78      
514        17      3       50      1.65      
515        17      0       50      1.66      
516        18      1       49      1.63      
517        12      2       48      1.62      
518        15      1       51      1.67      
519        17      1       48      1.66      
520        16      4       45      1.65      
521        17      2       53      1.71      
522        16      2       51      1.66      
523        20      4       49      1.79      
524        20      1       47      1.71      
525        19      2       50      1.79      
526        24      6       50      1.76      
527        19      1       47      1.71      
528        22      2       48      1.70      
529        22      0       47      1.68      
530        22      1       49      1.70      
531        20      3       46      1.68      
532        16      1       47      1.66      
533        23      2       46      1.76      
534        24      2       43      1.68      
535        29      2       43      1.73      
536        20      0       43      1.61      
537        26      0       48      1.71      
538        27      1       48      1.74      
539        19      1       47      1.65      
540        20      2       43      1.73      
541        22      2       46      1.77      
542        19      2       49      1.71      
543        21      1       47      1.74      
544        28      3       43      1.82      
545        23      2       49      1.69      
546        22      2       47      1.76      
547        22      3       46      1.69      
548        24      3       47      1.75      
549        23      5       48      1.71      
550        24      2       46      1.70      
551        30      3       49      1.82      
552        19      3       50      1.76      
553        19      4       52      1.77      
554        23      2       54      1.77      
555        21      3       49      1.74      
556        20      4       54      1.75      
557        16      4       50      1.74      
558        17      0       53      1.68      
559        18      2       55      1.73      
560        14      1       58      1.77      
561        16      3       55      1.69      
562        20      3       53      1.68      
563        16      2       49      1.68      
564        24      3       47      1.69      
565        19      3       50      1.71      
566        18      1       51      1.63      
567        12      0       51      1.77      
568        17      2       52      1.74      
569        19      2       53      1.74      
570        22      1       51      1.63      
571        18      0       49      1.64      
572        18      1       55      1.72      
573        20      3       52      1.72      
574        20      3       53      1.72      
575        18      2       50      1.71      
576        20      3       47      1.69      
577        22      3       53      1.77      
578        27      2       54      1.79      
579        20      3       46      1.67      
580        20      2       49      1.72      
581        16      4       45      1.65      
582        15      2       49      1.69      
583        21      3       53      1.81      
584        21      2       52      1.75      
585        20      2       50      1.72      
586        22      2       56      1.77      
587        23      3       50      1.79      
588        21      2       47      1.68      
589        20      1       49      1.76      
590        23      1       52      1.78      
591        29      3       49      1.77      
592        26      4       48      1.75      
593        21      2       52      1.75      
594        22      2       54      1.77      
595        21      1       51      1.72      
596        25      1       52      1.69      
597        19      2       52      1.72      
598        21      4       56      1.78      
599        16      1       47      1.64      
600        21      3       53      1.81      
601        20      2       50      1.70      
602        19      4       52      1.70      
603        17      2       52      1.68      
604        20      4       52      1.74      
605        21      3       51      1.71      
606        14      2       56      1.68      
607        20      6       51      1.69      
608        21      3       53      1.76      
609        25      4       54      1.82      
610        24      1       59      1.79      
611        20      2       58      1.76      
612        15      2       57      1.75      
613        21      2       61      1.82      
614        21      2       58      1.86      
615        21      2       54      1.71      
616        28      0       58      1.85      
617        22      1       52      1.72      
618        24      2       61      1.95      
619        19      3       45      1.59      
620        20      0       50      1.77      
621        17      0       55      1.74      
622        18      0       59      1.76      
623        29      0       56      1.81      
624        28      1       46      1.75      
625        24      0       56      1.77      
626        34      0       54      1.82      
627        27      1       51      1.74      
628        27      0       49      1.73      
629        23      1       45      1.68      
630        36      1       54      1.84      
631        28      2       50      1.78      
632        27      2       54      1.70      
633        26      3       51      1.80      
634        34      1       51      1.81      
635        17      3       52      1.65      
636        25      3       51      1.75      
637        16      4       46      1.63      
638        23      3       45      1.70      
639        25      1       48      1.68      
640        25      2       47      1.68      
641        19      2       49      1.67      
642        20      2       48      1.71      
643        22      1       51      1.70      
644        17      2       48      1.64      
645        18      2       48      1.67      
646        22      1       48      1.73      
647        18      3       62      1.80      
648        19      2       47      1.71      
649        20      2       49      1.74      
650        20      1       51      1.71      
651        22      3       52      1.74      
652        25      4       46      1.67      
653        28      5       46      1.77      
654        28      1       57      1.77      
655        24      4       61      1.85      
656        25      2       64      1.80      
657        25      4       56      1.85      
658        25      4       55      1.79      
659        20      2       53      1.71      
660        23      5       56      1.83      
661        32      3       57      1.81      
662        27      1       65      1.90      
663        24      5       57      1.79      
664        23      3       57      1.71      
665        26      7       55      1.79      
666        24      1       63      1.83      
667        20      3       51      1.74      
668        21      0       54      1.67      
669        23      1       56      1.77      
670        28      5       52      1.84      
671        31      9       46      1.78      
672        28      3       51      1.76      
673        27      1       51      1.82      
674        24      3       50      1.81      
675        24      2       56      1.82      
676        27      4       47      1.72      
677        32      3       54      1.85      
678        32      7       54      1.84      
679        31      5       55      1.76      
680        22      6       48      1.72      
681        22      3       51      1.73      
682        26      6       53      1.76      
683        16      3       45      1.60      
684        23      0       47      1.68      
685        26      3       40      1.65      
686        21      4       42      1.61      
687        17      1       44      1.65      
688        25      3       46      1.66      
689        27      4       42      1.69      
690        23      1       40      1.59      
691        23      1       43      1.63      
692        28      4       45      1.77      
693        22      4       43      1.63      
694        24      4       36      1.61      
695        27      2       44      1.72      
696        29      5       42      1.67      
697        31      2       48      1.71      
698        29      1       43      1.63      
699        26      1       43      1.60      
700        23      2       52      1.72      
701        26      0       55      1.78      
702        22      2       55      1.75      
703        25      4       51      1.71      
704        21      1       56      1.71      
705        26      4       59      1.78      
706        21      2       62      1.76      
707        20      4       61      1.77      
708        18      2       61      1.72      
709        22      2       51      1.71      
710        26      3       52      1.76      
711        18      1       51      1.70      
712        28      4       62      1.86      
713        23      4       63      1.81      
714        26      3       61      1.87      
715        21      3       59      1.74      
716        24      1       60      1.79      
717        23      3       61      1.77      
718        24      2       63      1.81      
719        23      4       67      1.96      
720        19      4       51      1.70      
721        21      5       61      1.88      
722        22      6       68      1.97      
723        16      3       69      1.87      
724        22      7       64      1.94      
725        21      0       66      1.79      
726        21      4       62      1.88      
727        23      4       64      1.91      
728        30      9       54      1.84      
729        33      6       56      1.85      
730        29      9       58      1.91      
731        28      5       62      1.88      
732        33      2       62      1.91      
733        22      3       52      1.72      
734        30      2       62      1.98      
735        22      1       61      1.86      
736        23      2       60      1.84      
737        28      5       64      1.93      
738        20      5       56      1.83      
739        18      4       71      1.96      
740        21      6       60      1.86      
741        23      1       62      1.84      
742        21      5       62      1.80      
743        23      6       67      1.89      
744        23      6       70      1.92      
745        22      6       56      1.77      
746        23      3       61      1.86      
747        27      4       61      1.82      
748        25      4       60      1.78      
749        28      6       64      1.89      
750        21      3       61      1.85      
751        22      4       60      1.86      
752        26      5       64      1.93      
753        23      3       68      1.91      
754        28      5       67      1.96      
755        24      3       67      1.84      
756        24      5       64      1.91      
757        27      7       59      1.90      
758        31      8       71      2.10      
759        19      5       62      1.95      
760        21      4       68      1.95      
761        24      4       62      1.89      
762        23      2       70      1.88      
763        22      4       71      1.91      
764        22      4       60      1.87      
765        22      3       72      1.86      
766        21      5       63      1.80      
767        24      6       59      1.86      
768        24      4       64      1.87      
769        23      4       61      1.75      
770        24      2       59      1.86      
771        26      5       64      1.95      
772        25      5       57      1.90      
773        27      3       59      1.80      
774        24      0       58      1.74      
775        29      5       69      1.98      
776        28      2       65      1.88      
777        26      5       55      1.79      
778        26      9       57      1.82      
779        27      5       52      1.85      
780        24      3       51      1.81      
781        24      2       62      1.83      
782        26      5       61      1.95      
783        27      8       57      1.94      
784        27      3       59      1.87      
785        34      6       58      1.88      
786        29      4       62      1.95      
787        32      2       61      1.94      
788        28      4       56      1.89      
789        22      2       62      1.86      
790        27      6       50      1.83      
791        27      5       52      1.79      
792        29      5       53      1.87      
793        25      4       55      1.83      
794        26      4       59      1.86      
795        25      5       53      1.78      
796        24      2       53      1.84      
797        26      3       50      1.77      
798        25      2       49      1.75      
799        24      1       49      1.74      
800        22      2       54      1.72      
801        23      0       52      1.76      
802        24      1       64      1.84      
803        25      3       54      1.87      
804        22      5       59      1.89      
805        23      3       62      1.92      
806        24      6       56      1.87      
807        27      10      69      1.99      
808        25      3       63      1.92      
809        23      6       66      1.88      
810        29      5       65      2.02      
811        33      5       62      2.05      
812        32      4       58      2.04      
813        36      5       68      2.13      
814        25      2       66      1.91      
815        35      3       70      2.06      
816        32      5       59      1.94      
817        28      7       61      1.92      
818        30      6       71      2.06      
819        24      6       55      1.84      
820        29      5       73      2.09      
821        21      3       59      1.81      
822        23      3       60      1.94      
823        25      7       57      1.99      
824        27      4       57      1.89      
825        22      1       45      1.62      
826        26      3       41      1.62      
827        31      6       44      1.77      
828        25      2       51      1.77      
829        30      2       51      1.84      
830        27      3       51      1.80      
831        27      7       55      1.83      
832        30      5       54      1.86      
833        25      6       50      1.82      
834        23      2       50      1.73      
835        30      5       63      1.89      
836        25      4       59      1.80      
837        20      3       52      1.67      
838        22      2       56      1.81      
839        25      4       50      1.76      
840        31      7       47      1.71      
841        27      3       51      1.78      
842        29      3       49      1.78      
843        26      2       50      1.75      
844        26      2       49      1.80      
845        30      3       51      1.86      
846        27      3       49      1.73      
847        32      3       57      1.88      
848        30      0       66      1.93      
849        26      1       62      1.80      
850        25      2       63      1.87      
851        31      0       59      1.88      
852        25      3       67      1.95      
853        27      5       64      1.87      
854        22      1       58      1.77      
855        29      4       57      1.94      
856        24      6       59      1.88      
857        29      6       66      1.98      
858        20      3       62      1.89      
859        25      2       56      1.73      
860        24      4       58      1.83      
861        22      3       67      1.90      
862        23      4       67      1.94      
863        28      4       65      2.00      
864        30      1       64      1.96      
865        27      1       63      1.95      
866        24      1       63      1.87      
867        21      1       68      1.90      
868        32      3       65      2.06      
869        29      4       67      2.02      
870        26      6       73      2.05      
871        28      4       62      1.93      
872        30      3       60      1.95      
873        27      5       65      1.94      
874        30      4       66      1.97      
875        32      4       61      2.01      
876        33      3       69      1.99      
877        26      2       74      2.02      
878        33      3       69      2.08      
879        33      4       69      2.04      
880        33      2       62      1.96      
881        33      2       75      2.07      
882        32      2       80      2.14      
883        31      5       73      2.06      
884        34      7       77      2.18      
885        32      2       67      2.01      
886        33      11      74      2.15      
887        27      5       63      1.92      
888        30      8       60      2.01      
889        23      5       72      1.95      
890        31      8       71      2.01      
891        26      6       66      1.96      
892        29      5       67      1.96      
893        28      7       65      1.89      
894        24      7       61      1.86      
895        24      3       66      1.91      
896        23      3       67      2.02      
897        25      3       67      1.90      
898        24      2       71      1.93      
899        26      5       62      1.98      
900        25      6       70      2.00      
901        27      7       62      1.95      
902        29      7       70      2.02      
903        24      5       65      1.94      
904        23      0       77      2.05      
905        24      2       59      1.83      
906        24      2       63      1.85      
907        21      6       74      1.98      
908        20      5       79      2.09      
909        23      6       64      1.95      
910        23      2       67      1.91      
911        24      4       76      1.90      
912        24      4       75      1.90      
913        14      2       67      1.76      
914        19      4       77      1.97      
915        19      0       71      1.88      
916        27      2       61      1.91      
917        27      4       66      1.94      
918        28      4       58      1.88      
919        25      7       58      1.77      
920        25      8       67      1.92      
921        22      4       58      1.71      
922        24      2       50      1.69      
923        25      3       53      1.79      
924        23      3       59      1.75      
925        25      4       66      1.87      
926        19      1       63      1.88      
927        22      2       68      1.88      
928        26      3       63      1.94      
929        25      2       69      1.97      
930        27      5       70      1.96      
931        28      4       71      1.92      
932        24      5       63      1.91      
933        30      2       69      1.92      
934        25      2       65      1.91      
935        27      4       64      1.88      
936        23      0       71      1.82      
937        26      0       65      1.84      
938        24      2       66      1.88      
939        26      2       65      1.89      
940        27      5       62      1.91      
941        26      1       65      1.93      
942        28      4       67      1.97      
943        28      1       67      1.95      
944        25      4       72      1.95      
945        28      4       66      1.92      
946        26      2       68      1.84      
947        24      1       74      1.89      
948        30      1       76      1.92      
949        26      0       71      1.85      
950        25      1       70      1.82      
951        29      2       71      1.91      
952        26      4       62      1.88      
953        26      2       72      1.90      
954        26      3       77      2.08      
955        25      3       73      1.97      
956        24      2       76      1.95      
957        26      4       74      2.00      
958        26      6       67      1.98      
959        22      7       65      1.94      
960        19      2       77      2.00      
961        27      1       70      1.93      
962        28      4       83      2.01      
963        25      9       60      1.86      
964        32      4       66      1.91      
965        29      6       66      1.96      
966        27      7       58      1.87      
967        28      3       65      1.88      
968        29      4       69      1.96      
969        23      6       74      1.97      
970        23      6       81      2.05      
971        21      2       75      2.01      
972        27      6       76      2.06      
973        33      5       73      2.04      
974        31      5       75      2.12      
975        24      5       70      1.87      
976        33      8       70      2.11      
977        28      9       68      2.09      
978        34      5       69      2.00      
979        29      6       71      2.03      
980        31      5       72      2.05      
981        31      5       64      2.02      
982        32      7       70      2.18      
983        27      6       60      2.00      
984        30      6       62      2.02      
985        32      3       61      2.01      
986        25      6       72      2.06      
987        28      3       63      1.98      
988        32      5       66      1.99      
989        32      1       65      1.92      
990        36      1       61      1.98      
991        34      4       70      2.08      
992        29      4       72      2.06      
993        32      4       67      1.98      
994        37      5       75      2.10      
995        31      5       72      2.02      
996        33      4       66      1.95      
997        40      3       69      2.01      
998        36      6       71      2.09      
999        28      1       73      1.97      
1000       38      5       75      2.10      
1001       33      4       64      1.99      
