#time, lipid_head, lipid_tail, water, pore_size
0          0       2       5       6.26      
1          0       3       5       7.36      
2          0       3       7       6.83      
3          0       2       5       6.92      
4          0       3       9       7.86      
5          0       4       9       8.31      
6          0       6       10      8.77      
7          0       6       8       8.93      
8          0       5       12      8.85      
9          0       6       14      8.55      
10         1       6       13      8.76      
11         0       6       12      9.03      
12         1       7       11      9.11      
13         3       7       10      9.37      
14         2       5       13      9.13      
15         3       5       9       9.36      
16         4       6       13      9.64      
17         6       5       12      9.08      
18         6       7       11      9.92      
19         5       7       11      9.96      
20         4       6       12      9.49      
21         6       7       10      9.86      
22         6       8       11      9.83      
23         5       6       10      10.03     
24         3       6       9       9.94      
25         4       9       9       9.93      
26         4       9       15      10.93     
27         3       8       13      9.88      
28         3       10      12      10.27     
29         5       10      16      10.72     
30         3       8       15      11.23     
31         3       9       16      10.04     
32         4       9       18      10.76     
33         2       8       17      10.57     
34         1       10      15      10.51     
35         2       9       15      10.75     
36         1       11      15      10.75     
37         2       7       16      10.44     
38         1       9       17      10.28     
39         1       7       15      9.90      
40         2       9       16      10.10     
41         1       4       12      9.53      
42         3       2       17      9.55      
43         4       3       15      10.06     
44         5       6       14      9.62      
45         2       5       14      8.98      
46         4       7       14      9.20      
47         4       7       11      9.66      
48         4       7       11      8.84      
49         4       9       15      9.84      
50         3       8       11      9.24      
51         5       7       13      9.12      
52         3       8       12      9.74      
53         4       6       12      8.66      
54         6       6       11      9.32      
55         6       7       11      9.39      
56         6       6       10      9.28      
57         5       7       11      9.44      
58         5       6       15      10.00     
59         5       8       14      10.27     
60         5       6       15      9.26      
61         7       9       13      10.05     
62         6       9       13      10.31     
63         6       8       11      10.19     
64         8       9       11      10.18     
65         6       10      11      10.27     
66         6       10      14      10.25     
67         4       10      13      10.41     
68         6       10      12      10.38     
69         3       11      12      10.35     
70         6       11      15      10.78     
71         5       11      14      10.26     
72         4       10      14      10.63     
73         6       10      15      10.91     
74         7       10      11      10.61     
75         5       10      14      11.19     
76         7       8       13      10.11     
77         6       7       12      10.42     
78         8       6       12      10.07     
79         8       6       11      10.54     
80         10      7       12      10.06     
81         10      7       13      10.93     
82         10      6       13      10.31     
83         9       6       10      10.20     
84         9       6       10      9.75      
85         10      7       15      10.67     
86         8       8       12      9.79      
87         8       8       13      10.45     
88         9       6       12      9.86      
89         9       10      13      11.19     
90         9       7       16      11.16     
91         8       5       14      10.16     
92         6       10      17      10.90     
93         6       7       13      10.51     
94         7       7       14      10.19     
95         7       4       18      9.92      
96         5       7       18      11.10     
97         5       4       18      10.75     
98         3       8       17      10.88     
99         5       12      16      11.20     
100        7       7       16      10.98     
101        5       5       18      10.16     
102        5       5       18      10.50     
103        6       6       17      10.72     
104        6       5       18      10.47     
105        4       6       17      11.05     
106        6       6       19      11.10     
107        6       5       18      11.06     
108        9       3       18      10.40     
109        10      4       21      11.53     
110        9       4       20      11.34     
111        9       4       22      11.05     
112        8       1       22      11.63     
113        8       1       25      11.53     
114        9       0       27      11.70     
115        8       2       23      11.27     
116        9       2       28      11.65     
117        6       2       20      12.07     
118        7       1       28      11.96     
119        8       2       26      12.24     
120        6       1       30      12.30     
121        6       0       31      12.27     
122        6       0       33      11.83     
123        8       1       34      12.65     
124        5       2       29      11.97     
125        6       0       26      11.23     
126        7       0       30      12.45     
127        4       0       25      11.09     
128        6       0       26      11.35     
129        6       0       30      11.47     
130        5       1       24      11.19     
131        6       0       28      12.11     
132        7       2       31      13.22     
133        7       1       31      12.57     
134        10      0       29      12.46     
135        7       1       31      11.57     
136        10      0       30      12.23     
137        8       0       33      13.10     
138        8       1       34      13.19     
139        9       3       31      12.70     
140        12      1       31      13.24     
141        6       2       38      13.69     
142        9       0       36      13.36     
143        8       0       38      13.29     
144        8       1       34      13.55     
145        10      2       40      13.54     
146        8       0       40      14.05     
147        9       1       41      14.02     
148        9       0       36      12.96     
149        8       0       42      14.30     
150        6       1       37      13.71     
151        7       1       36      13.05     
152        9       3       38      14.03     
153        8       0       40      14.37     
154        7       0       41      13.26     
155        7       2       38      13.76     
156        12      6       33      13.24     
157        11      3       38      14.35     
158        12      2       40      14.23     
159        15      3       38      14.32     
160        15      4       35      14.53     
161        12      4       36      14.18     
162        12      4       31      12.75     
163        10      1       34      13.30     
164        12      3       36      13.83     
165        10      0       36      13.80     
166        9       1       35      13.33     
167        10      1       30      12.96     
168        13      0       35      13.40     
169        11      1       30      13.12     
170        16      0       42      15.28     
171        12      0       43      14.56     
172        12      1       44      14.65     
173        14      2       45      14.92     
174        12      0       39      14.27     
175        11      0       40      13.28     
176        13      0       42      13.96     
177        11      0       43      14.05     
178        12      1       41      13.83     
179        12      1       36      13.57     
180        8       1       36      13.15     
181        7       0       40      13.69     
182        12      1       37      14.35     
183        16      2       34      13.71     
184        17      0       39      14.61     
185        14      1       38      14.17     
186        7       0       39      13.77     
187        10      0       38      13.47     
188        10      0       44      14.00     
189        11      1       39      14.75     
190        8       0       44      14.35     
191        13      0       37      13.85     
192        18      1       40      14.70     
193        16      0       36      13.68     
194        11      0       34      13.46     
195        13      0       35      14.20     
196        14      0       37      14.50     
197        15      1       36      14.81     
198        15      1       35      14.22     
199        14      1       38      14.32     
200        13      3       41      14.54     
201        15      3       44      15.36     
202        16      4       42      15.15     
203        15      4       42      15.17     
204        13      1       39      14.76     
205        16      1       42      14.92     
206        17      2       42      14.56     
207        17      3       42      14.91     
208        19      2       39      14.85     
209        17      1       39      15.08     
210        16      3       44      15.60     
211        16      1       39      16.00     
212        15      0       45      14.37     
213        14      0       46      15.57     
214        14      4       40      15.01     
215        20      1       43      15.53     
216        16      2       44      15.36     
217        16      1       50      15.66     
218        14      1       46      14.93     
219        17      2       39      15.68     
220        9       3       41      14.82     
221        14      1       41      15.11     
222        9       3       43      14.38     
223        8       2       44      14.99     
224        15      3       47      15.48     
225        11      2       43      14.81     
226        16      1       41      15.20     
227        11      0       43      14.61     
228        14      0       52      15.55     
229        8       0       57      15.41     
230        12      1       52      16.08     
231        12      2       52      16.32     
232        7       0       56      15.31     
233        10      0       45      14.79     
234        8       2       54      16.10     
235        8       3       52      15.50     
236        18      2       48      16.53     
237        16      1       51      15.50     
238        12      1       51      15.67     
239        20      2       47      15.95     
240        20      2       58      17.65     
241        21      2       53      17.30     
242        17      1       48      15.01     
243        16      1       49      15.19     
244        16      4       52      16.66     
245        18      2       40      15.68     
246        16      4       42      15.52     
247        20      5       43      15.89     
248        18      0       41      14.85     
249        22      2       43      16.18     
250        25      3       45      16.58     
251        24      1       50      15.98     
252        23      3       52      16.69     
253        23      1       46      15.91     
254        20      0       46      15.77     
255        26      2       49      16.88     
256        18      1       46      15.93     
257        26      0       48      16.38     
258        22      1       46      16.72     
259        22      1       45      16.26     
260        21      0       47      16.19     
261        22      1       47      16.16     
262        21      0       41      15.55     
263        19      1       37      15.42     
264        20      2       45      15.93     
265        20      1       47      15.90     
266        20      2       43      15.63     
267        21      2       42      15.44     
268        21      3       45      16.63     
269        25      4       44      17.18     
270        26      4       44      17.35     
271        21      5       47      17.03     
272        20      1       47      16.38     
273        25      2       52      17.52     
274        19      2       52      17.17     
275        23      1       55      17.31     
276        19      2       53      16.04     
277        18      3       44      15.83     
278        21      4       39      16.54     
279        26      2       40      16.96     
280        23      3       45      16.38     
281        17      0       45      16.38     
282        20      2       44      16.32     
283        20      0       46      16.01     
284        23      1       50      16.88     
285        23      2       56      16.64     
286        23      1       56      17.66     
287        23      0       46      16.57     
288        24      0       46      16.67     
289        17      0       50      16.06     
290        21      2       47      16.52     
291        18      2       41      15.19     
292        19      2       47      16.65     
293        25      0       54      17.36     
294        25      2       58      17.74     
295        23      1       56      17.22     
296        21      2       51      17.39     
297        25      0       63      17.68     
298        21      0       55      17.15     
299        22      3       48      16.97     
300        20      1       56      17.36     
301        17      1       67      17.68     
302        24      1       58      17.99     
303        22      2       56      18.32     
304        23      2       57      17.51     
305        29      2       62      17.89     
306        25      1       57      17.74     
307        20      0       67      18.51     
308        11      0       67      17.24     
309        16      2       63      17.18     
310        16      2       71      18.67     
311        22      1       66      18.62     
312        18      2       66      17.61     
313        18      0       58      17.25     
314        17      1       61      16.88     
315        18      1       64      18.01     
316        15      1       59      17.60     
317        16      1       58      17.72     
318        19      2       62      17.52     
319        19      3       56      17.33     
320        16      0       54      16.70     
321        18      3       54      17.12     
322        14      1       55      16.31     
323        22      0       52      17.07     
324        17      1       48      15.92     
325        22      2       50      16.70     
326        23      3       55      16.91     
327        21      2       46      15.85     
328        24      2       52      16.49     
329        22      1       52      16.31     
330        22      1       43      15.96     
331        20      3       47      16.78     
332        23      1       52      17.17     
333        25      1       51      17.02     
334        21      0       53      16.73     
335        20      2       54      16.38     
336        23      2       62      17.88     
337        27      1       56      17.82     
338        29      2       61      18.58     
339        29      2       55      17.67     
340        23      1       57      17.72     
341        21      0       60      17.11     
342        21      1       57      17.27     
343        18      2       57      17.14     
344        25      2       53      17.14     
345        25      2       52      17.83     
346        26      1       43      16.61     
347        29      2       51      16.83     
348        29      3       63      18.01     
349        31      4       71      19.48     
350        22      3       62      17.85     
351        26      2       63      18.14     
352        25      4       55      17.43     
353        20      2       60      17.88     
354        25      0       57      17.80     
355        23      0       53      17.03     
356        27      3       64      18.58     
357        22      1       58      17.73     
358        24      1       57      18.13     
359        29      2       53      17.27     
360        23      0       51      16.72     
361        28      4       52      18.32     
362        28      2       62      18.58     
363        23      1       58      18.00     
364        31      0       59      18.67     
365        26      0       65      18.24     
366        27      1       57      18.51     
367        28      0       54      17.11     
368        29      2       54      18.47     
369        30      1       62      18.67     
370        29      2       47      17.19     
371        32      1       52      17.59     
372        25      1       53      17.81     
373        19      1       52      16.37     
374        23      2       51      16.90     
375        24      0       57      17.51     
376        24      2       48      16.12     
377        16      0       57      16.61     
378        27      1       52      17.73     
379        26      1       56      18.26     
380        27      0       57      17.22     
381        29      2       48      17.51     
382        23      0       49      16.51     
383        25      1       47      16.89     
384        23      1       49      16.34     
385        26      0       52      17.59     
386        22      2       59      17.72     
387        23      2       58      18.52     
388        25      2       57      17.16     
389        18      1       52      16.54     
390        18      2       50      16.01     
391        20      1       54      16.63     
392        25      1       50      17.06     
393        24      0       49      16.33     
394        25      3       46      16.47     
395        21      1       47      16.28     
396        28      0       44      16.35     
397        27      2       47      17.00     
398        27      1       49      17.17     
399        26      0       51      17.26     
400        25      3       52      17.02     
401        26      2       49      17.01     
402        27      2       53      17.46     
403        25      2       43      15.84     
404        26      1       52      17.50     
405        23      4       45      16.15     
406        22      3       45      16.46     
407        21      4       51      16.64     
408        21      2       54      16.99     
409        26      3       50      17.54     
410        22      0       56      16.85     
411        23      3       51      16.82     
412        24      4       48      16.77     
413        21      4       56      17.25     
414        24      3       54      17.73     
415        24      1       48      16.89     
416        28      1       59      18.47     
417        24      1       54      16.97     
418        28      1       60      17.31     
419        24      0       48      16.04     
420        23      2       51      16.85     
421        27      0       52      17.00     
422        22      3       52      16.89     
423        30      2       50      17.03     
424        27      3       50      17.25     
425        28      4       51      17.38     
426        29      5       52      17.10     
427        27      4       53      17.84     
428        28      5       57      17.90     
429        28      4       49      16.74     
430        31      7       57      18.29     
431        29      4       54      18.37     
432        25      2       47      17.30     
433        26      4       54      17.49     
434        24      4       49      16.68     
435        27      5       53      17.68     
436        21      4       50      16.72     
437        25      2       52      17.34     
438        22      3       55      17.40     
439        23      4       55      17.86     
440        22      3       50      16.69     
441        23      1       54      17.73     
442        21      2       52      17.39     
443        22      2       51      17.00     
444        22      3       54      17.07     
445        26      3       57      17.58     
446        24      2       58      17.37     
447        27      2       55      17.74     
448        23      2       53      16.87     
449        32      4       50      18.18     
450        23      2       47      16.84     
451        20      3       44      15.56     
452        22      4       54      17.90     
453        27      4       51      16.93     
454        19      1       52      16.24     
455        22      0       57      16.55     
456        15      1       47      16.08     
457        19      0       47      16.73     
458        23      2       50      17.26     
459        24      5       46      16.44     
460        20      2       47      16.38     
461        22      2       48      16.07     
462        22      1       49      17.04     
463        22      2       46      15.70     
464        22      2       49      16.66     
465        21      1       55      17.18     
466        20      1       45      15.66     
467        19      2       46      16.14     
468        18      3       47      16.04     
469        26      1       51      16.29     
470        17      0       45      15.58     
471        18      3       50      15.95     
472        18      1       46      15.20     
473        23      2       47      16.18     
474        13      2       55      15.59     
475        19      1       51      16.51     
476        17      3       47      15.89     
477        19      0       53      16.62     
478        23      2       50      16.68     
479        17      1       53      16.39     
480        22      2       53      16.65     
481        20      1       51      16.80     
482        23      2       49      16.35     
483        23      1       56      16.57     
484        16      0       53      16.09     
485        20      3       51      16.69     
486        22      2       48      16.45     
487        23      4       45      15.59     
488        20      3       49      15.79     
489        23      1       54      16.64     
490        18      3       51      15.87     
491        20      0       49      15.82     
492        16      3       56      16.52     
493        11      0       54      15.47     
494        10      0       50      16.04     
495        17      0       52      16.55     
496        17      1       56      16.37     
497        22      0       53      16.49     
498        19      0       61      17.21     
499        23      2       62      17.12     
500        24      4       58      17.17     
501        21      3       50      16.03     
502        26      1       55      17.07     
503        24      3       55      16.45     
504        20      2       53      16.87     
505        25      8       49      17.18     
506        24      2       54      16.88     
507        21      3       55      16.99     
508        18      1       58      16.84     
509        29      0       56      17.33     
510        24      2       47      16.82     
511        22      1       54      17.07     
512        17      1       59      16.60     
513        20      0       58      16.74     
514        24      1       55      17.04     
515        19      1       61      16.93     
516        16      1       54      16.36     
517        23      0       59      17.54     
518        17      0       60      17.06     
519        17      1       60      17.12     
520        16      0       66      17.84     
521        16      0       68      17.03     
522        17      0       64      16.81     
523        17      1       63      16.95     
524        26      1       60      17.26     
525        19      1       60      17.41     
526        12      1       65      17.23     
527        17      2       62      17.73     
528        18      1       68      17.98     
529        21      0       60      17.47     
530        26      0       62      18.13     
531        21      1       59      17.77     
532        20      0       57      16.99     
533        18      1       61      17.07     
534        22      0       63      17.90     
535        21      0       67      17.57     
536        22      0       60      17.30     
537        15      1       66      17.36     
538        13      0       67      17.28     
539        13      0       71      17.74     
540        17      1       61      16.86     
541        18      0       62      17.30     
542        21      0       67      17.70     
543        21      0       54      16.71     
544        24      0       58      17.45     
545        19      1       58      16.83     
546        31      1       61      18.20     
547        23      0       60      17.11     
548        27      3       59      17.93     
549        16      2       53      16.92     
550        22      1       62      17.26     
551        27      1       61      17.59     
552        21      0       67      18.13     
553        23      1       65      17.55     
554        25      1       54      17.13     
555        27      0       61      18.22     
556        20      0       58      16.67     
557        18      0       60      17.38     
558        18      0       65      17.70     
559        24      1       57      18.52     
560        25      0       58      17.35     
561        22      0       64      18.32     
562        29      0       56      18.43     
563        25      0       66      18.10     
564        24      0       62      17.68     
565        24      0       63      17.48     
566        24      0       65      18.00     
567        17      0       63      16.91     
568        25      0       64      18.35     
569        27      1       62      18.68     
570        23      1       63      18.28     
571        23      1       62      18.08     
572        24      2       61      18.20     
573        23      2       61      17.80     
574        21      1       61      17.43     
575        22      0       64      18.34     
576        20      2       61      18.21     
577        22      0       59      17.66     
578        21      1       60      17.37     
579        28      1       59      17.74     
580        24      2       60      18.34     
581        24      1       59      18.40     
582        22      2       64      18.36     
583        22      4       67      18.58     
584        26      3       63      18.77     
585        29      3       62      18.15     
586        27      4       58      18.07     
587        24      1       58      18.13     
588        24      3       59      17.91     
589        17      1       63      17.31     
590        19      5       62      18.01     
591        20      2       62      17.60     
592        23      2       69      19.42     
593        23      5       69      19.32     
594        23      4       67      19.24     
595        22      3       64      18.30     
596        20      4       68      19.01     
597        21      2       68      19.86     
598        19      3       69      19.60     
599        14      1       84      19.57     
600        21      1       70      18.50     
601        25      7       69      19.46     
602        24      3       60      18.14     
603        29      7       69      19.61     
604        23      3       63      18.77     
605        26      2       67      18.59     
606        25      1       65      18.22     
607        21      2       69      18.37     
608        16      1       66      18.41     
609        23      3       75      19.12     
610        24      1       63      18.11     
611        25      1       70      18.91     
612        21      3       71      18.48     
613        17      1       69      17.96     
614        19      1       64      17.94     
615        24      2       69      18.61     
616        20      1       63      18.39     
617        22      1       69      18.03     
618        21      1       73      19.10     
619        19      0       68      18.23     
620        24      1       59      17.31     
621        27      3       72      19.62     
622        16      1       81      18.89     
623        20      2       72      19.36     
624        26      1       71      18.99     
625        20      2       70      18.36     
626        20      2       75      19.91     
627        21      1       74      18.66     
628        18      2       70      17.82     
629        18      2       68      17.81     
630        21      1       65      17.68     
631        22      1       60      17.43     
632        20      3       60      17.72     
633        16      2       66      17.76     
634        17      3       62      17.18     
635        17      1       63      17.33     
636        17      1       65      17.44     
637        18      1       67      17.73     
638        23      2       65      17.42     
639        21      1       75      18.76     
640        23      2       64      17.87     
641        26      2       68      18.44     
642        26      2       66      18.30     
643        26      2       67      18.09     
644        25      1       59      17.20     
645        20      1       67      18.53     
646        23      3       72      18.89     
647        18      1       66      17.54     
648        25      3       72      19.63     
649        21      1       61      17.94     
650        23      2       60      18.10     
651        20      4       67      18.17     
652        15      2       62      17.42     
653        22      2       65      18.35     
654        18      1       72      18.52     
655        23      3       63      18.00     
656        24      2       65      17.97     
657        23      3       62      18.18     
658        23      2       61      18.07     
659        25      2       63      17.86     
660        21      3       58      17.20     
661        22      2       62      18.27     
662        29      7       63      19.43     
663        28      1       66      18.56     
664        27      3       63      18.66     
665        16      1       77      19.25     
666        15      3       69      18.38     
667        12      0       75      18.58     
668        19      1       73      19.18     
669        17      1       71      18.34     
670        22      1       73      18.46     
671        11      1       72      18.09     
672        14      2       71      17.75     
673        20      1       71      18.72     
674        12      0       70      17.98     
675        17      1       73      19.17     
676        21      1       65      18.28     
677        22      1       75      19.11     
678        19      2       75      19.42     
679        20      2       69      19.04     
680        17      1       67      18.30     
681        27      2       65      19.19     
682        27      4       61      18.39     
683        24      1       65      18.65     
684        22      4       60      18.42     
685        16      1       65      18.53     
686        21      3       68      19.42     
687        15      2       68      18.41     
688        21      1       71      18.31     
689        24      2       61      18.19     
690        21      2       62      17.88     
691        20      1       63      17.65     
692        23      0       64      18.16     
693        23      2       61      19.00     
694        22      1       59      17.97     
695        28      2       65      19.10     
696        21      2       69      19.20     
697        24      3       65      19.13     
698        25      3       70      19.63     
699        20      0       67      18.51     
700        21      0       61      17.80     
701        23      1       64      17.96     
702        22      3       61      18.51     
703        25      7       63      18.81     
704        28      4       56      18.33     
705        17      0       58      17.41     
706        19      1       63      17.89     
707        22      3       61      17.55     
708        19      0       63      17.49     
709        18      2       69      18.51     
710        23      4       64      18.96     
711        16      1       73      18.08     
712        20      1       64      17.57     
713        12      0       63      17.36     
714        18      2       70      18.71     
715        21      2       68      18.33     
716        21      3       67      18.54     
717        20      6       61      18.27     
718        25      5       58      19.31     
719        21      2       64      17.85     
720        24      3       60      18.57     
721        17      1       63      17.53     
722        15      1       63      17.45     
723        20      2       68      18.46     
724        19      0       69      17.78     
725        21      1       62      18.59     
726        16      1       64      17.79     
727        16      1       57      16.75     
728        16      5       61      17.94     
729        15      2       66      17.79     
730        18      1       61      17.78     
731        25      3       58      17.83     
732        20      4       71      19.30     
733        19      0       69      18.36     
734        21      1       68      18.32     
735        15      1       60      17.89     
736        15      0       61      17.44     
737        12      1       69      18.23     
738        14      0       69      18.54     
739        15      1       67      17.97     
740        17      2       70      18.75     
741        20      2       69      19.04     
742        18      6       76      19.57     
743        17      1       72      19.08     
744        14      3       70      18.88     
745        17      0       68      18.62     
746        22      2       74      18.49     
747        17      2       78      19.24     
748        21      2       65      19.14     
749        16      2       74      18.73     
750        18      0       64      18.53     
751        21      2       65      18.54     
752        17      2       68      18.95     
753        25      2       75      19.60     
754        23      1       58      18.35     
755        24      1       64      18.46     
756        20      3       54      17.74     
757        19      1       55      17.51     
758        26      2       52      17.76     
759        21      1       57      17.83     
760        24      3       54      16.93     
761        25      4       57      18.07     
762        21      4       62      17.86     
763        21      0       66      18.13     
764        24      2       71      18.66     
765        26      3       67      19.31     
766        24      6       69      19.67     
767        23      2       62      18.44     
768        17      1       68      17.90     
769        19      1       72      18.22     
770        20      3       68      18.00     
771        20      3       68      19.30     
772        21      1       60      18.05     
773        18      2       65      17.49     
774        13      0       70      17.27     
775        17      0       71      18.46     
776        22      3       67      18.58     
777        25      4       63      18.59     
778        23      3       58      18.08     
779        23      2       66      18.28     
780        27      4       65      18.87     
781        24      6       54      17.83     
782        23      4       69      18.57     
783        23      1       70      18.74     
784        22      3       73      18.73     
785        17      0       78      19.07     
786        18      1       77      19.34     
787        19      1       78      19.56     
788        13      3       77      19.49     
789        15      2       71      18.91     
790        14      1       72      18.44     
791        21      2       70      18.23     
792        20      2       67      18.94     
793        14      0       70      18.50     
794        22      0       70      18.35     
795        23      2       67      18.81     
796        16      4       69      18.23     
797        18      1       72      18.65     
798        17      2       70      18.27     
799        18      3       68      18.51     
800        16      0       69      18.26     
801        15      0       73      17.79     
802        21      3       65      18.30     
803        16      3       64      18.31     
804        18      1       63      17.78     
805        22      3       62      18.08     
806        22      1       69      19.27     
807        23      3       72      19.20     
808        18      2       62      17.05     
809        26      2       72      19.54     
810        18      0       64      17.36     
811        23      2       65      18.22     
812        20      2       65      18.13     
813        18      4       73      18.38     
814        17      4       59      17.37     
815        22      1       60      18.34     
816        19      1       57      17.29     
817        24      4       65      18.49     
818        25      1       63      18.24     
819        22      2       59      17.55     
820        21      4       61      18.17     
821        29      1       68      18.47     
822        25      2       61      18.96     
823        25      1       72      18.99     
824        27      2       75      19.36     
825        28      1       77      19.68     
826        22      2       66      19.01     
827        23      1       63      18.02     
828        18      2       72      18.79     
829        18      1       67      17.86     
830        22      2       67      18.07     
831        19      1       75      18.97     
832        17      1       75      18.36     
833        22      4       69      18.35     
834        19      1       66      17.50     
835        20      0       70      18.21     
836        19      3       66      17.94     
837        22      1       72      19.05     
838        23      2       72      19.28     
839        18      1       72      19.19     
840        21      0       68      18.21     
841        22      2       60      17.75     
842        25      1       63      18.62     
843        21      2       73      19.29     
844        21      3       65      18.13     
845        21      0       69      19.39     
846        23      1       75      19.49     
847        24      1       72      19.00     
848        20      2       76      19.01     
849        24      0       69      18.70     
850        27      5       62      18.85     
851        21      4       67      18.63     
852        27      2       70      18.58     
853        25      4       66      18.62     
854        27      6       70      19.22     
855        24      2       74      18.97     
856        25      6       63      19.20     
857        21      3       71      19.32     
858        25      5       71      19.76     
859        20      2       73      18.58     
860        20      2       76      18.99     
861        20      2       73      19.29     
862        19      3       73      18.93     
863        23      5       71      19.75     
864        20      2       66      17.92     
865        24      1       73      19.09     
866        17      2       74      19.19     
867        22      0       83      19.87     
868        22      2       76      19.78     
869        19      2       84      19.85     
870        23      1       81      19.39     
871        28      3       85      21.09     
872        23      3       78      20.02     
873        30      1       73      20.00     
874        23      3       70      18.94     
875        22      2       69      19.32     
876        23      1       70      18.51     
877        24      3       75      19.64     
878        19      4       72      19.67     
879        20      0       74      18.89     
880        18      5       69      18.66     
881        20      2       75      19.76     
882        22      0       69      18.80     
883        19      0       76      18.27     
884        18      1       73      18.99     
885        21      3       77      19.00     
886        25      0       77      19.25     
887        20      5       78      19.41     
888        27      0       85      20.24     
889        21      1       75      18.97     
890        22      2       75      19.09     
891        25      2       70      19.15     
892        16      1       66      17.89     
893        22      4       77      19.56     
894        10      1       73      18.17     
895        19      4       66      19.06     
896        17      2       69      18.14     
897        13      3       73      18.30     
898        20      3       73      18.68     
899        25      2       65      18.66     
900        21      2       68      18.52     
901        27      3       71      19.33     
902        25      7       68      19.48     
903        22      5       71      19.34     
904        24      4       77      19.80     
905        21      2       76      19.20     
906        23      4       71      19.38     
907        26      3       66      19.44     
908        24      6       69      18.52     
909        28      4       65      19.29     
910        28      3       61      18.58     
911        24      2       62      18.71     
912        28      3       72      19.56     
913        21      3       69      18.70     
914        21      1       72      18.99     
915        24      1       75      19.29     
916        22      3       75      18.89     
917        29      3       70      19.06     
918        29      4       74      19.01     
919        24      2       62      18.44     
920        26      4       72      18.96     
921        22      4       69      18.88     
922        25      1       68      18.95     
923        24      2       70      18.58     
924        32      3       73      19.37     
925        28      3       74      18.75     
926        26      3       71      19.30     
927        26      2       68      18.53     
928        26      1       61      18.20     
929        24      3       69      18.96     
930        22      2       62      17.64     
