#time, lipid_head, lipid_tail, water, pore_size
0          0       2       5       0.63      
1          1       3       7       0.73      
2          1       4       6       0.72      
3          0       2       5       0.71      
4          1       4       4       0.70      
5          0       3       8       0.70      
6          0       3       7       0.74      
7          0       3       7       0.78      
8          2       5       9       0.87      
9          3       5       12      0.89      
10         1       5       8       0.80      
11         2       6       10      0.83      
12         4       5       10      0.91      
13         4       6       13      0.96      
14         3       4       11      0.92      
15         6       5       13      0.99      
16         5       5       12      1.00      
17         5       5       13      0.88      
18         3       4       13      0.96      
19         4       5       13      0.90      
20         5       5       13      0.97      
21         6       5       15      0.91      
22         5       6       16      1.00      
23         6       5       14      1.05      
24         6       5       14      0.97      
25         6       6       16      1.02      
26         6       5       18      1.02      
27         5       5       14      1.02      
28         7       6       15      1.08      
29         4       5       15      1.00      
30         4       5       17      1.07      
31         6       4       16      0.99      
32         6       3       14      1.04      
33         6       4       15      1.04      
34         6       4       15      0.99      
35         5       3       13      1.00      
36         6       6       17      1.03      
37         6       5       13      0.91      
38         6       4       14      0.99      
39         6       5       19      1.01      
40         8       5       13      0.97      
41         3       6       15      1.01      
42         7       5       12      1.06      
43         4       4       13      0.95      
44         4       5       14      0.90      
45         5       4       14      1.01      
46         5       4       13      0.98      
47         5       5       17      1.01      
48         3       6       14      1.02      
49         5       6       14      1.01      
50         4       7       15      1.03      
51         5       6       13      0.96      
52         2       7       13      0.99      
53         5       7       12      1.00      
54         3       5       11      0.88      
55         4       5       8       0.86      
56         4       6       8       0.90      
57         6       6       10      0.90      
58         3       6       9       0.86      
59         2       6       10      0.88      
60         2       3       14      0.88      
61         4       2       12      0.87      
62         4       0       12      0.84      
63         6       2       14      0.99      
64         4       0       18      1.03      
65         6       1       19      1.01      
66         6       2       16      0.93      
67         6       1       19      0.97      
68         5       1       18      1.02      
69         6       1       21      1.10      
70         9       1       21      1.17      
71         7       2       25      1.18      
72         7       1       23      1.24      
73         4       3       22      1.10      
74         4       0       25      1.06      
75         8       0       24      1.15      
76         6       0       23      1.14      
77         6       0       21      1.10      
78         7       0       19      1.10      
79         6       1       23      1.19      
80         6       0       24      1.09      
81         6       0       21      1.09      
82         5       0       27      1.23      
83         5       0       22      1.16      
84         7       1       22      1.22      
85         7       0       22      1.17      
86         5       0       25      1.17      
87         6       0       22      1.15      
88         4       0       21      1.19      
89         6       0       24      1.20      
90         4       1       28      1.21      
91         4       0       24      1.16      
92         4       1       23      1.14      
93         6       1       22      1.07      
94         4       1       24      1.18      
95         5       0       31      1.29      
96         5       0       23      1.13      
97         5       1       28      1.20      
98         5       0       21      1.11      
99         4       0       23      1.05      
100        4       0       23      1.05      
101        3       1       22      1.10      
102        6       0       27      1.20      
103        5       2       23      1.16      
104        3       0       23      1.18      
105        4       0       25      1.09      
106        5       0       21      1.13      
107        4       0       26      1.14      
108        5       0       22      1.03      
109        3       0       23      1.12      
110        4       0       24      1.10      
111        4       0       21      1.11      
112        5       0       22      1.09      
113        8       0       24      1.13      
114        6       0       22      1.16      
115        7       2       21      1.13      
116        8       1       20      1.17      
117        7       0       20      1.12      
118        7       0       22      1.09      
119        8       1       20      1.13      
120        8       0       22      1.12      
121        9       0       25      1.23      
122        9       1       24      1.18      
123        8       0       20      1.08      
124        8       0       21      1.10      
125        6       0       25      1.18      
126        7       0       25      1.17      
127        7       0       26      1.15      
128        6       1       28      1.18      
129        6       0       25      1.11      
130        6       0       22      1.10      
131        6       1       26      1.19      
132        7       1       23      1.14      
133        6       0       22      1.10      
134        4       0       24      1.16      
135        5       0       26      1.18      
136        4       0       24      1.18      
137        4       0       23      1.15      
138        5       0       24      1.21      
139        5       0       26      1.28      
140        7       1       27      1.30      
141        5       1       29      1.21      
142        5       0       25      1.11      
143        5       1       23      1.09      
144        5       1       24      1.17      
145        5       1       28      1.13      
146        7       0       24      1.14      
147        4       0       29      1.18      
148        6       0       27      1.14      
149        6       0       27      1.19      
150        4       0       26      1.07      
151        4       0       28      1.22      
152        4       1       24      1.17      
153        6       0       28      1.20      
154        8       0       26      1.18      
155        5       0       28      1.21      
156        4       0       26      1.15      
157        6       0       23      1.19      
158        4       0       23      1.19      
159        5       0       30      1.22      
160        7       0       29      1.27      
161        7       0       28      1.22      
162        9       0       26      1.28      
163        9       2       32      1.35      
164        8       2       28      1.33      
165        9       0       30      1.29      
166        5       1       29      1.28      
167        6       1       27      1.25      
168        11      1       32      1.33      
169        6       1       28      1.24      
170        7       1       31      1.30      
171        6       1       33      1.33      
172        8       1       35      1.30      
173        7       1       36      1.35      
174        6       0       30      1.26      
175        6       0       28      1.26      
176        5       0       28      1.25      
177        7       0       26      1.22      
178        6       0       27      1.25      
179        7       0       27      1.24      
180        8       0       32      1.24      
181        7       0       25      1.15      
182        13      1       29      1.34      
183        10      0       25      1.18      
184        8       2       30      1.22      
185        9       1       26      1.18      
186        12      1       21      1.16      
187        10      0       26      1.23      
188        13      0       27      1.23      
189        9       0       24      1.20      
190        6       0       29      1.20      
191        9       2       30      1.29      
192        8       0       30      1.31      
193        10      0       29      1.26      
194        10      0       29      1.31      
195        9       1       31      1.33      
196        10      0       34      1.38      
197        11      1       36      1.33      
198        10      1       34      1.31      
199        9       0       35      1.33      
200        13      0       35      1.38      
201        17      0       35      1.37      
202        16      0       37      1.39      
203        12      0       30      1.34      
204        11      0       32      1.28      
205        13      0       32      1.36      
206        12      0       33      1.38      
207        12      0       37      1.37      
208        13      0       32      1.32      
209        12      0       35      1.42      
210        12      0       35      1.34      
211        13      0       32      1.35      
212        11      1       28      1.34      
213        13      0       32      1.32      
214        11      1       35      1.36      
215        13      1       31      1.26      
216        13      0       27      1.27      
217        16      1       33      1.42      
218        16      0       39      1.47      
219        11      0       34      1.35      
220        10      0       32      1.35      
221        13      0       32      1.29      
222        10      0       29      1.23      
223        14      2       26      1.31      
224        14      2       34      1.44      
225        13      4       30      1.36      
226        11      2       31      1.34      
227        14      0       30      1.33      
228        10      2       32      1.33      
229        10      0       33      1.24      
230        9       0       36      1.32      
231        8       0       36      1.34      
232        12      0       41      1.44      
233        10      0       36      1.31      
234        10      0       34      1.27      
235        9       1       33      1.37      
236        9       1       38      1.41      
237        10      1       35      1.36      
238        8       0       38      1.39      
239        10      0       38      1.39      
240        9       0       39      1.45      
241        13      0       45      1.57      
242        8       0       37      1.31      
243        10      0       36      1.41      
244        7       1       40      1.39      
245        9       1       39      1.42      
246        9       1       38      1.42      
247        8       1       33      1.33      
248        12      2       34      1.32      
249        14      1       29      1.45      
250        15      0       41      1.54      
251        13      1       40      1.54      
252        10      1       40      1.50      
253        10      1       43      1.56      
254        13      1       40      1.51      
255        16      1       38      1.48      
256        14      1       39      1.59      
257        14      1       34      1.41      
258        15      1       36      1.53      
259        16      3       28      1.36      
260        13      2       34      1.35      
261        13      1       38      1.39      
262        11      0       37      1.37      
263        11      1       38      1.36      
264        8       0       35      1.39      
265        9       1       37      1.31      
266        9       0       39      1.39      
267        7       0       34      1.36      
268        11      1       35      1.36      
269        9       0       37      1.32      
270        10      0       35      1.34      
271        11      0       33      1.38      
272        11      0       39      1.40      
273        14      1       40      1.42      
274        11      0       40      1.38      
275        11      0       37      1.35      
276        15      0       38      1.39      
277        11      1       38      1.38      
278        10      1       32      1.36      
279        9       1       34      1.38      
280        14      1       40      1.44      
281        12      2       35      1.44      
282        17      1       36      1.47      
283        16      0       30      1.42      
284        13      1       35      1.41      
285        14      1       34      1.32      
286        15      1       35      1.49      
287        15      0       31      1.38      
288        16      1       29      1.48      
289        12      1       34      1.43      
290        15      1       36      1.46      
291        13      2       39      1.45      
292        16      1       38      1.51      
293        18      2       39      1.49      
294        17      0       42      1.46      
295        15      2       40      1.44      
296        17      1       38      1.45      
297        16      1       36      1.43      
298        18      1       43      1.52      
299        17      0       40      1.53      
300        15      2       38      1.50      
301        16      1       37      1.55      
302        16      1       41      1.55      
303        14      1       44      1.52      
304        12      1       43      1.50      
305        10      3       40      1.48      
306        19      1       43      1.57      
307        15      0       38      1.48      
308        17      2       42      1.51      
309        9       0       42      1.45      
310        11      1       50      1.55      
311        10      1       47      1.54      
312        14      1       37      1.41      
313        15      1       37      1.40      
314        11      4       42      1.48      
315        13      0       43      1.50      
316        14      3       43      1.47      
317        13      0       38      1.47      
318        16      0       43      1.51      
319        14      4       37      1.46      
320        18      2       35      1.43      
321        17      2       35      1.41      
322        14      1       36      1.44      
323        17      1       34      1.50      
324        12      3       34      1.38      
325        17      3       30      1.45      
326        16      1       39      1.44      
327        18      3       33      1.38      
328        14      3       32      1.41      
329        14      0       35      1.38      
330        14      2       33      1.34      
331        15      0       30      1.38      
332        16      0       28      1.36      
333        15      0       34      1.39      
334        11      0       34      1.36      
335        14      2       31      1.35      
336        12      4       32      1.44      
337        15      1       29      1.36      
338        15      0       33      1.33      
339        17      0       35      1.43      
340        15      1       40      1.45      
341        16      1       33      1.42      
342        13      0       35      1.46      
343        17      2       31      1.39      
344        16      2       31      1.38      
345        20      1       35      1.53      
346        20      1       30      1.40      
347        15      2       35      1.49      
348        19      1       37      1.52      
349        16      1       35      1.43      
350        13      0       32      1.26      
351        17      2       31      1.42      
352        18      4       32      1.45      
353        14      3       25      1.36      
354        16      1       38      1.45      
355        17      2       33      1.41      
356        15      4       32      1.44      
357        22      3       39      1.47      
358        13      1       38      1.43      
359        17      0       37      1.42      
360        14      0       37      1.39      
361        20      2       36      1.50      
362        18      0       35      1.48      
363        20      3       35      1.58      
364        19      3       37      1.57      
365        19      2       34      1.42      
366        22      2       34      1.51      
367        22      2       31      1.46      
368        21      0       41      1.61      
369        19      1       41      1.59      
370        20      0       40      1.57      
371        19      3       41      1.58      
372        16      1       40      1.52      
373        18      0       43      1.45      
374        19      1       45      1.61      
375        20      0       40      1.48      
376        18      2       38      1.51      
377        24      2       40      1.56      
378        18      3       39      1.56      
379        15      4       47      1.62      
380        16      3       43      1.52      
381        18      1       40      1.54      
382        19      2       46      1.58      
383        13      2       47      1.59      
384        17      2       41      1.54      
385        22      4       40      1.58      
386        21      2       42      1.63      
387        22      2       42      1.58      
388        26      3       42      1.74      
389        22      3       41      1.54      
390        24      2       44      1.58      
391        24      2       42      1.60      
392        19      6       43      1.64      
393        21      0       49      1.64      
394        23      3       46      1.62      
395        23      1       48      1.65      
396        17      1       51      1.56      
397        18      1       46      1.60      
398        18      4       59      1.73      
399        22      1       55      1.76      
400        20      1       57      1.68      
401        23      5       53      1.72      
402        19      1       57      1.69      
403        21      2       58      1.70      
404        14      0       59      1.78      
405        13      0       58      1.65      
406        21      0       60      1.70      
407        20      1       65      1.76      
408        25      2       57      1.74      
409        23      0       56      1.69      
410        26      1       56      1.75      
411        29      1       61      1.85      
412        25      0       60      1.73      
413        27      1       62      1.78      
414        29      1       61      1.84      
415        30      1       67      1.88      
416        27      2       65      1.82      
417        27      2       65      1.83      
418        25      0       69      1.87      
419        29      0       66      1.92      
420        31      0       60      1.89      
421        32      2       63      1.84      
422        32      0       65      1.89      
423        35      2       67      1.91      
424        32      3       58      1.84      
425        32      2       66      1.90      
426        33      1       61      1.96      
427        34      2       62      1.94      
428        25      3       60      1.85      
429        27      4       63      1.88      
430        29      3       62      1.97      
431        27      0       67      1.86      
432        26      0       69      1.89      
433        23      0       66      1.85      
434        32      2       70      1.92      
435        22      0       69      1.84      
436        28      0       70      1.91      
437        27      0       68      1.78      
438        26      0       72      1.85      
439        26      0       67      1.82      
440        28      3       64      1.87      
441        30      1       77      1.95      
442        32      1       52      1.74      
443        30      1       57      1.79      
444        24      0       58      1.69      
445        23      0       63      1.82      
446        29      2       64      1.82      
447        27      2       54      1.72      
448        21      0       61      1.74      
449        24      0       55      1.68      
450        27      1       64      1.82      
451        32      2       57      1.82      
452        32      1       55      1.84      
453        36      4       61      1.89      
454        27      4       59      1.83      
455        27      2       60      1.76      
456        26      1       59      1.81      
457        29      1       61      1.85      
458        29      2       61      1.86      
459        25      1       63      1.83      
460        27      0       60      1.81      
461        22      0       64      1.77      
462        25      0       68      1.80      
463        26      0       59      1.73      
464        25      2       70      1.85      
465        23      0       65      1.81      
466        28      0       68      1.85      
467        28      2       66      1.90      
468        25      0       68      1.89      
469        25      1       67      1.86      
470        23      0       64      1.78      
471        27      2       67      1.84      
472        19      0       60      1.72      
473        19      1       58      1.76      
474        23      1       61      1.75      
475        25      1       64      1.84      
476        27      1       61      1.79      
477        27      2       60      1.85      
478        18      2       62      1.73      
479        22      0       58      1.75      
480        23      0       70      1.83      
481        29      2       65      1.81      
482        32      1       69      1.99      
483        25      4       71      1.92      
484        20      1       75      1.79      
485        20      3       74      1.91      
486        31      1       72      1.91      
487        24      1       76      1.92      
488        25      1       68      1.87      
489        29      3       66      1.85      
490        31      3       68      1.98      
491        32      2       61      1.85      
492        31      0       67      1.87      
493        31      3       60      1.85      
494        27      3       67      1.84      
495        22      0       69      1.81      
496        22      0       71      1.87      
497        24      3       72      1.93      
498        26      0       68      1.89      
499        29      0       69      1.90      
500        28      0       75      1.91      
501        22      1       75      1.86      
502        27      0       70      1.87      
503        27      1       66      1.81      
504        27      3       74      1.98      
505        34      2       63      1.93      
506        36      2       64      1.97      
507        30      2       58      1.89      
508        24      0       63      1.85      
509        29      3       66      1.86      
510        29      2       66      1.92      
511        28      1       70      1.89      
512        33      0       68      1.95      
513        33      0       78      2.03      
514        31      2       68      1.91      
515        29      5       77      1.97      
516        31      1       77      1.96      
517        30      0       67      1.85      
518        28      1       60      1.78      
519        33      0       66      1.99      
520        29      3       66      1.89      
521        31      1       70      1.91      
522        31      2       75      2.00      
523        31      1       72      1.90      
524        32      1       69      1.91      
525        36      1       65      1.94      
526        34      0       63      1.89      
527        29      0       69      1.91      
528        30      2       71      1.95      
529        31      0       69      1.87      
530        30      0       74      1.99      
531        28      2       71      2.03      
532        30      2       72      2.00      
533        34      2       74      1.99      
534        31      2       72      2.02      
535        34      2       72      1.98      
536        31      2       75      2.03      
537        29      0       68      1.89      
538        34      7       63      1.97      
539        32      4       64      1.96      
540        36      4       71      1.98      
541        25      1       73      1.93      
542        35      0       66      1.90      
543        33      2       74      1.99      
544        36      2       73      2.00      
545        38      1       72      2.05      
546        30      1       69      1.92      
547        26      0       73      1.93      
548        33      1       69      2.03      
549        28      2       77      1.97      
550        32      4       75      2.05      
551        25      1       75      2.09      
552        23      1       82      1.91      
553        28      0       69      1.95      
554        30      6       66      1.96      
555        27      3       73      1.97      
556        26      0       72      1.95      
557        23      0       69      1.87      
558        22      2       62      1.79      
559        24      0       67      1.97      
560        20      0       76      1.90      
561        26      0       65      1.85      
562        20      1       65      1.80      
563        20      1       63      1.87      
564        23      1       63      1.79      
565        27      1       68      1.87      
566        20      1       66      1.73      
567        22      2       66      1.85      
568        23      2       67      1.86      
569        26      2       66      1.86      
570        22      2       64      1.79      
571        27      0       71      1.88      
572        27      0       62      1.86      
573        36      0       61      1.85      
574        29      3       65      1.92      
575        31      3       60      1.88      
576        34      4       59      1.91      
577        29      4       65      2.00      
578        31      2       55      1.81      
579        30      1       56      1.86      
580        31      2       57      1.91      
581        33      3       63      2.01      
582        27      2       65      1.84      
583        27      2       64      1.84      
584        23      1       58      1.70      
585        27      2       66      1.89      
586        28      2       66      1.93      
587        28      4       63      1.88      
588        29      1       63      1.85      
589        30      1       61      1.84      
590        32      5       61      1.89      
591        30      4       59      1.87      
592        23      2       70      1.82      
593        28      4       55      1.75      
594        31      7       58      1.88      
595        25      2       64      1.88      
596        21      5       60      1.78      
597        25      1       64      1.86      
598        30      1       57      1.81      
599        25      1       61      1.79      
600        35      1       61      1.94      
601        31      2       57      1.76      
602        33      2       54      1.87      
603        32      5       50      1.79      
604        29      0       59      1.78      
605        32      3       53      1.82      
606        25      0       61      1.77      
607        19      3       60      1.72      
608        23      0       58      1.79      
609        14      0       62      1.74      
610        20      0       54      1.63      
611        26      1       59      1.79      
612        29      1       62      1.86      
613        32      5       56      1.91      
614        27      0       61      1.81      
615        33      5       58      1.91      
616        29      2       53      1.74      
617        35      3       54      1.92      
618        22      0       48      1.67      
619        24      2       50      1.70      
620        30      1       59      1.79      
621        28      2       62      1.84      
622        29      2       58      1.82      
623        25      2       62      1.93      
624        35      2       69      1.96      
625        26      0       64      1.91      
626        33      1       60      1.85      
627        35      0       56      1.88      
628        31      3       60      1.94      
629        24      0       59      1.81      
630        32      1       56      1.84      
631        29      0       51      1.77      
632        32      0       61      1.88      
633        26      0       64      1.78      
634        26      1       58      1.70      
635        29      1       71      1.88      
636        24      3       66      1.81      
637        26      2       68      1.88      
638        27      1       73      1.94      
639        25      1       72      1.94      
640        24      3       67      1.93      
641        28      3       69      1.95      
642        25      0       75      1.90      
643        24      0       73      1.97      
644        26      5       62      1.87      
645        22      1       59      1.77      
646        23      0       56      1.75      
647        28      3       63      1.85      
648        25      0       56      1.74      
649        21      0       58      1.78      
650        24      4       61      1.81      
651        24      2       58      1.82      
652        17      3       56      1.65      
653        20      0       56      1.71      
654        28      1       67      1.96      
655        28      1       67      1.89      
656        24      1       69      1.89      
657        23      1       62      1.85      
658        35      1       74      1.97      
659        27      1       64      1.82      
660        19      2       65      1.75      
661        24      2       64      1.83      
662        24      3       63      1.84      
663        27      3       64      1.84      
664        21      0       65      1.79      
665        24      0       60      1.82      
666        24      1       65      1.80      
667        20      2       61      1.68      
668        17      2       60      1.71      
669        24      1       58      1.73      
670        22      1       56      1.74      
671        23      2       59      1.72      
672        24      0       64      1.77      
673        26      1       55      1.74      
674        29      1       49      1.70      
675        31      2       56      1.81      
676        26      3       54      1.77      
677        24      4       56      1.72      
678        27      0       60      1.72      
679        27      0       70      1.79      
680        28      0       62      1.83      
681        24      1       65      1.76      
682        20      2       60      1.77      
683        19      0       63      1.72      
684        20      0       59      1.64      
685        26      1       59      1.76      
686        22      0       64      1.71      
687        24      0       64      1.80      
688        27      3       58      1.75      
689        22      0       67      1.82      
690        30      3       65      1.93      
691        30      2       52      1.78      
692        29      2       64      1.85      
693        26      3       64      1.74      
694        22      2       56      1.74      
695        21      5       61      1.74      
696        24      2       64      1.82      
697        22      1       64      1.81      
698        25      3       64      1.87      
699        23      2       61      1.75      
700        23      5       60      1.82      
701        21      1       64      1.68      
702        24      0       66      1.85      
703        24      0       66      1.82      
704        21      2       63      1.85      
705        22      2       67      1.79      
706        23      1       62      1.81      
707        25      0       64      1.77      
708        18      1       58      1.73      
709        27      3       58      1.78      
710        29      1       57      1.80      
711        27      1       59      1.81      
712        24      0       62      1.84      
713        27      3       61      1.88      
714        23      1       55      1.64      
715        31      3       60      1.83      
716        31      4       61      1.89      
717        27      4       56      1.84      
718        29      4       62      1.84      
719        30      1       62      1.87      
720        23      1       70      1.90      
721        26      0       62      1.88      
722        24      0       67      1.78      
723        23      1       65      1.79      
724        24      1       59      1.81      
725        21      0       63      1.77      
726        18      1       68      1.80      
727        18      0       71      1.79      
728        18      0       64      1.78      
729        18      1       58      1.74      
730        25      0       55      1.76      
731        25      0       58      1.72      
732        26      0       65      1.84      
733        26      2       60      1.77      
734        25      0       59      1.73      
735        27      0       63      1.85      
736        21      2       61      1.70      
737        18      0       56      1.67      
738        24      1       56      1.76      
739        23      1       51      1.67      
740        20      1       54      1.68      
741        22      0       57      1.68      
742        22      0       57      1.69      
743        24      0       63      1.71      
744        23      1       61      1.76      
745        26      3       50      1.68      
746        26      0       50      1.69      
747        22      0       53      1.60      
748        23      0       51      1.62      
749        23      1       47      1.60      
750        19      0       52      1.58      
751        20      1       55      1.68      
752        24      1       52      1.67      
753        27      0       57      1.72      
754        22      3       56      1.69      
755        19      1       61      1.67      
756        28      4       57      1.85      
757        24      0       53      1.77      
758        29      1       51      1.71      
759        30      2       59      1.78      
760        24      0       50      1.64      
761        26      0       55      1.71      
762        31      1       54      1.85      
763        20      0       51      1.65      
764        23      1       56      1.73      
765        23      1       52      1.66      
766        23      2       56      1.78      
767        25      2       53      1.71      
768        21      1       52      1.67      
769        21      1       50      1.68      
770        18      2       52      1.64      
771        24      0       53      1.69      
772        22      3       54      1.71      
773        23      1       51      1.66      
774        24      0       52      1.66      
775        27      1       57      1.77      
776        24      3       50      1.79      
777        24      1       51      1.59      
778        27      0       48      1.59      
779        29      3       51      1.74      
780        35      3       55      1.85      
781        26      1       60      1.86      
782        24      2       58      1.80      
783        24      1       56      1.70      
784        25      2       50      1.66      
785        26      0       50      1.75      
786        26      0       48      1.64      
787        20      0       50      1.62      
788        23      2       54      1.67      
789        22      0       52      1.69      
790        23      1       60      1.78      
791        22      0       51      1.74      
792        24      1       58      1.76      
793        23      1       56      1.73      
794        25      0       57      1.81      
795        25      1       57      1.75      
796        22      0       50      1.65      
797        31      1       54      1.84      
798        29      1       61      1.81      
799        24      1       56      1.71      
800        24      1       50      1.62      
801        23      2       53      1.57      
802        25      0       61      1.85      
803        22      0       55      1.62      
804        27      0       61      1.76      
805        25      1       49      1.66      
806        28      1       56      1.74      
807        27      0       55      1.72      
808        20      3       47      1.59      
809        32      2       56      1.76      
810        22      1       55      1.65      
811        28      2       52      1.79      
812        23      0       61      1.74      
813        23      2       65      1.73      
814        23      1       63      1.72      
815        24      1       63      1.73      
816        26      1       51      1.68      
817        25      1       56      1.76      
818        21      0       57      1.64      
819        28      2       51      1.68      
820        33      2       56      1.83      
821        21      2       59      1.76      
822        25      2       59      1.78      
823        22      1       60      1.77      
824        24      1       66      1.88      
825        22      1       65      1.79      
826        20      0       61      1.83      
827        16      0       51      1.65      
828        17      0       52      1.62      
829        25      1       60      1.84      
830        24      1       52      1.73      
831        20      1       48      1.67      
832        21      1       46      1.60      
833        23      3       47      1.72      
834        20      3       49      1.60      
835        17      3       48      1.65      
836        22      0       49      1.69      
837        16      1       52      1.57      
838        16      3       56      1.59      
839        16      4       57      1.70      
840        18      5       48      1.59      
841        16      1       52      1.66      
842        23      1       53      1.70      
843        26      1       42      1.56      
844        25      1       50      1.60      
845        19      0       50      1.68      
846        19      2       54      1.66      
847        21      1       51      1.63      
848        24      1       52      1.70      
849        22      2       53      1.69      
850        26      2       43      1.61      
851        23      6       50      1.66      
852        25      6       52      1.75      
853        21      1       52      1.61      
854        23      1       52      1.66      
855        20      1       52      1.64      
856        26      2       61      1.83      
857        25      3       57      1.76      
858        19      2       56      1.66      
859        22      2       51      1.69      
860        16      0       51      1.64      
861        18      3       50      1.68      
862        14      2       47      1.57      
863        17      3       48      1.64      
864        15      0       59      1.66      
865        16      0       52      1.61      
866        21      0       52      1.70      
867        18      0       50      1.60      
868        15      0       39      1.46      
869        19      1       56      1.69      
870        15      2       55      1.66      
871        11      0       63      1.71      
872        16      0       61      1.67      
873        16      0       59      1.64      
874        16      0       63      1.70      
875        11      1       60      1.68      
876        16      0       69      1.76      
877        18      0       55      1.70      
878        16      0       60      1.63      
879        23      0       69      1.86      
880        22      1       56      1.78      
881        21      0       50      1.59      
882        19      2       48      1.69      
883        17      2       56      1.66      
884        22      0       54      1.63      
885        16      1       49      1.54      
886        17      1       44      1.49      
887        20      2       48      1.64      
888        18      1       51      1.60      
889        16      1       49      1.55      
890        21      3       46      1.60      
891        21      1       46      1.55      
892        25      0       47      1.67      
893        20      3       49      1.62      
894        13      0       54      1.56      
895        18      1       49      1.64      
896        14      1       58      1.65      
897        16      1       54      1.69      
898        20      2       49      1.65      
899        18      1       51      1.61      
900        20      3       54      1.72      
901        18      2       55      1.67      
902        15      1       58      1.66      
903        22      1       60      1.73      
904        22      0       57      1.74      
905        20      0       62      1.71      
906        17      0       58      1.66      
907        21      1       55      1.69      
908        22      0       60      1.67      
909        26      1       50      1.70      
910        26      2       52      1.77      
911        25      1       59      1.87      
912        26      0       57      1.77      
913        25      0       58      1.76      
914        19      0       52      1.66      
915        28      0       53      1.72      
916        23      0       54      1.64      
917        21      0       57      1.74      
918        26      0       55      1.75      
919        25      0       55      1.73      
920        24      0       58      1.68      
921        30      1       61      1.86      
922        32      4       54      1.84      
923        26      1       58      1.80      
924        24      2       58      1.78      
925        21      1       63      1.85      
926        21      4       62      1.80      
927        20      1       54      1.70      
928        21      0       65      1.83      
929        24      1       56      1.71      
930        21      3       53      1.74      
931        23      0       51      1.70      
932        19      1       62      1.68      
933        20      0       62      1.85      
934        21      1       63      1.84      
935        23      0       51      1.65      
936        19      0       49      1.68      
937        15      0       54      1.66      
938        17      1       54      1.71      
939        18      1       53      1.59      
940        19      2       59      1.73      
941        20      1       60      1.85      
942        23      1       56      1.72      
943        27      2       61      1.86      
944        18      1       60      1.75      
945        22      1       60      1.78      
946        23      1       60      1.79      
947        21      1       60      1.77      
948        18      3       54      1.65      
949        19      3       60      1.71      
950        18      1       54      1.65      
951        23      1       58      1.75      
952        20      1       52      1.63      
953        20      0       50      1.60      
954        26      3       59      1.84      
955        20      0       59      1.76      
956        16      1       57      1.63      
957        17      2       57      1.68      
958        27      2       53      1.80      
959        30      2       64      1.97      
960        18      0       51      1.66      
961        18      2       55      1.65      
962        25      5       58      1.83      
963        22      2       55      1.78      
964        21      2       51      1.79      
965        21      1       53      1.73      
966        19      1       45      1.53      
967        20      2       47      1.64      
968        24      2       50      1.67      
969        30      0       48      1.71      
970        24      5       55      1.83      
971        23      1       59      1.73      
972        22      3       58      1.71      
973        21      2       53      1.66      
974        19      2       58      1.71      
975        22      4       52      1.72      
976        27      2       52      1.75      
977        29      2       53      1.76      
978        27      2       50      1.70      
979        26      1       46      1.73      
980        20      0       54      1.70      
981        18      1       58      1.72      
982        28      1       60      1.81      
983        32      3       59      1.85      
984        26      3       56      1.78      
985        28      1       53      1.83      
986        26      2       55      1.82      
987        21      1       44      1.68      
988        24      1       47      1.63      
989        24      2       36      1.55      
990        19      1       40      1.55      
991        22      0       44      1.72      
992        26      1       50      1.71      
993        34      2       53      1.82      
994        26      2       54      1.77      
995        29      3       50      1.71      
996        26      3       52      1.84      
997        32      4       53      1.81      
998        27      4       65      1.83      
999        28      5       58      1.79      
1000       32      1       55      1.80      
1001       31      5       49      1.81      
1002       32      5       49      1.79      
1003       33      1       55      1.84      
1004       24      1       57      1.79      
1005       24      2       51      1.71      
1006       24      1       51      1.69      
1007       26      2       57      1.79      
1008       25      0       55      1.71      
1009       32      3       59      1.83      
1010       30      2       48      1.71      
1011       24      2       44      1.63      
1012       25      4       45      1.64      
1013       31      5       45      1.68      
1014       33      8       50      1.95      
1015       29      6       57      1.89      
1016       28      5       50      1.78      
1017       24      4       53      1.83      
1018       27      4       53      1.82      
1019       22      4       49      1.71      
1020       25      6       48      1.74      
1021       27      4       35      1.59      
1022       28      2       47      1.74      
1023       30      3       47      1.71      
1024       24      2       58      1.78      
1025       29      2       55      1.76      
