#time, lipid_head, lipid_tail, water, pore_size
0          0       3       7       0.73      
1          0       2       6       0.70      
2          0       2       6       0.73      
3          0       4       9       0.72      
4          1       4       7       0.71      
5          0       4       7       0.73      
6          0       5       10      0.80      
7          0       4       11      0.78      
8          2       4       9       0.83      
9          2       3       9       0.73      
10         1       3       8       0.74      
11         3       4       8       0.78      
12         1       3       9       0.71      
13         3       4       9       0.80      
14         3       2       10      0.78      
15         1       4       8       0.80      
16         1       3       8       0.81      
17         0       4       9       0.77      
18         1       4       11      0.81      
19         0       4       11      0.84      
20         0       3       11      0.78      
21         0       3       11      0.78      
22         2       3       10      0.78      
23         1       3       12      0.81      
24         1       5       13      0.92      
25         1       4       12      0.87      
26         1       6       14      0.89      
27         2       3       12      0.82      
28         0       2       14      0.87      
29         0       2       13      0.81      
30         3       3       12      0.89      
31         0       2       13      0.78      
32         0       1       13      0.81      
33         0       1       17      1.02      
34         0       2       12      0.80      
35         1       2       11      0.76      
36         0       3       10      0.84      
37         0       2       12      0.79      
38         0       1       9       0.75      
39         0       2       10      0.75      
40         0       1       12      0.76      
41         0       2       11      0.77      
42         0       2       10      0.75      
43         4       3       9       0.77      
44         1       3       11      0.85      
45         2       4       10      0.89      
46         2       4       11      0.88      
47         1       3       9       0.77      
48         1       5       10      0.86      
49         2       4       10      0.86      
50         1       2       12      0.89      
51         3       3       12      0.89      
52         2       4       9       0.85      
53         1       3       11      0.86      
54         4       3       10      0.82      
55         4       4       9       0.87      
56         4       3       13      0.85      
57         2       3       13      0.96      
58         2       4       10      0.86      
59         1       4       14      0.93      
60         1       3       15      0.89      
61         1       5       12      0.95      
62         1       3       13      0.78      
63         3       3       14      0.88      
64         2       5       11      0.86      
65         1       4       12      0.87      
66         1       3       12      0.81      
67         3       4       11      0.81      
68         1       5       9       0.80      
69         1       4       13      0.88      
70         1       4       12      0.86      
71         0       4       10      0.80      
72         1       4       11      0.84      
73         1       4       12      0.88      
74         1       4       12      0.84      
75         2       5       11      0.89      
76         2       5       14      0.89      
77         3       5       14      0.96      
78         2       5       15      0.97      
79         3       5       14      0.94      
80         6       5       17      1.04      
81         4       4       17      1.06      
82         5       4       16      1.02      
83         3       4       18      1.08      
84         6       4       16      1.05      
85         3       5       15      1.00      
86         5       8       16      1.08      
87         5       6       16      1.03      
88         4       7       17      1.07      
89         7       7       15      1.02      
90         7       8       16      1.09      
91         5       6       15      1.03      
92         7       9       13      1.05      
93         6       6       14      1.09      
94         5       7       16      1.13      
95         5       8       16      1.12      
96         6       7       18      1.16      
97         8       9       15      1.17      
98         4       10      15      1.11      
99         6       11      15      1.13      
100        8       9       17      1.20      
101        3       6       19      1.11      
102        4       6       16      1.10      
103        6       8       15      1.10      
104        5       7       17      1.07      
105        8       8       15      1.07      
106        6       8       14      1.08      
107        8       7       14      1.11      
108        11      7       16      1.12      
109        9       10      17      1.09      
110        9       8       16      1.18      
111        6       7       16      1.09      
112        9       9       15      1.10      
113        10      6       18      1.10      
114        9       9       12      1.06      
115        6       9       15      1.10      
116        4       7       14      1.03      
117        2       8       14      1.09      
118        3       6       14      0.96      
119        5       8       12      1.06      
120        4       9       15      1.10      
121        3       7       14      0.96      
122        6       7       11      1.05      
123        6       8       12      1.02      
124        4       8       12      1.04      
125        6       7       10      1.00      
126        8       7       12      1.00      
127        7       7       10      0.99      
128        5       7       11      0.98      
129        6       8       12      1.00      
130        6       8       11      1.06      
131        6       8       12      1.03      
132        5       8       11      0.94      
133        5       7       12      1.00      
134        9       8       12      1.04      
135        4       8       11      1.03      
136        7       7       13      1.01      
137        3       6       12      0.99      
138        5       8       15      1.02      
139        3       7       12      0.98      
140        5       9       13      1.01      
141        4       8       12      1.05      
142        5       7       12      1.03      
143        4       6       14      0.93      
144        4       7       12      0.94      
145        5       8       12      1.00      
146        6       6       10      0.99      
147        5       7       11      0.96      
148        6       8       11      0.95      
149        6       8       11      0.99      
150        5       6       13      0.93      
151        4       6       13      1.01      
152        6       5       12      0.97      
153        5       7       13      0.98      
154        5       7       12      0.98      
155        4       7       11      0.96      
156        4       8       13      0.96      
157        4       8       13      0.99      
158        5       8       14      1.06      
159        4       6       13      0.99      
160        4       8       15      1.02      
161        4       6       13      0.99      
162        3       8       13      1.00      
163        2       7       12      0.96      
164        5       8       14      1.01      
165        3       7       13      0.97      
166        5       6       12      0.96      
167        5       8       12      1.02      
168        4       6       15      0.96      
169        5       7       15      0.97      
170        5       5       13      1.01      
171        4       8       13      1.02      
172        4       6       14      1.03      
173        3       6       15      0.99      
174        3       6       15      1.00      
175        5       5       12      1.05      
176        4       6       15      0.95      
177        5       6       16      0.99      
178        3       7       16      0.98      
179        3       8       14      0.99      
180        3       6       15      1.01      
181        3       6       16      0.99      
182        4       6       17      1.02      
183        2       7       12      0.98      
184        3       7       13      0.96      
185        2       6       13      0.94      
186        3       6       14      1.03      
187        2       6       14      0.94      
188        2       8       16      1.00      
189        3       8       12      0.97      
190        4       7       13      0.94      
191        3       5       13      0.93      
192        2       5       13      0.94      
193        2       6       13      0.92      
194        3       6       12      0.94      
195        2       6       14      0.98      
196        3       6       13      1.00      
197        3       6       15      0.98      
198        4       7       14      0.99      
199        3       7       14      0.93      
200        2       8       14      1.05      
201        4       8       13      0.99      
202        2       5       15      0.94      
203        2       5       14      0.99      
204        0       8       8       0.92      
205        0       8       11      0.93      
206        0       8       14      1.03      
207        3       7       14      0.98      
208        2       8       12      0.91      
209        3       7       14      0.99      
210        3       6       13      0.90      
211        3       6       14      0.93      
212        4       7       13      0.94      
213        2       6       11      0.84      
214        4       7       13      0.89      
215        4       6       13      1.00      
216        4       5       14      0.97      
217        4       5       11      0.88      
218        4       6       13      0.96      
219        2       5       13      0.93      
220        3       7       11      0.93      
221        3       6       10      0.89      
222        3       6       10      0.87      
223        2       7       11      0.91      
224        0       6       15      0.95      
225        0       6       15      0.93      
226        1       6       14      0.89      
227        3       8       14      0.96      
228        3       7       12      0.98      
229        1       10      13      1.02      
230        0       9       14      1.04      
231        1       10      16      1.03      
232        2       8       13      0.94      
233        2       8       13      0.95      
234        1       9       16      1.01      
235        6       8       14      1.11      
236        6       6       13      1.01      
237        5       7       15      1.09      
238        4       7       15      1.08      
239        8       9       12      1.08      
240        5       9       14      0.96      
241        2       8       15      0.98      
242        1       9       10      0.96      
243        3       8       11      0.99      
244        4       7       12      1.03      
245        2       8       13      0.98      
246        3       9       12      0.96      
247        1       8       13      0.89      
248        2       9       12      0.94      
249        2       9       11      0.95      
250        4       9       12      1.02      
251        4       8       13      0.99      
252        3       9       13      0.96      
253        3       9       14      1.00      
254        0       7       11      0.95      
255        2       9       13      1.08      
256        1       11      11      0.99      
257        4       11      11      1.04      
258        3       10      14      1.01      
259        3       9       14      1.04      
260        2       11      11      1.01      
261        1       10      14      1.01      
262        2       11      10      1.00      
263        0       11      11      0.95      
264        1       12      12      0.96      
265        2       13      13      1.04      
266        0       13      12      1.02      
267        2       10      12      0.94      
268        3       12      12      1.08      
269        3       12      10      1.02      
270        3       12      10      1.01      
271        1       11      14      1.09      
272        2       11      12      1.07      
273        1       9       12      0.98      
274        0       9       10      0.96      
275        0       9       10      0.96      
276        4       11      15      1.19      
277        2       11      12      1.08      
278        2       11      12      1.00      
279        2       12      13      1.03      
280        2       11      14      0.97      
281        1       10      10      0.94      
282        0       10      11      0.90      
283        0       10      13      0.92      
284        2       8       14      0.90      
285        2       8       12      0.98      
286        2       5       15      1.00      
287        1       5       15      0.98      
288        2       6       16      0.99      
289        1       8       12      0.96      
290        3       7       15      0.97      
291        3       5       12      0.95      
292        3       8       15      0.94      
293        3       6       14      0.97      
294        3       7       15      0.95      
295        1       6       13      0.89      
296        2       7       13      0.91      
297        3       6       12      0.93      
298        3       6       14      0.92      
299        4       5       16      0.97      
300        2       7       14      0.99      
301        4       5       12      0.91      
302        2       6       16      0.96      
303        3       5       13      0.94      
304        2       5       17      0.91      
305        2       6       14      0.97      
306        3       6       16      1.01      
307        4       8       15      1.03      
308        2       9       14      0.96      
309        3       8       13      0.93      
310        3       7       12      0.97      
311        4       7       13      1.01      
312        3       7       12      0.97      
313        1       8       14      0.94      
314        3       10      11      0.99      
315        3       9       14      1.05      
316        4       10      14      1.04      
317        3       9       13      1.04      
318        2       9       14      1.05      
319        4       9       14      1.00      
320        2       8       13      1.00      
321        1       8       13      1.00      
322        1       9       14      1.05      
323        2       9       16      0.99      
324        2       9       14      1.00      
325        3       8       15      1.03      
326        2       8       18      1.03      
327        3       7       14      0.99      
328        3       6       13      0.95      
329        3       6       17      0.97      
330        5       7       16      1.05      
331        4       5       15      0.98      
332        3       9       15      1.04      
333        4       7       16      1.01      
334        4       9       16      1.08      
335        3       10      13      1.03      
336        4       8       15      0.99      
337        4       7       15      1.01      
338        5       6       18      1.05      
339        4       6       15      1.01      
340        2       7       17      0.91      
341        3       6       16      0.94      
342        3       6       10      0.93      
343        3       6       14      0.96      
344        2       7       16      0.98      
345        4       6       13      0.94      
346        4       6       14      0.97      
347        3       7       13      1.01      
348        3       9       11      0.98      
349        5       7       12      0.99      
350        5       8       11      1.00      
351        2       8       17      1.03      
352        3       9       13      1.00      
353        3       5       15      0.95      
354        4       5       17      0.95      
355        2       7       13      1.02      
356        3       6       13      1.08      
357        4       8       13      1.00      
358        4       7       12      0.99      
359        2       7       12      0.96      
360        3       8       11      0.95      
361        4       9       11      1.08      
362        2       8       14      0.93      
363        3       7       15      0.96      
364        2       8       15      0.95      
365        2       5       12      0.84      
366        2       4       13      0.87      
367        2       4       13      0.87      
368        3       5       15      0.91      
369        4       3       14      0.93      
370        2       5       11      0.88      
371        3       3       15      0.95      
372        0       7       13      1.01      
373        0       7       14      0.97      
374        1       7       10      0.95      
375        1       7       16      1.01      
376        2       7       15      0.98      
377        2       6       17      0.99      
378        2       6       14      1.01      
379        4       7       14      1.00      
380        3       7       13      0.95      
381        3       7       15      1.04      
382        4       6       16      1.00      
383        4       6       12      0.99      
384        4       7       17      1.05      
385        4       6       12      0.98      
386        2       9       16      1.02      
387        4       8       15      0.97      
388        3       6       14      1.04      
389        4       7       16      1.02      
390        2       6       12      0.95      
391        4       7       13      1.02      
392        4       8       15      0.99      
393        3       9       12      1.00      
394        5       6       14      0.96      
395        2       6       12      1.01      
396        2       4       14      0.94      
397        3       6       16      0.98      
398        5       6       17      1.04      
399        3       6       16      1.04      
400        3       6       13      1.05      
401        3       7       14      1.00      
402        5       9       14      1.10      
403        5       6       15      1.00      
404        5       7       12      0.99      
405        4       6       15      1.03      
406        4       5       12      1.01      
407        4       8       13      1.06      
408        4       7       15      1.05      
409        4       8       13      1.06      
410        4       7       14      1.02      
411        3       6       15      0.99      
412        3       7       13      1.02      
413        4       7       12      0.96      
414        5       6       11      1.03      
415        2       6       14      0.94      
416        2       6       14      0.99      
417        4       7       12      0.98      
418        2       7       11      0.96      
419        6       8       13      1.01      
420        3       6       14      1.03      
421        3       6       15      0.98      
422        2       6       15      1.00      
423        3       5       10      0.88      
424        4       6       13      0.99      
425        2       5       13      0.91      
426        2       5       13      0.89      
427        2       6       14      0.98      
428        3       6       15      1.00      
429        3       7       13      1.05      
430        4       7       13      1.04      
431        3       7       13      1.02      
432        2       6       12      1.03      
433        2       8       13      1.02      
434        4       6       13      1.03      
435        4       7       13      1.06      
436        4       6       13      0.96      
437        4       5       10      1.01      
438        3       5       10      0.97      
439        4       6       14      1.02      
440        4       6       10      0.96      
441        3       8       13      1.05      
442        4       7       12      1.02      
443        3       7       11      1.02      
444        4       5       10      0.98      
445        3       8       12      1.03      
446        2       6       13      1.01      
447        4       7       15      1.06      
448        3       6       14      1.00      
449        2       7       12      1.00      
450        4       7       12      0.95      
451        4       6       13      0.94      
452        4       8       13      0.97      
453        4       4       13      0.95      
454        5       8       13      0.95      
455        3       5       13      0.95      
456        2       5       11      0.95      
457        3       6       16      0.95      
458        4       8       14      1.03      
459        5       5       11      0.98      
460        7       5       10      1.02      
461        3       5       14      1.05      
462        6       9       16      1.14      
463        2       8       13      0.97      
464        5       7       13      0.99      
465        4       6       12      0.93      
466        4       6       15      1.06      
467        6       5       12      1.02      
468        5       6       10      1.03      
469        3       6       15      1.04      
470        5       6       14      0.95      
471        5       6       13      1.05      
472        3       4       15      1.01      
473        7       5       13      0.99      
474        4       4       13      1.02      
475        3       5       12      0.93      
476        4       5       17      1.00      
477        4       5       16      1.08      
478        4       4       16      0.97      
479        3       5       16      1.05      
480        2       5       14      1.04      
481        3       5       14      0.99      
482        3       5       13      1.02      
483        4       5       19      1.02      
484        4       7       13      1.02      
485        4       8       14      1.05      
486        3       5       14      1.00      
487        6       5       14      1.02      
488        5       5       16      1.01      
489        3       8       14      1.00      
490        4       6       14      1.03      
491        3       11      14      1.07      
492        4       10      15      1.04      
493        4       8       14      1.09      
494        4       11      15      1.11      
495        5       9       13      1.03      
496        5       6       14      1.03      
497        4       8       16      1.13      
498        6       11      16      1.21      
499        6       9       14      1.19      
500        4       7       16      1.09      
501        7       6       17      1.11      
502        5       9       13      1.13      
503        6       8       14      1.15      
504        4       7       15      1.14      
505        5       8       14      1.05      
506        6       6       18      1.15      
507        7       10      13      1.14      
508        7       9       15      1.18      
509        7       13      12      1.16      
510        6       8       15      1.15      
511        5       8       12      1.11      
512        6       9       11      1.10      
513        5       11      10      1.12      
514        8       10      10      1.15      
515        4       11      12      1.14      
516        7       10      13      1.12      
517        3       13      10      1.07      
518        8       11      11      1.15      
519        10      10      10      1.14      
520        3       8       9       1.02      
521        8       11      10      1.09      
522        10      8       11      1.09      
523        7       10      11      1.06      
524        6       10      13      1.09      
525        10      8       12      1.13      
526        11      9       13      1.20      
527        6       9       16      1.13      
528        10      7       13      1.14      
529        5       8       16      1.16      
530        6       9       12      1.05      
531        8       9       13      1.19      
532        7       9       13      1.15      
533        6       12      13      1.15      
534        8       7       13      1.20      
535        10      7       13      1.18      
536        6       7       16      1.12      
537        9       6       16      1.19      
538        7       6       14      1.15      
539        5       7       14      1.15      
540        7       7       16      1.09      
541        5       9       17      1.18      
542        9       8       11      1.21      
543        9       9       14      1.21      
544        11      8       15      1.17      
545        11      6       16      1.18      
546        9       7       13      1.15      
547        7       7       15      1.13      
548        9       9       17      1.25      
549        7       8       15      1.20      
550        7       8       12      1.15      
551        7       6       14      1.16      
552        8       7       14      1.13      
553        9       9       17      1.19      
554        8       9       18      1.19      
555        8       7       20      1.24      
556        6       10      16      1.22      
557        7       7       17      1.20      
558        6       8       19      1.15      
559        8       7       17      1.17      
560        9       6       16      1.12      
561        7       8       18      1.20      
562        9       9       20      1.25      
563        6       6       18      1.22      
564        9       9       20      1.28      
565        9       8       17      1.26      
566        10      7       20      1.26      
567        8       8       23      1.27      
568        7       11      16      1.21      
569        6       8       14      1.17      
570        6       10      16      1.18      
571        6       9       18      1.16      
572        6       10      15      1.18      
573        10      10      12      1.15      
574        8       9       18      1.20      
575        10      8       15      1.19      
576        9       8       12      1.07      
577        8       9       15      1.15      
578        7       9       13      1.15      
579        8       10      15      1.21      
580        5       8       13      1.17      
581        11      8       13      1.12      
582        10      10      15      1.21      
583        11      8       14      1.22      
584        10      10      10      1.18      
585        10      10      15      1.17      
586        8       9       11      1.12      
587        9       10      14      1.24      
588        10      11      9       1.16      
589        10      13      10      1.22      
590        9       15      10      1.21      
591        10      11      14      1.18      
592        12      11      12      1.21      
593        16      8       15      1.20      
594        12      7       13      1.19      
595        12      8       14      1.19      
596        11      10      13      1.22      
597        11      9       12      1.22      
598        10      9       12      1.23      
599        10      11      11      1.17      
600        7       12      13      1.18      
601        7       13      12      1.18      
602        9       12      15      1.21      
603        8       13      12      1.16      
604        8       13      15      1.20      
605        12      12      17      1.22      
606        11      11      13      1.25      
607        8       11      16      1.23      
608        5       14      15      1.19      
609        6       14      13      1.17      
610        9       14      12      1.20      
611        9       13      12      1.23      
612        10      11      12      1.19      
613        7       17      12      1.24      
614        12      13      14      1.21      
615        7       14      15      1.23      
616        7       17      13      1.23      
617        8       13      15      1.27      
618        10      13      19      1.27      
619        9       13      16      1.24      
620        8       14      15      1.34      
621        9       13      20      1.32      
622        5       13      17      1.17      
623        8       13      20      1.31      
624        9       17      17      1.33      
625        8       14      15      1.35      
626        8       12      17      1.27      
627        7       12      18      1.31      
628        9       15      16      1.27      
629        11      12      17      1.31      
630        10      11      16      1.28      
631        10      18      22      1.40      
632        13      15      21      1.42      
633        11      15      15      1.32      
634        6       14      15      1.28      
635        11      11      15      1.20      
636        14      12      18      1.31      
637        11      10      15      1.26      
638        11      12      19      1.30      
639        11      9       19      1.21      
640        11      10      21      1.27      
641        10      10      21      1.35      
642        7       14      17      1.26      
643        11      13      20      1.31      
644        9       15      18      1.28      
645        6       10      20      1.16      
646        7       12      17      1.25      
647        7       16      17      1.25      
648        5       16      16      1.26      
649        5       16      17      1.28      
650        10      14      19      1.28      
651        8       15      20      1.35      
652        7       13      21      1.24      
653        7       11      21      1.27      
654        5       12      18      1.29      
655        7       13      16      1.17      
656        7       11      23      1.27      
657        7       10      20      1.25      
658        7       12      25      1.25      
659        6       10      24      1.26      
660        9       13      23      1.30      
661        7       10      21      1.23      
662        7       11      18      1.17      
663        7       12      21      1.24      
664        4       13      15      1.14      
665        6       12      17      1.23      
666        7       12      14      1.18      
667        6       11      16      1.21      
668        5       11      16      1.20      
669        6       12      15      1.26      
670        4       12      18      1.20      
671        4       13      19      1.24      
672        2       10      16      1.16      
673        3       14      18      1.26      
674        3       13      21      1.22      
675        5       11      21      1.27      
676        4       9       21      1.23      
677        6       13      23      1.28      
678        5       12      17      1.24      
679        7       11      18      1.18      
680        6       11      18      1.19      
681        7       11      14      1.16      
682        3       12      17      1.18      
683        4       14      18      1.21      
684        9       12      14      1.20      
685        9       12      23      1.26      
686        8       14      13      1.17      
687        7       12      17      1.23      
688        4       16      13      1.23      
689        6       11      14      1.17      
690        5       17      13      1.19      
691        7       16      16      1.28      
692        3       13      21      1.19      
693        4       14      16      1.24      
694        6       15      17      1.23      
695        5       15      15      1.29      
696        4       16      10      1.13      
697        5       16      13      1.20      
698        3       18      14      1.25      
699        5       19      15      1.24      
700        5       20      14      1.30      
701        7       20      16      1.33      
702        4       23      16      1.37      
703        3       19      13      1.21      
704        5       19      13      1.21      
705        7       18      13      1.23      
706        8       21      13      1.26      
707        6       18      15      1.31      
708        6       19      17      1.31      
709        8       21      18      1.34      
710        6       18      13      1.22      
711        4       18      10      1.19      
712        5       19      11      1.21      
713        5       19      13      1.26      
714        4       18      12      1.16      
715        3       21      13      1.28      
716        5       20      14      1.27      
717        5       21      12      1.25      
718        4       15      13      1.21      
719        4       17      15      1.20      
720        5       19      11      1.17      
721        4       18      11      1.17      
722        4       19      14      1.24      
723        3       19      14      1.31      
724        6       21      16      1.35      
725        5       20      14      1.25      
726        5       15      12      1.19      
727        4       18      14      1.25      
728        6       22      15      1.29      
729        5       17      17      1.29      
730        6       17      17      1.26      
731        7       15      17      1.27      
732        5       18      18      1.31      
733        3       16      16      1.18      
734        6       15      19      1.28      
735        7       22      18      1.35      
736        8       20      16      1.30      
737        8       21      15      1.33      
738        6       24      16      1.32      
739        6       23      18      1.34      
740        6       21      14      1.31      
741        6       22      18      1.28      
742        9       18      22      1.33      
743        4       22      16      1.24      
744        5       18      14      1.26      
745        7       19      19      1.36      
746        6       18      18      1.27      
747        3       17      19      1.26      
748        5       20      20      1.32      
749        7       19      21      1.38      
750        8       17      17      1.30      
751        8       19      17      1.36      
752        3       19      17      1.34      
753        6       17      19      1.25      
754        6       19      16      1.26      
755        5       17      15      1.20      
756        6       18      18      1.31      
757        4       21      19      1.37      
758        3       20      19      1.34      
759        3       19      19      1.20      
760        5       19      20      1.35      
761        10      22      19      1.42      
762        5       22      16      1.35      
763        5       17      19      1.32      
764        7       18      18      1.33      
765        6       20      20      1.34      
766        3       20      17      1.30      
767        4       18      14      1.29      
768        4       22      18      1.39      
769        4       19      17      1.34      
770        3       21      17      1.35      
771        6       20      20      1.36      
772        5       19      17      1.34      
773        5       19      20      1.34      
774        4       14      18      1.25      
775        4       17      20      1.34      
776        5       19      20      1.34      
777        9       20      21      1.32      
778        9       19      20      1.37      
779        6       17      21      1.34      
780        6       16      20      1.24      
781        9       17      21      1.37      
782        6       18      18      1.29      
783        8       16      16      1.29      
784        11      22      19      1.47      
785        6       18      18      1.33      
786        8       19      19      1.36      
787        7       18      19      1.38      
788        8       20      21      1.38      
789        6       18      20      1.40      
790        6       20      20      1.39      
791        5       19      21      1.38      
792        8       21      23      1.44      
793        2       19      23      1.39      
794        5       18      23      1.45      
795        6       20      18      1.42      
796        3       17      24      1.38      
797        5       21      26      1.45      
798        8       21      25      1.45      
799        9       23      24      1.49      
800        7       25      23      1.51      
801        12      24      20      1.51      
802        8       16      24      1.41      
803        12      20      24      1.47      
804        9       23      20      1.45      
805        16      20      21      1.51      
806        9       21      22      1.41      
807        12      17      25      1.42      
808        8       18      22      1.49      
809        10      20      25      1.47      
810        12      18      29      1.59      
811        12      22      24      1.50      
812        9       22      23      1.49      
813        10      20      23      1.45      
814        10      23      22      1.45      
815        10      19      20      1.37      
816        10      22      21      1.44      
817        8       20      21      1.35      
818        6       23      21      1.39      
819        10      19      22      1.50      
820        9       22      23      1.50      
821        7       18      24      1.38      
822        7       19      24      1.34      
823        7       20      22      1.35      
824        6       16      21      1.31      
825        8       19      20      1.31      
826        2       21      15      1.31      
827        6       22      18      1.33      
828        3       21      16      1.33      
829        5       23      19      1.35      
830        5       21      19      1.35      
831        5       20      17      1.31      
832        11      19      18      1.33      
833        9       23      18      1.34      
834        4       19      20      1.34      
835        7       21      17      1.38      
836        8       19      16      1.27      
837        5       22      17      1.34      
838        8       21      14      1.30      
839        4       18      16      1.21      
840        4       18      15      1.24      
841        2       18      15      1.21      
842        6       16      15      1.24      
843        6       19      20      1.32      
844        7       22      16      1.32      
845        5       18      14      1.20      
846        3       15      11      1.22      
847        5       12      15      1.22      
848        4       15      16      1.24      
849        5       16      17      1.27      
850        5       18      16      1.31      
851        5       19      19      1.28      
852        6       19      19      1.35      
853        7       24      23      1.44      
854        4       16      26      1.42      
855        10      21      24      1.50      
856        12      16      22      1.39      
857        8       17      25      1.42      
858        5       18      21      1.33      
859        5       20      19      1.33      
860        7       19      21      1.38      
861        10      19      18      1.31      
862        10      21      23      1.38      
863        10      18      22      1.32      
864        8       17      22      1.34      
865        11      21      22      1.46      
866        11      20      18      1.39      
867        9       17      22      1.35      
868        8       18      19      1.27      
869        6       18      21      1.28      
870        10      17      18      1.29      
871        8       18      19      1.38      
872        12      19      22      1.44      
873        9       22      21      1.43      
874        10      22      19      1.41      
875        9       27      23      1.50      
876        13      25      21      1.45      
877        12      25      21      1.42      
878        11      24      21      1.48      
879        11      19      17      1.35      
880        14      23      18      1.43      
881        12      24      20      1.42      
882        9       21      17      1.35      
883        9       23      19      1.41      
884        11      21      19      1.36      
885        9       22      18      1.40      
886        11      22      19      1.37      
887        10      20      15      1.42      
888        11      23      20      1.41      
889        9       22      21      1.40      
890        9       21      19      1.39      
891        15      19      20      1.48      
892        14      18      20      1.38      
893        16      15      19      1.39      
894        9       20      15      1.30      
895        13      22      18      1.33      
896        15      13      20      1.42      
897        12      16      22      1.36      
898        13      14      23      1.44      
899        13      16      22      1.43      
900        9       17      19      1.39      
901        15      19      23      1.48      
902        11      23      24      1.52      
903        16      16      21      1.40      
904        13      19      20      1.45      
905        14      21      24      1.41      
906        15      19      23      1.43      
907        17      14      16      1.35      
908        10      16      23      1.39      
909        11      20      19      1.39      
910        14      23      18      1.42      
911        12      22      18      1.42      
912        10      25      23      1.47      
913        11      23      21      1.40      
914        11      23      22      1.48      
915        17      27      21      1.49      
916        9       23      17      1.43      
917        7       24      17      1.37      
918        9       24      17      1.38      
919        7       27      16      1.37      
920        8       26      16      1.33      
921        9       25      16      1.37      
922        10      29      20      1.50      
923        13      28      22      1.59      
924        13      26      20      1.52      
925        9       28      19      1.46      
926        9       25      17      1.37      
927        13      29      18      1.47      
928        12      27      17      1.48      
929        14      23      21      1.46      
930        10      22      19      1.45      
931        13      20      22      1.43      
932        11      21      20      1.43      
933        15      23      23      1.52      
934        13      24      20      1.55      
935        12      23      20      1.46      
936        14      22      21      1.40      
937        16      21      20      1.46      
938        15      20      13      1.35      
939        12      22      15      1.32      
940        13      22      19      1.37      
941        12      20      14      1.38      
942        14      21      18      1.48      
943        13      22      24      1.51      
944        12      24      23      1.50      
945        13      21      19      1.40      
946        11      26      20      1.56      
947        13      24      21      1.52      
