#time, lipid_head, lipid_tail, water, pore_size
0          0       2       5       6.26      
1          0       3       8       7.69      
2          1       4       10      8.46      
3          1       4       10      8.26      
4          0       4       9       7.74      
5          2       4       8       7.91      
6          3       4       7       7.87      
7          4       3       8       8.28      
8          3       4       8       8.93      
9          2       4       7       8.05      
10         2       5       5       8.20      
11         2       4       5       7.22      
12         3       5       4       7.83      
13         3       4       5       7.89      
14         2       4       6       8.29      
15         3       5       5       8.06      
16         1       4       5       7.58      
17         4       5       4       7.72      
18         4       4       6       7.54      
19         2       5       4       7.57      
20         3       4       5       7.71      
21         3       6       5       8.04      
22         3       5       5       7.43      
23         3       4       6       7.43      
24         3       5       5       7.43      
25         1       4       4       7.15      
26         3       5       6       7.61      
27         4       5       7       7.30      
28         2       4       6       7.99      
29         1       4       6       8.09      
30         3       5       6       7.94      
31         1       5       5       7.95      
32         2       5       6       8.16      
33         4       5       8       8.51      
34         2       3       8       8.08      
35         3       5       7       8.03      
36         4       6       7       8.87      
37         2       5       8       7.92      
38         2       5       6       7.95      
39         2       4       8       8.87      
40         1       4       9       7.80      
41         2       4       8       7.99      
42         2       4       7       8.04      
43         2       4       7       8.79      
44         3       3       7       7.88      
45         4       4       7       8.25      
46         3       4       6       8.33      
47         4       4       6       8.58      
48         3       4       7       7.64      
49         3       4       8       8.50      
50         2       4       5       8.47      
51         3       4       7       8.67      
52         6       4       8       8.84      
53         2       4       8       8.56      
54         5       4       7       9.02      
55         4       3       7       8.67      
56         6       5       9       8.69      
57         3       6       8       8.94      
58         5       5       7       8.41      
59         5       4       9       9.20      
60         3       4       6       8.71      
61         4       4       6       8.54      
62         5       4       7       7.90      
63         5       3       5       8.15      
64         5       4       5       8.24      
65         6       4       8       8.90      
66         4       5       8       8.53      
67         7       5       13      10.08     
68         7       9       14      10.85     
69         4       8       12      9.50      
70         7       8       11      10.76     
71         7       9       11      10.62     
72         8       9       13      11.09     
73         7       9       14      10.40     
74         8       8       11      9.92      
75         9       10      11      10.41     
76         9       9       12      10.55     
77         7       9       13      9.83      
78         7       10      12      10.60     
79         7       8       9       10.26     
80         7       10      12      10.52     
81         8       8       11      10.22     
82         5       8       11      9.93      
83         7       9       11      9.78      
84         5       10      13      10.20     
85         8       9       13      10.20     
86         8       10      11      10.48     
87         7       10      9       9.82      
88         7       8       10      9.63      
89         9       7       10      9.11      
90         8       7       10      9.84      
91         5       8       9       9.49      
92         7       9       10      9.64      
93         7       9       13      10.13     
94         6       8       11      9.86      
95         5       8       10      9.90      
96         6       8       12      10.16     
97         8       8       12      10.32     
98         10      8       10      10.78     
99         6       8       11      10.09     
100        8       8       10      10.34     
101        8       6       12      10.44     
102        9       7       12      10.18     
103        10      8       12      10.89     
104        7       8       9       10.31     
105        9       8       11      10.58     
106        7       8       12      10.62     
107        6       6       11      10.73     
108        6       6       13      10.56     
109        7       6       10      10.13     
110        6       7       12      10.81     
111        6       8       11      11.01     
112        6       7       10      9.86      
113        6       9       12      10.93     
114        9       9       11      11.30     
115        8       9       12      10.46     
116        8       7       12      10.90     
117        8       7       11      10.91     
118        8       9       12      10.50     
119        6       9       12      10.78     
120        8       7       11      10.19     
121        8       7       11      10.47     
122        5       7       12      10.25     
123        6       7       12      9.88      
124        7       5       10      9.53      
125        8       5       11      10.44     
126        10      6       11      10.26     
127        9       9       9       10.66     
128        5       6       12      9.77      
129        7       10      12      10.59     
130        6       9       11      10.38     
131        9       9       11      10.99     
132        9       10      12      10.51     
133        9       9       10      10.29     
134        7       8       12      10.75     
135        9       8       11      10.86     
136        6       7       10      9.74      
137        6       7       14      10.70     
138        6       5       13      9.10      
139        7       8       14      10.73     
140        9       11      13      11.13     
141        7       9       12      10.84     
142        7       11      12      10.64     
143        9       12      10      11.51     
144        8       9       12      11.63     
145        9       9       13      11.56     
146        9       9       12      11.27     
147        6       9       11      10.86     
148        8       8       11      10.98     
149        10      8       11      9.89      
150        10      8       12      10.52     
151        9       9       12      10.75     
152        8       9       9       10.44     
153        12      8       8       11.18     
154        11      9       11      11.31     
155        10      7       9       10.59     
156        9       9       11      11.54     
157        11      11      11      11.56     
158        10      7       10      11.31     
159        11      8       12      11.98     
160        8       8       11      10.01     
161        5       9       15      11.09     
162        8       8       13      11.00     
163        11      8       15      11.48     
164        8       8       13      11.52     
165        9       8       14      11.87     
166        8       8       17      11.41     
167        11      10      11      11.31     
168        9       8       11      11.26     
169        9       12      13      11.93     
170        9       11      12      10.64     
171        10      10      11      11.35     
172        12      10      10      11.18     
173        8       12      11      11.28     
174        10      8       10      11.56     
175        13      11      13      13.36     
176        8       9       12      11.35     
177        9       7       10      11.57     
178        8       10      11      11.46     
179        11      10      12      11.75     
180        9       10      11      11.00     
181        8       9       13      10.81     
182        13      11      13      12.44     
183        12      10      13      11.42     
184        8       7       15      11.47     
185        10      8       16      11.51     
186        7       8       15      11.20     
187        10      8       13      11.34     
188        14      8       15      12.23     
189        10      9       16      11.57     
190        12      7       14      11.35     
191        9       7       12      10.96     
192        8       7       12      10.55     
193        8       7       11      10.27     
194        11      8       11      11.39     
195        12      8       10      11.01     
196        11      8       11      10.95     
197        10      11      11      11.49     
198        11      10      11      11.47     
199        12      10      12      11.80     
200        9       10      12      11.02     
201        8       12      11      11.31     
202        10      13      12      11.25     
203        7       12      12      11.68     
204        9       8       15      11.79     
205        10      8       18      12.02     
206        11      11      14      11.85     
207        14      11      18      12.55     
208        14      11      14      13.03     
209        16      12      17      13.06     
210        10      9       13      11.82     
211        12      10      13      12.53     
212        13      11      15      11.70     
213        10      11      14      11.67     
214        13      11      14      12.37     
215        11      11      17      12.68     
216        11      9       15      13.11     
217        13      9       16      12.30     
218        13      9       15      11.48     
219        11      11      17      11.68     
220        10      8       15      12.10     
221        11      7       20      13.70     
222        13      10      21      13.23     
223        12      9       16      12.74     
224        14      14      22      14.90     
225        11      17      17      13.16     
226        12      14      18      13.71     
227        12      11      16      12.71     
228        9       14      17      13.20     
229        9       14      18      12.98     
230        7       13      18      12.17     
231        10      14      19      12.39     
232        9       13      19      12.92     
233        9       10      16      11.61     
234        9       11      18      13.71     
235        7       11      18      12.42     
236        12      11      16      12.85     
237        12      11      14      12.30     
238        11      8       13      12.03     
239        12      11      11      12.02     
240        12      9       14      11.76     
241        10      10      14      12.60     
242        10      9       13      11.78     
243        12      11      15      12.80     
244        12      8       16      12.62     
245        13      11      13      12.71     
246        12      10      15      13.41     
247        10      10      12      12.11     
248        13      8       13      12.42     
249        14      11      14      13.47     
250        12      12      14      12.87     
251        14      8       15      12.78     
252        7       8       13      12.33     
253        9       8       15      13.10     
254        11      9       16      12.32     
255        12      9       15      12.47     
256        11      12      13      12.02     
257        8       13      15      12.42     
258        12      11      17      13.99     
259        9       9       18      12.58     
260        12      10      17      12.73     
261        11      8       17      12.58     
262        10      7       16      12.29     
263        14      11      16      13.05     
264        17      7       17      13.00     
265        16      5       16      12.91     
266        11      5       20      13.38     
267        11      7       17      12.19     
268        13      6       21      12.81     
269        12      6       24      13.05     
270        15      5       22      13.23     
271        10      6       16      12.36     
272        13      8       15      12.48     
273        11      12      16      13.54     
274        10      9       17      12.30     
275        10      9       19      12.58     
276        11      9       18      12.86     
277        10      9       18      12.84     
278        11      7       18      11.78     
279        8       4       19      11.25     
280        7       3       21      11.44     
281        6       5       24      11.54     
282        7       7       21      11.67     
283        6       8       22      12.31     
284        6       6       22      11.39     
285        7       14      19      12.53     
286        8       13      18      11.39     
287        8       12      19      12.03     
288        7       13      16      10.62     
289        7       9       17      11.17     
290        7       11      15      11.17     
291        9       11      20      12.05     
292        5       11      20      11.51     
293        7       11      16      10.90     
294        5       12      15      11.68     
295        3       12      15      11.21     
296        4       10      19      11.81     
297        8       9       17      11.69     
298        6       7       18      10.80     
299        7       10      17      11.40     
300        5       6       19      10.61     
301        6       7       17      11.00     
302        5       8       15      10.47     
303        6       7       17      10.81     
304        4       7       18      10.31     
305        9       3       22      10.71     
306        8       3       21      10.64     
307        6       4       21      10.87     
308        6       4       22      10.67     
309        5       4       19      10.15     
310        4       4       16      10.42     
311        7       6       17      10.45     
312        8       5       18      10.43     
313        9       3       17      9.87      
314        3       5       18      10.44     
315        6       4       21      11.07     
316        5       2       17      10.46     
317        7       2       24      11.21     
318        5       2       26      10.88     
319        8       0       27      11.38     
320        8       1       25      11.79     
321        7       0       25      11.11     
322        6       1       24      11.34     
323        5       0       30      11.48     
324        6       0       26      10.31     
325        6       2       24      11.46     
326        9       4       24      10.86     
327        8       1       28      11.63     
328        8       2       26      10.90     
329        8       0       26      11.08     
330        10      0       26      11.53     
331        8       0       29      12.30     
332        10      0       28      11.68     
333        8       2       27      11.75     
334        11      0       29      12.32     
335        8       0       31      11.91     
336        9       0       27      11.76     
337        12      0       32      12.79     
338        9       0       30      12.37     
339        11      0       32      12.36     
340        13      2       32      13.10     
341        11      2       30      12.86     
342        14      0       32      12.80     
343        11      1       31      12.58     
344        12      0       33      13.24     
345        11      0       33      12.37     
346        10      1       31      12.27     
347        10      1       35      12.78     
348        11      1       33      12.64     
349        10      2       31      12.60     
350        13      3       32      13.27     
351        10      1       29      12.23     
352        8       0       25      11.21     
353        7       1       28      11.76     
354        11      1       28      11.95     
355        7       3       31      12.07     
356        7       0       28      12.25     
357        6       1       30      11.37     
358        6       2       29      11.99     
359        6       2       31      12.00     
360        6       2       32      12.18     
361        8       2       31      12.69     
362        6       1       32      12.42     
363        7       1       27      12.30     
364        6       3       27      12.41     
365        4       2       26      11.35     
366        7       3       26      11.55     
367        10      2       25      12.33     
368        7       1       26      11.10     
369        9       0       27      12.69     
370        8       1       33      13.05     
371        9       1       30      12.85     
372        10      3       30      12.52     
373        7       4       26      11.98     
374        9       3       24      11.45     
375        10      1       23      11.59     
376        9       3       26      11.78     
377        9       2       23      11.41     
378        11      3       24      11.90     
379        10      1       21      11.46     
380        9       2       23      11.26     
381        10      1       25      11.96     
382        12      1       25      11.91     
383        13      2       24      12.04     
384        9       1       19      11.36     
385        10      1       26      12.01     
386        15      1       28      13.29     
387        11      1       29      12.91     
388        12      2       27      12.78     
389        11      1       22      11.73     
390        12      1       26      12.29     
391        12      1       27      12.61     
392        12      1       26      12.23     
393        8       1       25      12.13     
394        12      1       24      11.36     
395        12      2       27      12.49     
396        11      2       27      12.15     
397        13      1       25      12.42     
398        11      3       25      12.15     
399        12      2       22      11.84     
400        12      1       25      12.29     
401        15      2       23      11.66     
402        11      2       25      12.19     
403        11      2       27      12.58     
404        11      3       27      12.34     
405        9       2       24      11.92     
406        11      0       23      11.89     
407        12      1       24      12.94     
408        10      2       25      12.01     
409        12      0       26      12.16     
410        12      2       25      12.56     
411        13      1       25      12.20     
412        14      0       24      11.90     
413        14      1       27      12.28     
414        12      0       23      11.50     
415        12      0       22      11.30     
416        11      1       25      11.54     
417        13      1       25      12.21     
418        9       0       21      11.45     
419        10      0       24      11.04     
420        11      1       22      11.41     
421        12      0       25      11.22     
422        13      0       23      11.66     
423        13      1       25      12.15     
424        14      3       24      12.28     
425        15      0       25      12.35     
426        15      1       25      13.12     
427        15      2       23      12.92     
428        14      3       26      12.18     
429        16      2       24      12.31     
430        14      2       27      12.86     
431        12      2       26      12.45     
432        12      1       21      12.23     
433        10      2       28      12.85     
434        12      1       29      12.36     
435        14      0       25      12.14     
436        15      0       27      13.11     
437        15      0       29      12.16     
438        14      0       25      11.71     
439        14      0       24      11.54     
440        11      2       25      11.52     
441        15      1       27      12.11     
442        14      1       24      12.18     
443        14      1       25      11.86     
444        12      0       25      11.95     
445        14      3       26      12.40     
446        9       1       24      12.55     
447        11      0       23      11.34     
448        13      2       25      12.84     
449        9       3       23      11.80     
450        10      3       26      12.12     
451        10      3       26      11.76     
452        11      4       27      11.82     
453        10      2       24      11.46     
454        9       3       24      11.29     
455        12      2       24      12.51     
456        8       4       25      11.32     
457        10      3       28      11.93     
458        7       3       26      12.13     
459        10      1       31      13.48     
460        12      3       27      13.02     
461        11      2       28      12.82     
462        9       3       26      11.79     
463        14      3       27      12.68     
464        10      2       25      12.51     
465        11      3       24      12.27     
466        14      2       22      11.79     
467        16      5       27      13.77     
468        13      2       26      12.65     
469        12      0       26      12.13     
470        14      0       28      12.93     
471        13      2       30      12.75     
472        11      1       27      13.32     
473        9       1       31      13.48     
474        9       1       28      12.71     
475        10      1       33      12.53     
476        9       2       30      13.10     
477        11      4       30      13.30     
478        9       3       38      14.01     
479        9       1       34      13.02     
480        10      2       29      12.55     
481        8       2       27      12.19     
482        9       1       26      12.01     
483        7       1       32      12.28     
484        6       1       34      12.86     
485        8       3       29      12.50     
486        8       1       33      12.24     
487        10      0       26      11.91     
488        10      2       30      12.32     
489        9       0       27      12.03     
490        10      2       32      12.31     
491        10      2       31      12.27     
492        9       1       31      12.21     
493        9       2       31      11.96     
494        8       1       31      11.87     
495        5       0       35      12.67     
496        9       1       39      13.92     
497        5       1       30      12.35     
498        9       0       31      13.08     
499        10      1       37      13.29     
500        9       0       35      12.89     
501        5       0       31      11.57     
502        10      0       36      12.89     
503        9       0       31      12.53     
504        8       0       30      12.92     
505        9       0       31      12.88     
506        9       4       33      13.25     
507        7       1       31      12.23     
508        8       0       31      12.63     
509        8       2       33      13.31     
510        8       0       41      13.78     
511        8       0       36      13.60     
512        11      0       37      13.56     
513        9       0       36      13.29     
514        8       0       35      12.77     
515        9       0       30      12.75     
516        9       0       29      12.68     
517        9       2       33      12.62     
518        9       2       32      13.16     
519        12      2       26      12.56     
520        12      1       31      12.70     
521        12      2       30      13.10     
522        9       0       31      12.49     
523        11      2       28      12.62     
524        12      4       31      12.96     
525        11      1       30      13.66     
526        11      2       27      13.17     
527        8       1       32      12.63     
528        10      2       28      12.70     
529        9       1       28      11.92     
530        8       2       23      11.54     
531        10      3       27      12.37     
532        11      3       28      12.74     
533        9       1       27      11.18     
534        9       1       25      11.76     
535        8       3       32      12.87     
536        10      1       24      12.10     
537        9       1       28      12.48     
538        10      2       28      13.11     
539        9       1       30      12.60     
540        9       2       28      12.07     
541        11      2       24      11.85     
542        12      1       27      12.19     
543        12      1       23      11.77     
544        9       0       23      11.73     
545        10      1       26      12.48     
546        8       0       26      11.32     
547        11      1       33      12.69     
548        9       1       29      12.53     
549        11      1       25      12.41     
550        7       1       27      12.77     
551        11      2       27      12.84     
552        8       3       25      12.29     
553        8       0       28      11.19     
554        8       2       29      12.02     
555        7       2       29      11.58     
556        10      1       32      12.61     
557        9       1       32      11.99     
558        7       1       28      11.36     
559        6       2       34      12.65     
560        9       2       29      12.09     
561        10      2       28      12.62     
562        11      0       26      12.02     
563        9       1       28      12.38     
564        9       3       27      13.20     
565        11      1       30      13.54     
566        9       3       31      12.62     
567        9       2       29      12.27     
568        11      1       31      12.41     
569        9       1       28      11.89     
570        10      1       26      12.34     
571        12      1       30      12.22     
572        10      2       34      12.48     
573        8       0       33      12.62     
574        8       2       30      11.95     
575        8       1       31      12.58     
576        11      0       28      12.28     
577        8       3       24      11.86     
578        8       1       27      11.56     
579        10      2       25      11.81     
580        12      2       31      12.73     
581        10      2       30      12.22     
582        10      0       32      12.89     
583        7       1       29      11.72     
584        8       0       31      12.27     
585        8       1       28      12.38     
586        8       1       34      12.56     
587        9       1       29      12.59     
588        11      2       33      12.43     
589        8       1       31      12.03     
590        10      1       27      11.78     
591        8       0       32      11.81     
592        8       1       36      12.91     
593        12      0       32      12.80     
594        10      1       31      12.53     
595        7       0       32      11.95     
596        8       1       30      12.74     
597        5       0       29      11.77     
598        6       0       27      11.70     
599        10      2       30      12.57     
600        7       0       29      12.08     
601        10      0       26      11.86     
602        10      1       27      12.92     
603        8       2       26      11.81     
604        10      1       27      12.02     
605        11      2       26      12.97     
606        11      1       24      12.51     
607        12      2       23      12.38     
608        12      0       23      12.80     
609        10      2       24      12.54     
610        10      2       27      12.83     
611        13      1       24      12.71     
612        11      1       27      12.56     
613        9       2       25      12.25     
614        9       1       28      12.04     
615        9       0       25      12.00     
616        9       3       30      12.51     
617        13      1       26      11.81     
618        9       0       30      12.53     
619        10      0       30      12.85     
620        11      0       24      12.67     
621        9       0       28      11.95     
622        13      0       28      12.55     
623        12      0       30      12.10     
624        13      1       25      12.71     
625        13      0       27      12.37     
626        14      0       22      12.94     
627        13      2       24      12.62     
628        13      0       28      12.45     
629        14      1       24      12.36     
630        14      1       23      12.39     
631        12      1       25      12.92     
632        10      1       25      12.00     
633        15      1       20      12.11     
634        14      1       20      11.67     
635        12      2       17      11.98     
636        12      1       22      11.93     
637        14      0       22      11.32     
638        12      1       23      12.27     
639        12      0       23      11.86     
640        10      0       23      11.12     
641        9       0       27      12.80     
642        11      2       25      12.53     
643        12      1       27      12.86     
644        6       0       23      11.21     
645        10      1       25      13.12     
646        11      2       26      12.33     
647        9       1       27      12.78     
648        8       1       25      11.66     
649        8       1       31      12.91     
650        8       0       27      12.22     
651        7       0       26      12.15     
652        7       0       31      12.83     
653        3       0       34      12.86     
654        6       1       26      11.86     
655        7       0       30      12.67     
656        9       2       29      12.68     
657        7       0       34      11.90     
658        8       0       29      12.34     
659        8       1       33      12.65     
660        6       0       36      12.45     
661        9       0       29      11.64     
662        7       0       33      12.30     
663        7       0       30      12.25     
664        8       0       29      12.35     
665        5       0       33      13.02     
666        12      0       30      13.76     
667        12      0       32      13.13     
668        7       0       29      12.32     
669        8       0       27      12.12     
670        9       2       31      12.20     
671        9       1       27      13.24     
672        10      0       25      11.60     
673        6       0       28      12.29     
674        8       2       30      13.03     
675        7       1       27      11.05     
676        9       0       28      12.18     
677        12      0       28      11.88     
678        10      1       27      12.56     
679        8       0       27      12.08     
680        8       0       28      12.73     
681        9       1       30      13.32     
682        8       0       29      12.42     
683        6       1       25      11.93     
684        7       1       34      13.02     
685        7       0       33      12.85     
686        7       0       30      12.71     
687        5       0       26      12.61     
688        8       0       31      12.45     
689        9       0       26      12.30     
690        9       0       28      12.51     
691        10      2       29      13.52     
692        5       1       29      12.96     
693        5       0       32      12.37     
694        7       0       29      12.13     
695        5       0       30      12.53     
696        8       0       29      13.42     
697        7       1       32      13.07     
698        7       0       33      12.44     
699        6       0       33      12.61     
700        7       1       33      12.83     
701        6       0       34      13.08     
702        7       0       34      13.38     
703        9       0       30      12.74     
704        7       0       29      12.59     
705        7       0       32      13.27     
706        6       0       28      12.24     
707        4       1       30      12.14     
708        2       0       32      12.82     
709        3       1       32      12.50     
710        3       0       30      12.48     
711        5       0       40      14.68     
712        9       1       37      13.90     
713        8       0       29      13.26     
714        8       0       35      13.65     
715        6       0       38      13.69     
716        5       0       35      13.70     
717        7       0       31      12.49     
718        9       1       29      13.19     
719        10      0       35      14.12     
720        9       1       31      13.38     
721        7       0       27      11.73     
722        6       0       31      12.94     
723        9       1       32      13.22     
724        8       0       28      12.95     
725        8       0       30      12.30     
726        9       3       28      12.77     
727        10      0       28      12.15     
728        8       0       27      12.30     
729        8       0       30      12.03     
730        10      3       26      12.26     
731        9       3       28      12.79     
732        6       1       29      12.38     
733        7       1       32      12.83     
734        7       0       29      12.13     
735        7       0       31      12.58     
736        6       1       34      12.34     
737        6       1       31      12.06     
738        7       0       29      11.60     
739        7       0       30      11.83     
740        7       3       31      12.34     
741        8       2       31      12.52     
742        7       0       26      12.31     
743        6       1       32      12.75     
744        6       1       29      11.69     
745        6       1       28      11.92     
746        8       0       32      13.00     
747        5       1       29      12.37     
748        9       0       31      12.64     
749        7       1       30      11.89     
750        8       2       28      12.55     
751        11      0       28      12.01     
752        11      3       28      12.76     
753        9       0       26      11.94     
754        7       1       27      12.20     
755        9       0       28      12.20     
756        9       1       27      11.97     
757        9       0       28      12.06     
758        10      1       28      11.92     
759        8       1       25      11.98     
760        10      2       26      12.66     
761        11      2       28      12.68     
762        7       1       26      11.89     
763        7       3       28      11.53     
764        7       1       30      12.71     
765        9       0       29      12.43     
766        8       0       27      11.80     
767        10      0       27      11.73     
768        10      3       28      12.80     
769        10      0       29      12.29     
770        11      1       27      11.90     
771        8       2       30      12.89     
772        11      1       26      12.52     
773        11      1       27      12.02     
774        9       1       27      11.33     
775        10      1       26      11.66     
776        8       1       28      11.91     
777        12      1       29      12.90     
778        13      0       28      12.31     
779        12      1       26      12.18     
780        11      0       26      12.15     
781        5       1       30      12.61     
782        7       1       29      12.57     
783        6       1       30      12.88     
784        6       0       30      12.70     
785        6       1       30      12.71     
786        9       0       30      12.01     
787        5       1       30      12.41     
788        6       0       28      12.19     
789        6       0       30      12.54     
790        4       1       27      11.40     
791        7       2       33      12.40     
792        6       1       28      12.39     
793        6       1       33      12.68     
794        7       0       30      12.39     
795        6       0       31      11.47     
796        5       1       34      12.31     
797        5       1       32      12.45     
798        5       0       30      12.33     
799        8       0       30      12.35     
800        9       0       29      12.19     
801        8       0       27      11.77     
802        7       0       30      12.54     
803        8       0       32      12.73     
804        6       0       27      11.85     
805        5       0       30      12.65     
806        5       0       31      12.87     
807        7       0       29      11.95     
808        8       1       28      12.92     
809        8       1       29      12.57     
810        11      0       26      12.05     
811        9       0       30      12.25     
812        12      1       27      12.66     
813        13      1       25      11.91     
814        10      0       26      11.42     
815        10      0       26      11.89     
816        12      0       26      12.22     
817        14      1       27      12.44     
818        8       1       27      12.83     
819        10      1       29      12.85     
820        8       0       26      12.25     
821        8       2       27      11.98     
822        11      1       27      12.61     
823        9       2       28      12.66     
824        9       0       28      12.54     
825        8       0       27      12.22     
826        9       0       27      12.38     
827        10      0       26      12.25     
828        12      1       28      12.95     
829        9       0       28      12.51     
830        10      2       30      13.06     
831        10      0       33      13.31     
832        8       2       33      13.36     
833        8       1       31      12.59     
834        9       1       29      12.83     
835        10      0       29      12.86     
836        9       1       29      12.67     
837        10      0       30      13.45     
838        6       0       33      12.92     
839        7       0       34      12.48     
840        6       1       31      13.39     
841        8       0       31      12.61     
842        6       0       35      13.64     
843        6       0       30      12.54     
844        7       0       35      12.56     
845        7       0       30      12.87     
846        8       0       32      13.10     
847        7       0       34      13.37     
848        7       0       34      13.21     
849        11      2       29      12.91     
850        8       1       31      12.88     
851        8       1       25      12.16     
852        7       0       31      11.61     
853        8       0       32      12.75     
854        8       0       30      12.87     
855        9       0       30      12.25     
856        9       0       34      13.17     
857        8       0       36      12.66     
858        7       0       33      12.72     
859        11      1       31      13.71     
860        11      1       32      13.50     
861        12      0       31      13.24     
862        9       1       29      12.33     
863        12      1       31      13.54     
864        10      2       27      13.45     
865        10      0       29      12.56     
866        11      0       30      13.17     
867        11      0       29      12.14     
868        8       0       28      11.87     
869        8       0       29      12.20     
870        8       2       26      12.87     
871        10      1       28      12.35     
872        7       0       28      11.85     
873        9       1       35      13.24     
874        11      1       34      13.31     
875        8       1       31      12.64     
876        10      1       30      12.36     
877        10      1       32      12.67     
878        9       1       27      12.52     
879        8       0       30      12.91     
880        8       0       26      12.05     
881        11      1       29      12.06     
882        11      1       30      12.72     
883        10      0       29      12.89     
884        11      1       34      13.82     
885        9       1       28      12.93     
886        9       1       28      12.94     
887        9       1       30      12.73     
888        10      2       30      13.34     
889        9       0       29      12.08     
890        10      1       27      12.42     
891        11      0       30      13.14     
892        10      2       29      13.61     
893        10      2       32      13.37     
894        8       2       31      13.49     
895        9       1       26      12.27     
896        9       2       30      12.95     
897        10      1       28      12.66     
898        9       1       28      12.20     
899        10      0       28      12.55     
900        10      0       30      12.72     
901        13      3       26      12.26     
902        10      1       27      13.65     
903        13      0       23      12.12     
904        12      1       25      12.20     
905        13      0       23      11.65     
906        9       0       24      12.03     
907        11      0       26      12.39     
908        13      0       25      11.80     
909        13      1       24      12.95     
910        11      2       25      12.60     
911        12      1       26      13.31     
912        12      1       29      12.43     
913        11      1       24      12.10     
914        10      1       26      12.82     
915        9       2       26      12.24     
916        13      1       27      12.79     
917        12      1       26      12.33     
918        11      2       27      12.58     
919        11      1       25      12.06     
920        13      1       24      12.78     
921        13      1       24      13.13     
922        10      3       28      12.43     
923        9       1       24      11.99     
924        7       2       28      12.88     
925        10      3       25      12.61     
926        6       1       30      12.48     
927        6       1       27      11.73     
928        10      0       26      11.16     
929        6       1       26      12.46     
930        10      1       29      12.39     
931        8       0       32      12.59     
932        9       1       29      12.91     
933        8       0       34      13.48     
934        9       1       30      12.97     
935        9       1       30      13.30     
936        9       2       32      13.05     
937        8       1       32      13.10     
938        8       1       33      13.09     
939        12      0       30      12.99     
940        10      1       34      13.12     
941        10      0       29      12.98     
942        10      1       34      13.55     
943        9       0       33      12.78     
944        10      1       31      13.00     
945        8       1       30      12.74     
946        8       0       28      12.15     
947        12      1       29      12.67     
948        12      0       27      12.89     
949        10      0       28      12.74     
950        8       1       27      13.26     
951        8       1       32      12.97     
952        8       1       31      13.25     
953        7       0       31      12.50     
954        8       3       29      13.20     
955        7       1       26      12.07     
956        5       0       28      12.50     
957        6       1       30      12.54     
958        6       2       35      13.16     
959        7       1       30      12.43     
960        5       1       34      12.59     
961        7       2       30      12.83     
962        6       1       34      12.58     
963        7       3       33      13.49     
964        5       0       30      12.96     
965        9       0       35      13.39     
966        7       2       31      12.74     
967        8       1       29      13.23     
968        10      0       30      13.03     
969        7       1       33      13.10     
970        7       0       34      13.31     
971        7       3       41      13.55     
972        11      1       31      13.44     
973        6       1       37      13.43     
974        6       3       37      13.70     
975        5       1       34      12.73     
976        8       3       32      13.29     
977        7       3       33      13.32     
978        6       1       33      13.02     
979        6       3       31      13.05     
980        10      2       30      13.06     
981        9       1       36      14.27     
982        9       3       28      13.31     
983        10      0       35      13.41     
984        8       2       32      12.99     
985        6       3       34      13.21     
986        8       3       29      12.97     
987        9       1       28      12.90     
988        8       2       33      13.21     
989        9       2       31      13.00     
990        8       3       35      13.85     
991        7       1       37      13.59     
992        8       1       29      12.65     
993        7       2       32      13.67     
994        8       1       29      12.21     
995        10      1       27      12.81     
996        9       2       29      12.91     
997        11      1       31      13.11     
998        10      2       27      12.59     
999        11      1       28      12.96     
1000       9       1       30      12.39     
1001       9       0       27      12.18     
1002       8       0       28      12.25     
1003       10      3       30      12.77     
1004       7       3       29      13.12     
1005       6       3       30      12.63     
1006       6       0       35      12.83     
1007       11      0       31      12.53     
1008       9       0       34      12.55     
1009       7       0       34      12.16     
1010       8       1       35      13.70     
1011       8       2       36      13.51     
1012       5       1       36      13.47     
1013       9       1       32      13.02     
1014       9       1       32      13.10     
1015       8       1       30      12.63     
1016       5       1       31      12.50     
1017       9       2       33      13.36     
1018       8       2       28      12.19     
1019       9       0       26      11.95     
1020       9       1       30      12.94     
1021       10      1       34      13.24     
1022       7       1       31      12.56     
1023       9       0       33      13.03     
1024       8       0       33      12.42     
1025       10      1       30      13.01     
1026       10      0       32      12.80     
1027       9       0       33      13.53     
1028       16      1       29      14.08     
1029       11      1       31      13.03     
1030       9       1       30      13.06     
1031       6       2       32      13.86     
1032       9       2       36      13.88     
1033       9       1       31      12.82     
1034       11      2       30      13.16     
1035       7       2       31      12.75     
1036       8       1       30      12.38     
1037       8       2       34      12.70     
1038       8       3       30      13.38     
1039       8       1       32      12.50     
1040       9       1       33      12.87     
1041       8       1       36      12.96     
1042       9       0       27      12.25     
1043       10      0       30      12.82     
1044       7       1       33      12.46     
1045       9       2       29      13.02     
1046       7       0       32      12.31     
1047       8       2       30      12.39     
1048       9       4       30      12.50     
1049       9       0       29      12.39     
1050       7       3       31      13.25     
1051       7       3       31      12.79     
1052       9       1       29      12.60     
1053       7       1       30      12.22     
1054       9       1       31      12.96     
1055       9       2       33      12.32     
1056       8       1       34      13.25     
1057       6       0       34      12.73     
1058       5       1       39      12.98     
1059       7       0       37      13.32     
1060       9       1       35      13.31     
