#time, lipid_head, lipid_tail, water, pore_size
0          0       2       5       6.26      
1          2       4       7       7.36      
2          0       2       7       6.21      
3          0       4       7       7.35      
4          0       4       7       7.26      
5          0       6       9       8.98      
6          0       3       11      6.98      
7          1       1       10      7.95      
8          1       4       9       8.10      
9          2       3       8       8.48      
10         2       5       9       8.16      
11         1       6       10      8.50      
12         3       5       9       8.69      
13         3       5       8       8.39      
14         4       5       9       8.61      
15         6       6       10      9.26      
16         5       7       9       10.01     
17         7       7       8       10.07     
18         6       6       9       9.44      
19         5       7       9       9.13      
20         6       7       10      9.28      
21         7       5       9       9.41      
22         8       6       11      9.60      
23         8       6       10      9.91      
24         7       6       10      10.25     
25         7       6       12      10.59     
26         8       7       11      9.96      
27         6       7       13      10.31     
28         7       6       13      9.83      
29         7       5       14      9.13      
30         6       7       13      9.27      
31         6       5       14      9.55      
32         6       3       12      8.77      
33         6       5       13      9.38      
34         7       5       12      9.38      
35         6       6       17      10.78     
36         6       4       15      10.32     
37         6       6       16      10.46     
38         7       7       17      11.48     
39         7       6       16      10.97     
40         6       6       13      10.69     
41         7       8       13      10.98     
42         6       7       11      11.17     
43         7       8       10      9.96      
44         7       7       12      10.04     
45         5       6       13      10.78     
46         5       8       11      10.36     
47         7       8       13      10.71     
48         5       10      13      11.29     
49         4       8       9       9.70      
50         7       9       10      10.98     
51         8       9       9       10.61     
52         6       10      10      10.69     
53         3       9       13      10.55     
54         5       8       12      10.71     
55         4       9       13      10.54     
56         4       7       15      11.02     
57         4       5       14      10.90     
58         5       4       14      10.67     
59         4       4       14      10.75     
60         6       5       15      11.37     
61         6       4       16      11.26     
62         5       5       13      10.74     
63         6       8       11      10.45     
64         9       9       11      11.97     
65         8       8       14      12.07     
66         7       8       14      11.30     
67         6       8       14      11.30     
68         6       8       14      11.52     
69         4       8       13      10.64     
70         7       10      14      10.85     
71         11      10      13      10.95     
72         10      11      13      11.96     
73         11      13      13      11.56     
74         10      12      15      12.05     
75         10      8       13      11.47     
76         7       9       16      11.70     
77         4       8       13      10.95     
78         5       10      14      10.94     
79         4       8       12      10.77     
80         4       9       15      11.39     
81         5       9       15      11.16     
82         4       10      15      11.55     
83         6       10      13      11.44     
84         6       11      14      11.30     
85         10      12      15      12.95     
86         9       10      13      11.76     
87         8       13      15      11.53     
88         9       12      16      11.48     
89         6       11      15      11.51     
90         7       11      15      11.36     
91         5       10      16      11.90     
92         8       8       14      11.82     
93         8       8       18      12.03     
94         6       10      19      11.87     
95         7       8       20      11.14     
96         6       8       19      11.94     
97         5       13      20      12.26     
98         4       13      17      11.59     
99         5       12      15      12.13     
100        7       14      17      12.20     
101        6       11      13      11.46     
102        8       13      16      12.70     
103        6       14      19      11.92     
104        9       10      14      12.33     
105        9       15      15      12.79     
106        8       11      19      11.80     
107        8       10      20      12.95     
108        4       11      21      12.09     
109        5       11      20      12.10     
110        8       12      21      13.49     
111        8       9       20      12.32     
112        9       9       18      11.97     
113        8       10      19      12.04     
114        9       7       18      12.35     
115        8       9       13      11.12     
116        11      9       14      12.04     
117        10      8       15      11.23     
118        11      10      14      11.41     
119        9       11      19      12.43     
120        8       11      19      12.41     
121        8       10      13      11.78     
122        10      15      13      12.52     
123        11      11      15      11.75     
124        9       12      15      11.68     
125        9       14      17      12.31     
126        8       12      18      11.66     
127        6       11      14      11.61     
128        12      13      16      12.44     
129        10      15      17      12.75     
130        8       12      18      12.15     
131        11      11      17      12.75     
132        10      12      17      12.09     
133        10      14      16      12.13     
134        13      9       14      11.71     
135        12      14      17      12.28     
136        12      12      16      13.02     
137        10      14      18      12.38     
138        12      13      22      13.44     
139        10      13      17      12.59     
140        14      14      16      12.60     
141        10      13      16      12.66     
142        10      11      18      12.34     
143        11      13      17      12.59     
144        12      12      19      11.79     
145        8       10      17      11.87     
146        8       11      13      11.60     
147        9       13      17      12.11     
148        10      14      16      12.58     
149        9       12      14      11.94     
150        10      12      17      12.05     
151        9       11      15      11.86     
152        9       10      18      12.07     
153        7       9       15      12.32     
154        10      10      17      12.21     
155        9       10      18      12.30     
156        9       10      14      11.62     
157        12      12      14      12.03     
158        12      10      17      12.28     
159        12      13      17      12.56     
160        13      11      16      12.19     
161        11      8       18      11.72     
162        12      11      19      12.77     
163        11      12      21      12.63     
164        10      12      16      12.53     
165        10      10      16      12.38     
166        11      9       14      11.75     
167        10      12      16      11.68     
168        10      7       21      11.41     
169        11      7       15      11.68     
170        11      6       17      11.89     
171        8       7       21      12.29     
172        9       7       21      12.03     
173        9       7       22      12.30     
174        10      7       20      11.95     
175        9       7       21      13.04     
176        10      7       20      12.82     
177        10      7       20      12.89     
178        12      8       17      12.53     
179        12      7       20      12.11     
180        9       6       20      12.51     
181        11      7       20      12.41     
182        7       5       20      11.81     
183        8       5       19      11.65     
184        9       6       20      11.46     
185        11      10      17      13.01     
186        13      6       18      12.80     
187        11      8       18      12.81     
188        15      7       19      12.94     
189        7       8       19      12.27     
190        11      9       20      12.21     
191        10      5       22      11.79     
192        9       4       21      11.69     
193        10      3       20      12.12     
194        11      5       18      11.93     
195        11      5       23      12.94     
196        11      6       23      13.01     
197        11      5       20      12.76     
198        7       6       24      13.29     
199        8       5       21      12.55     
200        11      4       21      12.63     
201        8       3       22      11.95     
202        8       4       21      12.05     
203        7       6       20      12.32     
204        7       4       19      11.91     
205        7       3       15      11.48     
206        5       3       19      11.32     
207        8       3       20      12.36     
208        6       3       23      12.24     
209        9       5       26      12.13     
210        6       2       25      12.17     
211        6       5       26      11.77     
212        5       2       25      11.10     
213        8       3       31      13.40     
214        7       2       26      12.55     
215        7       4       31      12.37     
216        9       3       26      12.20     
217        9       3       27      12.80     
218        11      5       24      13.00     
219        8       2       27      11.93     
220        10      2       30      12.57     
221        8       3       25      12.24     
222        7       4       24      12.79     
223        7       4       23      12.15     
224        7       6       22      12.19     
225        7       5       21      11.18     
226        7       1       26      11.68     
227        7       2       29      11.26     
228        8       0       26      11.43     
229        7       1       28      11.57     
230        8       0       28      11.82     
231        9       0       29      11.70     
232        6       1       25      11.21     
233        9       0       28      11.72     
234        10      0       28      11.89     
235        11      1       31      12.61     
236        11      0       29      12.11     
237        7       0       35      12.79     
238        8       1       26      12.05     
239        9       1       25      11.69     
240        9       2       26      11.67     
241        10      1       24      11.69     
242        11      3       26      12.68     
243        13      2       25      12.82     
244        13      2       23      13.54     
245        14      2       24      13.71     
246        11      1       22      12.94     
247        11      2       25      13.64     
248        11      3       23      12.70     
249        11      1       24      12.75     
250        11      1       30      12.61     
251        12      0       30      13.18     
252        12      0       31      12.91     
253        13      1       28      13.38     
254        13      0       32      13.52     
255        12      2       36      14.53     
256        15      1       29      14.29     
257        17      1       31      14.15     
258        16      3       30      14.52     
259        14      1       27      13.95     
260        11      2       28      13.26     
261        17      1       27      14.73     
262        20      4       29      14.86     
263        15      1       28      13.80     
264        13      0       31      12.85     
265        15      1       31      14.47     
266        9       2       34      13.50     
267        14      2       32      14.11     
268        11      3       27      14.05     
269        10      4       28      13.57     
270        8       3       30      13.37     
271        13      3       33      13.79     
272        12      2       31      13.67     
273        12      2       33      13.69     
274        10      2       34      13.60     
275        13      0       34      13.90     
276        10      0       28      13.46     
277        11      1       37      13.83     
278        9       1       35      13.35     
279        9       1       32      13.34     
280        11      1       32      13.37     
281        9       0       29      12.66     
282        7       2       28      12.57     
283        12      0       37      13.39     
284        8       0       37      13.66     
285        9       1       36      13.38     
286        8       0       32      12.91     
287        12      1       36      13.66     
288        12      1       29      12.94     
289        10      0       32      13.77     
290        12      3       31      13.59     
291        11      0       32      13.49     
292        12      1       33      13.20     
293        9       2       31      13.22     
294        14      1       27      12.52     
295        15      2       32      13.17     
296        13      0       34      13.02     
297        13      0       33      13.44     
298        14      2       33      13.24     
299        13      1       31      13.29     
300        13      0       29      12.83     
301        14      2       28      13.46     
302        15      0       32      13.11     
303        16      1       29      13.85     
304        13      2       30      13.57     
305        12      2       31      13.34     
306        12      1       34      13.86     
307        10      0       36      13.99     
308        15      1       33      13.67     
309        10      0       30      13.29     
310        11      1       28      12.46     
311        11      1       30      13.43     
312        10      1       32      12.82     
313        10      1       28      12.92     
314        9       2       34      12.99     
315        9       2       33      13.25     
316        7       1       34      12.91     
317        9       0       38      13.36     
318        11      0       30      12.69     
319        10      0       33      12.81     
320        12      2       37      13.78     
321        11      0       33      12.62     
322        11      2       31      13.48     
323        9       0       29      11.89     
324        13      0       32      12.81     
325        12      1       28      13.47     
326        12      2       30      13.12     
327        16      0       28      13.01     
328        13      0       30      13.33     
329        9       2       30      13.28     
330        12      1       30      13.40     
331        8       1       30      12.22     
332        9       1       31      12.83     
333        10      1       30      12.68     
334        9       2       24      12.41     
335        8       1       29      12.53     
336        11      2       30      12.70     
337        9       1       28      12.48     
338        11      0       27      12.63     
339        11      0       35      14.33     
340        11      1       34      13.45     
341        10      1       37      13.60     
342        12      0       33      13.40     
343        14      1       37      13.83     
344        14      0       36      14.15     
345        12      0       34      13.81     
346        11      1       39      14.33     
347        14      1       36      14.01     
348        17      2       33      13.89     
349        13      1       37      13.93     
350        13      1       43      14.99     
351        12      1       44      14.43     
352        13      1       38      14.38     
353        9       0       42      14.07     
354        14      0       40      14.21     
355        12      0       37      14.08     
356        13      1       35      14.59     
357        14      1       35      14.53     
358        14      1       33      13.98     
359        14      1       35      14.07     
360        12      0       39      14.18     
361        12      3       42      14.86     
362        13      0       35      13.65     
363        16      2       35      14.09     
364        14      1       39      14.32     
365        14      4       38      14.51     
366        16      1       40      14.74     
367        14      2       42      14.31     
368        12      1       42      14.33     
369        12      2       38      13.90     
370        7       4       41      13.97     
371        13      3       35      14.36     
372        16      2       33      13.82     
373        20      2       36      14.73     
374        20      2       39      15.02     
375        13      1       39      15.25     
376        12      2       37      14.29     
377        14      2       37      14.23     
378        14      2       39      14.60     
379        15      0       45      15.20     
380        10      0       46      14.35     
381        11      1       35      13.70     
382        8       1       37      13.55     
383        10      2       42      13.93     
384        9       1       41      13.81     
385        9       1       42      13.96     
386        7       0       46      13.91     
387        8       1       46      14.21     
388        9       0       44      14.08     
389        13      0       43      14.81     
390        11      0       44      14.42     
391        13      0       42      14.41     
392        11      0       33      13.77     
393        7       1       40      14.04     
394        10      1       36      13.72     
395        10      1       39      14.87     
396        9       1       42      13.85     
397        7       1       41      14.28     
398        9       2       37      14.63     
399        8       2       37      13.47     
400        6       3       42      14.10     
401        7       1       36      13.99     
402        10      1       41      14.53     
403        12      1       30      13.91     
404        8       1       39      13.82     
405        12      2       36      14.43     
406        8       2       36      13.58     
407        7       2       41      14.17     
408        14      1       38      14.42     
409        8       1       40      13.67     
410        10      0       35      13.21     
411        8       1       32      12.88     
412        6       1       30      12.45     
413        6       0       37      13.74     
414        9       0       35      13.60     
415        7       1       34      13.06     
416        7       0       37      13.62     
417        11      1       33      13.04     
418        12      2       30      13.95     
419        12      2       36      14.36     
420        12      3       31      13.83     
421        9       2       37      14.00     
422        13      2       35      14.49     
423        12      2       36      14.14     
424        16      2       32      13.72     
425        11      2       33      13.23     
426        12      0       32      12.90     
427        10      1       31      12.19     
428        10      1       33      12.77     
429        13      2       32      13.14     
430        14      1       30      13.43     
431        12      3       32      13.24     
432        8       2       35      13.27     
433        11      2       35      14.45     
434        8       3       30      13.42     
435        9       3       29      13.03     
436        12      2       29      12.98     
437        15      1       33      13.26     
438        13      1       30      12.59     
439        13      0       31      13.26     
440        8       0       32      13.05     
441        8       0       32      12.83     
442        7       0       35      12.36     
443        9       1       32      13.12     
444        12      1       34      13.56     
445        9       1       32      13.36     
446        12      1       28      13.38     
447        12      1       31      13.40     
448        11      1       30      12.92     
449        9       0       34      13.78     
450        11      1       33      13.66     
451        11      0       38      13.86     
452        9       1       29      12.91     
453        12      2       34      13.50     
454        13      0       33      13.55     
455        13      1       30      12.61     
456        9       1       34      13.05     
457        10      1       29      12.74     
458        8       1       33      12.71     
459        10      1       36      13.33     
460        10      0       36      13.52     
461        11      2       33      13.48     
462        14      0       39      14.23     
463        13      0       37      14.29     
464        14      1       36      14.41     
465        14      0       33      13.67     
466        13      1       33      13.57     
467        11      0       33      13.36     
468        15      1       37      14.19     
469        8       0       40      13.26     
470        14      0       37      13.65     
471        11      1       38      13.28     
472        14      0       34      13.80     
473        13      0       34      13.15     
474        14      0       30      12.31     
475        13      0       29      12.56     
476        14      1       30      13.28     
477        9       0       32      12.62     
478        11      0       30      12.22     
479        10      0       36      13.04     
480        9       0       34      12.19     
481        11      2       34      13.18     
482        9       0       39      13.39     
483        12      0       35      13.63     
484        10      0       40      13.68     
485        9       0       39      13.23     
486        13      0       42      13.73     
487        8       0       35      13.62     
488        12      0       32      13.04     
489        15      0       38      14.39     
490        13      2       33      13.97     
491        13      1       33      13.94     
492        12      0       37      13.83     
493        11      1       41      14.09     
494        13      2       39      14.36     
495        11      1       39      14.01     
496        12      1       36      13.91     
497        12      1       39      14.14     
498        9       1       42      14.06     
499        11      1       34      13.28     
500        11      0       37      13.64     
501        10      2       37      13.52     
502        8       1       39      14.03     
503        7       3       49      14.28     
504        7       1       43      14.05     
505        13      2       38      14.69     
506        13      1       36      14.32     
507        17      3       41      14.99     
508        11      1       40      14.20     
509        10      2       37      13.60     
510        9       0       37      13.55     
511        9       0       41      13.53     
512        11      1       37      14.11     
513        10      0       34      13.45     
514        9       1       36      12.96     
515        9       1       38      13.32     
516        8       1       34      12.42     
517        8       0       36      13.04     
518        10      1       38      13.60     
519        9       2       37      13.22     
520        8       0       36      12.81     
521        9       1       41      13.79     
522        14      1       37      14.18     
523        13      1       40      14.27     
524        10      1       34      14.23     
525        15      1       42      15.11     
526        11      2       44      14.41     
527        12      0       37      13.93     
528        10      0       38      13.93     
529        10      1       37      13.82     
530        10      1       36      13.44     
531        8       2       43      13.67     
532        8       1       40      14.23     
533        11      1       42      14.07     
534        13      0       37      13.80     
535        9       1       38      13.50     
536        7       0       39      13.38     
537        10      1       38      14.04     
538        7       0       41      13.53     
539        12      0       45      14.37     
540        9       1       39      14.40     
541        10      0       43      14.49     
542        13      1       46      14.42     
543        15      0       37      14.05     
544        14      1       41      14.20     
545        15      1       37      14.28     
546        13      0       39      14.52     
547        13      2       38      13.35     
548        11      1       38      13.70     
549        9       2       34      13.32     
550        10      1       33      12.60     
551        11      1       36      13.20     
552        9       1       37      13.51     
553        9       1       33      14.34     
554        8       1       35      12.76     
555        10      0       37      13.88     
556        10      2       37      14.18     
557        10      1       36      13.41     
558        10      1       37      13.59     
559        12      1       36      13.84     
560        11      1       37      13.52     
561        11      2       34      13.97     
562        14      1       33      13.91     
563        14      2       35      14.05     
564        8       1       35      13.07     
565        7       1       39      13.74     
566        9       2       38      13.18     
567        12      1       32      13.09     
568        8       2       35      13.13     
569        7       3       35      13.70     
570        9       2       36      13.84     
571        7       1       33      13.01     
572        5       1       30      12.86     
573        7       2       34      13.62     
574        8       2       33      13.77     
575        10      2       30      13.62     
576        12      2       31      13.52     
577        9       3       33      13.17     
578        8       2       35      13.08     
579        7       1       28      12.62     
580        9       2       29      13.30     
581        10      3       31      13.70     
582        8       1       31      12.93     
583        10      0       33      12.85     
584        6       1       32      13.26     
585        11      1       33      13.26     
586        12      2       30      13.51     
587        12      1       30      13.30     
588        10      2       32      13.13     
589        10      2       38      13.78     
590        13      2       35      13.46     
591        12      3       33      14.30     
592        15      2       33      13.63     
593        16      2       38      13.96     
594        13      5       34      14.07     
595        16      2       34      14.21     
596        14      2       35      13.74     
597        11      1       34      13.58     
598        11      1       34      13.10     
599        9       2       30      13.58     
600        9       2       32      13.53     
601        9       2       32      13.91     
602        10      0       33      13.92     
603        7       2       37      13.49     
604        8       3       34      13.49     
605        5       1       35      13.13     
606        6       1       36      13.17     
607        9       0       33      13.07     
608        6       0       35      12.59     
609        8       0       36      13.42     
610        5       0       35      13.02     
611        11      0       33      13.43     
612        10      1       26      12.65     
613        8       1       30      12.87     
614        8       1       34      13.06     
615        11      2       30      13.11     
616        12      1       39      14.06     
617        11      1       33      13.43     
618        13      2       32      13.72     
619        10      1       29      12.73     
620        11      1       34      13.93     
621        13      0       30      12.96     
622        8       0       33      12.63     
623        9       0       38      13.33     
624        12      0       35      14.07     
625        12      0       37      14.16     
626        9       2       37      13.69     
627        9       2       35      13.72     
628        13      0       37      13.67     
629        11      1       32      12.94     
630        10      1       32      13.77     
631        9       2       30      12.73     
632        9       1       32      12.60     
633        7       1       30      12.25     
634        7       1       36      13.87     
635        8       1       38      13.53     
636        6       0       38      13.19     
637        7       1       36      13.00     
638        6       1       30      12.49     
639        8       2       33      13.24     
640        9       2       33      13.49     
641        7       2       34      12.85     
642        7       0       34      13.20     
643        7       1       34      13.31     
644        6       1       33      13.12     
645        6       1       33      12.73     
646        7       1       33      13.32     
647        10      2       34      13.20     
648        6       2       36      12.97     
649        5       3       32      13.16     
650        7       4       37      13.62     
651        7       4       30      13.02     
652        6       1       33      11.96     
653        5       1       32      12.59     
654        6       2       29      12.50     
655        5       1       30      12.44     
656        5       3       31      12.80     
657        4       2       28      12.81     
658        6       1       27      12.63     
659        5       1       25      11.79     
660        7       2       30      12.73     
661        8       3       31      13.55     
662        4       3       30      12.57     
663        6       0       30      11.62     
664        9       2       30      13.12     
665        6       0       25      11.51     
666        7       1       24      11.54     
667        9       1       26      12.57     
668        5       1       34      13.31     
669        12      0       35      13.69     
670        6       1       30      12.86     
671        6       0       28      12.28     
672        9       2       32      12.90     
673        8       0       31      11.88     
674        7       0       38      13.45     
675        8       0       31      13.11     
676        8       0       33      12.70     
677        6       0       33      12.52     
678        10      0       36      13.45     
679        13      1       35      13.86     
680        7       0       34      13.20     
681        8       0       34      12.82     
682        8       2       36      13.69     
683        9       1       35      12.63     
684        5       1       33      13.02     
685        6       1       39      13.34     
686        6       0       37      13.33     
687        5       0       35      13.14     
688        8       2       32      13.82     
689        7       0       32      13.14     
690        6       1       36      13.41     
691        9       3       34      13.16     
692        12      0       36      13.57     
693        10      1       35      13.20     
694        9       0       34      13.43     
695        6       0       43      13.52     
696        6       0       40      14.03     
697        5       2       39      13.30     
698        7       1       37      12.95     
699        5       2       35      13.09     
700        7       2       33      13.31     
701        9       1       34      13.89     
702        8       2       38      13.70     
703        8       1       38      13.62     
704        7       0       37      12.91     
705        11      2       30      13.60     
706        9       0       33      14.20     
707        8       1       34      13.38     
708        10      1       34      13.65     
709        9       0       38      13.53     
710        9       0       33      12.64     
711        10      1       33      13.48     
712        8       0       39      13.08     
713        9       1       43      13.88     
714        6       1       34      13.02     
715        10      0       39      13.74     
716        10      1       36      13.54     
717        10      1       35      13.88     
718        10      1       35      12.72     
719        12      0       34      12.94     
720        9       0       34      13.14     
721        8       1       38      13.26     
722        8       2       41      13.40     
723        8       2       38      13.57     
724        5       2       32      13.42     
725        8       0       36      12.97     
726        10      1       37      12.96     
727        9       2       36      13.37     
728        5       0       34      11.77     
729        6       1       31      12.58     
730        5       0       34      12.33     
731        6       2       32      12.49     
732        5       1       33      12.08     
733        7       0       36      13.19     
734        4       3       35      13.03     
735        8       1       38      13.58     
736        9       2       32      13.02     
737        9       0       32      12.68     
738        5       0       39      13.05     
739        7       1       39      13.61     
740        8       0       34      13.26     
741        6       1       41      13.61     
742        5       2       35      12.86     
743        7       0       36      13.51     
744        6       0       37      13.13     
745        11      1       35      13.65     
746        8       2       42      14.03     
747        7       1       37      13.69     
748        9       0       39      13.91     
749        6       1       35      13.83     
750        6       1       35      13.13     
751        7       2       40      14.16     
752        9       2       35      13.35     
753        7       1       34      13.30     
754        8       0       32      12.97     
755        10      1       37      13.85     
756        10      1       33      13.89     
757        9       1       30      12.72     
758        9       0       32      12.92     
759        10      0       30      12.88     
760        8       0       32      12.66     
761        7       1       33      13.30     
762        9       0       33      13.14     
763        10      1       38      13.79     
764        12      1       34      13.75     
765        10      0       34      13.72     
766        9       0       32      12.71     
767        9       1       34      13.33     
768        8       0       32      12.96     
769        6       0       30      12.28     
770        8       0       32      13.11     
771        6       0       30      12.57     
772        7       1       34      13.78     
773        7       1       41      14.07     
774        9       0       34      13.83     
775        5       1       32      13.30     
776        7       1       33      12.67     
777        4       1       32      12.69     
778        7       1       33      13.09     
779        8       0       35      13.60     
780        7       1       35      12.77     
781        9       0       39      13.41     
782        8       1       36      13.34     
783        10      0       37      13.58     
784        10      0       37      13.24     
785        10      1       35      13.24     
786        10      2       36      13.36     
787        6       1       33      13.40     
788        6       1       29      12.90     
789        7       1       36      13.18     
790        11      2       35      13.73     
791        8       1       36      13.11     
792        11      0       34      13.34     
793        7       1       31      12.51     
794        7       0       38      13.55     
795        10      1       32      13.38     
796        11      0       32      13.02     
797        11      2       37      14.00     
798        11      1       30      13.85     
799        14      2       37      14.30     
800        9       1       34      13.39     
801        8       1       34      13.04     
802        9       0       33      12.74     
803        11      3       34      13.26     
804        10      1       35      13.43     
805        10      1       28      12.75     
806        10      1       28      13.18     
807        8       1       33      12.67     
808        8       1       33      12.71     
809        7       0       28      11.59     
810        7       2       29      12.85     
811        5       1       31      12.66     
812        8       1       36      13.22     
813        7       1       39      13.84     
814        9       0       33      12.64     
815        6       0       40      12.58     
816        11      0       33      13.18     
817        8       1       34      12.68     
818        10      1       34      14.08     
819        9       1       35      13.11     
820        11      1       31      12.97     
821        15      1       32      13.89     
822        11      1       39      13.65     
823        14      1       39      13.77     
824        17      1       41      14.03     
825        12      0       36      13.49     
826        18      1       35      13.52     
827        15      1       34      14.40     
828        13      1       36      13.88     
829        14      1       34      13.12     
830        16      1       35      14.27     
831        17      1       37      14.48     
832        15      1       39      15.28     
833        19      2       36      15.06     
834        17      1       43      15.21     
835        16      1       45      15.67     
836        16      3       47      15.80     
837        13      1       38      14.84     
838        16      1       43      15.48     
839        16      2       46      15.30     
840        16      3       46      15.68     
841        14      0       42      14.72     
842        16      2       40      14.21     
843        15      1       39      13.82     
844        12      2       38      13.95     
845        15      1       41      13.88     
846        18      2       39      14.48     
847        11      3       36      13.74     
848        14      0       30      13.49     
849        14      2       36      13.75     
850        14      2       36      13.81     
851        15      3       36      13.94     
852        14      0       36      13.69     
853        18      1       38      14.18     
854        18      3       30      14.06     
855        15      2       32      13.83     
856        16      1       34      13.60     
857        13      2       35      14.45     
858        14      3       42      14.62     
859        12      3       39      14.49     
860        13      2       35      14.25     
861        14      3       34      13.70     
862        13      3       38      14.56     
863        14      2       34      14.29     
864        11      1       44      14.02     
865        14      0       41      14.50     
866        14      1       40      15.10     
867        17      0       44      15.02     
868        15      1       40      14.93     
869        11      0       42      13.59     
870        13      0       40      14.16     
871        13      0       43      14.46     
872        17      2       39      14.41     
873        19      2       36      14.41     
874        17      0       40      14.44     
875        14      1       35      13.28     
876        14      1       42      14.45     
877        9       1       42      13.54     
878        7       1       37      12.59     
879        9       1       39      13.59     
880        10      1       38      13.02     
881        8       1       36      13.44     
882        6       1       36      12.58     
883        6       1       33      12.57     
884        7       1       38      12.60     
885        11      2       35      12.67     
886        10      0       33      12.41     
887        11      0       34      12.55     
888        10      0       34      12.52     
889        13      1       32      12.93     
890        10      3       33      12.80     
891        8       1       34      12.83     
892        7       2       39      13.41     
893        9       0       41      12.96     
894        8       1       34      13.29     
895        12      0       34      13.14     
896        9       1       32      12.94     
897        11      0       30      12.42     
898        11      1       33      13.26     
899        10      1       32      12.78     
900        12      0       29      12.40     
901        9       1       28      12.62     
902        7       1       29      11.80     
903        8       1       30      12.05     
904        7       1       30      12.43     
905        8       1       29      12.03     
906        7       1       32      12.48     
907        11      2       29      13.07     
908        11      2       31      13.07     
909        8       1       32      12.31     
910        8       1       30      12.54     
911        11      1       30      12.89     
912        8       2       29      12.59     
913        15      2       29      12.76     
914        11      2       38      13.99     
915        7       1       34      12.42     
916        9       1       27      11.86     
917        8       1       34      12.27     
918        11      1       35      12.83     
919        10      1       37      13.41     
920        7       1       40      13.21     
921        7       1       33      13.14     
922        9       0       37      13.05     
923        11      1       35      13.31     
924        10      1       32      12.85     
925        12      2       30      12.90     
926        9       0       32      12.71     
927        10      3       32      12.99     
928        12      1       32      12.56     
929        11      1       34      12.79     
930        6       2       34      12.77     
931        10      2       33      13.87     
932        11      1       34      13.15     
933        8       1       33      13.00     
934        8       1       33      12.69     
935        10      1       38      12.96     
936        10      1       38      13.56     
937        9       1       39      13.52     
938        12      2       35      13.36     
939        8       1       38      13.94     
940        7       2       40      13.61     
941        7       1       33      12.62     
942        7       1       36      13.06     
943        7       0       36      12.79     
944        8       1       30      11.95     
945        9       0       34      13.17     
946        8       1       37      12.92     
947        6       1       35      12.96     
948        8       1       38      13.37     
949        12      2       36      13.74     
950        10      1       37      13.24     
951        11      1       32      12.67     
952        10      1       35      12.84     
953        9       0       35      13.65     
954        11      0       32      12.84     
955        11      2       35      13.22     
956        8       2       37      13.11     
957        12      2       40      13.42     
958        10      1       38      13.13     
959        7       0       39      13.07     
960        5       1       38      13.16     
961        7       2       36      12.92     
962        8       1       39      13.58     
963        7       2       47      13.84     
964        6       1       40      13.38     
965        6       0       44      14.00     
966        7       0       38      13.06     
967        7       0       40      13.10     
968        7       2       38      13.36     
969        9       1       40      13.84     
970        6       2       35      12.53     
971        6       1       37      13.25     
972        7       0       37      13.03     
973        7       0       32      12.76     
974        8       0       34      12.45     
975        10      0       38      13.13     
976        11      4       33      13.29     
977        6       2       33      13.06     
978        7       0       38      12.93     
979        9       1       35      13.51     
980        8       1       36      13.46     
981        7       1       35      12.50     
982        8       3       35      13.43     
983        10      0       35      12.20     
984        9       3       34      13.19     
985        7       1       38      12.90     
986        11      0       37      13.39     
987        7       1       38      12.89     
988        8       0       42      13.59     
989        9       1       39      13.99     
990        9       1       41      13.69     
991        15      4       40      14.84     
992        7       2       38      13.86     
993        10      0       40      13.79     
994        7       0       35      13.36     
995        8       2       35      13.98     
996        8       0       31      12.82     
997        8       1       34      12.92     
998        7       0       34      12.97     
999        7       1       33      13.15     
1000       10      0       36      13.33     
1001       11      1       31      12.93     
1002       9       0       32      12.43     
1003       13      0       38      13.28     
1004       11      0       32      13.04     
1005       11      1       33      13.66     
1006       8       0       33      12.03     
1007       11      1       30      13.16     
1008       8       1       31      11.73     
