#time, lipid_head, lipid_tail, water, pore_size
0          0       2       5       0.63      
1          0       3       5       0.67      
2          1       3       6       0.66      
3          0       3       8       0.70      
4          0       3       8       0.73      
5          2       3       8       0.81      
6          2       5       12      0.88      
7          3       7       13      0.97      
8          7       6       12      0.97      
9          6       5       12      1.02      
10         4       5       10      0.85      
11         5       4       10      0.94      
12         4       4       12      0.86      
13         5       6       10      0.93      
14         6       9       14      1.01      
15         5       6       13      1.06      
16         7       8       14      1.05      
17         5       7       13      1.00      
18         7       9       14      1.08      
19         8       8       10      0.98      
20         9       8       15      1.08      
21         6       10      15      1.02      
22         8       5       17      1.13      
23         10      5       15      1.15      
24         11      5       13      1.09      
25         8       7       17      1.06      
26         10      4       14      1.11      
27         10      5       18      1.12      
28         9       5       17      1.15      
29         7       7       18      1.15      
30         8       7       16      1.08      
31         7       5       18      1.06      
32         7       7       17      1.13      
33         9       6       13      1.06      
34         12      6       18      1.22      
35         8       7       16      1.12      
36         6       5       18      1.14      
37         8       6       17      1.09      
38         7       5       20      1.13      
39         11      6       17      1.12      
40         10      5       15      1.07      
41         11      4       19      1.11      
42         8       4       21      1.15      
43         11      6       17      1.15      
44         11      5       19      1.13      
45         10      5       15      1.16      
46         7       4       18      1.11      
47         8       5       17      1.05      
48         10      6       17      1.11      
49         9       8       15      1.11      
50         8       6       16      1.15      
51         6       7       16      1.09      
52         9       5       16      1.13      
53         8       6       17      1.17      
54         10      5       19      1.13      
55         12      6       14      1.16      
56         7       9       15      1.15      
57         10      6       19      1.22      
58         7       6       17      1.21      
59         9       7       18      1.24      
60         7       6       22      1.17      
61         8       5       18      1.13      
62         6       7       20      1.20      
63         7       6       20      1.14      
64         7       6       17      1.07      
65         9       6       23      1.18      
66         7       7       17      1.12      
67         8       7       17      1.18      
68         9       5       17      1.14      
69         9       7       16      1.14      
70         8       10      15      1.15      
71         10      9       17      1.20      
72         8       9       15      1.07      
73         13      9       15      1.27      
74         13      10      15      1.18      
75         10      9       13      1.20      
76         10      7       16      1.17      
77         10      9       17      1.24      
78         9       7       13      1.09      
79         11      8       15      1.17      
80         9       8       17      1.22      
81         7       9       18      1.14      
82         10      7       15      1.09      
83         7       9       17      1.13      
84         9       9       16      1.13      
85         8       9       19      1.20      
86         9       8       17      1.14      
87         10      10      15      1.15      
88         10      8       17      1.19      
89         9       7       18      1.14      
90         11      6       17      1.16      
91         9       9       16      1.05      
92         9       8       17      1.19      
93         6       7       18      1.13      
94         6       9       18      1.17      
95         6       9       13      1.07      
96         7       7       13      1.10      
97         9       7       16      1.13      
98         5       7       17      1.08      
99         7       7       17      1.19      
100        6       8       18      1.15      
101        6       7       14      1.02      
102        8       8       17      1.13      
103        8       7       19      1.10      
104        7       7       18      1.09      
105        7       7       18      1.15      
106        10      8       16      1.15      
107        4       8       21      1.14      
108        6       7       16      1.10      
109        5       7       17      1.13      
110        8       8       19      1.20      
111        5       6       20      1.11      
112        5       5       20      1.09      
113        4       6       19      1.08      
114        6       6       18      1.13      
115        6       7       17      1.13      
116        4       6       17      1.06      
117        5       7       18      1.12      
118        4       9       18      1.11      
119        4       8       18      1.09      
120        7       8       14      1.15      
121        7       7       18      1.10      
122        5       6       16      1.07      
123        8       5       14      1.11      
124        7       6       17      1.08      
125        6       6       16      1.06      
126        6       7       17      1.08      
127        7       6       16      1.03      
128        7       5       12      0.99      
129        5       6       13      0.92      
130        4       7       16      1.05      
131        5       5       14      0.97      
132        7       6       15      1.12      
133        6       7       16      1.18      
134        7       7       15      1.10      
135        6       5       13      1.04      
136        4       5       16      1.09      
137        4       7       18      1.11      
138        6       8       17      1.13      
139        4       4       15      1.08      
140        5       4       17      1.04      
141        4       7       19      1.15      
142        7       6       17      1.09      
143        6       7       16      1.12      
144        4       7       17      1.06      
145        4       5       19      1.16      
146        5       7       18      1.10      
147        5       5       18      1.02      
148        5       5       16      1.07      
149        6       7       18      1.12      
150        6       6       15      1.08      
151        4       5       16      0.95      
152        4       5       17      0.95      
153        5       6       15      1.00      
154        4       6       19      1.01      
155        3       5       17      1.03      
156        5       4       18      1.10      
157        4       4       20      1.12      
158        4       5       16      0.98      
159        6       6       17      1.14      
160        7       7       21      1.19      
161        6       8       18      1.09      
162        7       8       17      1.15      
163        7       7       18      1.15      
164        6       5       18      1.09      
165        6       4       20      1.20      
166        4       4       19      1.12      
167        5       3       21      1.18      
168        7       3       22      1.23      
169        10      4       24      1.23      
170        6       3       20      1.23      
171        7       3       23      1.20      
172        7       4       22      1.22      
173        7       5       19      1.17      
174        8       4       21      1.17      
175        8       4       22      1.21      
176        6       4       22      1.16      
177        5       6       22      1.23      
178        10      4       23      1.21      
179        8       5       23      1.27      
180        8       4       19      1.16      
181        6       4       24      1.22      
182        7       3       18      1.13      
183        5       4       21      1.14      
184        6       5       23      1.21      
185        6       5       22      1.19      
186        7       5       21      1.19      
187        8       3       22      1.17      
188        7       3       22      1.18      
189        6       6       20      1.15      
190        8       5       22      1.16      
191        9       4       20      1.16      
192        9       3       20      1.19      
193        4       4       25      1.16      
194        5       3       23      1.21      
195        5       3       21      1.16      
196        4       4       22      1.10      
197        6       3       19      1.06      
198        5       4       23      1.15      
199        5       6       21      1.18      
200        6       5       21      1.20      
201        5       3       25      1.20      
202        3       3       26      1.25      
203        5       3       25      1.23      
204        4       6       25      1.30      
205        6       3       25      1.17      
206        7       3       26      1.19      
207        7       4       25      1.23      
208        8       5       25      1.39      
209        6       4       25      1.26      
210        5       4       25      1.21      
211        7       4       24      1.22      
212        8       4       23      1.19      
213        6       4       19      1.20      
214        5       3       19      1.22      
215        6       5       21      1.24      
216        7       5       21      1.16      
217        5       4       22      1.18      
218        8       7       28      1.35      
219        6       6       26      1.27      
220        8       5       24      1.16      
221        6       7       21      1.13      
222        8       6       19      1.14      
223        9       4       23      1.13      
224        7       6       25      1.27      
225        8       6       21      1.15      
226        7       4       22      1.19      
227        8       5       25      1.21      
228        7       4       21      1.19      
229        8       4       21      1.16      
230        8       4       22      1.21      
231        10      5       24      1.23      
232        6       3       20      1.14      
233        7       5       20      1.25      
234        8       5       22      1.20      
235        9       9       20      1.25      
236        5       6       21      1.20      
237        6       4       22      1.09      
238        10      8       21      1.25      
239        7       8       24      1.22      
240        7       4       23      1.15      
241        7       5       25      1.27      
242        8       5       28      1.25      
243        9       4       23      1.20      
244        7       3       22      1.17      
245        6       6       20      1.18      
246        11      5       19      1.28      
247        9       5       18      1.16      
248        8       6       18      1.13      
249        10      3       22      1.26      
250        6       5       18      1.14      
251        12      5       20      1.27      
252        10      7       21      1.25      
253        9       7       19      1.22      
254        9       7       17      1.28      
255        7       7       17      1.19      
256        7       8       19      1.23      
257        10      6       17      1.25      
258        5       5       18      1.10      
259        9       5       20      1.23      
260        12      4       22      1.22      
261        6       5       20      1.25      
262        10      4       19      1.23      
263        9       5       18      1.24      
264        6       4       21      1.26      
265        6       3       22      1.12      
266        6       3       20      1.21      
267        5       6       22      1.16      
268        5       4       21      1.10      
269        6       4       22      1.14      
270        4       5       18      1.13      
271        6       3       22      1.15      
272        7       3       22      1.19      
273        7       3       23      1.19      
274        7       5       25      1.20      
275        6       3       20      1.19      
276        5       6       21      1.14      
277        6       4       22      1.18      
278        7       4       25      1.17      
279        6       6       24      1.29      
280        9       5       20      1.23      
281        8       8       23      1.24      
282        5       7       23      1.19      
283        5       6       20      1.14      
284        7       8       21      1.27      
285        9       6       22      1.24      
286        5       8       19      1.21      
287        6       8       18      1.16      
288        10      8       15      1.17      
289        7       10      18      1.14      
290        7       9       19      1.23      
291        7       10      14      1.16      
292        5       10      16      1.11      
293        9       9       13      1.13      
294        9       9       21      1.28      
295        8       8       20      1.17      
296        11      7       20      1.28      
297        11      6       18      1.24      
298        9       6       19      1.24      
299        6       7       21      1.20      
300        5       7       17      1.17      
301        10      8       24      1.31      
302        6       7       22      1.21      
303        12      6       23      1.24      
304        8       6       17      1.16      
305        7       6       21      1.21      
306        8       6       23      1.25      
307        9       7       24      1.27      
308        9       3       23      1.20      
309        9       8       23      1.34      
310        13      7       22      1.28      
311        13      5       24      1.28      
312        11      7       23      1.25      
313        13      6       25      1.30      
314        12      6       24      1.29      
315        15      8       22      1.31      
316        12      6       25      1.30      
317        13      4       23      1.27      
318        11      6       26      1.23      
319        9       5       22      1.23      
320        9       3       31      1.30      
321        12      6       27      1.27      
322        9       4       29      1.30      
323        7       10      26      1.23      
324        7       3       27      1.26      
325        7       5       27      1.29      
326        9       4       29      1.30      
327        10      5       28      1.28      
328        7       3       26      1.17      
329        10      2       31      1.27      
330        6       5       30      1.27      
331        6       4       30      1.28      
332        8       3       32      1.33      
333        8       4       28      1.25      
334        10      3       27      1.27      
335        12      5       25      1.23      
336        12      2       28      1.28      
337        11      1       29      1.29      
338        11      2       27      1.26      
339        8       2       30      1.21      
340        9       1       29      1.22      
341        9       5       31      1.39      
342        11      2       33      1.41      
343        7       0       33      1.25      
344        12      0       31      1.29      
345        17      2       35      1.42      
346        13      1       33      1.33      
347        16      2       31      1.42      
348        12      1       32      1.38      
349        13      2       32      1.39      
350        12      2       37      1.50      
351        19      4       33      1.51      
352        12      5       29      1.49      
353        14      7       34      1.55      
354        16      3       30      1.49      
355        17      5       30      1.44      
356        16      1       35      1.39      
357        20      2       33      1.44      
358        21      2       31      1.44      
359        15      2       35      1.43      
360        15      1       42      1.43      
361        16      1       33      1.39      
362        11      4       35      1.37      
363        18      1       37      1.48      
364        13      0       37      1.40      
365        12      0       37      1.39      
366        15      1       29      1.43      
367        10      0       34      1.29      
368        14      1       31      1.25      
369        11      1       37      1.43      
370        11      0       31      1.31      
371        16      2       30      1.39      
372        14      2       31      1.37      
373        15      2       39      1.49      
374        15      2       36      1.41      
375        12      0       31      1.32      
376        13      1       32      1.30      
377        12      1       32      1.31      
378        14      1       30      1.33      
379        10      1       38      1.31      
380        13      0       37      1.42      
381        19      0       35      1.43      
382        17      0       39      1.38      
383        17      1       37      1.41      
384        15      0       30      1.30      
385        18      0       33      1.42      
386        12      0       31      1.30      
387        12      1       33      1.34      
388        17      1       27      1.32      
389        17      0       32      1.39      
390        17      1       30      1.40      
391        14      3       35      1.44      
392        14      1       37      1.38      
393        14      1       35      1.36      
394        11      2       37      1.40      
395        15      1       36      1.35      
396        12      2       34      1.34      
397        12      1       38      1.41      
398        16      5       32      1.39      
399        15      1       38      1.44      
400        12      1       37      1.35      
401        12      1       33      1.35      
402        12      3       38      1.51      
403        10      3       37      1.37      
404        11      3       40      1.38      
405        16      1       36      1.33      
406        9       5       34      1.40      
407        11      2       31      1.32      
408        15      2       32      1.34      
409        14      1       35      1.39      
410        14      2       36      1.34      
411        16      4       33      1.39      
412        16      0       35      1.34      
413        16      2       35      1.41      
414        14      0       31      1.31      
415        16      0       35      1.31      
416        16      2       35      1.35      
417        15      0       32      1.33      
418        16      0       29      1.33      
419        14      1       39      1.45      
420        13      5       40      1.45      
421        12      0       38      1.36      
422        11      1       41      1.38      
423        13      1       42      1.45      
424        9       0       51      1.48      
425        8       1       41      1.39      
426        13      0       40      1.36      
427        15      1       37      1.48      
428        18      1       39      1.43      
429        13      1       40      1.45      
430        15      1       36      1.45      
431        16      1       37      1.35      
432        11      0       41      1.39      
433        14      1       36      1.41      
434        13      1       37      1.34      
435        15      1       38      1.36      
436        14      2       34      1.32      
437        15      1       36      1.40      
438        8       0       35      1.27      
439        15      0       35      1.35      
440        12      2       36      1.36      
441        12      1       36      1.39      
442        19      2       36      1.48      
443        13      0       31      1.30      
444        15      0       33      1.37      
445        14      1       31      1.42      
446        17      3       28      1.36      
447        18      4       39      1.52      
448        15      0       35      1.42      
449        14      2       34      1.34      
450        18      0       36      1.37      
451        14      0       36      1.39      
452        14      1       37      1.38      
453        14      0       42      1.43      
454        15      0       38      1.47      
455        12      1       36      1.39      
456        13      1       38      1.33      
457        15      1       40      1.47      
458        14      2       35      1.41      
459        14      2       38      1.39      
460        11      0       37      1.35      
461        8       0       37      1.35      
462        10      0       42      1.38      
463        10      0       41      1.34      
464        8       0       38      1.28      
465        12      0       33      1.30      
466        12      2       37      1.40      
467        14      1       36      1.37      
468        15      3       33      1.30      
469        15      2       33      1.37      
470        12      3       35      1.30      
471        13      2       35      1.34      
472        12      0       34      1.27      
473        15      1       33      1.27      
474        10      1       34      1.35      
475        12      1       31      1.32      
476        8       2       40      1.31      
477        10      1       36      1.27      
478        9       1       41      1.38      
479        10      0       36      1.38      
480        13      0       36      1.30      
481        11      1       40      1.35      
482        13      0       34      1.31      
483        8       1       37      1.36      
484        11      1       38      1.34      
485        11      1       36      1.38      
486        12      0       41      1.39      
487        12      0       37      1.38      
488        8       1       39      1.31      
489        11      0       37      1.35      
490        11      0       37      1.30      
491        12      0       39      1.40      
492        10      0       44      1.39      
493        9       0       42      1.43      
494        13      0       44      1.42      
495        15      2       36      1.41      
496        12      4       39      1.35      
497        11      2       35      1.36      
498        13      0       39      1.37      
499        13      2       38      1.32      
500        14      2       35      1.37      
501        16      2       29      1.24      
502        12      1       32      1.28      
503        12      1       38      1.39      
504        12      3       36      1.40      
505        12      2       35      1.40      
506        11      2       31      1.26      
507        9       2       35      1.30      
508        8       2       38      1.34      
509        8       1       41      1.34      
510        11      0       38      1.36      
511        11      0       41      1.46      
512        12      0       39      1.47      
513        18      1       36      1.42      
514        12      1       35      1.35      
515        16      0       36      1.39      
516        16      0       36      1.36      
517        19      2       33      1.43      
518        13      0       34      1.37      
519        10      0       36      1.35      
520        12      0       42      1.36      
521        14      1       40      1.49      
522        14      1       37      1.40      
523        16      0       43      1.47      
524        14      0       44      1.51      
525        15      0       39      1.37      
526        18      2       30      1.40      
527        19      4       37      1.53      
528        16      1       39      1.46      
529        13      0       42      1.43      
530        16      1       38      1.49      
531        17      2       39      1.43      
532        18      1       37      1.38      
533        16      0       34      1.43      
534        16      2       37      1.44      
535        15      2       35      1.41      
536        14      1       35      1.37      
537        13      2       41      1.48      
538        15      1       38      1.43      
539        15      0       33      1.38      
540        13      1       38      1.49      
541        16      2       37      1.41      
542        16      2       36      1.40      
543        13      2       36      1.42      
544        15      1       40      1.46      
545        14      2       36      1.40      
546        16      1       40      1.49      
547        13      2       36      1.40      
548        17      2       40      1.48      
549        13      2       42      1.49      
550        14      1       40      1.51      
551        13      2       38      1.41      
552        13      1       34      1.39      
553        19      2       34      1.47      
554        19      2       36      1.44      
555        18      2       42      1.48      
556        16      1       41      1.50      
557        16      1       36      1.35      
558        15      2       39      1.42      
559        14      2       42      1.46      
560        17      2       34      1.39      
561        15      4       34      1.42      
562        13      2       34      1.33      
563        13      1       33      1.26      
564        11      1       35      1.34      
565        15      1       33      1.33      
566        17      1       34      1.40      
567        16      4       31      1.40      
568        17      5       31      1.46      
569        15      0       30      1.30      
570        13      2       26      1.22      
571        15      2       30      1.34      
572        21      1       33      1.41      
573        16      2       37      1.41      
574        16      3       41      1.49      
575        15      2       36      1.39      
576        17      2       31      1.38      
577        15      3       36      1.38      
578        18      1       37      1.47      
579        14      0       39      1.43      
580        13      2       38      1.39      
581        12      2       39      1.45      
582        15      2       47      1.58      
583        14      1       53      1.61      
584        18      0       45      1.55      
585        17      1       42      1.57      
586        13      0       45      1.48      
587        18      1       41      1.51      
588        17      0       40      1.44      
589        18      2       41      1.59      
590        14      2       42      1.47      
591        14      1       37      1.38      
592        15      1       44      1.53      
593        20      0       40      1.56      
594        18      1       42      1.50      
595        15      3       45      1.54      
596        16      2       38      1.42      
597        12      3       43      1.45      
598        11      1       43      1.45      
599        14      3       38      1.44      
600        16      3       39      1.50      
601        16      1       38      1.50      
602        11      2       47      1.51      
603        15      2       42      1.50      
604        16      2       39      1.38      
605        16      0       37      1.36      
606        19      5       33      1.39      
607        17      0       40      1.47      
608        19      1       35      1.49      
609        17      2       40      1.46      
610        16      0       46      1.55      
611        16      2       45      1.50      
612        16      3       37      1.46      
613        17      1       50      1.63      
614        12      1       48      1.47      
615        13      1       49      1.47      
616        13      2       49      1.63      
617        16      0       43      1.51      
618        13      1       48      1.47      
619        18      1       53      1.57      
620        15      0       45      1.56      
621        16      0       44      1.49      
622        15      1       49      1.60      
623        13      1       39      1.49      
624        16      2       47      1.55      
625        16      1       49      1.59      
626        22      1       44      1.56      
627        17      1       43      1.50      
628        21      2       40      1.54      
629        20      0       49      1.63      
630        20      2       39      1.61      
631        17      0       41      1.58      
632        24      0       45      1.54      
633        22      1       48      1.63      
634        23      0       42      1.55      
635        19      1       47      1.66      
636        16      2       47      1.52      
637        17      1       46      1.62      
638        20      1       47      1.71      
639        16      0       47      1.55      
640        19      3       41      1.59      
641        16      3       45      1.53      
642        15      2       43      1.50      
643        17      1       47      1.59      
644        18      1       41      1.50      
645        13      0       47      1.50      
646        16      1       44      1.50      
647        16      1       47      1.54      
648        15      1       49      1.52      
649        15      0       48      1.50      
650        14      2       44      1.51      
651        13      0       44      1.39      
652        17      0       41      1.42      
653        15      0       42      1.45      
654        16      0       43      1.55      
655        12      2       39      1.42      
656        17      1       40      1.44      
657        21      0       40      1.54      
658        16      0       44      1.55      
659        11      1       39      1.42      
660        18      0       44      1.49      
661        15      0       39      1.40      
662        16      1       36      1.42      
663        19      4       41      1.55      
664        16      3       39      1.45      
665        17      2       42      1.43      
666        14      1       41      1.51      
667        18      0       37      1.45      
668        19      0       35      1.37      
669        18      0       47      1.57      
670        20      0       42      1.55      
671        22      1       42      1.53      
672        18      0       44      1.52      
673        25      2       47      1.67      
674        25      2       48      1.69      
675        23      1       49      1.68      
676        22      1       45      1.63      
677        21      0       51      1.64      
678        25      0       51      1.74      
679        18      1       46      1.67      
680        21      3       45      1.67      
681        18      1       43      1.61      
682        22      1       39      1.57      
683        23      0       41      1.58      
684        21      2       39      1.65      
685        22      2       40      1.61      
686        22      2       38      1.56      
687        21      3       50      1.71      
688        21      2       40      1.57      
689        21      3       43      1.50      
690        19      3       44      1.64      
691        20      2       44      1.54      
692        22      1       45      1.62      
693        25      1       37      1.54      
694        18      2       38      1.45      
695        17      0       36      1.51      
696        19      2       32      1.42      
697        22      0       33      1.43      
698        24      1       32      1.51      
699        21      2       34      1.49      
700        19      2       35      1.45      
701        22      0       37      1.52      
702        23      1       36      1.47      
703        22      2       33      1.48      
704        19      2       36      1.48      
705        23      3       34      1.53      
706        25      1       37      1.53      
707        22      0       37      1.55      
708        23      2       40      1.58      
709        21      4       45      1.66      
710        23      1       42      1.62      
711        17      0       43      1.54      
712        22      0       48      1.64      
713        32      3       42      1.71      
714        28      0       36      1.65      
715        26      5       42      1.74      
716        25      3       46      1.66      
717        27      0       41      1.61      
718        28      1       44      1.71      
719        29      4       38      1.70      
720        26      1       43      1.69      
721        28      4       45      1.77      
722        27      2       47      1.64      
723        25      2       47      1.65      
724        21      4       43      1.60      
725        14      1       37      1.45      
726        27      3       39      1.67      
727        26      1       40      1.56      
728        26      1       35      1.53      
729        19      4       38      1.50      
730        24      2       40      1.59      
731        24      5       44      1.63      
732        22      3       33      1.50      
733        23      1       33      1.52      
734        21      3       41      1.53      
735        19      2       45      1.52      
736        20      2       42      1.50      
737        16      0       45      1.53      
738        17      0       47      1.56      
739        14      0       46      1.49      
740        23      2       50      1.67      
741        19      2       43      1.49      
742        20      3       47      1.56      
743        21      3       42      1.58      
744        23      2       47      1.64      
745        19      2       42      1.58      
746        22      0       53      1.72      
747        20      1       44      1.57      
748        20      2       43      1.64      
749        19      2       44      1.63      
750        19      3       50      1.70      
751        20      2       48      1.64      
752        20      0       48      1.61      
753        20      0       48      1.58      
754        23      3       43      1.56      
755        22      0       47      1.62      
756        18      0       46      1.57      
757        14      0       50      1.60      
758        18      0       46      1.58      
759        13      0       56      1.63      
760        18      0       57      1.67      
761        19      3       52      1.65      
762        15      0       51      1.52      
763        20      3       45      1.58      
764        19      3       47      1.63      
765        19      0       46      1.63      
766        21      1       46      1.63      
767        21      0       39      1.56      
768        22      2       38      1.60      
769        20      0       46      1.63      
770        23      0       51      1.66      
771        21      0       44      1.61      
772        22      1       43      1.64      
773        27      2       42      1.60      
774        24      2       39      1.58      
775        18      1       47      1.61      
776        16      1       52      1.59      
777        19      2       49      1.60      
778        18      2       47      1.57      
779        20      1       51      1.70      
780        22      0       53      1.66      
781        19      0       48      1.65      
782        19      3       47      1.68      
783        20      3       49      1.69      
784        21      0       51      1.58      
785        19      0       51      1.65      
786        16      2       44      1.51      
787        18      1       45      1.51      
788        17      2       42      1.57      
789        12      2       41      1.47      
790        14      1       48      1.52      
791        18      3       44      1.49      
792        18      1       41      1.54      
793        17      1       44      1.65      
794        17      1       50      1.60      
795        20      2       46      1.52      
796        18      1       47      1.54      
797        21      0       46      1.61      
798        21      0       42      1.53      
799        20      2       46      1.64      
800        20      0       48      1.64      
801        21      0       48      1.60      
802        22      1       48      1.66      
803        20      0       48      1.64      
804        14      0       46      1.52      
805        16      0       54      1.55      
806        21      0       47      1.59      
807        17      1       46      1.58      
808        18      2       48      1.62      
809        16      1       49      1.68      
810        17      3       48      1.61      
811        14      2       56      1.66      
812        12      0       53      1.54      
813        16      0       50      1.56      
814        14      1       49      1.51      
815        17      4       42      1.62      
816        20      0       45      1.46      
817        18      1       45      1.53      
818        14      1       45      1.51      
819        17      0       46      1.54      
820        17      1       45      1.58      
821        16      1       49      1.63      
822        17      1       49      1.60      
823        20      1       51      1.56      
824        16      0       49      1.59      
825        17      1       56      1.69      
826        14      0       53      1.64      
827        16      1       44      1.49      
828        27      1       47      1.71      
829        26      0       51      1.69      
830        25      0       43      1.59      
831        21      1       42      1.60      
832        21      1       47      1.66      
833        22      0       47      1.60      
834        14      0       47      1.54      
835        20      0       46      1.56      
836        20      1       51      1.67      
837        17      0       56      1.66      
838        16      4       45      1.59      
839        15      2       51      1.60      
840        12      0       51      1.61      
841        13      0       50      1.56      
842        16      1       57      1.70      
843        12      1       59      1.72      
844        14      0       65      1.76      
845        18      2       54      1.71      
846        16      2       59      1.72      
847        16      1       51      1.64      
848        18      3       51      1.64      
849        15      0       56      1.58      
850        19      1       49      1.61      
851        19      1       44      1.63      
852        21      2       44      1.72      
853        18      1       54      1.71      
854        23      2       43      1.63      
855        20      1       50      1.66      
856        19      3       46      1.71      
857        16      0       56      1.67      
858        16      2       56      1.66      
859        13      1       54      1.68      
860        12      0       47      1.63      
861        13      1       59      1.69      
862        16      2       53      1.80      
863        15      4       60      1.74      
864        14      3       58      1.79      
865        15      0       50      1.61      
866        14      0       51      1.68      
867        12      1       50      1.70      
868        18      0       53      1.67      
869        16      0       49      1.59      
870        13      0       49      1.66      
871        17      1       47      1.63      
872        19      0       48      1.60      
873        12      1       45      1.49      
874        14      0       53      1.58      
875        17      0       45      1.61      
876        15      1       51      1.63      
877        19      3       46      1.60      
878        17      3       47      1.63      
879        19      3       51      1.76      
880        17      2       54      1.61      
881        18      2       52      1.63      
882        17      1       49      1.60      
883        20      1       51      1.67      
884        18      1       46      1.59      
885        18      1       49      1.63      
886        15      1       44      1.57      
887        18      2       47      1.66      
888        17      1       47      1.62      
889        18      1       48      1.58      
890        17      1       51      1.63      
891        21      1       52      1.65      
892        27      2       48      1.77      
893        19      0       49      1.61      
894        24      3       48      1.76      
895        25      5       55      1.86      
896        23      0       49      1.69      
897        23      0       53      1.75      
898        27      0       48      1.71      
899        18      1       47      1.66      
900        23      0       48      1.70      
901        24      1       52      1.73      
902        15      0       53      1.65      
903        17      0       54      1.68      
904        17      1       50      1.70      
905        16      0       54      1.72      
906        19      0       58      1.77      
907        17      2       56      1.74      
908        23      1       53      1.76      
909        24      0       55      1.77      
910        16      0       52      1.55      
911        20      1       52      1.67      
912        22      1       52      1.71      
913        18      0       54      1.70      
914        16      0       53      1.67      
915        17      1       55      1.67      
916        11      0       60      1.63      
917        14      0       66      1.78      
918        13      0       65      1.74      
919        14      0       67      1.74      
920        16      0       63      1.70      
921        11      1       69      1.78      
922        18      2       66      1.85      
923        16      1       61      1.80      
924        13      0       65      1.76      
925        15      0       57      1.68      
926        15      1       59      1.72      
927        15      0       51      1.59      
928        11      0       57      1.66      
929        13      0       59      1.71      
930        15      1       57      1.67      
931        14      0       55      1.56      
932        14      1       50      1.61      
933        17      0       51      1.70      
934        15      0       62      1.65      
935        15      1       61      1.75      
936        12      1       55      1.64      
937        16      1       61      1.78      
938        18      2       56      1.69      
939        15      1       55      1.63      
940        15      1       63      1.65      
941        16      1       54      1.70      
942        14      1       55      1.63      
943        13      0       62      1.72      
944        17      1       56      1.67      
945        19      1       52      1.62      
946        17      1       54      1.70      
947        16      0       49      1.66      
948        20      2       49      1.61      
949        16      2       55      1.64      
950        24      1       51      1.66      
951        17      2       46      1.57      
952        22      2       51      1.71      
953        18      1       50      1.62      
954        21      0       50      1.66      
955        18      1       55      1.68      
956        19      0       54      1.64      
957        17      1       52      1.60      
958        14      2       57      1.64      
959        16      0       55      1.63      
960        15      0       59      1.67      
961        15      0       54      1.63      
962        17      1       64      1.73      
963        22      2       57      1.70      
964        15      0       52      1.61      
965        13      0       56      1.62      
966        18      1       50      1.64      
967        21      1       55      1.65      
968        19      2       52      1.66      
969        17      2       56      1.78      
970        17      1       51      1.60      
971        18      1       51      1.64      
972        14      1       52      1.59      
973        19      0       47      1.64      
974        20      2       45      1.59      
975        14      1       50      1.59      
976        21      0       54      1.62      
977        20      2       39      1.61      
978        20      1       50      1.70      
979        23      4       44      1.63      
980        20      1       45      1.65      
981        19      3       50      1.69      
982        19      2       45      1.67      
983        20      2       50      1.74      
984        24      3       54      1.67      
985        21      1       55      1.67      
986        18      2       53      1.66      
987        15      4       54      1.66      
988        16      0       53      1.69      
989        22      1       55      1.70      
990        16      1       55      1.60      
991        20      0       50      1.59      
992        21      1       50      1.64      
993        19      0       50      1.61      
994        14      0       47      1.49      
995        16      1       54      1.65      
996        18      1       59      1.75      
997        17      1       60      1.80      
998        15      1       57      1.66      
999        13      0       58      1.67      
1000       15      0       58      1.68      
1001       19      1       62      1.81      
1002       16      1       49      1.62      
1003       19      0       57      1.71      
1004       17      0       53      1.61      
1005       17      1       57      1.66      
1006       12      2       56      1.70      
1007       13      2       56      1.64      
1008       12      0       57      1.63      
1009       8       0       61      1.60      
1010       14      1       62      1.65      
1011       12      0       62      1.68      
1012       8       0       64      1.70      
1013       11      1       64      1.71      
1014       15      0       61      1.71      
1015       13      1       61      1.68      
1016       13      1       59      1.72      
1017       13      1       62      1.70      
1018       14      1       62      1.65      
