#time, lipid_head, lipid_tail, water, pore_size
0          0       3       7       0.73      
1          0       3       5       0.63      
2          0       3       6       0.73      
3          0       2       5       0.68      
4          0       2       6       0.69      
5          0       3       5       0.71      
6          0       3       6       0.69      
7          0       4       6       0.67      
8          0       2       6       0.70      
9          0       3       6       0.61      
10         0       1       6       0.67      
11         0       3       5       0.64      
12         0       2       5       0.67      
13         0       3       6       0.65      
14         0       2       5       0.65      
15         0       3       5       0.67      
16         0       3       5       0.65      
17         0       2       6       0.71      
18         0       2       6       0.64      
19         0       2       5       0.62      
20         0       1       8       0.67      
21         0       2       6       0.65      
22         1       1       6       0.70      
23         1       2       9       0.74      
24         0       3       7       0.69      
25         0       2       9       0.72      
26         1       1       7       0.63      
27         0       2       6       0.66      
28         0       2       6       0.65      
29         0       1       5       0.69      
30         2       2       6       0.62      
31         0       2       6       0.68      
32         0       1       5       0.61      
33         0       1       6       0.68      
34         1       2       8       0.71      
35         0       1       8       0.63      
36         1       2       7       0.66      
37         1       1       7       0.64      
38         0       1       11      0.67      
39         1       1       8       0.67      
40         0       1       9       0.65      
41         0       1       7       0.62      
42         2       1       7       0.70      
43         1       1       8       0.71      
44         1       2       8       0.68      
45         1       1       9       0.70      
46         1       1       8       0.76      
47         0       1       9       0.71      
48         1       2       8       0.68      
49         1       1       10      0.74      
50         1       0       11      0.77      
51         2       0       14      0.80      
52         0       0       14      0.79      
53         1       0       11      0.74      
54         0       0       12      0.76      
55         1       0       13      0.79      
56         1       0       13      0.78      
57         0       0       13      0.75      
58         0       0       10      0.73      
59         0       1       10      0.69      
60         0       0       11      0.68      
61         0       1       13      0.74      
62         0       0       14      0.74      
63         0       0       12      0.70      
64         0       0       12      0.72      
65         0       0       12      0.74      
66         0       0       11      0.72      
67         1       0       11      0.71      
68         0       0       8       0.67      
69         0       0       9       0.65      
70         0       0       10      0.66      
71         0       1       9       0.64      
72         0       0       10      0.75      
73         1       0       9       0.72      
74         0       0       9       0.72      
75         0       0       12      0.72      
76         0       0       11      0.64      
77         0       0       9       0.68      
78         0       0       8       0.62      
79         0       0       9       0.65      
80         1       0       11      0.75      
81         0       0       10      0.68      
82         0       1       10      0.70      
83         0       0       10      0.75      
84         0       1       8       0.66      
85         0       0       11      0.71      
86         0       0       10      0.63      
87         1       0       12      0.72      
88         0       0       10      0.64      
89         0       0       11      0.75      
90         0       0       10      0.69      
91         0       0       9       0.64      
92         0       0       9       0.69      
93         0       0       10      0.71      
94         0       1       11      0.71      
95         1       0       8       0.59      
96         1       0       9       0.63      
97         1       0       10      0.69      
98         0       0       9       0.64      
99         1       0       9       0.65      
100        0       0       10      0.67      
101        0       0       11      0.72      
102        0       0       9       0.70      
103        0       0       9       0.70      
104        1       0       9       0.68      
105        1       0       10      0.65      
106        1       1       10      0.71      
107        0       1       9       0.69      
108        1       0       8       0.64      
109        0       0       10      0.67      
110        0       0       10      0.70      
111        0       0       7       0.63      
112        0       0       10      0.71      
113        0       0       9       0.72      
114        0       0       10      0.72      
115        0       0       9       0.64      
116        0       0       9       0.66      
117        0       0       9       0.67      
118        0       0       11      0.70      
119        0       0       9       0.67      
120        0       0       9       0.68      
121        0       0       8       0.65      
122        1       0       10      0.66      
123        0       0       8       0.63      
124        0       0       10      0.65      
125        0       0       10      0.67      
126        0       0       9       0.60      
127        0       0       8       0.65      
128        0       0       9       0.67      
129        0       0       10      0.67      
130        0       0       9       0.61      
131        0       0       9       0.68      
132        0       0       9       0.63      
133        0       0       9       0.64      
134        0       1       10      0.65      
135        0       0       8       0.64      
136        0       0       10      0.60      
137        0       0       8       0.59      
138        0       0       9       0.65      
139        0       0       10      0.64      
140        0       0       8       0.64      
141        0       0       9       0.70      
142        0       0       9       0.68      
143        0       0       8       0.62      
144        0       0       9       0.71      
145        0       0       9       0.65      
146        0       0       7       0.57      
147        1       0       9       0.61      
148        1       0       9       0.55      
149        1       0       8       0.63      
150        0       0       9       0.52      
151        0       0       9       0.69      
152        0       0       9       0.64      
153        0       0       8       0.58      
154        0       0       9       0.58      
155        0       0       9       0.55      
156        1       0       9       0.65      
157        1       0       9       0.65      
158        1       0       8       0.63      
159        0       0       7       0.63      
160        0       0       8       0.58      
161        0       0       8       0.62      
162        0       1       8       0.64      
163        2       0       7       0.61      
164        0       0       8       0.60      
165        0       1       7       0.57      
166        0       0       6       0.54      
167        0       0       8       0.57      
168        0       0       7       0.60      
169        0       0       8       0.60      
170        0       0       8       0.58      
171        0       0       8       0.59      
172        0       0       7       0.60      
173        0       0       8       0.59      
174        0       0       6       0.52      
175        0       0       7       0.57      
176        0       0       8       0.56      
177        0       0       7       0.59      
178        0       0       7       0.60      
179        0       0       6       0.55      
180        0       0       7       0.55      
181        0       0       7       0.59      
182        0       0       7       0.54      
183        0       0       6       0.56      
184        1       0       8       0.62      
185        1       0       7       0.58      
186        0       0       8       0.61      
187        0       0       7       0.63      
188        1       0       7       0.62      
189        0       0       6       0.62      
190        0       0       7       0.57      
191        0       0       6       0.57      
192        1       0       5       0.52      
193        0       1       5       0.59      
194        0       1       7       0.62      
195        0       1       4       0.59      
196        0       2       6       0.61      
197        0       1       6       0.63      
198        0       2       6       0.63      
199        0       1       5       0.58      
200        0       1       4       0.52      
201        0       1       6       0.61      
202        0       1       6       0.59      
203        0       1       5       0.55      
204        0       2       5       0.64      
205        1       2       6       0.58      
206        0       2       6       0.63      
207        0       1       5       0.56      
208        0       2       5       0.60      
209        0       1       5       0.56      
210        0       2       5       0.53      
211        0       1       5       0.57      
212        0       2       5       0.57      
213        0       1       5       0.58      
214        0       2       6       0.56      
215        1       2       7       0.57      
216        1       2       5       0.60      
217        0       1       6       0.60      
218        1       1       6       0.66      
219        0       2       5       0.57      
220        1       2       5       0.58      
221        1       3       4       0.61      
222        0       1       6       0.63      
223        0       1       7       0.63      
224        0       1       8       0.63      
225        0       2       6       0.69      
226        0       2       7       0.60      
227        0       2       7       0.63      
228        0       2       8       0.69      
229        0       2       6       0.63      
230        0       2       7       0.64      
231        0       2       7       0.62      
232        0       2       7       0.61      
233        0       2       9       0.62      
234        0       2       6       0.64      
235        0       1       8       0.67      
236        0       2       6       0.61      
237        0       2       10      0.63      
238        0       2       6       0.60      
239        0       2       5       0.59      
240        0       2       3       0.57      
241        0       2       7       0.65      
242        0       2       6       0.62      
243        0       1       6       0.59      
244        0       1       6       0.64      
245        1       1       10      0.80      
246        2       0       11      0.79      
247        2       0       12      0.79      
248        3       0       11      0.84      
249        2       0       11      0.75      
250        1       0       9       0.69      
251        2       0       11      0.74      
252        2       0       13      0.72      
253        1       0       15      0.68      
254        2       1       10      0.70      
255        1       2       12      0.77      
256        0       3       13      0.91      
257        0       6       9       0.84      
258        0       5       12      0.86      
259        0       3       11      0.89      
260        0       3       10      0.80      
261        1       4       13      0.89      
262        3       3       15      0.86      
263        2       3       18      0.96      
264        2       0       15      0.84      
265        2       0       16      0.84      
266        2       0       14      0.86      
267        4       1       13      0.89      
268        2       1       16      0.87      
269        4       0       19      0.86      
270        3       1       17      0.91      
271        3       1       21      0.95      
272        2       0       17      0.93      
273        3       2       18      0.91      
274        4       0       14      0.94      
275        3       4       13      0.88      
276        3       3       11      0.91      
277        2       2       13      0.84      
278        1       5       13      0.90      
279        3       5       10      0.92      
280        2       5       13      0.95      
281        4       6       11      0.96      
282        4       7       10      0.92      
283        3       6       11      0.91      
284        3       7       13      0.92      
285        3       8       10      0.99      
286        4       8       11      0.96      
287        3       7       13      0.98      
288        3       5       12      0.96      
289        0       6       14      0.94      
290        3       7       12      0.97      
291        3       8       10      0.99      
292        2       6       13      0.95      
293        2       9       15      1.07      
294        2       9       11      0.97      
295        1       9       11      0.95      
296        4       7       10      0.90      
297        3       6       13      0.95      
298        3       9       12      0.95      
299        3       9       11      0.90      
300        1       9       9       0.88      
301        0       9       9       0.89      
302        0       10      12      0.94      
303        1       7       10      0.84      
304        3       8       10      0.92      
305        2       9       10      0.89      
306        1       8       11      0.94      
307        2       7       11      0.91      
308        3       10      11      0.93      
309        2       7       10      0.91      
310        4       8       13      0.97      
311        1       10      10      0.95      
312        1       8       15      0.96      
313        2       6       14      0.96      
314        1       8       15      0.98      
315        2       5       14      0.99      
316        2       6       11      0.89      
317        3       8       11      0.92      
318        4       10      13      0.96      
319        4       9       12      0.98      
320        3       9       12      0.94      
321        3       9       11      0.96      
322        4       8       12      0.97      
323        2       9       14      0.97      
324        3       10      14      0.99      
325        2       8       10      0.92      
326        3       9       13      1.00      
327        1       9       11      0.92      
328        2       9       11      0.93      
329        3       8       11      1.01      
330        2       8       8       0.94      
331        3       8       10      0.94      
332        1       8       11      0.98      
333        5       6       9       0.99      
334        3       3       10      0.96      
335        3       4       9       0.93      
336        4       9       10      0.99      
337        3       4       12      0.94      
338        3       5       13      1.01      
339        5       5       9       0.93      
340        4       6       10      0.91      
341        4       7       8       0.92      
342        3       7       9       0.95      
343        4       4       8       0.92      
344        2       5       9       0.87      
345        3       3       8       0.87      
346        2       6       11      0.90      
347        2       6       12      0.96      
348        2       4       10      0.87      
349        2       5       11      0.91      
350        1       5       10      0.86      
351        3       4       11      0.85      
352        2       4       8       0.82      
353        2       6       11      0.82      
354        2       5       12      0.89      
355        0       6       12      0.92      
356        1       2       14      0.90      
357        1       3       11      0.94      
358        2       5       14      0.94      
359        2       5       11      0.95      
360        0       5       10      0.88      
361        2       5       12      0.92      
362        4       3       14      0.88      
363        1       4       13      0.90      
364        2       5       13      0.92      
365        2       3       14      0.96      
366        2       4       13      0.94      
367        1       3       10      0.88      
368        1       3       11      0.86      
369        0       3       13      0.87      
370        2       6       13      0.88      
371        4       2       10      0.82      
372        2       4       10      0.90      
373        1       4       11      0.87      
374        2       4       12      0.86      
375        2       4       12      0.79      
376        1       3       13      0.85      
377        1       3       13      0.88      
378        1       2       12      0.80      
379        1       2       12      0.78      
380        2       2       11      0.87      
381        3       4       15      0.84      
382        3       0       17      0.88      
383        2       1       15      0.90      
384        2       4       16      0.99      
385        3       4       13      0.90      
386        2       7       16      0.98      
387        3       5       16      0.96      
388        2       5       14      0.91      
389        3       11      13      1.08      
390        5       10      15      1.06      
391        3       10      9       0.98      
392        2       5       14      0.96      
393        4       10      20      1.15      
394        5       10      17      1.10      
395        1       12      13      0.95      
396        4       12      15      1.07      
397        4       13      12      1.10      
398        1       10      11      0.98      
399        0       12      10      0.95      
400        0       14      10      0.97      
401        0       12      7       0.88      
402        0       12      9       0.96      
403        1       11      11      0.99      
404        0       12      8       0.94      
405        0       10      9       0.92      
406        0       13      10      0.92      
407        0       10      8       0.92      
408        2       10      9       0.95      
409        0       12      7       0.92      
410        1       12      7       0.88      
411        1       13      9       0.93      
412        1       12      9       0.97      
413        2       11      8       0.94      
414        1       11      7       0.88      
415        3       11      8       0.93      
416        0       10      9       0.84      
417        1       12      8       0.99      
418        0       11      9       0.88      
419        1       11      8       0.96      
420        1       10      8       0.90      
421        0       8       10      0.93      
422        0       9       13      0.95      
423        0       8       11      0.92      
424        0       9       10      0.94      
425        0       10      9       0.92      
426        1       11      9       0.96      
427        0       9       8       0.82      
428        0       7       11      0.91      
429        0       6       9       0.85      
430        0       8       7       0.84      
431        0       6       9       0.88      
432        0       8       9       0.90      
433        0       9       8       0.98      
434        1       8       11      0.94      
435        0       7       11      0.99      
436        1       11      11      0.97      
437        0       9       8       0.95      
438        0       8       9       0.92      
439        0       7       10      0.93      
440        1       9       10      1.01      
441        1       9       8       0.91      
442        2       9       11      0.99      
443        1       7       11      0.99      
444        0       8       8       0.87      
445        0       7       10      0.92      
446        0       10      8       0.94      
447        2       8       9       0.97      
448        0       6       10      0.95      
449        0       11      8       0.93      
450        0       6       9       0.92      
451        0       11      13      1.02      
452        0       9       13      0.97      
453        1       8       11      0.97      
454        1       10      14      1.03      
455        1       8       11      0.99      
456        0       7       11      0.92      
457        0       8       12      1.03      
458        0       9       10      1.03      
459        0       10      10      1.00      
460        0       11      12      0.98      
461        0       10      11      1.01      
462        0       10      10      0.99      
463        0       7       10      0.94      
464        0       11      11      1.03      
465        0       11      12      1.07      
466        0       10      12      1.02      
467        1       9       11      0.96      
468        2       9       12      1.02      
469        2       9       12      1.04      
470        1       10      12      1.03      
471        4       9       13      1.07      
472        2       11      14      1.05      
473        1       11      12      1.02      
474        1       12      12      1.01      
475        2       10      11      1.02      
476        0       9       14      0.97      
477        0       11      12      1.06      
478        0       8       12      1.05      
479        0       9       13      1.01      
480        0       13      14      1.11      
481        4       11      12      1.15      
482        3       9       11      1.09      
483        0       12      11      0.99      
484        0       9       11      1.04      
485        1       9       11      0.99      
486        0       7       9       0.97      
487        0       7       13      0.92      
488        0       10      10      0.99      
489        1       11      10      1.05      
490        0       12      12      1.13      
491        1       10      12      1.05      
492        2       7       12      1.01      
493        2       9       11      1.04      
494        0       10      11      1.05      
495        2       11      11      1.12      
496        0       14      10      1.02      
497        0       11      12      0.96      
498        0       12      10      0.97      
499        0       14      12      1.09      
500        0       14      12      1.09      
501        0       14      12      1.09      
502        1       13      11      1.07      
503        1       12      13      1.04      
504        1       12      13      1.01      
505        0       10      12      1.03      
506        0       11      12      1.04      
507        0       10      11      1.06      
508        0       11      10      0.97      
509        0       11      12      1.04      
510        1       10      12      1.15      
511        0       11      13      1.09      
512        0       11      11      1.05      
513        0       14      11      1.06      
514        0       11      12      1.09      
515        0       12      11      1.06      
516        0       10      11      1.08      
517        0       14      12      1.12      
518        0       10      9       1.08      
519        0       11      8       1.04      
520        0       8       10      0.90      
521        0       9       9       1.03      
522        1       7       11      0.95      
523        0       10      10      1.02      
524        2       11      12      1.04      
525        0       9       9       1.06      
526        1       10      13      0.98      
527        2       9       12      1.05      
528        0       11      11      1.04      
529        2       9       11      1.04      
530        2       8       13      1.02      
531        2       8       12      0.99      
532        2       10      10      1.03      
533        2       9       13      1.01      
534        2       10      11      1.05      
535        1       11      11      1.06      
536        1       14      12      1.12      
537        2       13      13      1.04      
538        2       12      13      1.05      
539        2       12      12      1.08      
540        2       12      13      1.01      
541        2       10      12      1.06      
542        4       11      14      1.11      
543        4       16      12      1.14      
544        4       10      14      1.05      
545        4       11      16      1.09      
546        4       10      14      1.17      
547        4       11      13      1.17      
548        4       13      13      1.12      
549        5       11      13      1.08      
550        5       11      14      1.11      
551        4       12      12      1.12      
552        4       13      11      1.09      
553        5       10      9       1.00      
554        5       14      9       1.08      
555        4       13      8       1.09      
556        3       11      12      1.09      
557        4       16      13      1.09      
558        4       13      10      1.09      
559        4       9       10      1.03      
560        3       10      13      1.07      
561        4       9       11      1.06      
562        4       8       14      1.14      
563        4       10      13      1.15      
564        5       10      11      0.97      
565        2       11      11      1.00      
566        2       13      15      1.15      
567        1       16      13      1.12      
568        2       11      15      1.13      
569        2       10      17      1.07      
570        2       12      15      1.06      
571        3       11      16      1.10      
572        0       13      15      1.12      
573        2       12      13      1.04      
574        1       12      16      1.13      
575        1       10      15      1.11      
576        4       10      14      1.10      
577        2       12      15      1.07      
578        1       13      15      1.07      
579        1       13      18      1.14      
580        3       16      16      1.15      
581        2       13      14      1.12      
582        2       13      13      1.12      
583        2       16      14      1.07      
584        1       13      13      1.05      
585        1       15      15      1.11      
586        4       11      18      1.15      
587        2       14      14      1.12      
588        3       13      15      1.17      
589        4       13      15      1.14      
590        3       16      15      1.19      
591        2       15      13      1.10      
592        5       15      15      1.11      
593        2       14      14      1.10      
594        3       12      17      1.16      
595        4       11      18      1.19      
596        4       11      16      1.11      
597        2       12      18      1.17      
598        5       14      14      1.08      
599        3       15      15      1.12      
600        3       14      14      1.09      
601        3       14      14      1.08      
602        5       14      16      1.16      
603        3       15      10      1.08      
604        5       10      11      1.05      
605        5       11      11      1.06      
606        4       16      12      1.11      
607        6       14      12      1.08      
608        4       13      15      1.15      
609        4       14      12      1.09      
610        4       15      11      1.10      
611        4       17      12      1.18      
612        4       12      10      1.12      
613        3       14      11      1.15      
614        5       13      13      1.14      
615        4       15      14      1.13      
616        5       14      12      1.17      
617        4       14      12      1.09      
618        6       15      15      1.21      
619        8       16      14      1.16      
620        5       16      12      1.18      
621        3       13      10      1.10      
622        4       14      11      1.06      
623        5       16      13      1.17      
624        4       16      11      1.13      
625        6       13      13      1.15      
626        5       16      14      1.19      
627        9       18      14      1.29      
628        9       14      15      1.27      
629        10      14      17      1.27      
630        7       12      19      1.25      
631        7       11      21      1.31      
632        7       11      21      1.25      
633        7       11      22      1.35      
634        9       9       21      1.29      
635        6       11      22      1.31      
636        6       10      21      1.29      
637        6       11      22      1.28      
638        6       12      17      1.24      
639        7       10      21      1.27      
640        6       13      18      1.29      
641        7       15      14      1.26      
642        5       15      16      1.29      
643        6       18      15      1.33      
644        5       12      15      1.28      
645        4       17      13      1.22      
646        4       23      14      1.29      
647        4       20      15      1.31      
648        4       22      13      1.31      
649        5       21      12      1.35      
650        4       23      17      1.41      
651        4       26      19      1.40      
652        5       25      19      1.39      
653        6       23      17      1.43      
654        5       26      21      1.43      
655        5       20      20      1.38      
656        7       23      21      1.34      
657        1       24      21      1.45      
658        6       23      17      1.55      
659        6       29      17      1.50      
660        5       26      16      1.56      
661        4       23      20      1.52      
662        2       26      15      1.36      
663        3       22      17      1.38      
664        4       24      18      1.36      
665        4       22      22      1.41      
666        3       16      17      1.36      
667        4       17      22      1.43      
668        2       17      19      1.37      
669        4       19      18      1.31      
670        0       19      18      1.34      
671        3       21      18      1.37      
672        2       21      18      1.35      
673        1       20      18      1.27      
674        0       17      16      1.26      
675        5       14      18      1.34      
676        0       21      18      1.33      
677        1       24      18      1.47      
678        4       23      18      1.40      
679        2       21      16      1.34      
680        8       21      17      1.44      
681        5       16      15      1.37      
682        5       20      14      1.33      
683        4       21      13      1.30      
684        5       23      13      1.35      
685        3       22      15      1.28      
686        4       24      16      1.38      
687        5       28      16      1.41      
688        5       19      17      1.36      
689        3       16      16      1.23      
690        4       23      16      1.28      
691        8       20      16      1.31      
692        7       18      16      1.29      
693        7       18      17      1.28      
694        6       26      21      1.43      
695        8       19      22      1.39      
696        8       23      18      1.41      
697        5       20      17      1.34      
698        7       20      17      1.37      
699        4       18      18      1.29      
700        4       18      18      1.35      
701        3       19      15      1.26      
702        4       20      17      1.31      
703        8       19      15      1.36      
704        3       18      16      1.32      
705        5       19      15      1.25      
706        5       19      21      1.33      
707        8       18      17      1.30      
708        5       24      19      1.31      
709        7       21      17      1.30      
710        6       28      17      1.44      
711        6       23      19      1.40      
712        4       26      19      1.39      
713        1       20      20      1.38      
714        2       20      18      1.32      
715        1       18      17      1.32      
716        3       15      22      1.32      
717        3       20      20      1.32      
718        3       22      23      1.41      
719        2       23      20      1.37      
720        2       25      20      1.46      
721        7       20      24      1.43      
722        7       21      26      1.50      
723        7       24      21      1.48      
724        6       28      22      1.53      
725        4       25      22      1.45      
726        3       19      20      1.44      
727        5       26      22      1.46      
728        6       22      19      1.41      
729        6       22      17      1.46      
730        5       23      15      1.39      
731        6       25      18      1.50      
732        5       21      16      1.29      
733        7       20      18      1.32      
734        5       19      19      1.45      
735        7       22      22      1.49      
736        5       19      24      1.36      
737        8       18      18      1.32      
738        1       13      14      1.13      
739        0       15      17      1.29      
740        1       14      13      1.13      
741        1       14      14      1.21      
742        2       16      15      1.19      
743        2       18      15      1.25      
744        2       13      17      1.18      
745        3       15      12      1.19      
746        7       16      16      1.34      
747        7       17      15      1.31      
748        2       19      12      1.25      
749        5       16      15      1.28      
750        3       14      13      1.13      
751        4       14      14      1.19      
752        5       15      13      1.14      
753        4       12      14      1.15      
754        2       13      15      1.20      
755        3       10      13      1.08      
756        5       12      13      1.14      
757        3       13      13      1.14      
758        3       10      11      1.10      
759        2       14      12      1.14      
760        3       13      12      1.14      
761        3       15      14      1.15      
762        2       14      15      1.18      
763        4       17      13      1.26      
764        3       20      14      1.28      
765        3       15      14      1.19      
766        3       16      14      1.22      
767        2       19      11      1.19      
768        2       17      14      1.18      
769        1       14      17      1.18      
770        1       15      14      1.17      
771        2       15      13      1.14      
772        0       13      15      1.11      
773        1       12      13      1.06      
774        3       12      16      1.15      
775        3       12      13      1.10      
776        2       10      14      1.11      
777        5       14      15      1.14      
778        1       14      15      1.13      
779        3       16      15      1.10      
780        5       16      12      1.14      
781        4       15      13      1.14      
782        4       13      15      1.22      
783        5       16      14      1.19      
784        2       13      14      1.10      
785        1       17      14      1.24      
786        4       14      13      1.12      
787        4       14      12      1.18      
788        7       14      14      1.21      
789        3       16      12      1.21      
790        5       14      11      1.08      
791        0       17      14      1.15      
792        4       15      12      1.22      
793        1       18      12      1.21      
794        1       19      13      1.25      
795        4       21      15      1.26      
796        8       17      14      1.29      
797        5       21      14      1.30      
798        3       18      13      1.22      
799        5       16      9       1.25      
800        7       19      16      1.33      
801        6       24      18      1.38      
802        5       26      17      1.41      
803        6       25      19      1.49      
804        8       20      20      1.41      
805        10      15      16      1.35      
806        8       18      19      1.38      
807        11      17      18      1.35      
808        10      18      19      1.38      
809        8       17      19      1.40      
810        11      13      15      1.30      
811        14      17      17      1.37      
812        14      17      19      1.51      
813        15      17      19      1.48      
814        14      21      17      1.41      
815        14      20      17      1.48      
816        11      24      17      1.61      
817        15      27      17      1.60      
818        20      22      20      1.61      
819        19      23      26      1.71      
820        20      22      19      1.56      
821        15      25      16      1.59      
822        13      28      14      1.58      
823        12      25      16      1.42      
824        16      24      18      1.47      
825        12      24      14      1.43      
826        11      20      15      1.44      
827        10      20      14      1.37      
828        11      19      14      1.41      
829        8       22      15      1.42      
830        7       27      19      1.50      
831        13      27      19      1.57      
832        10      23      12      1.40      
833        9       21      15      1.41      
834        14      18      16      1.36      
835        14      22      19      1.49      
836        10      23      15      1.49      
837        12      18      17      1.43      
838        11      19      19      1.40      
839        11      19      20      1.38      
840        12      18      17      1.40      
841        13      17      17      1.42      
842        9       18      19      1.43      
843        12      19      23      1.47      
844        12      21      20      1.52      
845        16      22      17      1.56      
846        14      22      17      1.52      
847        15      24      18      1.49      
848        12      19      20      1.46      
849        18      25      18      1.61      
850        14      20      15      1.45      
851        16      15      16      1.41      
852        14      19      16      1.48      
853        14      15      16      1.44      
854        15      17      19      1.51      
855        15      19      19      1.53      
856        14      21      17      1.49      
857        13      19      17      1.49      
858        11      20      18      1.45      
859        13      18      17      1.51      
860        14      19      17      1.46      
861        13      20      16      1.42      
862        16      20      20      1.47      
863        15      22      17      1.49      
864        16      17      16      1.38      
865        13      17      16      1.46      
866        14      19      15      1.46      
867        13      17      18      1.46      
868        12      16      18      1.48      
869        12      20      16      1.41      
870        11      20      18      1.43      
871        10      15      17      1.36      
872        16      18      16      1.47      
873        11      15      19      1.37      
874        15      20      20      1.51      
875        17      21      17      1.53      
876        12      21      21      1.50      
877        17      25      16      1.45      
878        13      21      17      1.49      
879        16      17      18      1.47      
880        16      20      16      1.48      
881        17      20      17      1.50      
882        14      22      15      1.47      
883        12      19      15      1.38      
884        7       20      19      1.35      
885        11      20      17      1.44      
886        15      24      14      1.44      
887        11      20      21      1.42      
888        11      23      18      1.46      
889        8       17      19      1.41      
890        10      24      16      1.50      
891        14      24      18      1.49      
892        9       21      20      1.49      
893        11      24      16      1.47      
894        11      20      20      1.49      
895        11      23      16      1.43      
896        9       24      18      1.39      
897        9       22      14      1.43      
898        11      20      16      1.49      
899        9       22      17      1.47      
900        8       21      16      1.45      
901        7       19      15      1.34      
902        7       20      16      1.35      
903        8       18      16      1.41      
904        11      17      19      1.43      
905        9       21      18      1.42      
906        7       20      17      1.38      
907        10      20      17      1.47      
908        12      23      16      1.41      
909        10      14      20      1.41      
910        9       15      20      1.35      
911        10      18      14      1.41      
912        10      17      17      1.47      
913        10      16      20      1.43      
914        9       16      17      1.38      
915        7       11      18      1.32      
916        9       15      17      1.32      
917        9       14      15      1.30      
918        7       16      17      1.30      
919        7       8       18      1.30      
920        8       12      17      1.41      
921        8       13      15      1.26      
922        11      16      17      1.40      
923        16      16      19      1.44      
924        10      15      18      1.45      
925        11      20      19      1.50      
926        10      16      19      1.46      
927        9       16      21      1.42      
928        10      19      18      1.42      
929        9       20      21      1.48      
930        9       19      17      1.41      
931        12      20      20      1.53      
932        10      19      20      1.45      
933        10      20      14      1.37      
934        11      18      17      1.36      
935        15      18      20      1.47      
936        11      17      24      1.53      
937        11      16      22      1.49      
938        8       17      21      1.44      
939        7       16      20      1.40      
940        13      14      22      1.50      
941        13      17      23      1.53      
942        13      16      21      1.57      
943        9       13      23      1.41      
944        8       19      25      1.52      
945        12      16      23      1.56      
946        11      17      24      1.49      
947        11      13      19      1.36      
948        9       16      21      1.48      
949        13      17      21      1.48      
950        11      14      22      1.46      
951        10      16      23      1.59      
952        7       12      20      1.27      
953        11      11      19      1.42      
954        9       11      21      1.40      
955        7       13      24      1.48      
956        9       13      19      1.44      
957        11      14      18      1.42      
958        8       19      19      1.43      
959        12      18      21      1.51      
960        9       14      20      1.46      
961        13      14      21      1.41      
962        6       14      18      1.35      
963        5       18      20      1.41      
964        10      17      21      1.51      
965        9       21      18      1.51      
966        11      21      19      1.50      
967        11      21      15      1.43      
968        8       13      19      1.33      
969        9       15      21      1.38      
970        10      14      13      1.33      
971        3       18      17      1.31      
972        7       20      13      1.32      
973        10      21      17      1.41      
974        8       14      20      1.36      
975        14      16      18      1.34      
976        11      18      18      1.40      
977        12      19      15      1.37      
978        12      14      17      1.35      
979        11      14      18      1.33      
980        10      18      19      1.53      
981        12      18      20      1.46      
982        12      19      16      1.43      
983        14      23      18      1.63      
984        15      15      17      1.46      
985        10      17      13      1.41      
986        13      17      17      1.49      
987        15      16      17      1.47      
988        10      15      16      1.39      
989        11      17      17      1.41      
990        12      18      17      1.44      
991        10      16      18      1.39      
992        11      19      20      1.36      
993        13      15      16      1.39      
994        13      17      17      1.38      
995        12      16      16      1.33      
996        10      17      15      1.33      
997        13      16      14      1.40      
998        11      16      16      1.42      
999        12      15      13      1.35      
1000       14      23      16      1.48      
1001       14      21      15      1.49      
1002       12      22      18      1.52      
1003       11      19      12      1.44      
1004       12      18      16      1.44      
1005       12      15      17      1.41      
1006       7       15      14      1.35      
1007       10      24      16      1.47      
1008       10      20      14      1.39      
1009       9       22      13      1.36      
