#time, lipid_head, lipid_tail, water, pore_size
0          0       2       5       0.63      
1          0       2       6       0.67      
2          0       3       7       0.68      
3          1       3       9       0.73      
4          0       4       10      0.84      
5          1       4       12      0.81      
6          0       4       12      0.74      
7          0       4       11      0.80      
8          0       4       13      0.83      
9          0       4       9       0.75      
10         0       4       12      0.77      
11         1       5       7       0.69      
12         2       5       8       0.79      
13         1       4       8       0.72      
14         0       4       11      0.81      
15         1       4       9       0.77      
16         0       4       11      0.80      
17         2       5       11      0.83      
18         2       4       12      0.85      
19         3       4       13      0.87      
20         3       4       7       0.86      
21         5       5       10      0.87      
22         3       5       9       0.86      
23         2       7       11      0.97      
24         8       7       13      1.04      
25         4       5       11      0.93      
26         6       5       11      0.97      
27         3       7       9       0.95      
28         4       5       9       0.95      
29         5       6       9       1.00      
30         4       7       11      1.01      
31         3       8       10      0.91      
32         6       7       9       0.97      
33         6       7       10      0.97      
34         6       9       9       1.02      
35         4       9       10      0.99      
36         4       9       11      1.03      
37         5       8       9       1.10      
38         6       8       13      1.08      
39         5       9       15      1.09      
40         8       10      16      1.12      
41         6       13      15      1.20      
42         11      11      14      1.18      
43         9       9       9       1.17      
44         9       8       10      1.07      
45         11      8       13      1.10      
46         8       7       12      1.09      
47         11      10      12      1.15      
48         7       11      14      1.16      
49         14      14      11      1.20      
50         7       13      11      1.18      
51         6       12      13      1.17      
52         6       13      15      1.20      
53         5       13      17      1.22      
54         6       11      12      1.14      
55         4       9       9       1.07      
56         4       12      10      1.05      
57         6       12      13      1.24      
58         7       15      14      1.24      
59         9       13      13      1.20      
60         11      13      16      1.25      
61         10      13      14      1.21      
62         8       14      14      1.26      
63         8       13      19      1.32      
64         5       9       20      1.26      
65         8       11      15      1.20      
66         8       13      12      1.28      
67         11      16      13      1.32      
68         11      16      16      1.25      
69         12      18      15      1.34      
70         8       12      14      1.20      
71         12      14      17      1.36      
72         8       17      17      1.27      
73         9       12      17      1.26      
74         6       12      16      1.25      
75         11      13      17      1.30      
76         11      14      17      1.28      
77         8       12      19      1.27      
78         8       14      17      1.19      
79         7       18      18      1.26      
80         8       17      19      1.24      
81         8       13      16      1.23      
82         9       12      16      1.24      
83         9       13      15      1.23      
84         6       16      14      1.18      
85         8       13      15      1.22      
86         6       14      16      1.22      
87         7       10      21      1.26      
88         10      13      18      1.25      
89         7       10      14      1.14      
90         7       9       15      1.13      
91         9       13      15      1.20      
92         9       11      13      1.17      
93         7       9       14      1.12      
94         8       10      15      1.06      
95         10      10      21      1.24      
96         12      11      16      1.26      
97         8       11      14      1.19      
98         9       9       14      1.17      
99         11      8       15      1.14      
100        10      9       15      1.18      
101        10      10      15      1.17      
102        8       10      15      1.13      
103        7       9       18      1.13      
104        8       12      15      1.13      
105        10      9       15      1.17      
106        10      12      13      1.20      
107        10      9       15      1.14      
108        11      11      15      1.16      
109        14      11      17      1.24      
110        10      11      16      1.20      
111        11      12      17      1.17      
112        11      13      20      1.29      
113        12      15      18      1.29      
114        12      13      19      1.24      
115        12      10      22      1.26      
116        10      11      17      1.29      
117        8       10      22      1.18      
118        15      10      24      1.39      
119        12      10      23      1.32      
120        9       8       23      1.22      
121        13      7       26      1.30      
122        9       10      28      1.35      
123        9       11      23      1.30      
124        9       14      21      1.25      
125        14      11      23      1.31      
126        11      16      19      1.35      
127        16      13      21      1.33      
128        16      14      19      1.34      
129        12      13      23      1.37      
130        15      14      22      1.36      
131        16      16      22      1.41      
132        7       13      19      1.30      
133        14      16      27      1.47      
134        16      15      28      1.46      
135        15      14      25      1.41      
136        17      16      26      1.45      
137        14      17      24      1.44      
138        14      19      21      1.36      
139        13      19      24      1.43      
140        12      16      25      1.38      
141        11      13      28      1.39      
142        11      18      23      1.42      
143        12      13      21      1.30      
144        16      11      26      1.39      
145        13      13      22      1.33      
146        12      9       20      1.33      
147        13      17      16      1.32      
148        10      13      22      1.33      
149        11      15      25      1.44      
150        14      9       22      1.31      
151        12      12      32      1.41      
152        13      9       23      1.31      
153        12      9       27      1.35      
154        13      11      22      1.32      
155        12      8       24      1.27      
156        10      12      27      1.25      
157        11      14      26      1.33      
158        9       11      25      1.32      
159        12      13      25      1.42      
160        10      11      27      1.36      
161        12      11      29      1.36      
162        13      11      27      1.25      
163        10      9       25      1.31      
164        9       12      25      1.25      
165        11      10      22      1.28      
166        10      11      24      1.28      
167        12      9       28      1.32      
168        10      11      27      1.28      
169        10      10      22      1.31      
170        12      11      25      1.33      
171        12      9       24      1.31      
172        16      10      28      1.40      
173        12      8       30      1.38      
174        12      13      26      1.42      
175        14      13      25      1.37      
176        13      12      27      1.39      
177        14      14      23      1.36      
178        15      14      27      1.38      
179        10      14      23      1.36      
180        12      13      21      1.34      
181        10      15      20      1.31      
182        10      18      21      1.32      
183        13      18      25      1.42      
184        13      19      23      1.43      
185        11      18      26      1.45      
186        14      15      26      1.40      
187        10      13      24      1.37      
188        9       20      24      1.47      
189        10      26      23      1.57      
190        10      22      28      1.41      
191        8       19      28      1.43      
192        8       22      20      1.46      
193        10      21      26      1.43      
194        13      22      26      1.45      
195        11      23      21      1.48      
196        13      18      22      1.46      
197        14      22      19      1.43      
198        16      20      26      1.43      
199        11      23      24      1.46      
200        17      20      20      1.47      
201        10      19      20      1.40      
202        7       19      21      1.29      
203        13      19      21      1.39      
204        7       24      22      1.44      
205        11      20      21      1.33      
206        8       21      20      1.41      
207        10      21      19      1.37      
208        9       20      25      1.36      
209        14      20      20      1.46      
210        13      21      20      1.43      
211        14      18      25      1.54      
212        11      14      26      1.41      
213        14      16      20      1.43      
214        9       14      28      1.41      
215        11      12      32      1.49      
216        12      18      32      1.50      
217        11      13      29      1.48      
218        13      14      34      1.51      
219        10      15      35      1.46      
220        9       13      35      1.50      
221        12      17      32      1.52      
222        10      17      27      1.44      
223        8       19      35      1.56      
224        7       14      30      1.42      
225        8       18      29      1.47      
226        17      15      29      1.43      
227        15      15      27      1.46      
228        14      14      28      1.46      
229        17      17      23      1.39      
230        17      18      25      1.43      
231        15      19      28      1.44      
232        19      21      21      1.45      
233        17      15      28      1.49      
234        13      17      27      1.51      
235        14      22      30      1.57      
236        12      20      22      1.45      
237        12      23      27      1.51      
238        14      25      27      1.56      
239        13      26      25      1.55      
240        7       29      27      1.51      
241        18      26      21      1.53      
242        9       27      22      1.52      
243        9       29      20      1.51      
244        12      25      24      1.56      
245        17      24      22      1.55      
246        18      25      26      1.62      
247        16      26      24      1.59      
248        13      28      26      1.56      
249        12      26      28      1.55      
250        15      30      21      1.55      
251        11      24      29      1.51      
252        13      24      24      1.52      
253        17      23      22      1.51      
254        16      21      29      1.57      
255        15      24      22      1.54      
256        16      24      28      1.58      
257        18      21      26      1.51      
258        13      19      29      1.48      
259        15      21      25      1.49      
260        11      19      28      1.52      
261        15      27      28      1.53      
262        14      29      23      1.57      
263        9       29      24      1.56      
264        19      25      24      1.60      
265        10      27      27      1.61      
266        7       27      16      1.47      
267        11      24      23      1.45      
268        6       29      24      1.46      
269        9       31      24      1.52      
270        6       28      24      1.49      
271        7       25      19      1.42      
272        13      25      18      1.45      
273        14      24      19      1.41      
274        14      21      21      1.42      
275        16      22      23      1.49      
276        13      21      23      1.41      
277        9       24      22      1.44      
278        11      18      21      1.39      
279        11      21      27      1.49      
280        14      18      20      1.38      
281        12      17      27      1.50      
282        12      17      25      1.45      
283        13      24      22      1.45      
284        14      22      19      1.43      
285        9       25      20      1.43      
286        9       27      21      1.41      
287        12      21      18      1.45      
288        5       23      23      1.45      
289        10      23      25      1.47      
290        9       20      22      1.38      
291        11      21      26      1.48      
292        11      21      26      1.47      
293        8       19      21      1.42      
294        7       16      24      1.36      
295        8       21      25      1.48      
296        9       23      20      1.44      
297        14      26      22      1.50      
298        16      25      21      1.57      
299        13      26      27      1.54      
300        14      28      24      1.59      
301        7       27      25      1.48      
302        11      29      27      1.61      
303        15      24      27      1.59      
304        16      28      26      1.62      
305        12      24      22      1.53      
306        13      23      26      1.51      
307        11      21      24      1.46      
308        17      21      22      1.55      
309        14      27      26      1.62      
310        13      25      23      1.50      
311        12      24      28      1.53      
312        13      23      20      1.46      
313        12      24      18      1.51      
314        13      22      20      1.43      
315        10      17      22      1.36      
316        15      18      25      1.47      
317        14      22      24      1.42      
318        14      20      20      1.47      
319        7       23      21      1.36      
320        6       19      26      1.41      
321        13      24      22      1.46      
322        9       24      21      1.45      
323        14      22      22      1.52      
324        16      25      22      1.49      
325        16      20      22      1.44      
326        12      23      21      1.41      
327        17      22      22      1.50      
328        12      24      23      1.50      
329        10      20      24      1.50      
330        14      21      23      1.47      
331        11      23      23      1.50      
332        13      22      27      1.49      
333        11      20      22      1.45      
334        13      24      27      1.50      
335        14      19      28      1.53      
336        14      25      22      1.54      
337        14      21      29      1.51      
338        16      18      29      1.57      
339        14      22      28      1.55      
340        17      28      24      1.52      
341        13      21      21      1.46      
342        15      18      27      1.45      
343        13      21      32      1.49      
344        15      20      27      1.53      
345        12      17      36      1.57      
346        16      16      29      1.48      
347        17      13      31      1.54      
348        17      15      26      1.55      
349        15      17      26      1.52      
350        15      12      30      1.55      
351        18      19      32      1.50      
352        15      15      31      1.50      
353        14      15      28      1.53      
354        13      15      27      1.43      
355        15      14      29      1.48      
356        10      15      34      1.49      
357        12      16      26      1.43      
358        18      19      23      1.55      
359        18      21      26      1.55      
360        19      20      24      1.51      
361        17      19      24      1.54      
362        16      17      22      1.49      
363        14      17      23      1.51      
364        12      17      19      1.42      
365        11      21      19      1.41      
366        12      22      19      1.48      
367        11      14      24      1.44      
368        13      14      26      1.45      
369        11      21      22      1.46      
370        10      16      23      1.46      
371        15      18      26      1.42      
372        14      14      23      1.42      
373        15      17      18      1.38      
374        16      18      18      1.40      
375        13      21      19      1.42      
376        14      24      22      1.46      
377        9       23      18      1.34      
378        12      27      20      1.44      
379        11      21      19      1.39      
380        11      23      19      1.43      
381        11      23      22      1.41      
382        12      17      22      1.36      
383        17      18      20      1.43      
384        16      17      20      1.44      
385        15      16      24      1.50      
386        20      13      26      1.46      
387        14      14      23      1.45      
388        10      19      25      1.46      
389        15      16      26      1.45      
390        16      19      28      1.50      
391        16      14      21      1.38      
392        16      13      25      1.36      
393        16      13      23      1.43      
394        12      15      22      1.40      
395        16      13      23      1.41      
396        19      13      22      1.38      
397        19      14      23      1.43      
398        18      15      29      1.54      
399        15      12      30      1.50      
400        17      10      36      1.52      
401        14      9       44      1.50      
402        14      6       42      1.48      
403        16      7       46      1.61      
404        16      7       48      1.56      
405        15      8       47      1.58      
406        16      6       46      1.53      
407        19      5       40      1.55      
408        19      6       42      1.55      
409        20      6       35      1.54      
410        17      4       35      1.48      
411        15      4       36      1.40      
412        18      4       32      1.41      
413        17      10      40      1.54      
414        15      4       34      1.46      
415        18      2       39      1.47      
416        18      6       35      1.44      
417        20      4       42      1.58      
418        16      2       40      1.45      
419        16      4       46      1.47      
420        16      5       42      1.53      
421        17      3       44      1.51      
422        14      3       48      1.55      
423        12      3       52      1.52      
424        14      5       46      1.52      
425        18      4       45      1.59      
426        12      3       42      1.48      
427        19      3       36      1.42      
428        15      5       41      1.49      
429        14      2       39      1.41      
430        14      3       38      1.44      
431        17      2       42      1.53      
432        22      4       42      1.56      
433        17      4       42      1.46      
434        13      5       38      1.47      
435        15      4       37      1.45      
436        15      3       42      1.47      
437        15      2       39      1.47      
438        15      1       49      1.52      
439        16      3       41      1.48      
440        13      0       47      1.53      
441        16      1       43      1.44      
442        11      1       46      1.47      
443        13      2       42      1.46      
444        15      2       48      1.56      
445        11      1       41      1.42      
446        13      1       43      1.44      
447        11      1       40      1.41      
448        10      0       43      1.44      
449        13      4       41      1.46      
450        19      3       50      1.50      
451        15      4       38      1.47      
452        18      3       44      1.54      
453        16      3       46      1.54      
454        15      4       43      1.54      
455        14      5       39      1.39      
456        15      5       43      1.53      
457        14      3       46      1.54      
458        12      2       35      1.46      
459        13      3       37      1.42      
460        9       2       44      1.41      
461        15      8       44      1.55      
462        14      3       43      1.45      
463        12      4       42      1.43      
464        13      4       41      1.48      
465        11      4       47      1.46      
466        14      2       46      1.48      
467        15      6       39      1.48      
468        18      5       45      1.58      
469        14      3       41      1.48      
470        15      3       39      1.45      
471        16      5       33      1.44      
472        11      6       40      1.45      
473        13      5       38      1.36      
474        10      5       35      1.39      
475        12      7       36      1.40      
476        12      4       34      1.44      
477        12      1       40      1.43      
478        11      2       39      1.37      
479        7       3       41      1.37      
480        11      3       44      1.41      
481        14      2       38      1.42      
482        13      4       33      1.41      
483        11      7       38      1.43      
484        15      8       36      1.50      
485        17      3       35      1.42      
486        13      4       46      1.46      
487        11      4       42      1.40      
488        13      7       47      1.51      
489        11      4       41      1.42      
490        11      3       43      1.49      
491        16      5       52      1.64      
492        10      5       49      1.50      
493        12      3       47      1.53      
494        12      4       43      1.51      
495        13      5       49      1.57      
496        12      4       47      1.51      
497        15      10      43      1.63      
498        14      5       50      1.60      
499        12      3       43      1.50      
500        14      7       40      1.46      
501        16      2       47      1.59      
502        15      4       44      1.54      
503        12      5       43      1.55      
504        14      5       50      1.64      
505        16      7       51      1.58      
506        15      3       50      1.55      
507        14      4       50      1.61      
508        20      3       51      1.64      
509        22      3       46      1.71      
510        23      3       44      1.55      
511        24      3       49      1.71      
512        20      6       42      1.59      
513        21      5       52      1.66      
514        17      2       54      1.72      
515        18      3       43      1.58      
516        20      4       56      1.74      
517        15      3       56      1.61      
518        14      2       52      1.58      
519        20      6       56      1.66      
520        16      3       53      1.63      
521        19      2       49      1.55      
522        17      6       47      1.58      
523        16      2       50      1.65      
524        12      5       59      1.69      
525        15      2       65      1.71      
526        12      3       60      1.70      
527        14      3       61      1.72      
528        15      2       68      1.78      
529        18      2       70      1.77      
530        20      7       56      1.77      
531        19      3       70      1.75      
532        17      0       65      1.78      
533        15      0       60      1.68      
534        19      3       60      1.78      
535        14      1       46      1.66      
536        20      3       47      1.66      
537        18      2       50      1.65      
538        13      4       43      1.54      
539        15      4       48      1.68      
540        15      5       38      1.52      
541        14      8       44      1.56      
542        15      7       44      1.55      
543        14      4       44      1.50      
544        16      6       52      1.63      
545        14      5       47      1.61      
546        18      3       51      1.59      
547        14      3       44      1.51      
548        17      2       48      1.58      
549        22      4       47      1.57      
550        21      7       41      1.62      
551        18      7       46      1.58      
552        18      2       41      1.57      
553        13      7       43      1.50      
554        18      3       41      1.47      
555        16      2       47      1.48      
556        15      1       51      1.52      
557        11      1       55      1.52      
558        11      3       49      1.54      
559        10      2       54      1.60      
560        10      2       50      1.50      
561        12      2       56      1.57      
562        12      3       59      1.67      
563        14      1       49      1.49      
564        13      1       55      1.57      
565        12      3       52      1.56      
566        12      0       52      1.52      
567        13      2       50      1.52      
568        14      5       52      1.66      
569        15      4       53      1.66      
570        14      4       52      1.54      
571        16      2       50      1.55      
572        14      2       55      1.62      
573        18      2       50      1.63      
574        15      3       49      1.57      
575        18      5       49      1.61      
576        17      5       44      1.57      
577        20      3       51      1.59      
578        13      3       46      1.49      
579        15      2       48      1.53      
580        15      4       52      1.54      
581        14      5       52      1.58      
582        18      0       47      1.49      
583        17      3       47      1.59      
584        16      5       49      1.61      
585        20      6       45      1.58      
586        17      6       46      1.57      
587        14      5       45      1.59      
588        15      6       41      1.50      
589        16      4       51      1.58      
590        16      4       45      1.54      
591        14      4       47      1.58      
592        13      3       44      1.52      
593        18      3       45      1.54      
594        16      4       39      1.47      
595        19      3       37      1.48      
596        20      4       39      1.48      
597        23      2       41      1.49      
598        18      6       45      1.60      
599        17      2       42      1.48      
600        21      5       50      1.69      
601        16      1       43      1.54      
602        16      1       41      1.47      
603        20      4       45      1.60      
604        18      4       46      1.53      
605        19      4       44      1.55      
606        16      2       40      1.46      
607        16      7       43      1.48      
608        17      7       45      1.54      
609        19      5       42      1.49      
610        18      1       48      1.57      
611        16      3       39      1.45      
612        20      7       39      1.50      
613        12      4       40      1.46      
614        15      6       39      1.44      
615        21      5       43      1.58      
616        20      4       36      1.57      
617        16      1       43      1.50      
618        15      2       40      1.54      
619        12      6       44      1.47      
620        16      4       40      1.54      
621        21      6       43      1.57      
622        17      3       46      1.60      
623        19      5       43      1.56      
624        15      4       42      1.50      
625        15      5       43      1.56      
626        16      5       40      1.45      
627        12      5       40      1.49      
628        17      6       41      1.51      
629        14      6       41      1.53      
630        17      3       42      1.52      
631        18      6       42      1.54      
632        14      7       46      1.58      
633        18      3       43      1.54      
634        15      5       43      1.54      
635        16      2       42      1.46      
636        18      5       41      1.56      
637        14      3       48      1.54      
638        17      2       39      1.50      
639        17      4       45      1.58      
640        17      2       49      1.57      
641        15      3       43      1.47      
642        15      3       50      1.49      
643        17      3       45      1.56      
644        13      6       44      1.47      
645        13      5       49      1.59      
646        14      4       46      1.58      
647        16      5       46      1.58      
648        17      5       43      1.51      
649        21      6       46      1.60      
650        17      5       44      1.53      
651        20      2       42      1.58      
652        18      2       42      1.57      
653        19      3       41      1.50      
654        16      2       43      1.53      
655        18      5       41      1.57      
656        19      5       43      1.52      
657        17      7       38      1.51      
658        19      3       42      1.49      
659        18      4       41      1.51      
660        23      4       42      1.56      
661        16      3       41      1.48      
662        15      4       45      1.49      
663        20      8       41      1.57      
664        17      3       42      1.47      
665        15      4       43      1.50      
666        16      3       37      1.41      
667        16      4       36      1.41      
668        18      4       38      1.48      
669        17      5       41      1.48      
670        19      6       34      1.45      
671        18      6       37      1.51      
672        17      6       36      1.51      
673        19      3       41      1.54      
674        18      1       40      1.45      
675        17      6       31      1.40      
676        20      2       32      1.45      
677        22      5       36      1.48      
678        18      2       40      1.50      
679        22      3       31      1.43      
680        25      4       44      1.59      
681        20      6       41      1.50      
682        19      6       37      1.53      
683        20      3       40      1.49      
684        16      5       33      1.40      
685        19      4       34      1.49      
686        14      5       38      1.46      
687        15      6       35      1.49      
688        15      5       37      1.44      
689        16      6       35      1.40      
690        13      2       33      1.42      
691        14      5       31      1.43      
692        13      5       35      1.45      
693        17      3       33      1.43      
694        17      5       37      1.51      
695        16      5       49      1.58      
696        18      1       47      1.56      
697        17      2       47      1.44      
698        11      6       45      1.46      
699        15      2       48      1.50      
700        15      3       46      1.57      
701        18      2       48      1.51      
702        21      3       44      1.54      
703        25      4       44      1.58      
704        18      2       47      1.57      
705        15      4       51      1.59      
706        16      3       52      1.56      
707        14      1       50      1.51      
708        14      3       43      1.50      
709        15      1       42      1.51      
710        18      2       51      1.59      
711        19      2       48      1.62      
712        17      5       39      1.52      
713        16      1       48      1.56      
714        16      2       45      1.56      
715        20      1       48      1.58      
716        20      6       51      1.66      
717        19      2       45      1.54      
718        16      6       43      1.58      
719        20      3       50      1.60      
720        17      4       48      1.61      
721        18      3       49      1.59      
722        15      2       56      1.64      
723        19      3       63      1.74      
724        15      3       53      1.68      
725        15      2       49      1.56      
726        14      4       54      1.60      
727        18      3       52      1.61      
728        16      2       49      1.67      
729        15      6       58      1.66      
730        18      3       52      1.63      
731        15      3       52      1.64      
732        17      2       54      1.63      
733        17      4       53      1.62      
734        14      2       57      1.71      
735        18      3       53      1.67      
736        20      2       47      1.62      
737        21      3       51      1.67      
738        19      3       47      1.64      
739        22      3       48      1.59      
740        14      4       46      1.56      
741        14      3       57      1.62      
742        16      2       50      1.53      
743        18      3       52      1.62      
744        19      1       39      1.51      
745        18      4       46      1.53      
746        21      3       47      1.58      
747        16      3       44      1.49      
748        11      3       53      1.47      
749        14      3       46      1.44      
750        20      3       47      1.60      
751        17      3       48      1.53      
752        20      3       47      1.66      
753        14      1       56      1.57      
754        15      2       61      1.74      
755        18      3       54      1.63      
756        16      2       49      1.55      
757        16      2       57      1.54      
758        17      3       51      1.57      
759        15      3       56      1.63      
760        14      5       52      1.53      
761        15      4       59      1.63      
762        17      3       57      1.60      
763        19      2       46      1.57      
764        22      2       52      1.57      
765        16      3       49      1.55      
766        18      4       50      1.60      
767        19      1       51      1.59      
768        21      2       50      1.64      
769        17      1       45      1.48      
770        19      1       54      1.66      
771        20      0       59      1.66      
772        18      2       49      1.57      
773        15      2       46      1.56      
774        18      5       47      1.61      
775        18      1       49      1.57      
776        17      1       53      1.62      
777        15      3       54      1.60      
778        20      2       47      1.58      
779        17      2       51      1.57      
780        15      4       49      1.56      
781        16      4       47      1.56      
782        15      1       48      1.54      
783        16      2       47      1.53      
784        15      5       37      1.48      
785        20      2       45      1.60      
786        18      5       47      1.63      
787        14      5       47      1.56      
788        17      3       43      1.61      
789        15      4       46      1.60      
790        15      3       44      1.53      
791        15      4       48      1.62      
792        17      5       55      1.65      
793        19      3       50      1.65      
794        16      4       57      1.63      
795        18      1       53      1.63      
796        14      2       53      1.61      
797        14      2       53      1.59      
798        11      2       48      1.56      
799        17      1       55      1.61      
800        17      3       52      1.56      
801        17      1       49      1.63      
802        11      2       47      1.59      
803        13      1       51      1.61      
804        13      1       52      1.57      
805        15      1       51      1.53      
806        15      1       53      1.62      
807        14      1       51      1.55      
808        11      2       56      1.64      
809        15      2       55      1.66      
810        13      1       55      1.61      
811        16      4       55      1.66      
812        10      2       54      1.54      
813        16      3       58      1.66      
814        15      2       59      1.73      
815        13      3       68      1.74      
816        23      5       58      1.71      
817        23      3       53      1.71      
818        21      3       47      1.62      
819        28      4       48      1.76      
820        19      2       50      1.66      
821        24      2       51      1.71      
822        24      2       50      1.68      
823        26      2       55      1.77      
824        28      4       58      1.79      
825        23      5       47      1.64      
826        22      5       59      1.71      
827        18      3       65      1.74      
828        20      4       57      1.73      
829        17      1       61      1.67      
830        19      4       61      1.76      
831        18      3       56      1.70      
832        15      3       59      1.66      
833        19      4       55      1.65      
834        19      3       53      1.61      
835        25      6       56      1.73      
836        20      5       55      1.70      
837        17      5       56      1.65      
838        18      5       57      1.69      
839        19      5       54      1.73      
840        23      7       59      1.77      
841        23      4       57      1.75      
842        19      3       51      1.69      
843        19      3       57      1.68      
844        15      5       50      1.57      
845        19      7       52      1.67      
846        21      6       53      1.72      
847        21      4       52      1.66      
848        20      7       56      1.74      
849        17      4       60      1.71      
850        22      4       56      1.68      
851        19      3       59      1.72      
852        20      4       60      1.80      
853        20      2       76      1.88      
854        19      7       62      1.74      
855        23      3       73      1.82      
856        18      2       79      1.89      
857        19      1       59      1.75      
858        22      4       72      1.87      
859        21      3       73      1.81      
860        21      4       71      1.83      
861        19      4       73      1.87      
862        18      2       79      1.91      
863        20      2       84      2.01      
864        24      3       82      2.02      
865        21      3       83      1.99      
866        23      3       82      2.01      
867        18      3       77      1.88      
868        23      4       77      1.88      
869        21      4       75      1.86      
870        20      5       75      1.84      
871        26      5       80      2.01      
872        19      3       78      1.92      
873        22      3       89      2.01      
874        21      2       79      1.91      
875        20      3       74      1.91      
876        21      3       73      1.90      
877        16      2       76      1.89      
878        19      4       82      1.93      
879        21      6       71      1.91      
880        22      6       74      1.87      
881        19      4       71      1.87      
882        21      6       79      1.95      
883        15      5       75      1.93      
884        18      5       87      2.09      
885        16      3       91      2.05      
886        17      5       79      1.98      
887        19      5       86      2.00      
888        17      4       84      1.94      
889        22      5       78      1.94      
890        20      4       72      1.93      
891        12      2       72      1.82      
892        13      2       72      1.74      
893        18      6       75      1.87      
894        15      5       84      1.89      
895        22      6       77      1.94      
896        24      7       75      2.00      
897        24      8       77      1.96      
898        25      4       83      2.07      
899        24      5       74      1.88      
900        29      4       78      2.00      
901        27      11      69      1.97      
902        31      8       72      1.93      
903        33      6       76      1.98      
904        28      8       78      2.05      
905        25      8       83      2.04      
906        28      8       73      1.94      
907        33      7       69      2.00      
908        30      4       69      1.93      
909        26      8       76      1.95      
910        26      1       78      2.00      
911        28      3       83      2.01      
912        25      3       81      1.92      
913        21      8       74      1.94      
914        27      3       79      2.00      
915        31      4       78      1.99      
916        29      3       72      1.92      
917        31      3       69      1.90      
918        28      2       71      1.91      
919        29      6       65      1.90      
920        25      5       70      1.89      
921        27      6       79      1.94      
922        22      3       75      1.94      
923        21      6       69      1.88      
924        26      8       81      2.03      
925        25      4       70      1.88      
926        26      3       62      1.87      
927        21      3       74      1.87      
928        27      3       70      1.94      
929        24      5       65      1.90      
930        22      6       76      1.92      
931        22      6       70      1.91      
932        19      5       79      1.96      
933        21      4       79      1.91      
934        25      4       71      1.88      
935        20      5       68      1.80      
936        21      3       60      1.76      
937        18      5       73      1.86      
938        17      6       71      1.84      
939        18      6       75      1.87      
940        19      2       70      1.82      
941        14      6       82      1.88      
942        21      7       72      1.85      
943        21      6       84      1.98      
944        23      4       80      2.01      
945        20      4       82      1.94      
946        19      4       73      1.90      
947        23      3       69      1.87      
948        19      4       71      1.87      
949        19      3       85      2.05      
950        19      4       76      1.88      
951        20      3       76      1.89      
952        16      5       84      1.90      
953        20      6       81      1.95      
954        19      5       75      1.87      
955        26      3       77      1.96      
956        22      4       70      1.90      
957        21      5       73      1.94      
958        21      2       73      1.86      
959        20      6       67      1.82      
960        21      7       75      1.98      
961        18      6       74      1.84      
962        17      7       69      1.77      
963        25      7       67      1.85      
964        16      7       68      1.83      
965        15      8       64      1.78      
966        17      4       80      1.99      
967        20      7       79      1.95      
968        25      6       71      1.85      
969        18      6       70      1.82      
970        18      6       64      1.85      
971        24      7       63      1.86      
972        19      4       62      1.75      
973        21      5       71      1.81      
974        26      4       71      1.89      
975        26      4       74      1.90      
976        22      4       69      1.88      
977        18      6       72      1.80      
978        21      3       75      1.88      
979        24      4       69      1.81      
980        18      6       70      1.91      
981        19      3       74      1.89      
982        21      5       74      1.96      
983        20      4       81      1.96      
984        17      3       68      1.80      
985        18      5       70      1.86      
986        20      8       67      1.82      
987        18      6       74      1.84      
988        19      5       74      1.91      
989        22      4       68      1.81      
990        19      5       71      1.89      
991        19      5       77      1.91      
992        25      7       77      1.95      
993        16      3       75      1.84      
994        18      7       75      1.91      
995        23      2       83      2.01      
996        17      4       83      1.98      
997        22      4       92      2.01      
998        23      6       73      1.86      
999        26      5       78      2.00      
1000       24      3       76      1.96      
1001       26      5       73      1.96      
1002       22      6       70      1.88      
1003       22      6       71      1.87      
1004       23      6       71      1.91      
1005       22      5       75      1.92      
1006       23      5       72      1.87      
1007       21      4       73      1.94      
1008       22      3       73      1.91      
1009       21      3       78      1.90      
1010       24      5       74      1.91      
1011       19      5       76      1.95      
1012       18      3       78      1.91      
1013       20      1       86      1.93      
1014       22      3       88      1.99      
1015       20      5       75      1.89      
1016       16      4       70      1.86      
1017       21      4       72      1.88      
1018       24      4       79      1.95      
1019       18      2       80      1.90      
1020       22      4       86      1.96      
1021       19      2       78      1.85      
1022       15      3       80      1.88      
1023       19      3       67      1.89      
1024       17      4       72      1.84      
1025       19      5       71      1.91      
1026       19      3       70      1.80      
1027       18      6       60      1.77      
1028       16      7       72      1.90      
1029       19      6       74      1.92      
1030       18      8       73      1.91      
1031       21      8       66      1.87      
1032       24      7       73      1.94      
1033       21      9       69      1.91      
1034       17      6       72      1.90      
1035       14      4       72      1.83      
1036       19      5       62      1.79      
1037       13      3       66      1.77      
1038       15      7       69      1.83      
1039       20      2       65      1.77      
1040       18      7       60      1.80      
1041       16      3       67      1.84      
1042       16      4       64      1.77      
1043       24      4       72      1.82      
1044       17      2       67      1.78      
1045       19      4       65      1.78      
1046       17      3       76      1.88      
1047       18      4       69      1.90      
1048       17      6       75      1.95      
1049       16      6       74      1.88      
1050       18      7       71      1.92      
1051       18      6       70      1.90      
1052       24      7       73      1.98      
1053       20      6       80      1.97      
1054       21      3       80      1.95      
1055       20      6       74      1.91      
1056       20      5       78      1.95      
1057       21      3       75      1.87      
1058       20      6       76      1.92      
1059       20      8       74      1.95      
1060       21      5       75      1.95      
1061       19      6       79      1.96      
1062       22      5       77      1.99      
1063       26      6       73      1.98      
1064       23      4       75      1.89      
1065       28      5       70      1.98      
1066       29      4       76      1.94      
1067       25      5       65      1.87      
1068       29      5       70      1.87      
1069       24      4       70      1.88      
1070       24      6       70      1.93      
1071       29      6       72      1.87      
1072       31      9       65      1.95      
1073       28      4       80      1.97      
1074       28      7       81      2.04      
1075       31      6       69      2.00      
1076       24      5       83      2.00      
1077       21      9       87      2.04      
1078       23      5       84      2.00      
1079       26      5       86      2.05      
1080       24      6       92      2.11      
1081       27      3       92      2.07      
1082       23      3       82      1.96      
1083       16      2       81      1.93      
1084       22      5       81      1.93      
1085       25      6       72      1.92      
1086       21      6       81      1.93      
1087       20      6       83      2.03      
1088       24      4       89      2.05      
1089       23      5       80      2.00      
1090       19      4       83      1.94      
1091       23      4       84      2.05      
1092       23      7       83      2.09      
1093       22      2       91      2.03      
1094       20      5       86      2.04      
1095       18      2       95      2.04      
1096       17      2       90      2.03      
1097       19      4       90      2.05      
1098       23      4       90      2.07      
1099       26      7       84      2.11      
1100       21      5       76      1.88      
1101       17      10      78      1.94      
1102       24      7       83      2.05      
1103       21      5       84      2.00      
1104       18      3       98      2.03      
1105       20      4       88      2.03      
1106       24      5       95      2.08      
1107       20      4       91      2.06      
1108       22      6       83      1.97      
1109       17      3       91      2.00      
1110       22      3       85      1.97      
1111       19      3       86      1.93      
1112       25      5       87      2.06      
1113       23      4       82      1.97      
1114       25      7       74      1.98      
1115       24      4       81      2.00      
1116       28      5       84      2.07      
1117       18      5       89      2.03      
1118       22      2       89      2.06      
1119       24      2       85      2.02      
1120       22      3       80      2.01      
1121       27      3       88      2.05      
1122       23      5       75      1.93      
1123       24      3       84      1.98      
1124       22      4       82      1.97      
1125       26      5       89      2.04      
1126       22      2       79      2.00      
1127       29      2       77      2.00      
1128       24      2       85      1.98      
1129       22      4       80      1.96      
1130       20      2       83      2.07      
1131       22      4       85      2.04      
1132       22      4       79      1.92      
1133       24      2       82      1.92      
1134       25      1       73      1.93      
1135       22      2       82      2.01      
1136       23      4       82      2.00      
1137       19      5       85      2.08      
1138       17      5       87      2.01      
1139       19      3       95      2.07      
1140       15      2       85      1.96      
1141       14      2       76      1.84      
1142       22      3       77      1.88      
1143       24      3       86      2.00      
1144       24      5       93      2.05      
1145       28      3       102     2.09      
1146       22      2       89      2.01      
1147       23      2       87      1.99      
1148       19      4       90      1.99      
1149       19      5       88      2.00      
1150       19      4       84      1.94      
1151       17      2       81      1.97      
1152       25      2       80      1.99      
1153       19      2       82      2.02      
1154       21      4       80      1.96      
1155       23      6       84      2.12      
1156       17      1       96      2.05      
1157       22      4       94      2.11      
1158       22      1       86      2.01      
1159       18      5       84      1.98      
1160       18      7       74      1.89      
1161       21      3       77      1.94      
1162       25      6       68      1.93      
1163       22      8       67      1.88      
1164       20      7       78      1.99      
1165       23      5       84      2.03      
1166       23      7       78      2.00      
1167       19      3       88      1.97      
1168       25      5       80      1.99      
1169       21      3       78      1.99      
1170       23      5       83      1.97      
1171       21      3       87      1.93      
1172       19      2       84      1.89      
1173       24      2       79      1.90      
1174       21      4       82      1.92      
1175       28      6       74      1.98      
1176       28      3       78      1.98      
1177       23      5       81      1.97      
1178       18      2       98      2.05      
1179       22      3       80      1.98      
1180       18      2       78      1.92      
1181       22      4       82      1.94      
1182       18      2       89      1.97      
1183       18      3       92      2.05      
1184       17      2       88      2.02      
1185       26      4       92      2.09      
1186       19      6       84      1.98      
1187       23      6       92      2.04      
1188       27      4       94      2.06      
1189       21      3       86      2.06      
1190       21      6       87      2.02      
1191       20      4       85      1.94      
1192       19      1       92      2.02      
1193       21      6       88      2.03      
1194       21      2       104     2.13      
1195       20      2       93      2.15      
1196       16      3       89      2.06      
1197       20      3       84      2.02      
