#time, lipid_head, lipid_tail, water, pore_size
0          0       2       5       6.26      
1          3       3       10      7.76      
2          1       4       11      8.51      
3          3       4       9       8.39      
4          2       6       10      8.78      
5          5       6       11      8.91      
6          1       9       12      9.78      
7          2       8       12      9.21      
8          4       9       12      10.00     
9          4       10      13      9.59      
10         4       7       9       8.88      
11         3       8       9       8.98      
12         4       11      10      9.45      
13         3       8       10      8.94      
14         4       8       11      9.62      
15         3       8       11      8.52      
16         5       7       10      9.41      
17         5       9       9       9.83      
18         7       8       11      9.56      
19         6       9       11      10.23     
20         6       9       10      10.00     
21         5       7       10      9.71      
22         5       6       9       9.28      
23         4       6       9       8.60      
24         2       6       10      8.56      
25         6       5       10      9.61      
26         5       5       10      8.72      
27         6       7       11      10.41     
28         5       7       8       9.34      
29         5       8       15      12.49     
30         8       8       17      13.57     
31         12      12      14      13.71     
32         10      10      18      14.17     
33         8       5       13      10.82     
34         5       6       16      11.68     
35         7       5       15      11.02     
36         7       6       14      10.97     
37         6       6       13      10.75     
38         5       6       14      11.02     
39         4       6       16      11.29     
40         6       6       15      10.77     
41         6       6       17      11.47     
42         12      5       16      11.74     
43         10      7       21      13.08     
44         13      7       21      13.83     
45         10      9       21      12.84     
46         9       5       20      11.36     
47         9       11      17      11.87     
48         11      7       13      11.45     
49         10      7       19      12.49     
50         11      6       18      11.94     
51         9       7       18      11.82     
52         10      7       16      12.24     
53         11      7       16      12.34     
54         12      8       16      12.60     
55         10      9       19      13.15     
56         14      10      24      14.82     
57         13      7       21      13.76     
58         17      14      23      15.76     
59         14      10      20      14.09     
60         8       12      18      12.94     
61         10      12      17      12.65     
62         13      11      19      13.24     
63         14      9       19      13.37     
64         19      16      23      15.12     
65         13      13      23      13.71     
66         14      11      19      13.22     
67         12      9       20      12.59     
68         13      12      12      11.99     
69         13      14      14      12.35     
70         12      13      13      11.97     
71         15      14      16      13.06     
72         16      13      20      13.27     
73         15      13      16      13.10     
74         16      17      19      13.62     
75         16      17      19      13.95     
76         18      16      16      13.74     
77         14      14      19      13.42     
78         14      17      20      14.08     
79         10      11      19      13.23     
80         12      12      19      12.76     
81         11      12      20      12.61     
82         14      17      18      13.36     
83         14      14      16      12.40     
84         18      17      16      14.34     
85         15      16      15      12.94     
86         14      13      21      13.45     
87         14      17      19      14.29     
88         14      17      17      13.15     
89         12      14      21      12.81     
90         16      14      15      12.48     
91         14      15      17      12.83     
92         16      12      17      13.12     
93         13      15      19      13.23     
94         14      16      18      13.67     
95         13      15      20      14.30     
96         10      14      16      12.96     
97         15      15      20      14.29     
98         13      16      21      14.26     
99         14      16      20      13.62     
100        13      15      20      13.89     
101        14      13      18      13.81     
102        15      14      16      13.31     
103        12      13      13      11.45     
104        13      14      14      12.60     
105        12      15      12      12.30     
106        15      15      13      13.31     
107        13      13      12      11.93     
108        15      14      13      12.71     
109        15      15      15      13.21     
110        15      15      14      11.72     
111        13      14      14      13.07     
112        9       18      15      12.93     
113        11      18      16      14.08     
114        15      21      15      14.05     
115        16      15      18      13.02     
116        15      14      15      12.30     
117        15      14      22      12.98     
118        14      13      20      12.51     
119        14      14      22      13.26     
120        14      14      13      12.09     
121        12      13      16      12.59     
122        14      15      18      12.73     
123        16      18      17      13.47     
124        14      19      17      13.63     
125        16      15      20      13.29     
126        15      17      16      13.92     
127        16      15      19      13.66     
128        20      16      17      13.90     
129        13      14      18      13.91     
130        12      16      24      13.99     
131        13      14      23      13.58     
132        14      10      24      13.86     
133        17      13      20      13.64     
134        17      15      24      13.94     
135        15      14      19      13.66     
136        16      14      28      14.01     
137        18      14      20      13.91     
138        18      15      21      14.09     
139        16      17      20      14.11     
140        16      16      21      14.61     
141        16      18      21      14.28     
142        16      17      26      15.16     
143        16      19      20      14.10     
144        13      14      23      13.90     
145        17      17      19      13.97     
146        17      16      20      14.70     
147        21      15      23      14.28     
148        19      15      24      14.34     
149        20      16      20      15.13     
150        20      17      23      15.27     
151        18      16      18      14.20     
152        20      17      19      14.00     
153        18      15      20      14.16     
154        21      19      21      14.95     
155        20      19      20      14.81     
156        19      15      23      15.57     
157        19      20      24      15.20     
158        23      19      26      15.88     
159        19      19      22      15.32     
160        21      22      17      15.32     
161        23      25      19      15.57     
162        19      23      19      15.54     
163        22      27      23      16.95     
164        23      26      18      15.96     
165        23      22      16      15.54     
166        17      22      20      14.96     
167        16      24      16      15.32     
168        15      25      22      16.08     
169        16      25      24      15.18     
170        18      24      21      15.94     
171        15      17      16      14.36     
172        16      18      26      14.98     
173        17      17      20      14.72     
174        21      19      20      15.35     
175        13      17      23      14.51     
176        15      24      18      15.19     
177        18      27      18      15.44     
178        15      21      21      14.28     
179        19      18      20      14.73     
180        20      19      18      14.98     
181        21      19      20      14.65     
182        18      22      21      14.88     
183        21      22      24      15.51     
184        17      19      22      15.14     
185        19      20      21      15.46     
186        21      17      21      14.82     
187        15      23      25      15.41     
188        19      19      23      15.33     
189        19      20      24      14.90     
190        20      17      19      14.77     
191        21      18      21      14.89     
192        19      32      22      16.34     
193        20      21      23      16.10     
194        18      23      23      15.17     
195        20      21      25      15.24     
196        20      24      21      15.74     
197        23      21      23      15.64     
198        20      20      22      14.77     
199        23      22      23      15.68     
200        21      21      24      15.88     
201        22      20      25      15.19     
202        18      19      25      15.20     
203        19      14      24      15.22     
204        11      17      24      14.86     
205        14      16      24      14.68     
206        16      16      25      14.65     
207        16      14      29      15.72     
208        19      19      28      16.47     
209        16      16      27      15.59     
210        18      16      27      14.93     
211        18      16      25      15.19     
212        16      14      24      14.97     
213        13      16      26      14.65     
214        17      13      25      14.65     
215        18      18      28      15.56     
216        14      16      28      14.76     
217        17      18      26      15.36     
218        17      14      23      14.61     
219        20      19      25      15.25     
220        15      13      23      13.87     
221        17      17      25      14.81     
222        17      17      25      14.86     
223        19      18      25      15.53     
224        19      17      26      15.01     
225        16      15      20      14.02     
226        11      13      27      13.53     
227        13      15      27      14.07     
228        11      15      23      14.29     
229        13      14      27      13.72     
230        15      19      20      14.37     
231        16      19      19      14.23     
232        12      18      20      13.93     
233        11      20      18      13.58     
234        11      15      21      13.31     
235        11      16      24      14.32     
236        10      20      25      14.25     
237        19      19      28      16.03     
238        13      16      23      13.56     
239        14      14      27      14.17     
240        17      18      20      14.39     
241        17      14      24      14.49     
242        19      19      25      14.89     
243        19      14      29      15.95     
244        17      17      25      14.86     
245        16      14      23      14.45     
246        16      21      27      15.18     
247        17      19      25      14.98     
248        18      21      26      15.00     
249        17      19      25      14.71     
250        18      24      23      15.03     
251        18      27      27      15.76     
252        12      21      27      15.57     
253        17      21      31      15.43     
254        12      24      22      14.53     
255        14      24      25      14.89     
256        16      23      27      15.24     
257        17      21      29      16.01     
258        17      15      26      14.49     
259        15      15      31      15.28     
260        15      16      32      15.44     
261        17      18      31      15.22     
262        19      11      39      16.07     
263        12      8       37      14.68     
264        13      11      29      14.25     
265        13      14      28      14.26     
266        17      11      25      13.55     
267        12      14      26      13.46     
268        11      15      27      14.01     
269        12      10      28      13.54     
270        10      9       29      13.49     
271        8       14      27      14.30     
272        13      12      25      14.35     
273        10      11      29      14.44     
274        13      11      35      15.14     
275        10      13      36      15.01     
276        9       12      25      13.18     
277        11      15      30      14.21     
278        6       17      26      14.20     
279        5       11      28      13.34     
280        9       11      30      13.42     
281        8       10      27      12.85     
282        10      15      27      13.86     
283        9       12      24      13.50     
284        7       14      31      13.87     
285        10      15      19      13.59     
286        9       15      24      13.14     
287        8       16      22      13.68     
288        10      13      18      13.12     
289        10      17      16      12.32     
290        10      16      20      12.45     
291        5       18      19      12.55     
292        7       18      25      13.30     
293        7       15      21      13.22     
294        10      17      20      13.45     
295        7       15      15      12.48     
296        7       16      24      13.36     
297        8       12      21      12.56     
298        10      16      21      13.04     
299        9       11      22      13.06     
300        8       12      21      13.06     
301        9       16      19      12.89     
302        8       15      18      12.42     
303        11      13      20      12.95     
304        10      15      21      12.98     
305        8       14      22      13.09     
306        10      16      19      12.90     
307        9       16      19      12.40     
308        10      14      21      13.42     
309        9       13      23      12.79     
310        12      13      20      12.70     
311        11      15      20      12.72     
312        11      13      19      12.41     
313        9       15      23      13.23     
314        10      14      22      12.98     
315        12      10      24      12.98     
316        13      12      21      13.85     
317        12      11      22      13.19     
318        11      11      24      13.27     
319        9       10      28      12.65     
320        13      14      24      13.79     
321        13      11      24      13.30     
322        17      8       22      13.13     
323        17      10      21      13.25     
324        9       11      24      12.28     
325        7       14      28      13.49     
326        10      14      23      13.75     
327        8       17      24      13.25     
328        13      13      24      13.62     
329        9       14      21      13.29     
330        10      11      27      12.99     
331        8       11      29      13.52     
332        7       9       32      13.15     
333        11      11      28      14.31     
334        9       13      23      13.34     
335        8       13      27      13.43     
336        7       13      30      13.58     
337        8       9       31      13.75     
338        13      11      29      13.46     
339        8       11      28      13.52     
340        11      9       26      14.03     
341        11      9       26      13.49     
342        9       12      23      13.49     
343        12      12      25      13.83     
344        11      11      25      13.26     
345        12      9       25      12.97     
346        11      11      20      13.28     
347        10      13      25      13.08     
348        10      10      26      13.27     
349        8       9       24      13.18     
350        13      9       30      13.61     
351        10      11      27      13.29     
352        9       14      25      13.52     
353        11      12      28      14.13     
354        9       12      27      13.37     
355        9       14      26      13.17     
356        12      13      26      13.56     
357        13      14      24      13.44     
358        12      14      27      14.09     
359        13      12      26      14.10     
360        10      15      23      13.12     
361        15      15      24      13.67     
362        12      13      27      12.95     
363        8       13      28      13.55     
364        11      11      27      13.92     
365        10      11      33      14.09     
366        11      15      29      14.75     
367        12      12      38      15.30     
368        15      10      33      14.71     
369        14      13      29      14.01     
370        15      10      34      14.80     
371        9       9       31      14.41     
372        11      11      27      13.32     
373        8       7       35      13.82     
374        9       6       30      13.31     
375        12      5       31      13.47     
376        10      6       35      13.87     
377        16      6       30      13.73     
378        12      5       25      12.40     
379        6       6       33      13.29     
380        16      5       31      13.41     
381        19      6       32      14.79     
382        12      5       37      14.17     
383        11      5       39      14.33     
384        16      6       39      14.62     
385        19      6       36      14.92     
386        15      5       32      14.45     
387        15      5       36      14.21     
388        11      5       35      14.13     
389        12      4       36      13.58     
390        12      1       32      12.90     
391        12      0       41      13.21     
392        10      2       46      14.23     
393        19      4       45      15.38     
394        15      3       46      15.28     
395        15      4       45      14.60     
396        16      1       44      14.80     
397        19      0       42      14.97     
398        16      1       41      14.92     
399        13      1       45      15.22     
400        15      0       51      16.30     
401        16      1       40      14.74     
402        15      1       42      14.29     
403        12      2       45      14.90     
404        10      0       39      14.05     
405        15      2       47      15.04     
406        11      0       49      14.80     
407        10      0       47      14.39     
408        11      0       49      13.97     
409        13      0       49      14.36     
410        11      0       43      14.18     
411        15      0       42      13.85     
412        14      0       47      14.69     
413        15      0       44      14.83     
414        15      0       50      14.53     
415        11      0       50      15.02     
416        15      0       48      14.36     
417        16      0       52      14.64     
418        11      0       52      14.12     
419        7       0       52      13.66     
420        13      0       49      14.36     
421        11      0       46      14.38     
422        14      0       54      14.90     
423        13      0       59      15.64     
424        8       1       53      15.14     
425        13      1       63      16.81     
426        9       0       66      16.16     
427        12      0       78      17.65     
428        6       0       65      16.11     
429        6       0       60      15.30     
430        13      2       62      17.34     
431        12      1       62      16.20     
432        13      0       54      15.14     
433        16      1       53      15.28     
434        14      0       40      14.28     
435        12      0       49      14.82     
436        17      0       55      15.81     
437        17      0       53      15.68     
438        19      0       56      16.00     
439        18      1       63      17.14     
440        19      1       55      17.05     
441        18      2       51      16.42     
442        14      0       60      16.51     
443        16      0       60      16.85     
444        20      0       57      16.35     
445        16      0       58      16.28     
446        9       0       61      15.89     
447        12      0       61      16.13     
448        12      0       60      16.41     
449        14      0       67      16.99     
450        10      0       67      16.25     
451        14      0       60      16.24     
452        14      0       59      15.89     
453        14      1       57      16.48     
454        11      0       60      15.80     
455        17      0       59      15.99     
456        15      0       58      15.58     
457        20      0       68      17.33     
458        10      0       60      16.32     
459        15      0       64      17.62     
460        16      1       64      17.18     
461        11      0       71      16.57     
462        12      0       66      16.94     
463        12      0       68      17.23     
464        7       0       64      16.16     
465        12      0       63      17.76     
466        12      1       67      18.02     
467        10      0       63      16.94     
468        7       0       70      16.46     
469        7       0       63      17.03     
470        7       0       67      16.79     
471        10      1       65      16.81     
472        10      0       69      17.20     
473        14      1       71      17.20     
474        11      0       71      17.59     
475        6       0       75      17.62     
476        12      0       81      18.50     
477        14      0       85      19.09     
478        14      1       82      18.58     
479        10      1       81      18.04     
480        14      0       83      18.54     
481        16      0       81      18.34     
482        16      0       78      18.56     
483        19      0       80      18.28     
484        9       0       78      17.43     
485        12      0       87      18.52     
486        17      0       86      19.22     
487        12      0       85      19.05     
488        19      0       79      19.11     
489        12      0       79      17.74     
490        14      0       81      18.09     
491        15      0       83      18.50     
492        9       0       76      17.58     
493        9       0       79      17.29     
494        8       0       82      17.05     
495        12      0       75      17.61     
496        5       0       78      17.25     
497        6       0       69      16.77     
498        14      0       70      16.98     
499        11      0       77      17.91     
500        8       0       74      16.37     
501        8       0       81      17.79     
502        10      0       75      16.66     
503        13      0       71      16.83     
504        12      0       77      17.40     
505        9       0       69      16.75     
506        10      0       70      15.98     
507        9       0       71      17.35     
508        16      0       74      17.18     
509        10      0       69      16.80     
510        16      1       64      16.86     
511        15      0       66      16.70     
512        18      0       72      16.85     
513        17      0       68      16.85     
514        16      0       69      17.27     
515        16      0       78      17.64     
516        14      1       80      17.91     
517        13      0       74      17.12     
518        8       0       71      16.56     
519        10      0       76      17.34     
520        11      1       78      17.34     
521        8       0       69      16.67     
522        8       0       88      18.24     
523        10      0       84      18.01     
524        16      2       73      17.43     
525        11      0       83      18.57     
526        19      0       82      18.91     
527        20      0       78      18.79     
528        18      0       87      19.26     
529        15      0       75      18.43     
530        20      1       77      18.54     
531        12      1       76      18.12     
532        17      0       78      18.38     
533        16      1       68      16.81     
534        16      0       79      18.17     
535        10      0       85      17.74     
536        13      0       74      18.32     
537        11      0       83      18.44     
538        16      1       77      18.05     
539        21      2       68      17.79     
540        13      0       81      18.51     
541        13      0       81      18.08     
542        16      0       76      17.65     
543        15      0       78      17.86     
544        15      1       83      18.89     
545        15      1       87      19.25     
546        16      4       83      18.42     
547        16      0       85      18.76     
548        11      0       84      17.79     
549        15      0       84      18.72     
550        10      0       91      18.71     
551        14      2       86      18.26     
552        13      0       87      18.82     
553        13      2       71      17.63     
554        10      0       79      17.68     
555        14      0       84      18.59     
556        13      0       82      17.85     
557        11      1       82      18.08     
558        16      2       76      18.32     
559        12      1       76      17.28     
560        19      0       77      18.55     
561        19      1       75      17.97     
562        15      0       66      16.94     
563        21      0       70      16.98     
564        15      0       70      17.18     
565        23      0       64      17.36     
566        20      1       67      16.99     
567        18      0       70      16.74     
568        16      1       66      16.33     
569        17      1       69      16.68     
570        13      0       69      16.63     
571        17      0       66      16.69     
572        17      1       64      17.13     
573        17      1       63      16.49     
574        17      0       67      17.39     
575        12      0       76      16.82     
576        20      0       65      16.65     
577        20      0       68      16.63     
578        17      1       70      17.61     
579        26      0       63      16.96     
580        15      0       59      15.82     
581        16      0       71      17.18     
582        14      0       73      17.23     
583        20      0       70      17.44     
584        19      0       67      17.17     
585        17      0       69      17.38     
586        16      1       63      16.67     
587        18      1       69      17.19     
588        17      0       67      16.96     
589        15      0       72      17.25     
590        17      0       70      17.94     
591        16      0       68      17.03     
592        18      0       69      17.31     
593        19      0       56      16.48     
594        19      0       59      16.05     
595        20      2       59      16.05     
596        19      0       69      17.27     
597        14      0       56      16.32     
598        23      0       64      17.56     
599        22      2       62      17.01     
600        19      0       59      16.45     
601        19      1       58      16.68     
602        19      0       57      15.63     
603        18      0       59      15.64     
604        19      0       63      16.66     
605        15      1       62      16.47     
606        12      0       70      17.14     
607        17      0       65      17.08     
608        23      0       67      17.12     
609        15      1       65      17.12     
610        18      0       73      17.94     
611        18      0       68      17.69     
612        13      0       72      17.18     
613        14      0       71      16.95     
614        18      0       63      17.43     
615        14      0       61      15.85     
616        16      2       61      16.42     
617        18      2       60      17.30     
618        14      2       63      16.94     
619        14      4       61      17.24     
620        14      1       69      16.97     
621        12      0       69      16.85     
622        16      1       74      18.22     
623        19      1       69      18.28     
624        15      0       71      17.73     
625        14      0       75      17.83     
626        14      0       69      16.64     
627        14      1       73      17.81     
628        16      0       65      17.58     
629        18      1       64      17.74     
630        14      0       75      18.65     
631        19      0       78      18.66     
632        18      0       74      18.35     
633        20      0       72      18.24     
634        17      0       75      18.30     
635        15      0       81      18.51     
636        23      1       73      17.74     
637        12      0       69      16.99     
638        13      0       77      18.04     
639        21      0       69      18.41     
640        13      0       70      17.61     
641        13      0       77      18.19     
642        14      0       73      18.23     
643        19      0       69      17.90     
644        17      0       67      17.67     
645        20      0       58      17.68     
646        17      0       62      16.17     
647        22      3       63      17.81     
648        24      1       68      18.52     
649        22      1       67      17.34     
650        24      3       59      18.07     
651        27      0       71      18.45     
652        29      1       69      18.49     
653        23      3       63      17.51     
654        24      1       82      18.99     
655        19      1       70      17.41     
656        19      0       78      17.78     
657        28      0       67      18.18     
658        25      1       66      17.47     
659        22      0       72      18.24     
660        27      1       69      18.49     
661        19      1       66      17.98     
662        20      1       77      18.18     
663        20      2       73      18.37     
664        16      1       79      18.31     
665        21      1       67      18.44     
666        25      1       73      18.48     
667        27      1       70      18.62     
668        23      2       65      17.78     
669        20      7       62      18.16     
670        19      1       67      17.07     
671        26      2       71      17.56     
672        20      0       76      19.40     
673        23      1       72      18.77     
674        21      0       72      19.03     
675        28      0       78      19.74     
676        20      0       80      18.51     
677        19      0       73      18.72     
678        22      0       69      19.00     
679        22      1       65      18.02     
680        21      2       68      18.53     
681        20      0       81      19.29     
682        25      0       66      18.57     
683        17      0       66      18.22     
684        17      2       69      17.81     
685        15      0       77      18.89     
686        18      0       74      19.17     
687        20      3       73      18.83     
688        18      0       72      17.85     
689        23      0       71      17.89     
690        18      0       76      18.62     
691        15      1       74      17.45     
692        20      0       61      17.78     
693        19      2       63      17.56     
694        21      1       77      18.59     
695        19      0       79      18.62     
696        16      0       72      18.20     
697        19      0       72      18.62     
698        18      2       70      18.87     
699        17      1       61      17.04     
700        22      2       62      18.47     
701        14      0       72      18.14     
702        17      0       72      18.22     
703        17      0       77      18.90     
704        10      0       73      18.43     
705        13      0       74      17.57     
706        15      0       71      18.79     
707        18      2       84      20.10     
708        15      0       83      19.39     
709        11      0       80      18.17     
710        18      0       76      18.95     
711        13      2       72      18.32     
712        13      0       77      18.44     
713        11      1       78      18.36     
714        20      1       85      19.52     
715        16      4       81      19.63     
716        17      0       81      19.06     
717        19      1       85      19.26     
718        22      0       94      19.61     
719        23      1       89      19.93     
720        19      3       74      18.90     
721        18      0       84      19.45     
722        21      0       78      18.83     
723        20      0       77      18.50     
724        18      1       81      19.30     
725        18      0       81      18.48     
726        19      0       78      18.36     
727        21      1       80      18.84     
728        18      1       71      18.29     
729        27      3       73      18.72     
730        18      3       71      18.72     
731        18      2       72      18.41     
732        21      1       73      19.27     
733        20      0       72      17.96     
734        23      2       78      19.44     
735        23      1       80      19.31     
736        18      4       70      18.54     
737        16      3       68      17.49     
738        21      3       71      19.00     
739        15      1       59      17.17     
740        13      1       72      18.25     
741        16      0       65      16.58     
742        20      3       72      18.21     
743        19      1       73      18.24     
744        18      1       75      18.24     
745        21      2       61      16.62     
746        22      0       68      18.54     
747        19      1       67      17.94     
748        26      1       66      18.45     
749        22      0       71      18.34     
750        23      1       63      17.65     
751        27      3       63      17.53     
752        27      1       66      18.14     
753        27      0       70      18.71     
754        23      1       71      19.17     
755        26      4       67      18.62     
756        25      5       66      18.61     
757        27      2       63      18.60     
758        26      3       68      19.26     
759        20      5       65      18.19     
760        21      2       71      19.71     
761        17      0       72      19.14     
762        15      3       70      18.74     
763        18      0       74      18.95     
764        15      0       79      19.09     
765        15      1       75      18.94     
766        18      1       84      19.57     
767        16      0       85      18.98     
768        20      0       75      20.07     
769        14      0       73      19.21     
770        19      1       74      19.08     
771        20      0       68      19.05     
772        17      0       78      19.22     
773        20      0       71      18.99     
774        20      0       75      19.49     
775        24      0       71      19.39     
776        19      1       65      18.83     
777        24      0       67      18.84     
778        17      2       77      19.17     
779        14      0       66      18.00     
780        21      2       76      19.63     
781        19      1       73      19.28     
782        22      0       80      19.67     
783        20      0       72      18.85     
784        25      2       79      20.11     
785        18      1       76      19.38     
786        21      0       74      19.13     
787        20      0       76      19.12     
788        18      0       73      19.20     
789        23      0       73      19.34     
790        24      1       69      18.74     
791        21      0       64      18.43     
792        23      1       68      18.82     
793        25      1       64      18.92     
794        25      2       68      19.40     
795        18      1       66      18.33     
796        21      2       69      19.41     
797        22      5       69      19.23     
798        21      2       76      19.76     
799        21      3       68      19.18     
800        22      1       72      18.78     
801        19      1       69      18.74     
802        22      2       72      19.26     
803        23      1       74      19.13     
804        23      1       65      19.09     
805        22      3       73      19.38     
806        28      2       70      19.05     
807        35      4       68      20.25     
808        26      2       60      18.09     
809        29      1       66      18.58     
810        30      3       60      18.59     
811        34      2       69      20.11     
812        33      3       57      18.95     
813        32      1       62      18.86     
814        38      2       70      20.44     
815        35      3       66      19.50     
816        30      1       62      19.01     
817        25      1       63      18.90     
818        22      2       58      17.98     
819        33      3       66      19.03     
820        22      0       72      18.36     
821        25      0       82      20.38     
822        31      2       78      19.43     
823        29      1       74      19.25     
824        22      1       71      19.12     
825        24      1       75      19.04     
826        26      2       77      19.59     
827        27      3       69      18.98     
828        25      2       79      19.18     
829        28      2       64      18.06     
830        30      1       64      18.55     
831        24      2       75      19.45     
832        28      2       67      19.11     
833        31      1       68      18.72     
834        22      1       75      18.84     
835        26      3       72      19.54     
836        24      3       64      18.58     
837        32      1       70      19.26     
838        31      1       73      19.50     
839        33      6       76      20.60     
840        30      1       78      20.62     
841        37      0       73      20.27     
842        24      0       82      20.39     
843        31      1       80      20.65     
844        25      1       73      19.82     
845        28      0       70      19.05     
846        30      1       62      18.96     
847        25      0       74      18.27     
848        26      0       71      19.13     
849        24      1       64      18.00     
850        23      1       68      19.35     
851        22      2       71      18.98     
852        22      1       70      18.56     
853        22      0       65      18.36     
854        23      0       66      18.10     
855        29      0       71      19.63     
856        27      1       69      18.38     
857        33      2       58      18.62     
858        27      4       66      19.40     
859        25      3       69      20.53     
860        29      3       77      20.73     
861        27      4       74      20.20     
862        24      2       73      19.87     
863        22      0       74      18.99     
864        22      2       77      19.60     
865        20      3       72      19.17     
866        22      2       72      19.78     
867        23      2       63      19.48     
868        23      1       70      18.71     
869        22      1       71      18.96     
870        22      2       73      19.03     
871        21      3       59      17.81     
872        23      1       70      19.45     
873        25      4       73      20.11     
874        23      1       70      19.20     
875        22      1       65      18.65     
876        23      2       66      19.02     
877        20      0       62      17.59     
878        17      0       71      19.28     
879        21      1       82      20.39     
880        20      0       81      20.59     
881        21      1       74      19.00     
882        24      0       81      19.74     
883        20      1       75      19.29     
884        28      3       72      20.21     
885        23      3       79      19.46     
886        20      2       70      18.96     
887        24      2       70      19.02     
888        22      0       62      18.39     
889        22      2       74      19.61     
890        23      3       70      18.75     
891        22      2       77      20.13     
892        23      0       82      19.65     
893        18      1       80      19.28     
894        15      0       82      19.30     
895        19      0       83      19.37     
896        20      0       82      19.40     
897        18      0       79      18.39     
898        18      0       77      18.99     
899        21      0       80      18.89     
900        19      0       81      19.54     
901        20      0       76      19.37     
902        21      0       74      19.23     
903        17      0       76      19.21     
904        16      0       84      20.06     
905        15      0       84      19.98     
906        21      0       76      19.83     
907        22      0       72      19.20     
908        17      0       75      19.43     
909        17      1       86      20.37     
910        14      0       83      19.61     
911        18      0       76      19.40     
912        17      0       89      20.66     
913        21      0       79      20.37     
914        20      0       80      19.42     
915        24      2       87      20.95     
916        17      0       86      20.01     
917        21      0       84      20.36     
918        22      0       82      19.62     
919        18      0       87      20.29     
920        18      0       85      20.33     
921        27      1       85      20.61     
922        17      0       79      19.30     
923        17      1       79      20.00     
924        28      0       84      20.97     
925        22      0       83      20.28     
926        23      2       81      20.72     
927        22      0       81      20.40     
928        21      0       80      19.99     
929        23      0       89      21.46     
930        19      0       90      20.24     
931        16      0       90      20.52     
932        17      0       89      20.76     
933        16      0       92      19.55     
934        21      0       83      20.26     
935        22      0       84      20.19     
936        16      0       89      19.89     
937        20      0       81      19.87     
938        22      1       93      21.40     
939        19      0       85      20.17     
940        21      2       83      21.81     
941        29      1       81      21.34     
942        29      2       77      21.06     
943        29      1       79      21.01     
944        28      0       79      21.07     
945        33      1       76      21.00     
946        23      0       87      20.14     
947        29      0       72      19.83     
948        19      1       80      19.87     
949        19      1       89      20.96     
950        21      1       91      21.03     
951        23      0       91      21.20     
952        20      0       84      20.64     
953        21      0       91      21.04     
954        22      1       88      20.89     
955        15      1       81      20.01     
956        22      0       85      20.80     
957        20      2       80      20.12     
958        21      1       86      20.35     
959        23      0       71      19.66     
960        17      3       70      19.18     
961        25      3       64      19.40     
962        23      3       67      19.59     
963        24      1       69      19.50     
964        21      3       74      19.50     
965        18      1       78      19.72     
966        18      0       77      18.88     
967        19      1       68      19.40     
968        17      0       65      19.09     
969        19      3       70      19.05     
970        18      2       68      18.63     
971        25      4       84      20.80     
972        19      0       66      18.27     
973        18      2       69      18.99     
974        19      1       66      18.23     
975        18      0       68      17.96     
976        22      1       79      19.24     
977        21      5       62      19.07     
978        18      2       67      19.08     
979        25      4       68      19.81     
980        19      1       67      17.95     
981        20      2       69      18.54     
982        24      0       67      19.03     
983        20      0       63      18.07     
984        20      2       66      19.64     
985        23      3       76      19.87     
986        27      2       67      19.15     
987        21      1       72      19.35     
988        24      1       68      18.81     
989        24      1       75      20.43     
990        26      3       74      20.35     
991        26      3       78      20.86     
992        31      2       70      19.85     
993        20      0       65      18.36     
994        20      0       77      19.62     
995        20      0       78      19.96     
996        24      1       78      20.52     
997        19      0       66      19.16     
998        23      0       74      19.68     
999        33      0       74      19.91     
1000       29      0       62      19.66     
1001       24      0       72      19.07     
1002       27      0       69      19.17     
1003       25      1       76      19.64     
1004       25      0       74      19.37     
1005       24      0       61      17.40     
1006       35      2       75      20.88     
1007       28      0       70      19.82     
1008       36      2       71      20.67     
1009       29      0       81      21.09     
1010       32      0       85      21.59     
1011       25      1       79      20.20     
1012       26      2       81      20.42     
1013       17      1       75      19.61     
1014       24      0       84      20.97     
1015       30      1       75      20.12     
1016       24      1       84      20.94     
1017       17      0       77      19.10     
1018       22      1       80      20.53     
1019       24      0       78      19.98     
1020       22      1       78      19.86     
1021       27      3       75      19.54     
1022       21      2       81      19.62     
1023       22      0       68      18.81     
1024       24      2       74      19.74     
1025       20      1       64      18.25     
1026       23      2       75      19.46     
1027       21      1       72      18.96     
1028       21      0       68      18.96     
1029       26      0       70      19.12     
1030       29      3       58      19.09     
1031       26      1       57      19.09     
1032       27      2       63      18.58     
1033       26      2       60      19.00     
1034       22      2       63      17.98     
1035       21      1       64      19.07     
1036       27      0       59      18.36     
1037       24      2       58      18.32     
1038       21      0       61      19.10     
1039       19      1       67      18.91     
1040       22      0       63      18.70     
1041       18      0       63      18.25     
1042       24      1       64      19.03     
1043       15      1       68      18.44     
1044       19      1       66      19.47     
1045       19      1       71      19.25     
1046       20      0       68      18.27     
1047       20      1       63      18.77     
1048       24      0       68      19.19     
1049       21      0       62      18.77     
1050       24      0       69      19.27     
1051       24      1       69      19.17     
1052       19      2       63      18.81     
1053       21      1       73      19.44     
1054       25      1       61      18.49     
1055       21      0       64      18.21     
