#time, lipid_head, lipid_tail, water, pore_size
0          0       3       7       0.73      
1          0       3       8       0.71      
2          0       4       7       0.76      
3          0       3       7       0.73      
4          0       3       8       0.74      
5          0       2       8       0.77      
6          0       2       8       0.73      
7          1       1       6       0.72      
8          2       2       6       0.75      
9          1       2       8       0.66      
10         1       1       8       0.65      
11         1       0       10      0.71      
12         3       3       10      0.90      
13         1       3       9       0.80      
14         1       4       9       0.77      
15         1       0       10      0.77      
16         0       0       9       0.67      
17         0       0       11      0.74      
18         0       2       11      0.71      
19         1       0       9       0.68      
20         2       0       10      0.79      
21         0       0       9       0.69      
22         0       0       10      0.71      
23         1       0       9       0.69      
24         1       0       9       0.73      
25         0       0       11      0.71      
26         2       0       9       0.81      
27         1       1       9       0.83      
28         3       1       13      0.88      
29         2       1       11      0.85      
30         2       1       10      0.82      
31         3       2       13      0.87      
32         4       4       8       0.87      
33         4       3       13      0.85      
34         3       0       12      0.88      
35         5       0       11      0.87      
36         1       0       16      0.80      
37         3       0       12      0.88      
38         1       1       15      0.95      
39         4       0       14      0.92      
40         2       0       13      0.90      
41         1       1       13      0.82      
42         3       0       14      0.78      
43         2       0       15      0.83      
44         3       0       14      0.83      
45         3       1       17      0.86      
46         2       0       13      0.88      
47         5       0       13      0.86      
48         4       0       16      0.96      
49         5       1       16      1.00      
50         3       3       13      0.99      
51         4       2       13      0.95      
52         4       0       15      0.94      
53         3       1       14      0.89      
54         4       0       17      0.99      
55         3       1       18      0.91      
56         3       0       13      0.93      
57         3       2       14      0.89      
58         5       1       15      0.90      
59         3       1       13      0.89      
60         4       1       11      0.82      
61         3       0       11      0.86      
62         3       1       11      0.82      
63         2       0       13      0.88      
64         3       1       10      0.82      
65         2       1       13      0.80      
66         2       0       13      0.86      
67         2       1       12      0.88      
68         3       0       10      0.79      
69         4       0       14      0.87      
70         3       2       12      0.93      
71         3       2       15      0.97      
72         2       2       10      0.85      
73         4       2       13      0.90      
74         3       2       14      0.90      
75         4       2       15      0.94      
76         4       2       12      0.90      
77         3       2       12      0.86      
78         4       3       9       0.87      
79         3       3       12      0.90      
80         3       2       12      0.91      
81         4       2       16      0.95      
82         3       2       11      0.86      
83         4       2       14      0.90      
84         3       2       12      0.85      
85         4       3       13      0.89      
86         4       2       12      0.90      
87         4       2       14      0.90      
88         3       1       13      0.85      
89         5       2       11      0.81      
90         5       0       14      0.84      
91         3       1       13      0.87      
92         4       1       12      0.80      
93         2       3       12      0.88      
94         3       3       11      0.87      
95         4       2       12      0.92      
96         5       2       12      0.89      
97         3       2       11      0.88      
98         3       2       10      0.88      
99         4       2       11      0.84      
100        4       2       12      0.89      
101        4       3       11      0.88      
102        4       2       12      0.83      
103        5       2       16      0.84      
104        4       2       14      0.82      
105        4       2       13      0.96      
106        4       3       13      0.88      
107        4       2       13      0.89      
108        5       2       17      1.01      
109        4       2       12      0.92      
110        4       3       11      0.83      
111        4       4       13      0.93      
112        5       4       12      0.90      
113        3       3       11      0.91      
114        6       2       11      0.86      
115        4       2       12      0.90      
116        4       2       9       0.86      
117        5       2       10      0.83      
118        3       2       11      0.80      
119        3       2       11      0.82      
120        4       2       11      0.82      
121        1       2       12      0.80      
122        4       2       10      0.84      
123        4       2       11      0.85      
124        3       2       11      0.88      
125        4       2       9       0.84      
126        4       2       10      0.82      
127        3       2       9       0.85      
128        4       2       9       0.86      
129        4       2       10      0.91      
130        4       1       11      0.90      
131        4       2       10      0.86      
132        4       0       10      0.80      
133        4       1       10      0.86      
134        4       2       10      0.90      
135        4       2       10      0.86      
136        4       2       10      0.84      
137        3       2       11      0.83      
138        4       3       8       0.85      
139        4       2       11      0.93      
140        4       1       11      0.89      
141        3       1       13      0.91      
142        3       0       9       0.85      
143        2       0       11      0.77      
144        3       0       9       0.82      
145        3       0       10      0.83      
146        3       2       9       0.76      
147        3       2       10      0.81      
148        5       2       14      0.91      
149        5       3       11      0.86      
150        4       2       12      0.88      
151        4       1       15      0.85      
152        3       0       11      0.81      
153        4       0       13      0.80      
154        3       0       10      0.85      
155        2       0       12      0.81      
156        3       0       11      0.86      
157        2       0       10      0.79      
158        3       0       10      0.81      
159        4       0       12      0.86      
160        3       0       13      0.84      
161        4       1       12      0.92      
162        3       1       10      0.87      
163        3       1       10      0.81      
164        2       0       12      0.80      
165        2       0       12      0.85      
166        1       0       10      0.78      
167        3       1       9       0.79      
168        1       2       9       0.78      
169        2       2       11      0.82      
170        3       3       14      0.87      
171        4       3       9       0.88      
172        4       3       10      0.86      
173        5       1       12      0.92      
174        2       2       10      0.85      
175        0       2       12      0.86      
176        1       2       12      0.81      
177        3       2       11      0.82      
178        1       2       9       0.75      
179        1       2       11      0.81      
180        1       3       11      0.88      
181        3       2       11      0.87      
182        1       0       14      0.86      
183        0       2       11      0.87      
184        1       2       12      0.91      
185        1       3       11      0.87      
186        1       2       12      0.91      
187        2       4       11      0.93      
188        4       2       10      0.88      
189        3       3       11      0.88      
190        2       2       9       0.84      
191        1       2       11      0.82      
192        3       2       13      0.95      
193        2       2       12      0.98      
194        2       3       12      0.97      
195        2       2       14      0.95      
196        2       2       11      0.86      
197        3       2       12      0.93      
198        4       3       10      0.98      
199        3       3       11      0.86      
200        4       2       14      0.85      
201        4       4       10      0.85      
202        3       2       11      0.79      
203        3       3       11      0.85      
204        3       2       9       0.82      
205        3       2       9       0.78      
206        4       1       10      0.80      
207        3       0       13      0.75      
208        3       1       16      0.99      
209        2       0       20      0.98      
210        1       1       16      0.90      
211        2       1       12      0.89      
212        2       0       16      0.85      
213        3       0       16      0.85      
214        4       2       19      1.00      
215        2       0       20      0.95      
216        2       0       17      0.84      
217        2       0       20      0.95      
218        4       0       22      1.05      
219        2       0       17      0.93      
220        2       0       21      0.99      
221        4       0       22      1.02      
222        4       1       23      1.09      
223        3       1       23      1.00      
224        5       1       23      1.01      
225        4       3       16      0.94      
226        5       0       19      1.03      
227        4       0       18      0.99      
228        3       0       21      0.95      
229        1       0       18      0.88      
230        4       0       19      0.95      
231        3       0       21      1.01      
232        4       0       21      0.94      
233        4       0       19      0.94      
234        5       0       17      0.93      
235        3       0       22      1.04      
236        3       0       20      1.03      
237        2       0       18      0.95      
238        4       1       21      0.96      
239        3       0       23      1.02      
240        4       0       20      1.07      
241        4       0       17      0.92      
242        5       0       25      1.00      
243        4       0       21      1.00      
244        3       0       22      1.02      
245        5       0       20      1.15      
246        6       0       22      1.09      
247        5       1       23      1.12      
248        5       1       22      1.10      
249        5       2       21      1.08      
250        7       2       23      1.19      
251        5       0       26      1.06      
252        6       0       24      1.12      
253        6       0       32      1.21      
254        5       0       33      1.24      
255        6       1       27      1.20      
256        7       1       29      1.20      
257        9       1       25      1.17      
258        9       1       24      1.16      
259        8       0       27      1.22      
260        10      2       28      1.25      
261        10      1       29      1.32      
262        10      1       24      1.23      
263        9       5       25      1.23      
264        11      3       26      1.26      
265        13      2       28      1.31      
266        10      0       29      1.27      
267        9       2       32      1.26      
268        10      4       31      1.26      
269        11      1       28      1.27      
270        9       0       28      1.20      
271        8       2       27      1.30      
272        6       0       27      1.12      
273        7       1       27      1.11      
274        10      2       23      1.14      
275        10      0       24      1.12      
276        9       1       23      1.17      
277        9       0       24      1.16      
278        10      1       27      1.13      
279        10      1       24      1.19      
280        5       0       34      1.17      
281        8       1       32      1.23      
282        7       0       23      1.13      
283        10      0       24      1.20      
284        10      2       28      1.27      
285        10      2       27      1.27      
286        10      0       23      1.17      
287        12      2       25      1.20      
288        8       0       22      1.13      
289        9       0       23      1.14      
290        8       1       25      1.20      
291        11      1       29      1.16      
292        11      1       26      1.16      
293        8       1       28      1.18      
294        10      0       28      1.20      
295        14      1       29      1.26      
296        15      4       30      1.39      
297        11      2       32      1.30      
298        12      3       28      1.22      
299        8       1       34      1.27      
300        10      3       38      1.28      
301        11      0       33      1.28      
302        13      3       43      1.46      
303        10      2       34      1.32      
304        8       3       33      1.22      
305        12      1       38      1.38      
306        10      1       36      1.29      
307        9       2       29      1.34      
308        11      1       30      1.28      
309        11      0       31      1.33      
310        9       2       35      1.37      
311        10      1       34      1.28      
312        11      1       34      1.33      
313        10      1       39      1.36      
314        9       0       37      1.32      
315        13      0       38      1.38      
316        10      1       36      1.35      
317        7       0       32      1.27      
318        8       1       37      1.25      
319        9       0       35      1.30      
320        10      0       37      1.37      
321        9       1       34      1.27      
322        7       1       32      1.25      
323        9       2       32      1.26      
324        12      3       33      1.24      
325        10      1       34      1.39      
326        10      3       37      1.37      
327        9       1       36      1.33      
328        12      0       42      1.37      
329        16      0       42      1.46      
330        15      1       39      1.41      
331        11      1       40      1.33      
332        13      3       37      1.31      
333        12      4       32      1.30      
334        15      1       27      1.23      
335        12      2       32      1.23      
336        12      0       38      1.40      
337        16      0       33      1.33      
338        16      1       35      1.33      
339        14      3       32      1.34      
340        15      3       34      1.42      
341        12      4       37      1.32      
342        12      2       33      1.24      
343        12      1       34      1.32      
344        13      0       25      1.13      
345        13      0       24      1.20      
346        13      1       26      1.16      
347        13      0       34      1.39      
348        12      1       40      1.36      
349        14      1       36      1.42      
350        11      3       34      1.31      
351        14      3       39      1.35      
352        14      1       36      1.40      
353        16      1       36      1.43      
354        13      1       40      1.48      
355        13      0       43      1.47      
356        14      0       39      1.40      
357        15      1       39      1.46      
358        16      1       40      1.46      
359        16      0       37      1.34      
360        11      1       41      1.45      
361        17      2       42      1.47      
362        14      1       41      1.40      
363        18      0       44      1.53      
364        14      1       47      1.52      
365        14      0       46      1.53      
366        17      0       50      1.49      
367        11      1       42      1.43      
368        11      0       40      1.34      
369        16      1       42      1.43      
370        15      2       36      1.44      
371        15      2       38      1.42      
372        15      1       39      1.40      
373        17      0       43      1.39      
374        16      3       40      1.50      
375        18      0       45      1.54      
376        17      4       40      1.59      
377        15      3       41      1.50      
378        13      4       41      1.48      
379        16      3       47      1.55      
380        23      2       39      1.55      
381        18      2       43      1.46      
382        21      1       46      1.54      
383        15      2       42      1.40      
384        17      3       39      1.42      
385        17      2       33      1.33      
386        15      0       35      1.31      
387        8       0       38      1.25      
388        12      2       42      1.38      
389        13      1       39      1.37      
390        13      2       37      1.35      
391        13      1       43      1.44      
392        14      1       40      1.52      
393        17      2       37      1.44      
394        16      2       41      1.44      
395        17      0       38      1.42      
396        17      0       37      1.36      
397        16      1       42      1.44      
398        18      1       34      1.37      
399        15      3       35      1.38      
400        18      0       37      1.45      
401        16      1       36      1.39      
402        17      2       35      1.47      
403        12      2       37      1.37      
404        15      3       39      1.47      
405        15      3       32      1.36      
406        10      3       40      1.38      
407        9       2       41      1.35      
408        13      3       43      1.50      
409        13      2       43      1.47      
410        11      1       44      1.45      
411        14      2       33      1.42      
412        10      1       35      1.31      
413        12      3       41      1.40      
414        11      1       43      1.45      
415        12      5       39      1.41      
416        15      5       42      1.56      
417        11      2       41      1.40      
418        13      2       42      1.43      
419        9       1       47      1.42      
420        8       1       42      1.32      
421        13      1       46      1.46      
422        13      0       43      1.43      
423        11      0       41      1.42      
424        15      1       43      1.45      
425        13      0       47      1.45      
426        12      0       42      1.37      
427        12      2       47      1.49      
428        13      0       42      1.45      
429        13      1       39      1.42      
430        13      1       45      1.48      
431        15      2       41      1.40      
432        12      2       41      1.43      
433        15      2       38      1.44      
434        16      4       41      1.46      
435        12      0       42      1.38      
436        13      3       42      1.49      
437        13      1       35      1.41      
438        9       3       42      1.43      
439        13      4       42      1.45      
440        11      4       48      1.46      
441        11      4       42      1.49      
442        14      0       40      1.45      
443        11      1       41      1.46      
444        14      3       37      1.44      
445        11      1       34      1.33      
446        14      1       33      1.39      
447        16      0       33      1.37      
448        18      2       35      1.41      
449        12      1       34      1.33      
450        16      1       38      1.43      
451        15      3       35      1.48      
452        15      0       38      1.44      
453        12      2       36      1.32      
454        13      3       37      1.39      
455        18      2       40      1.48      
456        12      1       47      1.43      
457        16      1       41      1.42      
458        14      0       45      1.47      
459        10      1       42      1.37      
460        12      2       43      1.37      
461        13      1       44      1.39      
462        16      1       43      1.40      
463        10      1       45      1.44      
464        10      2       45      1.44      
465        10      0       46      1.45      
466        9       0       44      1.40      
467        10      0       47      1.40      
468        7       4       43      1.40      
469        7       1       40      1.27      
470        6       2       42      1.26      
471        7       2       43      1.41      
472        8       0       39      1.33      
473        9       1       46      1.47      
474        12      4       35      1.36      
475        6       0       44      1.38      
476        13      0       41      1.38      
477        9       2       39      1.31      
478        7       2       41      1.34      
479        8       2       38      1.29      
480        9       0       36      1.31      
481        11      0       35      1.26      
482        9       1       29      1.26      
483        10      2       31      1.27      
484        9       0       32      1.25      
485        12      0       28      1.27      
486        6       1       31      1.15      
487        11      0       34      1.24      
488        7       1       31      1.19      
489        12      0       34      1.28      
490        4       2       34      1.25      
491        8       0       31      1.19      
492        9       0       27      1.14      
493        8       2       29      1.21      
494        8       3       27      1.12      
495        8       1       29      1.22      
496        4       0       31      1.15      
497        6       1       26      1.10      
498        7       3       27      1.21      
499        10      0       30      1.24      
500        7       3       24      1.10      
501        7       1       26      1.06      
502        10      3       28      1.25      
503        7       2       29      1.23      
504        9       2       33      1.24      
505        6       1       37      1.22      
506        8       1       30      1.26      
507        10      1       32      1.30      
508        5       1       38      1.29      
509        10      1       37      1.42      
510        10      2       35      1.33      
511        9       1       35      1.32      
512        10      2       38      1.37      
513        11      2       32      1.33      
514        11      3       37      1.34      
515        9       1       33      1.27      
516        8       5       40      1.44      
517        9       1       39      1.29      
518        5       0       36      1.28      
519        9       2       35      1.32      
520        7       3       33      1.31      
521        8       4       29      1.22      
522        7       4       25      1.12      
523        8       6       38      1.28      
524        5       2       27      1.18      
525        11      2       28      1.23      
526        7       1       34      1.24      
527        7       4       24      1.15      
528        4       4       32      1.15      
529        5       6       28      1.22      
530        8       6       25      1.13      
531        7       2       25      1.13      
532        8       0       34      1.27      
533        5       0       29      1.15      
534        9       1       35      1.25      
535        7       1       29      1.13      
536        5       1       33      1.18      
537        9       1       32      1.22      
538        10      2       33      1.26      
539        7       1       33      1.17      
540        11      1       31      1.18      
541        8       2       32      1.21      
542        8       0       38      1.26      
543        14      1       31      1.26      
544        14      1       35      1.31      
545        9       1       33      1.21      
546        10      0       38      1.31      
547        13      1       34      1.26      
548        10      0       37      1.37      
549        12      1       31      1.36      
550        14      2       37      1.33      
551        12      2       41      1.42      
552        9       0       39      1.33      
553        10      1       34      1.32      
554        14      0       36      1.35      
555        12      1       40      1.35      
556        11      2       42      1.44      
557        8       2       41      1.35      
558        11      1       41      1.38      
559        14      3       42      1.39      
560        9       2       46      1.39      
561        9       2       32      1.30      
562        10      1       36      1.38      
563        9       1       46      1.38      
564        10      3       44      1.40      
565        13      2       46      1.50      
566        9       2       48      1.39      
567        8       1       40      1.35      
568        12      2       38      1.39      
569        11      0       40      1.36      
570        12      1       43      1.42      
571        12      1       38      1.35      
572        10      2       37      1.34      
573        9       0       43      1.37      
574        10      1       43      1.35      
575        10      1       43      1.44      
576        16      1       53      1.56      
577        13      2       44      1.46      
578        14      2       56      1.53      
579        13      0       58      1.58      
580        13      0       60      1.61      
581        9       0       55      1.51      
582        7       1       66      1.57      
583        14      2       53      1.56      
584        11      1       44      1.42      
585        10      0       54      1.47      
586        12      2       53      1.58      
587        11      1       51      1.50      
588        7       2       52      1.42      
589        11      3       46      1.45      
590        9       1       45      1.43      
591        12      1       40      1.39      
592        15      1       43      1.45      
593        7       1       40      1.35      
594        16      2       44      1.50      
595        16      2       45      1.57      
596        13      2       49      1.56      
597        9       1       51      1.47      
598        11      1       49      1.50      
599        7       2       53      1.51      
600        10      2       51      1.52      
601        5       1       43      1.40      
602        10      1       47      1.46      
603        8       2       54      1.52      
604        10      0       45      1.42      
605        10      0       53      1.48      
606        8       1       50      1.46      
607        12      1       57      1.48      
608        14      1       46      1.47      
609        11      3       49      1.49      
610        13      2       43      1.40      
611        11      1       48      1.38      
612        12      1       48      1.48      
613        9       2       38      1.35      
614        12      0       50      1.46      
615        9       0       45      1.37      
616        10      2       59      1.59      
617        9       0       51      1.45      
618        6       1       48      1.39      
619        10      0       50      1.38      
620        12      3       49      1.44      
621        10      1       48      1.43      
622        12      2       55      1.53      
623        14      0       53      1.54      
624        13      1       47      1.43      
625        9       1       49      1.46      
626        13      0       48      1.43      
627        14      0       50      1.45      
628        14      3       47      1.45      
629        19      0       45      1.55      
630        17      1       40      1.42      
631        8       0       44      1.37      
632        14      0       39      1.36      
633        10      0       47      1.46      
634        7       0       35      1.26      
635        12      1       48      1.44      
636        7       1       44      1.37      
637        8       1       42      1.34      
638        11      0       41      1.35      
639        12      0       44      1.30      
640        13      1       39      1.35      
641        15      0       36      1.35      
642        12      1       40      1.29      
643        9       1       41      1.33      
644        13      1       38      1.34      
645        15      1       38      1.35      
646        8       1       50      1.44      
647        13      2       45      1.40      
648        15      2       45      1.47      
649        13      1       40      1.39      
650        8       1       43      1.37      
651        12      2       52      1.40      
652        16      1       47      1.39      
653        19      4       47      1.51      
654        17      1       50      1.44      
655        8       0       49      1.39      
656        12      0       48      1.34      
657        17      0       46      1.44      
658        13      0       46      1.42      
659        15      1       43      1.41      
660        12      2       40      1.33      
661        12      0       42      1.32      
662        15      1       45      1.44      
663        12      1       47      1.44      
664        14      1       50      1.43      
665        12      1       48      1.49      
666        14      0       43      1.43      
667        19      1       45      1.47      
668        15      0       45      1.42      
669        17      2       45      1.50      
670        15      3       46      1.46      
671        15      1       39      1.46      
672        14      0       47      1.44      
673        13      2       36      1.40      
674        15      1       34      1.33      
675        15      1       39      1.36      
676        15      2       45      1.44      
677        15      1       43      1.37      
678        16      0       43      1.44      
679        12      3       42      1.42      
680        12      1       40      1.36      
681        13      0       48      1.41      
682        16      1       43      1.41      
683        12      0       43      1.41      
684        14      2       44      1.51      
685        7       2       43      1.35      
686        10      2       47      1.42      
687        10      2       44      1.31      
688        10      0       47      1.31      
689        6       0       45      1.43      
690        9       0       49      1.41      
691        3       1       47      1.38      
692        3       3       49      1.36      
693        3       1       49      1.37      
694        5       2       47      1.43      
695        6       0       46      1.35      
696        10      0       41      1.33      
697        6       1       47      1.39      
698        6       1       47      1.35      
699        4       1       50      1.39      
700        6       0       50      1.47      
701        13      0       51      1.58      
702        10      2       51      1.45      
703        8       0       50      1.46      
704        5       2       50      1.44      
705        9       0       46      1.39      
706        8       0       53      1.49      
707        8       1       56      1.48      
708        7       0       52      1.51      
709        8       1       48      1.38      
710        8       0       45      1.36      
711        7       2       51      1.45      
712        9       1       43      1.39      
713        11      3       47      1.51      
714        6       0       52      1.49      
715        12      0       59      1.59      
716        10      2       42      1.43      
717        10      1       43      1.32      
718        7       1       40      1.34      
719        10      1       50      1.48      
720        8       0       45      1.39      
721        11      0       38      1.38      
722        13      1       42      1.51      
723        13      0       42      1.45      
724        12      0       43      1.43      
725        12      1       43      1.48      
726        13      0       43      1.43      
727        10      0       35      1.23      
728        13      2       36      1.41      
729        12      0       40      1.45      
730        13      0       42      1.44      
731        8       1       38      1.40      
732        5       0       44      1.36      
733        6       0       44      1.37      
734        6       1       42      1.35      
735        8       0       43      1.37      
736        10      1       44      1.39      
737        10      1       39      1.38      
738        10      0       48      1.49      
739        5       1       44      1.42      
740        6       3       35      1.34      
741        10      1       37      1.34      
742        8       1       38      1.36      
743        9       0       32      1.33      
744        8       1       35      1.34      
745        7       3       40      1.40      
746        5       0       38      1.40      
747        6       1       38      1.37      
748        5       1       42      1.39      
749        5       0       45      1.42      
750        7       1       47      1.52      
751        7       0       40      1.43      
752        9       0       48      1.52      
753        8       0       38      1.41      
754        12      0       51      1.58      
755        9       0       47      1.44      
756        11      0       43      1.48      
757        6       0       45      1.43      
758        9       0       47      1.50      
759        5       0       42      1.41      
760        9       0       44      1.43      
761        12      0       36      1.38      
762        13      1       41      1.45      
763        14      1       52      1.57      
764        11      1       48      1.50      
765        14      0       44      1.48      
766        12      1       41      1.36      
767        13      1       42      1.40      
768        8       1       35      1.31      
769        11      2       38      1.41      
770        8       0       34      1.33      
771        8       2       33      1.27      
772        11      1       32      1.32      
773        9       1       44      1.36      
774        9       2       37      1.36      
775        11      1       35      1.40      
776        8       1       30      1.23      
777        8       1       35      1.34      
778        9       1       49      1.53      
779        7       0       46      1.42      
780        8       0       45      1.42      
781        12      3       49      1.57      
782        10      1       50      1.60      
783        10      1       42      1.60      
784        7       2       45      1.51      
785        7       0       43      1.38      
786        10      1       36      1.38      
787        6       2       36      1.31      
788        10      3       37      1.44      
789        8       1       37      1.33      
790        10      2       29      1.24      
791        11      0       30      1.25      
792        11      1       31      1.25      
793        8       2       34      1.23      
794        11      1       36      1.37      
795        11      1       37      1.42      
796        8       0       34      1.20      
797        7       0       39      1.35      
798        10      0       32      1.29      
799        12      0       31      1.28      
800        5       1       34      1.31      
801        11      1       39      1.50      
802        7       0       47      1.45      
803        11      0       40      1.40      
804        10      0       36      1.38      
805        8       0       36      1.31      
806        10      1       35      1.35      
807        8       0       35      1.30      
808        10      1       40      1.44      
809        7       1       41      1.46      
810        10      4       38      1.43      
811        13      2       41      1.47      
812        11      1       29      1.22      
813        11      1       32      1.39      
814        10      0       37      1.34      
815        16      0       33      1.40      
816        10      2       38      1.33      
817        15      1       30      1.30      
818        10      2       32      1.36      
819        18      2       29      1.43      
820        10      3       35      1.38      
821        12      1       31      1.32      
822        15      1       31      1.34      
823        13      0       32      1.29      
824        15      0       32      1.23      
825        11      0       30      1.19      
826        17      1       30      1.36      
827        15      2       32      1.41      
828        8       1       38      1.37      
829        9       0       39      1.39      
830        7       0       35      1.27      
831        9       2       40      1.38      
832        10      1       38      1.37      
833        9       1       35      1.31      
834        9       0       34      1.32      
835        11      1       31      1.37      
836        6       0       36      1.38      
837        10      1       38      1.38      
838        11      0       30      1.34      
839        9       1       35      1.35      
840        11      0       32      1.36      
841        14      0       41      1.38      
842        11      0       38      1.40      
843        8       1       28      1.23      
844        7       0       30      1.21      
845        9       0       32      1.24      
846        11      1       34      1.34      
847        9       0       36      1.37      
848        9       0       33      1.24      
849        9       0       31      1.24      
850        9       2       32      1.24      
851        9       0       29      1.31      
852        12      0       35      1.26      
853        9       0       38      1.37      
854        11      1       32      1.30      
855        11      0       33      1.32      
856        9       2       31      1.32      
857        10      0       29      1.19      
858        12      2       32      1.33      
859        12      0       32      1.29      
860        9       1       26      1.16      
861        10      0       31      1.18      
862        10      0       28      1.25      
863        8       1       32      1.20      
864        9       1       30      1.20      
865        8       2       33      1.29      
866        7       1       34      1.29      
867        11      0       34      1.30      
868        8       0       35      1.29      
869        11      0       35      1.39      
870        14      1       39      1.40      
871        13      1       35      1.33      
872        12      1       38      1.41      
873        11      1       33      1.30      
874        12      1       39      1.43      
875        14      1       45      1.47      
876        14      1       42      1.41      
877        12      1       35      1.34      
878        10      0       41      1.36      
879        8       1       39      1.34      
880        10      0       37      1.36      
881        10      1       36      1.38      
882        14      1       41      1.40      
883        14      1       36      1.43      
884        14      3       37      1.43      
885        16      0       41      1.50      
886        11      0       43      1.45      
887        14      0       42      1.50      
888        16      0       51      1.51      
889        14      0       40      1.48      
890        15      1       41      1.55      
891        15      1       41      1.46      
892        14      1       35      1.42      
893        17      2       39      1.52      
894        19      0       37      1.42      
895        17      2       34      1.42      
896        13      1       30      1.34      
897        15      0       35      1.33      
898        9       0       43      1.36      
899        8       0       38      1.39      
900        13      1       33      1.35      
901        10      1       36      1.38      
902        10      1       32      1.29      
903        12      0       32      1.36      
904        7       1       26      1.15      
905        13      2       28      1.29      
906        10      1       35      1.39      
907        10      1       35      1.30      
908        13      2       34      1.41      
909        11      1       33      1.33      
910        13      1       30      1.31      
911        9       0       38      1.37      
912        11      0       44      1.56      
913        12      0       42      1.40      
914        9       0       44      1.45      
915        10      0       48      1.46      
916        9       1       33      1.33      
917        7       0       40      1.42      
918        7       1       37      1.28      
919        6       2       31      1.26      
920        9       2       35      1.36      
921        6       1       28      1.19      
922        7       1       34      1.25      
923        7       0       39      1.41      
924        7       1       35      1.29      
925        7       1       41      1.42      
926        14      0       35      1.36      
927        9       0       41      1.40      
928        10      0       35      1.31      
929        10      0       37      1.37      
930        8       0       42      1.30      
931        9       0       35      1.25      
932        7       0       33      1.23      
933        10      0       37      1.33      
934        8       0       37      1.27      
935        8       0       39      1.32      
936        7       1       33      1.28      
937        4       0       36      1.23      
938        8       1       36      1.28      
939        9       1       38      1.33      
940        8       0       40      1.27      
941        4       0       36      1.27      
942        9       0       36      1.38      
943        8       0       35      1.19      
944        8       0       32      1.25      
945        7       0       35      1.24      
946        7       0       43      1.36      
947        13      0       35      1.35      
948        12      1       41      1.50      
949        15      0       53      1.60      
950        10      0       50      1.42      
951        12      0       43      1.45      
952        19      1       47      1.48      
953        17      1       45      1.54      
954        13      1       56      1.60      
955        11      0       51      1.47      
956        13      0       46      1.53      
957        10      2       43      1.39      
958        15      1       44      1.53      
959        8       4       38      1.33      
960        11      2       43      1.44      
961        13      2       43      1.56      
962        13      2       42      1.47      
963        17      0       41      1.48      
964        15      0       42      1.53      
965        13      2       37      1.44      
966        12      2       36      1.37      
967        14      1       46      1.56      
968        11      3       51      1.57      
969        11      1       38      1.51      
970        13      1       36      1.45      
971        8       1       41      1.35      
972        11      1       40      1.37      
973        19      0       45      1.48      
974        14      1       45      1.45      
975        16      0       39      1.46      
976        15      1       52      1.63      
977        12      0       43      1.47      
978        15      3       42      1.45      
979        15      1       28      1.31      
980        21      1       38      1.43      
981        13      0       37      1.38      
982        15      1       40      1.44      
983        17      2       37      1.45      
984        17      2       35      1.40      
985        19      1       38      1.43      
986        15      2       36      1.47      
987        9       2       34      1.33      
988        13      2       35      1.39      
989        14      4       32      1.41      
990        13      2       34      1.33      
991        14      0       35      1.40      
992        15      1       32      1.39      
993        15      1       29      1.26      
994        14      0       34      1.33      
995        17      1       35      1.46      
996        14      1       32      1.29      
997        14      0       31      1.33      
998        13      1       31      1.32      
999        12      2       31      1.31      
1000       10      0       41      1.39      
1001       14      0       37      1.35      
1002       7       2       32      1.32      
1003       9       0       42      1.36      
1004       13      4       41      1.44      
1005       12      0       42      1.41      
1006       11      1       39      1.35      
1007       10      2       35      1.36      
1008       8       0       37      1.35      
1009       8       2       33      1.32      
1010       10      1       33      1.32      
1011       10      2       34      1.27      
1012       10      1       34      1.28      
1013       7       0       45      1.41      
1014       8       1       33      1.33      
1015       8       0       25      1.14      
1016       7       0       29      1.19      
1017       12      1       34      1.30      
1018       7       2       30      1.16      
1019       9       3       28      1.21      
1020       5       1       31      1.17      
1021       6       1       35      1.19      
1022       5       0       30      1.21      
1023       5       1       29      1.15      
1024       7       1       29      1.15      
1025       4       3       28      1.16      
1026       8       2       30      1.15      
1027       8       0       29      1.19      
1028       8       0       29      1.22      
1029       8       0       30      1.32      
1030       14      1       32      1.34      
1031       13      1       27      1.28      
1032       13      2       32      1.34      
1033       11      0       29      1.31      
1034       11      1       29      1.30      
1035       11      1       34      1.26      
1036       13      1       31      1.28      
1037       9       1       33      1.25      
1038       8       1       33      1.25      
1039       10      1       28      1.26      
1040       13      0       29      1.31      
1041       10      2       26      1.21      
1042       11      0       31      1.30      
1043       9       1       21      1.18      
1044       10      0       34      1.31      
1045       8       0       35      1.30      
1046       12      0       36      1.29      
1047       10      0       34      1.29      
1048       10      0       30      1.29      
1049       8       1       32      1.21      
1050       9       1       36      1.34      
1051       8       0       36      1.25      
1052       4       0       34      1.22      
1053       6       0       38      1.25      
1054       12      1       32      1.33      
1055       11      3       31      1.29      
1056       9       0       26      1.21      
1057       11      0       27      1.23      
1058       11      0       30      1.26      
1059       7       1       31      1.27      
1060       6       1       30      1.16      
1061       10      1       35      1.37      
1062       11      0       34      1.35      
1063       8       2       35      1.36      
1064       12      3       29      1.36      
1065       11      1       32      1.28      
1066       7       0       32      1.27      
1067       9       0       34      1.27      
1068       11      0       33      1.31      
1069       12      1       33      1.27      
1070       13      0       26      1.22      
1071       16      1       30      1.30      
1072       11      1       31      1.18      
1073       14      4       30      1.33      
1074       15      1       30      1.33      
1075       12      0       35      1.29      
1076       12      1       32      1.26      
1077       12      0       31      1.19      
1078       12      0       37      1.33      
1079       10      0       41      1.36      
1080       10      0       41      1.30      
1081       12      1       35      1.25      
1082       12      1       31      1.29      
1083       13      1       28      1.23      
1084       12      1       27      1.23      
1085       15      2       30      1.28      
1086       16      1       32      1.29      
1087       12      1       29      1.27      
1088       17      1       36      1.35      
1089       11      1       32      1.24      
1090       17      1       36      1.44      
1091       11      1       29      1.23      
1092       11      1       28      1.27      
1093       11      0       27      1.22      
1094       13      1       32      1.29      
1095       14      0       35      1.30      
1096       12      0       41      1.38      
1097       12      0       34      1.28      
1098       12      0       32      1.27      
1099       12      0       34      1.31      
1100       12      2       34      1.25      
1101       13      0       30      1.30      
1102       11      1       33      1.25      
1103       15      3       33      1.30      
1104       15      2       32      1.28      
1105       15      0       31      1.25      
1106       16      2       25      1.24      
1107       10      0       31      1.17      
1108       15      0       36      1.27      
1109       12      1       29      1.21      
1110       8       0       33      1.30      
1111       10      1       30      1.20      
1112       10      1       32      1.27      
1113       12      1       37      1.25      
1114       12      2       32      1.33      
1115       10      2       30      1.30      
1116       8       1       31      1.30      
1117       11      2       35      1.33      
1118       10      0       30      1.34      
1119       8       0       34      1.25      
1120       11      0       37      1.32      
1121       9       0       30      1.22      
1122       11      1       36      1.33      
1123       10      2       29      1.24      
1124       12      1       29      1.31      
1125       10      1       28      1.19      
1126       6       1       32      1.21      
1127       9       1       30      1.27      
1128       11      1       31      1.28      
1129       12      1       31      1.27      
1130       14      1       32      1.32      
1131       9       1       31      1.23      
1132       7       1       33      1.33      
1133       6       0       28      1.16      
1134       9       0       40      1.30      
1135       5       2       36      1.29      
1136       12      0       31      1.29      
1137       9       3       34      1.33      
1138       12      1       32      1.30      
1139       12      2       28      1.24      
1140       11      3       27      1.22      
1141       15      0       30      1.32      
1142       14      4       27      1.31      
1143       13      1       29      1.31      
1144       14      1       29      1.24      
1145       15      1       30      1.30      
1146       13      2       32      1.33      
1147       16      2       29      1.30      
1148       13      1       32      1.30      
1149       13      2       33      1.31      
1150       10      1       34      1.30      
1151       11      1       38      1.31      
1152       16      1       33      1.35      
1153       14      2       39      1.48      
1154       13      2       34      1.40      
1155       16      0       37      1.27      
1156       15      1       34      1.29      
1157       17      0       33      1.27      
1158       17      2       29      1.30      
1159       19      2       30      1.36      
1160       16      0       35      1.34      
1161       15      0       33      1.29      
1162       18      2       38      1.35      
1163       12      0       33      1.32      
1164       8       0       36      1.33      
1165       12      0       40      1.39      
1166       11      0       36      1.35      
1167       9       1       40      1.29      
1168       13      1       36      1.40      
1169       16      1       34      1.33      
