#time, lipid_head, lipid_tail, water, pore_size
0          0       2       5       0.63      
1          1       3       4       0.66      
2          0       3       5       0.71      
3          0       4       8       0.73      
4          1       4       9       0.82      
5          1       4       9       0.78      
6          0       3       11      0.76      
7          0       3       10      0.77      
8          1       6       10      0.83      
9          1       5       10      0.83      
10         1       3       10      0.76      
11         0       5       11      0.82      
12         1       3       9       0.80      
13         0       4       8       0.74      
14         0       3       9       0.74      
15         0       2       10      0.77      
16         0       3       8       0.70      
17         0       3       7       0.69      
18         0       3       11      0.74      
19         0       4       10      0.78      
20         1       2       6       0.67      
21         0       4       9       0.75      
22         0       4       8       0.70      
23         1       5       8       0.76      
24         0       4       7       0.79      
25         0       4       11      0.79      
26         1       6       10      0.84      
27         2       3       10      0.83      
28         1       4       10      0.85      
29         0       3       9       0.73      
30         1       3       9       0.74      
31         1       4       8       0.86      
32         0       4       8       0.72      
33         0       4       9       0.71      
34         0       4       8       0.68      
35         1       3       8       0.71      
36         1       3       9       0.70      
37         0       3       10      0.72      
38         0       3       10      0.71      
39         0       3       8       0.70      
40         0       3       9       0.71      
41         1       3       9       0.74      
42         2       3       9       0.74      
43         0       3       9       0.77      
44         1       3       9       0.67      
45         1       3       8       0.68      
46         1       4       8       0.78      
47         1       3       8       0.72      
48         0       4       9       0.72      
49         2       4       8       0.84      
50         1       4       9       0.80      
51         1       4       9       0.79      
52         0       5       6       0.75      
53         2       4       9       0.78      
54         1       4       9       0.80      
55         2       6       7       0.82      
56         2       4       8       0.79      
57         3       3       9       0.76      
58         3       4       9       0.91      
59         3       6       9       0.90      
60         3       5       10      0.89      
61         5       6       10      0.92      
62         3       6       9       0.93      
63         2       7       11      1.02      
64         4       7       9       0.98      
65         5       7       11      0.94      
66         2       7       10      0.96      
67         3       7       13      0.91      
68         3       7       11      1.00      
69         4       9       11      1.02      
70         2       9       11      0.94      
71         1       5       8       0.89      
72         4       6       14      1.02      
73         1       7       13      0.89      
74         3       7       9       0.95      
75         5       7       8       1.00      
76         4       6       10      0.98      
77         2       6       9       0.95      
78         2       6       10      0.90      
79         2       6       9       0.95      
80         2       6       12      0.88      
81         2       6       9       0.94      
82         5       6       11      0.93      
83         2       6       11      0.93      
84         3       7       12      0.93      
85         2       6       11      0.88      
86         2       7       13      1.01      
87         2       7       9       0.96      
88         3       6       13      0.92      
89         3       5       12      0.94      
90         4       6       9       0.93      
91         5       7       9       0.96      
92         5       6       11      0.94      
93         5       6       11      0.96      
94         4       7       13      0.94      
95         6       8       12      1.01      
96         6       5       9       0.95      
97         5       5       10      0.94      
98         5       2       13      0.93      
99         4       2       15      0.94      
100        4       2       11      0.90      
101        4       5       10      0.94      
102        4       5       9       0.88      
103        4       4       12      0.98      
104        3       3       13      0.88      
105        3       3       12      0.90      
106        3       4       10      0.93      
107        4       5       13      0.94      
108        3       6       14      0.98      
109        2       5       12      0.88      
110        2       5       14      0.90      
111        6       5       13      0.99      
112        5       5       11      1.00      
113        6       5       11      0.95      
114        5       7       14      0.98      
115        6       6       12      1.03      
116        6       4       13      0.96      
117        5       6       11      0.98      
118        6       6       11      0.99      
119        5       6       12      0.95      
120        7       6       12      1.03      
121        7       8       12      1.06      
122        7       7       11      1.02      
123        6       6       10      1.00      
124        6       6       9       0.98      
125        5       6       9       0.97      
126        6       7       13      0.98      
127        6       6       11      1.05      
128        5       6       12      1.02      
129        4       7       13      1.07      
130        4       7       10      0.93      
131        6       7       12      0.95      
132        6       8       12      1.01      
133        6       9       12      1.03      
134        6       6       11      1.01      
135        5       6       11      1.02      
136        7       7       13      1.02      
137        7       7       16      1.08      
138        5       4       18      1.05      
139        5       6       12      0.98      
140        6       6       11      1.00      
141        4       6       16      0.98      
142        5       5       13      1.06      
143        4       4       15      1.03      
144        6       6       15      1.04      
145        2       5       16      0.95      
146        0       4       16      0.99      
147        5       5       12      1.02      
148        4       4       14      0.98      
149        3       5       14      0.98      
150        4       6       14      0.94      
151        4       4       11      0.99      
152        5       5       13      1.03      
153        4       7       15      0.99      
154        4       4       19      1.07      
155        4       3       14      1.02      
156        3       4       19      1.03      
157        6       6       12      1.13      
158        3       4       20      1.10      
159        2       5       19      1.09      
160        4       3       18      1.02      
161        8       6       16      1.15      
162        4       8       17      1.12      
163        7       5       18      1.08      
164        4       5       16      1.13      
165        6       5       15      1.07      
166        5       5       14      1.00      
167        4       5       14      1.04      
168        4       6       12      1.05      
169        4       6       13      1.03      
170        6       7       10      0.99      
171        5       6       12      0.91      
172        4       5       15      1.02      
173        5       6       16      0.99      
174        4       3       18      1.05      
175        5       3       19      1.03      
176        3       4       18      1.09      
177        5       2       22      1.08      
178        5       3       23      1.18      
179        4       3       23      1.11      
180        5       3       22      1.13      
181        4       4       18      1.10      
182        4       3       16      0.98      
183        4       4       19      1.08      
184        6       4       17      1.07      
185        1       4       21      1.09      
186        6       3       22      1.09      
187        4       4       18      1.02      
188        8       2       19      1.08      
189        7       3       17      1.14      
190        7       3       22      1.11      
191        6       2       23      1.12      
192        5       3       23      1.13      
193        7       3       22      1.13      
194        5       5       18      1.12      
195        4       8       20      1.17      
196        5       8       16      1.13      
197        7       6       17      1.11      
198        9       9       14      1.15      
199        4       6       15      1.12      
200        6       10      15      1.12      
201        6       11      16      1.22      
202        6       10      19      1.19      
203        5       8       15      1.05      
204        9       9       14      1.10      
205        6       10      16      1.17      
206        5       9       16      1.11      
207        6       11      19      1.15      
208        8       7       15      1.15      
209        7       9       16      1.14      
210        6       9       17      1.17      
211        4       8       16      1.07      
212        6       9       16      1.09      
213        5       7       16      1.07      
214        6       8       15      1.03      
215        5       7       14      0.99      
216        4       9       12      0.99      
217        4       7       13      0.99      
218        4       5       17      1.16      
219        5       4       24      1.15      
220        7       5       19      1.13      
221        5       6       18      1.11      
222        6       4       16      1.07      
223        4       4       19      1.08      
224        6       3       16      1.07      
225        6       2       20      1.09      
226        6       5       16      1.15      
227        11      5       18      1.13      
228        10      5       19      1.19      
229        10      4       18      1.15      
230        8       2       19      1.11      
231        9       2       18      1.13      
232        9       4       19      1.06      
233        9       2       18      1.12      
234        10      2       19      1.12      
235        11      1       19      1.14      
236        13      1       20      1.14      
237        10      0       19      1.00      
238        10      0       20      1.09      
239        9       0       20      1.04      
240        9       0       20      0.99      
241        9       1       19      1.11      
242        8       1       23      1.12      
243        9       0       21      1.09      
244        10      0       25      1.16      
245        9       0       21      1.08      
246        10      0       21      1.21      
247        9       1       22      1.13      
248        13      1       21      1.14      
249        10      0       19      1.06      
250        9       1       19      1.00      
251        10      0       20      1.05      
252        7       0       21      1.06      
253        9       3       17      1.09      
254        10      0       19      1.05      
255        10      0       18      1.16      
256        11      0       17      1.03      
257        12      1       17      1.07      
258        9       0       22      1.13      
259        12      1       22      1.18      
260        9       0       24      1.16      
261        11      2       29      1.28      
262        12      0       24      1.20      
263        10      2       23      1.16      
264        12      0       24      1.21      
265        14      0       28      1.36      
266        11      2       30      1.31      
267        11      2       32      1.39      
268        12      2       32      1.39      
269        11      3       32      1.39      
270        15      2       32      1.35      
271        13      2       38      1.41      
272        17      1       32      1.40      
273        16      2       30      1.38      
274        18      3       30      1.33      
275        15      1       36      1.40      
276        14      1       31      1.33      
277        14      1       40      1.40      
278        15      3       37      1.42      
279        12      2       37      1.44      
280        18      2       34      1.41      
281        15      1       33      1.36      
282        13      1       32      1.33      
283        14      1       36      1.40      
284        12      2       34      1.45      
285        12      0       33      1.33      
286        13      0       37      1.39      
287        13      2       38      1.46      
288        14      1       31      1.30      
289        15      0       33      1.49      
290        19      3       39      1.55      
291        14      3       34      1.36      
292        12      3       34      1.45      
293        16      4       31      1.43      
294        13      0       42      1.41      
295        15      0       37      1.39      
296        15      3       41      1.48      
297        16      0       38      1.46      
298        13      2       34      1.35      
299        16      2       37      1.44      
300        16      2       35      1.39      
301        17      2       37      1.42      
302        15      2       41      1.48      
303        13      1       36      1.38      
304        17      2       40      1.47      
305        13      0       44      1.43      
306        15      1       40      1.48      
307        17      3       44      1.57      
308        12      3       42      1.47      
309        16      5       43      1.59      
310        13      4       43      1.49      
311        13      1       49      1.52      
312        14      0       52      1.61      
313        11      1       43      1.47      
314        10      1       48      1.50      
315        13      1       43      1.45      
316        13      0       44      1.47      
317        16      0       44      1.54      
318        13      2       46      1.59      
319        12      2       48      1.54      
320        9       1       47      1.54      
321        14      2       42      1.59      
322        15      5       47      1.64      
323        11      1       46      1.50      
324        17      2       40      1.48      
325        19      1       40      1.56      
326        18      1       39      1.46      
327        19      1       48      1.61      
328        17      0       40      1.37      
329        21      2       50      1.66      
330        16      1       45      1.58      
331        20      0       53      1.62      
332        20      1       55      1.66      
333        13      1       59      1.68      
334        11      0       52      1.54      
335        15      1       56      1.63      
336        12      1       56      1.61      
337        11      0       60      1.60      
338        12      2       57      1.71      
339        21      0       51      1.65      
340        23      1       59      1.76      
341        24      1       56      1.74      
342        21      1       54      1.69      
343        25      2       58      1.79      
344        29      1       60      1.90      
345        22      1       59      1.75      
346        25      0       49      1.70      
347        23      0       50      1.64      
348        20      1       47      1.56      
349        26      2       48      1.67      
350        22      2       51      1.63      
351        19      1       44      1.58      
352        20      1       42      1.55      
353        17      1       44      1.53      
354        18      0       45      1.50      
355        19      1       51      1.63      
356        13      0       55      1.60      
357        16      2       53      1.64      
358        18      0       51      1.59      
359        15      2       51      1.59      
360        17      1       53      1.62      
361        23      0       51      1.65      
362        26      1       50      1.70      
363        24      2       56      1.64      
364        14      1       52      1.64      
365        21      1       50      1.66      
366        16      0       49      1.59      
367        24      0       55      1.68      
368        17      0       54      1.63      
369        26      1       50      1.62      
370        20      1       47      1.56      
371        19      1       48      1.55      
372        15      0       46      1.56      
373        20      0       46      1.60      
374        17      0       44      1.52      
375        21      0       46      1.56      
376        22      0       51      1.60      
377        20      0       55      1.65      
378        18      0       54      1.58      
379        22      0       53      1.67      
380        18      1       57      1.66      
381        11      1       56      1.55      
382        21      1       67      1.81      
383        18      1       61      1.72      
384        19      1       61      1.79      
385        20      0       61      1.74      
386        24      1       64      1.81      
387        24      2       56      1.76      
388        26      1       62      1.82      
389        25      1       56      1.82      
390        20      1       52      1.67      
391        24      2       49      1.68      
392        22      1       49      1.68      
393        22      1       57      1.74      
394        19      4       60      1.79      
395        23      0       63      1.79      
396        22      2       63      1.82      
397        15      3       64      1.74      
398        16      2       68      1.78      
399        19      2       66      1.80      
400        18      2       64      1.80      
401        25      1       74      1.94      
402        20      3       61      1.77      
403        20      2       69      1.84      
404        20      0       63      1.82      
405        21      3       68      1.88      
406        25      2       68      1.93      
407        18      4       74      1.94      
408        22      2       74      1.89      
409        22      2       64      1.87      
410        26      1       70      1.90      
411        27      2       65      1.85      
412        23      1       66      1.82      
413        26      0       64      1.80      
414        20      1       65      1.85      
415        18      2       66      1.80      
416        23      0       65      1.81      
417        22      0       67      1.85      
418        22      0       71      1.85      
419        23      0       67      1.81      
420        23      2       74      1.92      
421        16      0       68      1.80      
422        23      2       65      1.92      
423        20      1       65      1.79      
424        22      1       64      1.82      
425        18      1       67      1.79      
426        24      2       66      1.90      
427        19      1       73      1.98      
428        24      1       69      1.94      
429        21      1       69      1.85      
430        19      0       73      1.92      
431        22      0       72      1.88      
432        20      0       68      1.86      
433        24      1       65      1.88      
434        21      1       65      1.82      
435        19      1       68      1.84      
436        24      2       67      1.85      
437        23      3       70      1.95      
438        25      2       63      1.85      
439        27      2       66      1.88      
440        28      1       71      1.99      
441        17      1       73      1.88      
442        21      2       69      1.88      
443        17      0       70      1.84      
444        21      2       71      1.95      
445        25      0       72      1.99      
446        25      3       73      1.89      
447        25      4       76      2.02      
448        19      0       73      1.94      
449        10      0       80      1.85      
450        16      2       74      1.89      
451        19      0       70      1.80      
452        20      0       72      1.88      
453        18      0       77      1.83      
454        16      1       73      1.77      
455        21      1       67      1.85      
456        26      1       74      1.91      
457        22      2       76      1.95      
458        21      0       81      2.00      
459        25      2       76      2.03      
460        22      0       76      1.91      
461        19      1       62      1.83      
462        17      0       70      1.80      
463        21      2       63      1.79      
464        23      1       62      1.79      
465        20      2       72      1.81      
466        16      2       67      1.88      
467        19      0       70      1.81      
468        23      1       66      1.84      
469        17      0       66      1.79      
470        24      0       67      1.88      
471        19      0       67      1.82      
472        22      1       68      1.81      
473        22      1       63      1.81      
474        19      1       65      1.81      
475        20      0       69      1.87      
476        20      2       75      1.97      
477        19      1       64      1.84      
478        19      1       67      1.84      
479        20      0       67      1.86      
480        21      2       66      1.78      
481        14      1       69      1.80      
482        20      1       67      1.89      
483        19      4       70      1.92      
484        14      1       68      1.84      
485        13      1       71      1.85      
486        10      1       68      1.79      
487        10      0       71      1.79      
488        15      0       87      1.95      
489        16      0       87      1.95      
490        12      1       80      1.84      
491        19      0       80      1.95      
492        14      0       77      1.80      
493        19      1       70      1.86      
494        19      0       64      1.80      
495        13      0       71      1.75      
496        18      1       81      1.91      
497        23      0       70      1.87      
498        14      1       74      1.85      
499        20      1       61      1.79      
500        16      0       74      1.87      
501        16      1       71      1.79      
502        13      1       69      1.76      
503        17      1       75      1.93      
504        19      2       66      1.77      
505        17      0       66      1.81      
506        16      3       70      1.88      
507        21      0       66      1.83      
508        24      1       67      1.87      
509        26      2       64      1.88      
510        19      0       62      1.76      
511        21      3       66      1.87      
512        25      1       66      1.89      
513        17      1       57      1.73      
514        27      2       54      1.81      
515        28      2       53      1.76      
516        25      1       64      1.90      
517        26      1       58      1.79      
518        29      2       63      1.86      
519        32      3       67      1.93      
520        30      0       68      1.93      
521        20      0       62      1.87      
522        31      1       68      1.91      
523        27      0       61      1.76      
524        21      0       63      1.77      
525        15      0       74      1.80      
526        23      0       62      1.74      
527        19      0       64      1.78      
528        19      1       64      1.74      
529        16      1       65      1.80      
530        23      0       64      1.80      
531        14      0       68      1.82      
532        19      0       68      1.79      
533        18      3       69      1.87      
534        22      1       67      1.84      
535        19      0       68      1.82      
536        23      0       63      1.82      
537        18      3       66      1.83      
538        18      0       65      1.82      
539        24      1       66      1.83      
540        22      3       63      1.83      
541        21      1       68      1.86      
542        21      0       67      1.76      
543        22      0       67      1.89      
544        22      0       65      1.80      
545        21      1       67      1.79      
546        28      1       67      1.86      
547        24      0       70      1.85      
548        21      0       70      1.83      
549        9       3       68      1.83      
550        18      0       71      1.84      
551        17      1       68      1.83      
552        15      1       68      1.75      
553        20      1       60      1.72      
554        14      2       57      1.68      
555        21      2       55      1.74      
556        24      2       56      1.76      
557        19      2       58      1.74      
558        13      0       59      1.66      
559        20      0       60      1.72      
560        19      0       60      1.68      
561        19      0       58      1.68      
562        14      0       55      1.64      
563        23      1       53      1.61      
564        23      1       64      1.78      
565        26      0       71      1.82      
566        12      1       65      1.77      
567        17      3       63      1.81      
568        21      0       69      1.81      
569        18      0       64      1.78      
570        22      0       65      1.84      
571        20      2       63      1.81      
572        12      0       73      1.88      
573        16      0       76      1.90      
574        25      0       81      1.99      
575        17      2       72      1.91      
576        18      0       76      1.91      
577        21      1       65      1.79      
578        12      1       68      1.87      
579        16      0       72      1.86      
580        11      1       60      1.73      
581        19      1       67      1.83      
582        23      2       64      1.89      
583        17      1       60      1.72      
584        21      1       61      1.78      
585        24      2       64      1.83      
586        19      0       69      1.86      
587        15      0       60      1.69      
588        21      1       70      1.87      
589        14      1       75      1.83      
590        19      0       69      1.90      
591        23      0       67      1.88      
592        11      0       63      1.78      
593        24      3       67      1.85      
594        19      0       71      1.85      
595        18      1       73      1.82      
596        20      1       67      1.82      
597        19      0       71      1.80      
598        20      1       58      1.75      
599        22      0       63      1.79      
600        18      0       77      1.91      
601        18      2       69      1.88      
602        20      0       74      1.85      
603        22      0       75      1.87      
604        12      0       82      1.88      
605        15      1       76      1.87      
606        18      2       72      1.86      
607        19      2       73      1.88      
608        14      3       70      1.87      
609        18      0       77      1.88      
610        19      0       75      1.91      
611        20      0       75      1.90      
612        9       0       79      1.90      
613        9       1       74      1.85      
614        13      0       81      1.98      
615        19      1       72      1.91      
616        18      0       67      1.84      
617        16      0       71      1.88      
618        16      1       75      1.84      
619        13      2       67      1.77      
620        14      0       77      1.92      
621        20      1       73      1.95      
622        19      0       80      1.98      
623        14      1       75      1.95      
624        17      1       81      1.93      
625        11      0       85      1.88      
626        14      0       78      1.89      
627        13      0       77      1.92      
628        13      0       80      1.87      
629        9       1       81      1.91      
630        14      1       87      1.97      
631        20      1       75      1.94      
632        12      0       70      1.76      
633        10      0       72      1.86      
634        9       1       90      1.94      
635        17      0       74      1.83      
636        16      1       76      1.88      
637        14      0       80      1.87      
638        17      1       76      1.95      
639        14      1       82      1.91      
640        11      2       67      1.81      
641        14      0       73      1.81      
642        13      3       71      1.84      
643        17      2       69      1.85      
644        13      1       76      1.90      
645        15      3       86      2.01      
646        13      0       79      1.92      
647        17      0       77      1.87      
648        17      1       74      1.94      
649        17      0       64      1.74      
650        19      0       72      1.91      
651        22      0       71      1.88      
652        19      3       68      1.94      
653        16      1       71      1.89      
654        21      0       70      1.89      
655        13      3       69      1.87      
656        18      1       66      1.91      
657        24      1       66      1.92      
658        19      1       76      1.92      
659        21      0       66      1.91      
660        16      0       70      1.80      
661        20      0       68      1.77      
662        10      0       71      1.72      
663        12      1       67      1.70      
664        16      1       73      1.93      
665        14      1       89      1.99      
666        9       0       82      1.93      
667        11      0       83      1.91      
668        18      2       75      1.95      
669        17      2       66      1.88      
670        20      0       70      1.93      
671        18      0       74      1.90      
672        17      1       74      1.83      
673        24      3       73      1.97      
674        17      1       71      1.82      
675        17      2       69      1.87      
676        13      1       71      1.80      
677        19      1       63      1.78      
678        15      0       78      1.88      
679        14      0       60      1.78      
680        13      1       68      1.85      
681        17      0       73      1.91      
682        15      1       77      1.89      
683        11      0       80      1.86      
684        11      0       72      1.88      
685        12      1       73      1.83      
686        14      0       79      1.88      
687        12      0       83      1.85      
688        11      0       79      1.92      
689        12      0       75      1.91      
690        17      0       70      1.88      
691        18      0       73      1.88      
692        12      0       75      1.80      
693        19      1       65      1.85      
694        17      0       68      1.88      
695        9       0       72      1.80      
696        12      0       68      1.81      
697        18      0       69      1.87      
698        15      0       67      1.81      
699        18      1       66      1.77      
700        20      0       69      1.82      
701        11      0       72      1.75      
702        21      0       67      1.80      
703        21      0       64      1.74      
704        21      1       66      1.79      
705        18      0       65      1.76      
706        16      0       70      1.83      
707        16      0       65      1.73      
708        19      0       69      1.80      
709        22      1       75      1.93      
710        17      0       73      1.86      
711        18      0       73      1.91      
712        14      0       64      1.77      
713        21      1       70      1.85      
714        16      0       67      1.85      
715        24      3       68      1.87      
716        17      2       63      1.83      
717        19      1       67      1.87      
718        19      0       70      1.84      
719        16      1       75      1.90      
720        16      1       73      1.85      
721        20      1       71      1.91      
722        13      1       68      1.77      
723        16      0       68      1.81      
724        16      1       64      1.76      
725        23      1       63      1.82      
726        20      2       59      1.85      
727        12      1       74      1.82      
728        14      3       65      1.74      
729        20      1       65      1.77      
730        17      1       68      1.86      
731        17      0       69      1.78      
732        19      1       71      1.87      
733        22      0       67      1.83      
734        16      1       73      1.85      
735        18      0       67      1.81      
736        18      1       70      1.83      
737        15      1       66      1.82      
738        16      3       67      1.79      
739        22      2       62      1.78      
740        15      1       71      1.85      
741        8       2       61      1.73      
742        12      1       72      1.84      
743        16      1       69      1.85      
744        18      2       64      1.81      
745        18      4       72      1.92      
746        14      1       71      1.84      
747        20      2       75      1.85      
748        18      0       80      1.96      
749        18      0       71      1.89      
750        17      2       70      1.86      
751        17      3       81      1.96      
752        16      0       79      1.92      
753        20      2       76      1.92      
754        16      3       75      1.95      
755        19      2       84      2.03      
756        17      1       79      1.93      
757        20      2       83      1.98      
758        20      1       77      1.96      
759        17      1       77      1.85      
760        19      2       76      1.95      
761        15      2       75      1.81      
762        19      2       76      1.95      
763        18      1       76      1.93      
764        22      1       74      1.95      
765        18      2       69      1.85      
766        16      2       82      2.01      
767        17      2       88      2.02      
768        13      1       79      1.98      
769        11      2       91      2.04      
770        17      4       83      2.06      
771        19      5       82      2.01      
772        16      4       83      2.07      
773        19      4       84      2.16      
774        9       2       76      1.91      
775        11      0       86      1.91      
776        15      3       82      1.96      
777        14      1       77      1.93      
778        13      3       71      1.85      
779        14      1       75      1.89      
780        16      1       87      1.99      
781        15      0       83      1.90      
782        14      0       89      1.97      
783        9       1       88      1.93      
784        14      1       79      1.93      
785        18      1       85      2.03      
786        17      1       80      1.95      
787        27      2       76      1.98      
788        20      3       75      1.99      
789        24      2       83      2.05      
790        14      1       87      2.01      
791        26      2       90      2.07      
792        24      2       85      2.13      
793        20      3       94      2.08      
794        16      1       85      2.02      
795        17      1       89      2.09      
796        19      0       94      2.10      
797        15      1       97      2.11      
798        21      1       80      2.00      
799        19      1       82      1.98      
800        16      1       92      2.09      
801        16      3       82      1.96      
802        20      1       81      1.96      
803        13      2       80      1.94      
804        11      1       90      1.99      
805        21      1       89      2.05      
806        14      1       89      2.02      
807        15      1       82      1.96      
808        21      2       84      1.99      
809        21      2       89      2.06      
810        17      2       80      1.90      
811        21      2       85      2.05      
812        24      1       76      1.93      
813        15      1       81      1.91      
814        19      5       87      2.13      
815        21      2       81      2.03      
816        14      1       84      1.98      
817        22      1       72      1.90      
818        28      1       72      2.00      
819        26      2       71      1.93      
820        25      1       73      1.96      
821        18      0       84      2.01      
822        20      1       78      1.92      
823        14      2       82      1.92      
824        18      4       84      1.99      
825        20      2       81      1.95      
826        20      5       81      1.98      
827        15      3       82      1.94      
828        20      2       76      1.94      
829        18      2       80      1.91      
830        14      2       84      1.89      
831        18      2       87      2.04      
832        19      0       78      1.99      
833        21      1       80      1.95      
834        20      3       79      1.98      
835        14      2       89      2.04      
836        17      1       83      1.95      
837        23      2       82      1.96      
838        18      4       86      2.00      
839        18      2       89      1.98      
840        18      2       82      1.98      
841        22      2       82      2.04      
842        16      1       79      1.96      
843        20      1       78      1.95      
844        20      3       82      2.02      
845        16      1       90      2.02      
846        15      1       78      1.92      
847        16      1       72      1.82      
848        17      1       74      1.85      
849        16      1       89      1.94      
850        18      1       79      1.98      
851        19      2       82      2.00      
852        16      1       81      2.02      
853        14      1       80      1.89      
854        23      0       82      1.92      
855        22      0       87      1.96      
856        20      0       79      1.97      
857        29      0       83      2.09      
858        17      1       80      1.95      
859        14      1       82      1.92      
860        13      1       89      1.95      
861        12      1       89      2.01      
862        15      1       90      2.03      
863        12      1       90      2.09      
864        13      0       88      1.94      
865        16      2       88      2.04      
866        17      0       89      1.95      
867        11      0       75      1.80      
868        13      1       83      1.97      
869        14      1       86      1.94      
870        11      1       88      2.01      
871        19      1       81      1.89      
872        20      1       81      1.99      
873        18      3       79      1.98      
874        17      0       86      2.02      
875        19      2       84      2.05      
876        20      1       84      1.97      
877        19      0       83      1.90      
878        17      0       83      1.96      
879        19      0       82      1.94      
880        14      2       80      1.88      
881        21      0       86      2.03      
882        20      1       84      2.00      
883        14      1       77      1.89      
884        12      1       97      2.04      
885        14      1       87      1.97      
886        9       1       92      1.95      
887        11      0       86      1.95      
888        9       0       89      1.95      
889        11      0       90      1.97      
890        13      1       97      2.11      
891        14      1       99      2.11      
892        12      4       95      2.09      
893        14      2       96      2.12      
894        13      3       90      2.12      
895        15      1       92      2.11      
896        20      4       84      2.10      
897        17      4       77      1.98      
898        19      1       84      2.07      
899        15      2       83      2.04      
900        20      1       90      2.10      
901        18      1       91      2.03      
902        17      1       90      2.07      
903        18      1       94      2.10      
904        13      2       92      2.00      
905        14      1       90      2.00      
906        17      4       88      2.01      
907        18      5       98      2.13      
908        18      5       93      2.15      
909        15      1       94      2.10      
910        14      3       88      2.06      
911        15      3       92      2.15      
912        13      0       95      2.06      
913        21      0       91      2.15      
914        18      1       97      2.14      
915        20      1       91      2.07      
916        17      0       87      1.94      
917        21      1       85      2.04      
918        24      0       84      2.06      
919        18      1       87      2.05      
920        21      5       82      2.05      
921        13      1       87      1.98      
922        27      3       87      2.13      
923        17      2       92      2.09      
924        14      1       87      1.98      
925        20      0       86      2.01      
926        16      1       83      1.99      
927        20      1       89      2.09      
928        24      1       87      2.07      
929        14      1       83      1.96      
930        15      1       86      2.04      
931        16      0       94      2.11      
932        20      1       91      2.16      
933        13      3       80      1.98      
934        20      1       87      2.03      
935        14      1       76      1.94      
936        16      1       83      2.00      
937        20      1       79      2.01      
938        18      1       91      2.08      
939        24      1       92      2.15      
940        23      3       89      2.10      
941        18      3       90      2.10      
942        25      4       95      2.24      
943        18      1       90      2.08      
944        16      2       81      2.01      
945        15      1       83      2.00      
946        21      2       90      2.08      
947        18      1       74      1.94      
948        19      0       70      1.90      
949        16      0       74      1.93      
950        12      1       85      2.00      
951        15      4       84      2.11      
952        20      2       99      2.14      
953        23      1       81      2.07      
954        20      2       94      2.15      
955        13      3       87      2.00      
956        15      2       87      2.05      
957        17      2       95      2.11      
958        17      5       93      2.05      
959        22      4       92      2.17      
960        19      1       86      2.06      
961        23      2       81      2.05      
962        22      2       82      2.03      
963        21      3       75      2.02      
964        22      5       75      1.94      
965        18      2       83      2.01      
966        17      2       88      2.02      
967        21      3       74      1.97      
968        21      4       82      2.04      
969        21      2       79      2.05      
970        21      2       82      2.04      
971        25      1       85      2.08      
972        25      2       80      2.05      
973        27      3       75      2.04      
974        18      2       68      1.94      
975        24      5       78      1.98      
976        22      2       80      2.03      
977        25      2       92      2.11      
978        18      1       84      2.02      
979        21      3       93      2.10      
980        21      3       92      2.15      
981        22      0       94      2.16      
982        21      1       87      2.08      
983        20      2       91      2.16      
984        18      1       98      2.16      
985        25      2       93      2.17      
986        17      0       94      2.15      
987        13      1       101     2.13      
988        22      3       92      2.10      
989        20      1       82      1.98      
990        23      1       73      1.99      
991        22      3       91      2.14      
992        18      2       97      2.09      
993        19      2       94      2.13      
994        19      1       89      2.08      
995        18      2       83      2.00      
996        14      1       95      2.04      
997        18      2       89      2.03      
998        13      1       79      1.91      
999        19      1       79      1.99      
1000       18      2       87      1.94      
1001       20      0       78      1.88      
1002       21      1       74      1.95      
1003       22      0       78      1.93      
1004       21      4       75      1.98      
1005       18      1       72      1.91      
1006       23      1       71      1.94      
1007       25      2       71      1.97      
1008       25      4       75      2.04      
1009       22      2       71      1.91      
1010       21      4       76      1.95      
1011       15      1       79      2.03      
1012       18      3       71      1.95      
1013       16      1       71      1.92      
1014       21      2       67      1.93      
1015       16      2       72      1.89      
1016       17      2       69      1.91      
1017       18      2       69      1.81      
1018       18      2       77      1.95      
1019       18      3       68      1.95      
1020       20      3       75      1.99      
1021       21      2       69      1.96      
1022       14      3       69      1.89      
1023       16      2       70      1.84      
1024       21      3       69      1.92      
1025       20      2       71      1.99      
1026       21      3       80      1.99      
1027       23      3       79      2.06      
1028       21      3       72      1.97      
1029       20      1       64      1.91      
1030       17      2       79      2.00      
1031       18      1       75      1.92      
1032       21      1       72      1.94      
1033       16      1       65      1.85      
1034       15      2       70      1.90      
1035       15      1       70      1.87      
1036       19      2       85      2.06      
1037       17      2       80      1.91      
1038       16      0       80      1.98      
1039       16      2       83      2.04      
1040       20      3       73      1.99      
1041       10      1       81      1.89      
1042       15      1       72      1.84      
1043       15      4       75      1.89      
1044       19      2       70      1.94      
1045       19      0       69      1.94      
1046       15      1       76      2.02      
1047       15      1       73      1.96      
1048       11      1       80      1.94      
1049       15      0       73      1.94      
1050       15      4       77      2.03      
