#time, global, repeatA-F, pore, tm38
0     0.1565243  0.1523033  0.1559155  0.1107745 
1     0.3492440  0.1972345  0.2492410  0.1227245 
2     0.4582498  0.2144571  0.3028245  0.1160714 
3     0.4906952  0.2133731  0.3533729  0.1279033 
4     0.4741056  0.2317556  0.3285847  0.1064225 
5     0.4848722  0.2251412  0.3230921  0.1128386 
6     0.6330949  0.2519444  0.4444081  0.1018341 
7     0.6978935  0.2433812  0.4738383  0.1151958 
8     0.7810496  0.2568311  0.5345499  0.1394523 
9     0.8006034  0.2767209  0.5471378  0.1303253 
10    0.8376631  0.2744639  0.5318859  0.1325757 
11    0.7958673  0.2659353  0.5318738  0.1052136 
12    0.8168371  0.2690240  0.5241879  0.1088881 
13    0.8549787  0.2680801  0.5341067  0.1025614 
14    0.8299394  0.2528616  0.5275745  0.1093363 
15    0.8378880  0.2560154  0.5401076  0.1248046 
16    0.8010065  0.2696981  0.5474676  0.1377983 
17    0.8373976  0.2703031  0.5643340  0.1123436 
18    0.8528601  0.2689224  0.5583892  0.1140835 
19    0.8893477  0.2784438  0.5715638  0.1287902 
20    0.9151117  0.2956065  0.6089768  0.1394446 
21    0.9646276  0.3056680  0.6437612  0.1384539 
22    0.9753894  0.3081919  0.6433195  0.1374838 
23    0.8990542  0.3016369  0.5765488  0.1569902 
24    0.8338851  0.2924820  0.5285581  0.1330433 
25    0.8553423  0.3033000  0.5226186  0.1257167 
26    0.8147780  0.2992896  0.4525107  0.1518832 
27    0.8864888  0.2956758  0.5009143  0.1531324 
28    0.8412392  0.3038110  0.5127542  0.1494149 
29    0.9096310  0.2969385  0.5649425  0.1507434 
30    0.9026584  0.3101504  0.5257480  0.1499001 
31    0.9384341  0.3031030  0.5433980  0.1360069 
32    0.9711332  0.3103107  0.5797110  0.1567251 
33    1.0093230  0.3152209  0.6056589  0.1518836 
34    1.0253962  0.3139631  0.6077864  0.1476205 
35    0.8891130  0.3085447  0.5760544  0.1538490 
36    0.9964519  0.3129685  0.5506840  0.1389983 
37    0.9240965  0.3088026  0.5537055  0.1584852 
38    0.9838624  0.3091763  0.5731720  0.1442697 
39    0.9967618  0.3279931  0.5838133  0.1464843 
40    1.0038124  0.3284292  0.6088230  0.1415802 
41    1.0637282  0.3137675  0.6418158  0.1398066 
42    1.1071728  0.3406880  0.6724604  0.1642156 
43    1.0831031  0.3309741  0.6643378  0.1678815 
44    1.0876235  0.3521218  0.6882694  0.1586957 
45    1.0031418  0.3284093  0.6371302  0.1690835 
46    0.9911818  0.3446858  0.6323152  0.1495457 
47    0.9925946  0.3154788  0.6483312  0.1558667 
48    1.0657521  0.3373098  0.6832554  0.1398315 
49    1.1379622  0.3351440  0.6911392  0.1479333 
50    1.0830169  0.3239575  0.6376225  0.1340955 
51    1.0704620  0.3369586  0.6936114  0.1379554 
52    1.0728750  0.3527829  0.6774122  0.1457855 
53    1.0543594  0.3444755  0.6941505  0.1428870 
54    1.0089167  0.3398485  0.6655075  0.1369721 
55    1.0248876  0.3535987  0.6685154  0.1299576 
56    1.0423321  0.3688432  0.6680257  0.1446410 
57    1.1303114  0.3591911  0.7010509  0.1444783 
58    1.1165051  0.3656375  0.7181438  0.1313711 
59    1.1406778  0.3757125  0.7235667  0.1404715 
60    1.0938549  0.3649719  0.7206553  0.1438991 
61    1.0725042  0.3649555  0.7286034  0.1349213 
62    1.1021050  0.3727100  0.7126622  0.1329662 
63    1.1803176  0.3610042  0.7615606  0.1245993 
64    1.1885043  0.3453345  0.7316405  0.1387995 
65    1.1756579  0.3523537  0.7143657  0.1297045 
66    1.1725885  0.3458979  0.7029805  0.1388527 
67    1.2525898  0.3532453  0.7369969  0.1470062 
68    1.2000344  0.3517611  0.6811416  0.1421126 
69    1.1137471  0.3504045  0.6475251  0.1450197 
70    1.1010410  0.3406076  0.6491437  0.1377637 
71    1.0724411  0.3478909  0.6257665  0.1459833 
72    1.0336896  0.3631558  0.6044232  0.1429038 
73    1.0834584  0.3484483  0.6451880  0.1182077 
74    1.1453818  0.3465284  0.6985346  0.1426138 
75    1.1610132  0.3652730  0.6958188  0.1284974 
76    1.1767766  0.3608001  0.7282323  0.1423064 
77    1.1224952  0.3507805  0.6993763  0.1367982 
78    1.1628884  0.3555971  0.7267763  0.1509216 
79    1.2552340  0.3619349  0.7811195  0.1302540 
80    1.1042687  0.3468449  0.7142690  0.1440486 
81    1.1060843  0.3791498  0.7272757  0.1575683 
82    1.0599431  0.3775514  0.7018133  0.1311620 
83    1.1262584  0.3614643  0.6940519  0.1392072 
84    1.0832866  0.3461972  0.6762984  0.1330393 
85    1.0748950  0.3678576  0.7100642  0.1371568 
86    1.0677626  0.3575441  0.7013052  0.1377298 
87    1.0327100  0.3678896  0.7001062  0.1394740 
88    1.0038766  0.3566189  0.6852213  0.1414552 
89    1.0817753  0.3625908  0.6702759  0.1350730 
90    1.0857115  0.3567814  0.7141085  0.1349997 
91    1.1639749  0.3652698  0.7519423  0.1461858 
92    1.2044115  0.3556924  0.7733173  0.1429085 
93    1.2032623  0.3640341  0.7272167  0.1514423 
94    1.1764693  0.3656827  0.7469479  0.1457274 
95    1.3036664  0.3799524  0.8381922  0.1859200 
96    1.2535973  0.3679802  0.8115126  0.1755281 
97    1.2400476  0.3710866  0.7853336  0.1864337 
98    1.2522682  0.3798631  0.8014076  0.1882262 
99    1.2204952  0.3590454  0.7919546  0.1668275 
100   1.2523656  0.3681748  0.8455309  0.1992388 
101   1.2754973  0.3616292  0.8027539  0.1679688 
102   1.1532981  0.3653470  0.7664468  0.1950598 
103   1.1590092  0.3606284  0.7782364  0.2032687 
104   1.1995324  0.3480153  0.7874931  0.1964328 
105   1.0919946  0.3605489  0.7522079  0.1827294 
106   1.0900288  0.3609289  0.7719188  0.1771318 
107   1.0832945  0.3558561  0.7349437  0.1663898 
108   1.0624791  0.3517170  0.6899825  0.1619062 
109   1.0785279  0.3658650  0.7023702  0.1900552 
110   1.1311390  0.3631854  0.7420373  0.1850374 
111   1.0858846  0.3666944  0.7321134  0.1830767 
112   1.0640193  0.3684876  0.7031990  0.1856686 
113   1.0288749  0.3784922  0.6835656  0.1753791 
114   1.0805057  0.3687249  0.7288988  0.1826906 
115   1.0500216  0.3705635  0.6774933  0.1906410 
116   0.9835023  0.3707269  0.6524591  0.1834935 
117   1.1200901  0.3620909  0.7422423  0.1892144 
118   1.1526655  0.3720165  0.7432602  0.1713108 
119   1.2558713  0.3752545  0.8310090  0.2018457 
120   1.2329313  0.3803028  0.7929169  0.1846411 
121   1.1979676  0.3766266  0.8191630  0.1949257 
122   1.1884876  0.3806437  0.8188424  0.1974954 
123   1.2306166  0.3908166  0.8565750  0.2394521 
124   1.1883436  0.3815138  0.8539143  0.2260417 
125   1.2433007  0.4011599  0.9144652  0.1998424 
126   1.2405863  0.3974199  0.8752828  0.1873550 
127   1.2711711  0.4006981  0.8646693  0.2333329 
128   1.1667875  0.3864887  0.7746344  0.2497108 
129   1.1672789  0.4013301  0.8048995  0.2547743 
130   1.2379094  0.3851933  0.8646047  0.2166994 
131   1.2121354  0.3975050  0.8211598  0.2259735 
132   1.1731312  0.3851661  0.7746367  0.2385559 
133   1.2432823  0.3956910  0.8680164  0.2321018 
134   1.1406887  0.3979374  0.7894819  0.2213345 
135   1.1467422  0.3945251  0.7738597  0.2174916 
136   1.2564431  0.3896993  0.8727485  0.2206389 
137   1.2122165  0.3891155  0.8314626  0.2112086 
138   1.2512339  0.3958721  0.8059089  0.2252957 
139   1.2337805  0.4045880  0.8317750  0.2254879 
140   1.1730602  0.4112266  0.7885782  0.2250658 
141   1.3083347  0.4010982  0.9307142  0.2335207 
142   1.2870851  0.3885140  0.9195140  0.2364402 
143   1.1980920  0.3956066  0.8562762  0.2158840 
144   1.2361500  0.3899256  0.8937781  0.1946600 
145   1.2425058  0.3905876  0.8349116  0.2388992 
146   1.2616470  0.3983204  0.8467779  0.2355513 
147   1.3265142  0.4027652  0.9372095  0.2458552 
148   1.3428179  0.4101916  0.9086528  0.2363798 
149   1.3211398  0.4119736  0.8546048  0.2304550 
150   1.2882293  0.4079864  0.8624849  0.2317106 
151   1.2158983  0.4070678  0.8259709  0.2372058 
152   1.2612636  0.4188285  0.8478909  0.2342414 
153   1.2868309  0.4243344  0.8699879  0.2508999 
154   1.2992886  0.4203970  0.8804250  0.2370905 
155   1.3735411  0.4135633  0.9508029  0.2321219 
156   1.3004611  0.4014499  0.8884482  0.2240991 
157   1.3175296  0.4062093  0.9380330  0.2368474 
158   1.3499252  0.4138704  0.9401306  0.2273616 
159   1.3860152  0.4064415  0.9292310  0.2239679 
160   1.3212210  0.4048848  0.9086306  0.2331002 
161   1.2971603  0.3961796  0.8710545  0.2205434 
162   1.2789963  0.3956630  0.8532437  0.2159005 
163   1.3109167  0.4176590  0.8849211  0.2396020 
164   1.2383392  0.4114029  0.8410413  0.2223816 
165   1.3036965  0.4000469  0.9079265  0.2242133 
166   1.2498666  0.4111097  0.9063495  0.2173975 
167   1.2655232  0.4196237  0.8929421  0.2358172 
168   1.2864048  0.4032895  0.9076350  0.2275446 
169   1.2149171  0.4044219  0.8406330  0.2375289 
170   1.2537860  0.4134354  0.8673980  0.2522478 
171   1.2403567  0.4281821  0.8984825  0.2504661 
172   1.3110230  0.4306976  0.9210178  0.2359184 
173   1.2016087  0.4145015  0.8838624  0.2406593 
174   1.1788018  0.4117416  0.8580115  0.2391301 
175   1.1925796  0.4162212  0.8792160  0.2384777 
176   1.2566667  0.4155191  0.9101327  0.2363846 
177   1.3021380  0.4178162  0.9438260  0.2333324 
178   1.3016603  0.4228008  0.9565365  0.2469573 
179   1.3137506  0.4353556  0.9768168  0.2294181 
180   1.2688854  0.4302333  0.9349887  0.2015642 
181   1.2937287  0.4284568  0.9210805  0.2386970 
182   1.2767321  0.4203340  0.9371032  0.2158220 
183   1.3054403  0.4323462  0.9175082  0.2281725 
184   1.3352021  0.4233634  0.9503019  0.2297281 
185   1.3809581  0.4316686  0.9678767  0.2407348 
186   1.3262191  0.4184456  0.9226078  0.2237403 
187   1.3272303  0.4234974  0.9536794  0.2395633 
188   1.3421243  0.4150951  0.9854557  0.2346183 
189   1.3344839  0.4205702  0.9745574  0.2216259 
190   1.3152466  0.4217188  0.9293916  0.2433773 
191   1.2920784  0.4082162  0.9222173  0.2159844 
192   1.2179236  0.4163780  0.8762224  0.2348210 
193   1.2221400  0.4098093  0.8739969  0.2292521 
194   1.2559521  0.4123043  0.8963318  0.2216465 
195   1.3103738  0.4025040  0.9089829  0.2247822 
196   1.3748838  0.4073580  0.9214585  0.2241053 
197   1.3734882  0.4063579  0.9261138  0.2321422 
198   1.4028807  0.4065684  0.9759294  0.2373067 
199   1.3904463  0.3977636  0.9660177  0.2301155 
200   1.4564509  0.4177301  1.0159589  0.2263831 
201   1.4519371  0.4194026  1.0094194  0.2366742 
202   1.4459982  0.4133208  0.9839049  0.2092484 
203   1.4942710  0.4147949  1.0790918  0.2110210 
204   1.4923030  0.4153811  1.0543065  0.2091966 
205   1.4032997  0.4160138  0.9834782  0.2098706 
206   1.4450692  0.4150749  1.0597663  0.2069378 
207   1.4879584  0.4129117  1.1020092  0.2044334 
208   1.4725130  0.4052193  1.0439537  0.2417480 
209   1.4581805  0.4035935  1.0457186  0.2162277 
210   1.4830408  0.4016668  1.0994750  0.2087035 
211   1.4638557  0.4100355  1.0584759  0.2193173 
212   1.4455866  0.4046513  1.0193955  0.2229395 
213   1.4531178  0.4086449  1.0033633  0.2094263 
214   1.3960940  0.4074963  0.9760613  0.2106971 
215   1.3704325  0.3973051  0.9795499  0.1992796 
216   1.3557160  0.4051056  0.9836476  0.2210279 
217   1.3358613  0.3963335  0.9791329  0.1901626 
218   1.3633779  0.3984803  0.9748485  0.2318600 
219   1.3613877  0.3890539  0.9446191  0.2285856 
220   1.3955338  0.3975106  0.9940411  0.2221185 
221   1.5464342  0.4120749  1.1049224  0.1961808 
222   1.4620562  0.4084689  1.0284905  0.2112927 
223   1.3867023  0.4110628  1.0056685  0.2117259 
224   1.3895899  0.4060919  0.9951595  0.2125715 
225   1.3308465  0.3923258  0.9627371  0.2259302 
226   1.2899052  0.4008284  0.9460886  0.2265001 
227   1.2801806  0.4114137  0.9783942  0.2116300 
228   1.3014235  0.4063395  0.9568345  0.2149216 
229   1.2771086  0.4064752  0.9414850  0.2144495 
230   1.2659006  0.3905563  0.9466211  0.1918812 
231   1.2534060  0.4116244  0.9091243  0.2073757 
232   1.2622268  0.4012719  0.9223328  0.2197026 
233   1.2805465  0.3948935  0.9067757  0.2112630 
234   1.2869953  0.3992867  0.9428114  0.2068210 
235   1.3774405  0.4128415  1.0041049  0.2140970 
236   1.3647901  0.4018225  0.9959401  0.2080483 
237   1.3763493  0.4015228  1.0305884  0.2116674 
238   1.3259547  0.4079061  0.9963511  0.2102369 
239   1.3189718  0.3989618  0.9647267  0.1950841 
240   1.3551849  0.4017359  0.9763463  0.1816047 
241   1.3372998  0.4008503  0.9318093  0.1833399 
242   1.3542849  0.3910766  0.9495125  0.1809266 
243   1.2514344  0.4095181  0.9053864  0.1877296 
244   1.2451416  0.3911384  0.8885366  0.1688792 
245   1.3099359  0.4025326  0.9561629  0.1822049 
246   1.3020331  0.4035898  0.9583716  0.1847545 
247   1.3157445  0.3987817  0.9315718  0.1755459 
248   1.2519876  0.3935832  0.9129289  0.1752667 
249   1.2581351  0.4076075  0.9187412  0.1917196 
250   1.3018504  0.3872893  0.9359511  0.1885384 
251   1.2997985  0.3995440  0.8998733  0.1989486 
252   1.2428839  0.4032978  0.9010938  0.2111039 
253   1.2499566  0.4147549  0.8781345  0.2103339 
254   1.2648512  0.4001569  0.9106239  0.1878663 
255   1.2916757  0.4113545  0.9164409  0.2010787 
256   1.2495812  0.4033642  0.8839171  0.2101890 
257   1.2317472  0.4035742  0.8878697  0.1941304 
258   1.3749783  0.4174188  0.9674069  0.1901933 
259   1.3801987  0.4152260  0.9294274  0.1807091 
260   1.4363550  0.4313277  1.0224881  0.2032526 
261   1.4676492  0.4287777  1.0230856  0.2164920 
262   1.4095931  0.4298809  1.0086443  0.2053302 
263   1.4219211  0.4310802  1.0225312  0.2125722 
264   1.4612868  0.4304719  1.0326110  0.2291873 
265   1.4345566  0.4260779  0.9995980  0.1978840 
266   1.3480054  0.4152032  0.9299384  0.2070126 
267   1.3402286  0.4255157  0.9231210  0.2026128 
268   1.3504832  0.4236062  0.9391287  0.2138583 
269   1.3332626  0.4259258  0.9218737  0.1937242 
270   1.2822781  0.4377324  0.8913238  0.2099651 
271   1.2845330  0.4490440  0.9362736  0.2099209 
272   1.2851496  0.4329748  0.9451000  0.2247725 
273   1.2634428  0.4461427  0.9233453  0.2255727 
274   1.2850330  0.4211700  0.9208415  0.2281436 
275   1.2761221  0.4285967  0.9199642  0.2081172 
276   1.2869910  0.4290754  0.9553906  0.1873493 
277   1.2603661  0.4346832  0.8900518  0.2207195 
278   1.3020017  0.4272154  0.8987217  0.2034747 
279   1.3843334  0.4260981  0.9602494  0.2132353 
280   1.3733588  0.4306060  0.9356188  0.2098382 
281   1.2646593  0.4368092  0.9054036  0.2043237 
282   1.2710317  0.4322068  0.8986492  0.2046244 
283   1.2755234  0.4399210  0.9111396  0.2205179 
284   1.3038017  0.4332463  0.9337861  0.2099300 
285   1.2766336  0.4372932  0.9410315  0.2003615 
286   1.3118155  0.4391941  0.9560741  0.2021261 
287   1.3508463  0.4324798  0.9976554  0.2014452 
288   1.3236365  0.4244153  0.9740110  0.1891312 
289   1.4216321  0.4267259  1.0150442  0.1963260 
290   1.3462369  0.4055961  0.9490385  0.1871643 
291   1.3210441  0.4242348  0.9332697  0.1773038 
292   1.3422791  0.4155550  0.9168580  0.1760854 
293   1.2661324  0.4215233  0.8823466  0.1837261 
294   1.2748414  0.4234850  0.8741202  0.1860108 
295   1.2570652  0.4195630  0.8667117  0.1754027 
296   1.2403539  0.4254069  0.8607752  0.1900941 
297   1.2256650  0.4255468  0.8771249  0.1834274 
298   1.2064692  0.4251122  0.9147628  0.2046546 
299   1.2716596  0.4188924  0.9192752  0.2104462 
300   1.2657789  0.4269841  0.8992021  0.1870676 
301   1.2751353  0.4245012  0.9152895  0.1997248 
302   1.1941533  0.4220629  0.8592018  0.1896056 
303   1.1750032  0.4358484  0.8371115  0.1888344 
304   1.1579412  0.4259240  0.8174392  0.1970574 
305   1.1863180  0.4266488  0.8509806  0.1996491 
306   1.2483605  0.4315067  0.9088112  0.1867970 
307   1.2207059  0.4298319  0.9094117  0.1915051 
308   1.2378492  0.4367762  0.9172162  0.2191603 
309   1.2261068  0.4252552  0.8781258  0.1889081 
310   1.2241544  0.4320926  0.9042466  0.1907827 
311   1.1997086  0.4264919  0.8826052  0.1923917 
312   1.2336473  0.4371141  0.8929140  0.1904954 
313   1.2113307  0.4374292  0.9007556  0.1917307 
314   1.2538396  0.4348134  0.9151499  0.1873467 
315   1.2124684  0.4356019  0.8686561  0.1916030 
316   1.2147307  0.4214035  0.8957832  0.1631073 
317   1.2663441  0.4373488  0.8952624  0.1791318 
318   1.2970173  0.4223305  0.9207036  0.1864113 
319   1.2957799  0.4480476  0.9301345  0.2065106 
320   1.2799484  0.4158117  0.9167091  0.1887384 
321   1.2704703  0.4298755  0.9085842  0.1826353 
322   1.3032569  0.4299006  0.9457585  0.1889559 
323   1.3133627  0.4194877  0.9482152  0.1740744 
324   1.2235054  0.4203221  0.8609088  0.1826840 
325   1.2299542  0.4432452  0.8947880  0.1776271 
326   1.1805528  0.4454680  0.8477652  0.1955939 
327   1.2497438  0.4404867  0.8765340  0.1847336 
328   1.3227623  0.4370564  0.9498005  0.1850695 
329   1.3675801  0.4328780  0.9827718  0.2047451 
330   1.3767710  0.4400300  0.9862122  0.2092542 
331   1.3743365  0.4488938  0.9362221  0.2082034 
332   1.3430408  0.4419364  0.9525058  0.2040157 
333   1.3373388  0.4612856  0.9580115  0.2091783 
334   1.2333782  0.4491049  0.8698357  0.2021374 
335   1.2941980  0.4378407  0.9215130  0.1909072 
336   1.3803277  0.4410948  0.9973845  0.2004820 
337   1.4102230  0.4518745  1.0036522  0.1922834 
338   1.3776356  0.4557736  0.9724625  0.2182737 
339   1.4447833  0.4552588  1.0099949  0.1849471 
340   1.4570489  0.4414982  1.0192060  0.1806042 
341   1.4184309  0.4437724  0.9818877  0.1853855 
342   1.4164215  0.4510050  0.9795083  0.2066479 
343   1.3824723  0.4718037  0.9638247  0.1851724 
344   1.3167640  0.4527028  0.8836562  0.1704901 
345   1.3950825  0.4459910  0.9663423  0.1839707 
346   1.4087650  0.4512046  0.9693526  0.1900329 
347   1.4026053  0.4398871  0.9849495  0.1889687 
348   1.3985593  0.4407188  0.9718003  0.1803256 
349   1.4350439  0.4506351  1.0236123  0.1800466 
350   1.4160041  0.4300097  1.0436904  0.1724293 
351   1.4533057  0.4467815  1.0203378  0.1392975 
352   1.4502647  0.4350602  1.0333160  0.1533498 
353   1.4179025  0.4297904  0.9988691  0.1507620 
354   1.4506084  0.4220524  1.0184042  0.1535896 
355   1.4335719  0.4121653  0.9784622  0.1485376 
356   1.4617542  0.4116093  1.0003828  0.1442107 
357   1.5493284  0.4161572  1.0380478  0.1488980 
358   1.4778014  0.4055439  0.9997108  0.1499472 
359   1.4660794  0.4027566  1.0168676  0.1628322 
360   1.3985256  0.4109294  0.9719015  0.1593317 
361   1.4823225  0.4236324  1.0448359  0.1600877 
362   1.5097847  0.4215057  1.0418974  0.1571406 
363   1.5468522  0.4187144  1.0840018  0.1666443 
364   1.5962380  0.3974748  1.1253051  0.1626605 
365   1.6195269  0.3992708  1.1209340  0.1544969 
366   1.6199211  0.4064861  1.1134787  0.1468912 
367   1.5794355  0.4152907  1.0819018  0.1647707 
368   1.5885806  0.4072786  1.0604393  0.1583838 
369   1.5657392  0.4157364  1.0272548  0.1735602 
370   1.6211089  0.4119375  1.0773810  0.1699859 
371   1.5968971  0.4173234  1.0610030  0.1699888 
372   1.4857653  0.4200949  1.0130475  0.1597168 
373   1.5687035  0.4026672  1.0584700  0.1619931 
374   1.5940061  0.4098237  1.0908812  0.1360162 
375   1.5789169  0.4156060  1.0631886  0.1838915 
376   1.5405298  0.4187015  1.0456749  0.1450983 
377   1.5944377  0.4116412  1.0927229  0.1295705 
378   1.6471940  0.4161189  1.0946238  0.1438815 
379   1.5790489  0.4051715  1.0632436  0.1420157 
380   1.4745954  0.3977597  1.0357609  0.1279067 
381   1.5494406  0.4135572  1.0367625  0.1402262 
382   1.6910686  0.4149742  1.1188456  0.1383466 
383   1.6197401  0.4047127  1.0689000  0.1405074 
384   1.6491483  0.4011249  1.1126242  0.1462614 
385   1.5650257  0.4079323  1.0477484  0.1614351 
386   1.5759051  0.4205812  1.0326198  0.1398170 
387   1.5808260  0.4053521  1.0745544  0.1536146 
388   1.6065189  0.4112537  1.0986663  0.1385939 
389   1.5085405  0.4232870  1.0298233  0.1460226 
390   1.5127786  0.4054062  1.0597364  0.1462030 
391   1.5130808  0.4184294  1.0597467  0.1437538 
392   1.5174423  0.4177938  1.0835046  0.1430439 
393   1.5723842  0.4064556  1.0686901  0.1551482 
394   1.6200578  0.4191124  1.1036233  0.1537350 
395   1.5468130  0.4083143  1.0753565  0.1558800 
396   1.6157283  0.4145264  1.1078922  0.1535155 
397   1.5598466  0.3928387  1.0701826  0.1432282 
398   1.5510172  0.4094688  1.0440601  0.1412786 
399   1.6198685  0.4132932  1.1146107  0.1405677 
400   1.6227658  0.4107849  1.1024663  0.1408641 
401   1.6043613  0.4084808  1.1044705  0.1497876 
402   1.5724223  0.4040455  1.1020186  0.1491641 
403   1.5909522  0.4209869  1.1036825  0.1563520 
404   1.6717663  0.4112268  1.1296736  0.1483295 
405   1.6845882  0.4122783  1.1266630  0.1510930 
406   1.7130762  0.4180076  1.1295475  0.1380031 
407   1.7408235  0.4208938  1.1509485  0.1354670 
408   1.7043070  0.4282256  1.1289330  0.1494419 
409   1.7571392  0.4254154  1.1441393  0.1527265 
410   1.7292888  0.4242308  1.1349988  0.1504413 
411   1.7306570  0.4113599  1.1337632  0.1490997 
412   1.7296340  0.4162430  1.1578909  0.1473676 
413   1.7980579  0.4232151  1.1763023  0.1435760 
414   1.7773384  0.4125938  1.1410453  0.1445787 
415   1.6984241  0.4265577  1.1075459  0.1493781 
416   1.7262446  0.4328388  1.1360260  0.1531225 
417   1.8043364  0.4301762  1.1887290  0.1334166 
418   1.7437856  0.4242056  1.1189035  0.1323030 
419   1.7445483  0.4286687  1.1610161  0.1239920 
420   1.7497600  0.4257310  1.1775794  0.1472469 
421   1.8277603  0.4339378  1.2088896  0.1492150 
422   1.8299457  0.4326586  1.1797732  0.1394232 
423   1.7767507  0.4402850  1.1644331  0.1396150 
424   1.6712639  0.4358940  1.1068778  0.1535457 
425   1.6895629  0.4314993  1.1478109  0.1569082 
426   1.6655012  0.4407530  1.1144618  0.1468637 
427   1.7029327  0.4359719  1.1799941  0.1360774 
428   1.6588917  0.4357840  1.1086529  0.1542846 
429   1.6947755  0.4320244  1.1195093  0.1524458 
430   1.6872410  0.4276958  1.1022811  0.1457157 
431   1.7211896  0.4332742  1.1326005  0.1511991 
432   1.6314657  0.4362462  1.0508293  0.1335892 
433   1.6118175  0.4291199  1.0718681  0.1478244 
434   1.7105035  0.4488711  1.1782017  0.1349770 
435   1.7579545  0.4285175  1.1367035  0.1447966 
436   1.7311429  0.4254582  1.1152380  0.1475057 
437   1.6375061  0.4113013  1.0878369  0.1547101 
438   1.5382177  0.4075785  1.0470642  0.1429494 
439   1.5172422  0.4138657  1.0321077  0.1575856 
440   1.6386106  0.4397513  1.0952277  0.1511452 
441   1.6118932  0.4132071  1.1064432  0.1518137 
442   1.5824754  0.4230739  1.1121584  0.1451862 
443   1.6658310  0.4378203  1.1433181  0.1415208 
444   1.7118088  0.4411342  1.1918883  0.1567679 
445   1.7719337  0.4273636  1.2137755  0.1460115 
446   1.7660159  0.4341732  1.1958139  0.1550778 
447   1.7900562  0.4442641  1.2399303  0.1511238 
448   1.7411288  0.4307418  1.2100995  0.1497714 
449   1.7159486  0.4285954  1.1932217  0.1546568 
450   1.7706479  0.4239073  1.2224230  0.1492228 
451   1.7973167  0.4283185  1.2466035  0.1512320 
452   1.7482729  0.4264855  1.1794914  0.1275784 
453   1.7439448  0.4321775  1.1840781  0.1389984 
454   1.6991228  0.4237895  1.1659794  0.1440232 
455   1.6730152  0.4293627  1.1719633  0.1431920 
456   1.6442505  0.4338197  1.1269397  0.1539954 
457   1.5705335  0.4366142  1.0888108  0.1493034 
458   1.6703860  0.4276502  1.1720086  0.1460989 
459   1.7720701  0.4266646  1.2416096  0.1368882 
460   1.6198852  0.4209135  1.1364148  0.1347696 
461   1.6514132  0.4276775  1.1861563  0.1641477 
462   1.6662403  0.4409845  1.1696461  0.1538693 
463   1.7334180  0.4421864  1.1878467  0.1559764 
464   1.7070166  0.4397370  1.1801995  0.1562044 
465   1.6697713  0.4396186  1.1796447  0.1450927 
466   1.6784279  0.4400470  1.1393960  0.1590299 
467   1.6518680  0.4325290  1.1134369  0.1561920 
468   1.6097143  0.4295451  1.1059107  0.1592597 
469   1.6051742  0.4370439  1.1162081  0.1498958 
470   1.5411012  0.4274913  1.0680941  0.1520628 
471   1.5178387  0.4195130  1.0457801  0.1769952 
472   1.4924525  0.4289932  1.0681324  0.1559544 
473   1.5090644  0.4340208  1.0840179  0.1598446 
474   1.6442057  0.4310625  1.1534792  0.1533349 
475   1.5493702  0.4243018  1.1008673  0.1462171 
476   1.5132474  0.4338975  1.0911810  0.1401262 
477   1.5336584  0.4248639  1.0969044  0.1522673 
478   1.4614595  0.4190899  1.0282257  0.1529637 
479   1.4594585  0.4244861  1.0263667  0.1599483 
480   1.5164415  0.4205619  1.0482880  0.1379944 
481   1.4718724  0.4179617  1.0468873  0.1321845 
482   1.4474999  0.4212998  1.0257118  0.1417483 
483   1.4423164  0.4142859  0.9920169  0.1478463 
484   1.4725614  0.4180738  1.0129012  0.1596577 
485   1.4830259  0.4093764  1.0181916  0.1453765 
486   1.4681187  0.4138560  1.0088555  0.1405839 
487   1.5162369  0.4105095  1.0451679  0.1486629 
488   1.6486696  0.4139937  1.1403626  0.1563053 
489   1.6878855  0.4178724  1.1683720  0.1475552 
490   1.6398419  0.4280846  1.1791559  0.1420073 
491   1.6315958  0.4395104  1.1711609  0.1439870 
492   1.6742984  0.4371277  1.1671342  0.1576725 
493   1.6411682  0.4304713  1.1516212  0.1468369 
494   1.6617637  0.4332438  1.1708729  0.1396651 
495   1.6698161  0.4318416  1.1611024  0.1349931 
496   1.6692467  0.4256497  1.1614574  0.1476092 
497   1.7782373  0.4363157  1.2434055  0.1301935 
498   1.7210408  0.4403998  1.2082460  0.1432164 
499   1.8191977  0.4353349  1.2546968  0.1392532 
500   1.8599217  0.4392413  1.2522180  0.1349802 
501   1.7563508  0.4404186  1.2073065  0.1502965 
502   1.7343448  0.4317258  1.2109519  0.1436076 
503   1.6891358  0.4380038  1.1973149  0.1333531 
504   1.6937525  0.4384049  1.2176440  0.1339191 
505   1.7013516  0.4388612  1.2040929  0.1295251 
506   1.7645071  0.4533614  1.2699950  0.1271027 
507   1.7974867  0.4470462  1.2758549  0.1570554 
508   1.6806378  0.4410377  1.2271667  0.1425735 
509   1.6234523  0.4425317  1.1700450  0.1409442 
510   1.6918546  0.4502104  1.2280607  0.1333814 
511   1.8481505  0.4464966  1.3372723  0.1310151 
512   1.8247793  0.4433922  1.2695150  0.1334906 
513   1.8667589  0.4387056  1.2829969  0.1254369 
514   1.8086593  0.4359965  1.2672441  0.1200387 
515   1.7929230  0.4413354  1.2456747  0.1168873 
516   1.8109056  0.4354365  1.2524934  0.1434088 
517   1.8423216  0.4348498  1.2694219  0.1289206 
518   1.8836687  0.4385831  1.3186381  0.1487455 
519   1.8547933  0.4390592  1.3089725  0.1471718 
520   1.7665502  0.4327627  1.2520294  0.1422105 
521   1.7833986  0.4313801  1.2287861  0.1564242 
522   1.7895122  0.4306981  1.2092379  0.1564130 
523   1.8542016  0.4247607  1.2436725  0.1615907 
524   1.9084406  0.4320566  1.3121986  0.1498078 
525   1.8861845  0.4346771  1.2965016  0.1506238 
526   1.9449581  0.4324281  1.3292897  0.1360032 
527   1.9923093  0.4294040  1.3281031  0.1347215 
528   1.8756913  0.4288136  1.3012586  0.1504761 
529   1.9204370  0.4298070  1.3506391  0.1632010 
530   1.9718205  0.4339748  1.3787512  0.1371891 
531   1.9699545  0.4372849  1.3335052  0.1492780 
532   1.9168842  0.4283705  1.3287189  0.1512023 
533   1.9018031  0.4348841  1.2939887  0.1483622 
534   1.9120406  0.4384624  1.3273447  0.1611255 
535   1.8795468  0.4313685  1.3171780  0.1384464 
536   1.8202000  0.4321212  1.2862021  0.1329198 
537   1.8758347  0.4276829  1.2949955  0.1330906 
538   1.8845564  0.4334447  1.3368635  0.1307106 
539   1.8628436  0.4305625  1.3349547  0.1339760 
540   1.8488607  0.4304991  1.3213607  0.1344874 
541   1.8202776  0.4244509  1.3196324  0.1318836 
542   1.7499584  0.4160998  1.2589935  0.1411874 
543   1.7580729  0.4138759  1.2467369  0.1278614 
544   1.7185096  0.4267159  1.2345712  0.1193372 
545   1.8052185  0.4250230  1.2867725  0.1297954 
546   1.7731204  0.4195576  1.2724766  0.1292011 
547   1.7950621  0.4328100  1.2791799  0.1291638 
548   1.8040118  0.4324050  1.2966574  0.1457918 
549   1.7935269  0.4194874  1.2509644  0.1388217 
550   1.7808707  0.4406467  1.2686522  0.1474543 
551   1.7430437  0.4266497  1.1907995  0.1260207 
552   1.7320974  0.4271583  1.2303489  0.1240646 
553   1.6959181  0.4122627  1.1585015  0.1242997 
554   1.7730578  0.4044325  1.2446053  0.1292252 
555   1.6904562  0.4099485  1.2100623  0.1583950 
556   1.6304020  0.4027709  1.1741611  0.1438707 
557   1.7329496  0.4177739  1.2038211  0.1397081 
558   1.6979971  0.4171657  1.1949124  0.1501908 
559   1.5885024  0.4111764  1.1544760  0.1471466 
560   1.7414235  0.4348547  1.2574974  0.1446740 
561   1.7952467  0.4296488  1.2872854  0.1455541 
562   1.6209518  0.4164794  1.1716772  0.1581555 
563   1.6252280  0.4158540  1.2052350  0.1447231 
564   1.6686283  0.4186723  1.2083182  0.1538542 
565   1.6339843  0.4172788  1.1195663  0.1550261 
566   1.5829456  0.4211735  1.1192964  0.1502708 
567   1.6022801  0.4190293  1.1121402  0.1538281 
568   1.5961175  0.4240100  1.1389295  0.1557374 
569   1.6128248  0.4182692  1.1169381  0.1549643 
570   1.6436869  0.4151573  1.1328641  0.1611688 
571   1.6878430  0.4159725  1.1861269  0.1619745 
572   1.6401197  0.4206880  1.1553348  0.1513023 
573   1.6823132  0.4313201  1.2036414  0.1449770 
574   1.6414242  0.4265276  1.1874956  0.1545809 
575   1.6183223  0.4344388  1.1264914  0.1581834 
576   1.6706848  0.4255328  1.1689068  0.1764977 
577   1.6156354  0.4257123  1.1258065  0.1721689 
578   1.7487212  0.4299201  1.2443700  0.1603438 
579   1.7840495  0.4130075  1.2612113  0.1628646 
580   1.7119162  0.4211220  1.2250103  0.1547551 
581   1.7449822  0.4307438  1.2645811  0.1766790 
582   1.7285528  0.4351876  1.2662045  0.1706064 
583   1.7084351  0.4313767  1.2397132  0.1681272 
584   1.6599078  0.4277759  1.1993903  0.1664144 
585   1.7047971  0.4315613  1.2220513  0.1621867 
586   1.6475128  0.4292149  1.1754171  0.1555934 
587   1.7059624  0.4335293  1.2320184  0.1609677 
588   1.7661445  0.4363439  1.2806224  0.1700715 
589   1.6423012  0.4330213  1.2157943  0.1519621 
590   1.6565157  0.4306196  1.1996286  0.1746677 
591   1.7331079  0.4321381  1.2652546  0.1692839 
592   1.7833058  0.4441972  1.3150797  0.1754397 
593   1.7777792  0.4316970  1.3316710  0.1592835 
594   1.7983757  0.4376043  1.3709288  0.1771704 
595   1.8238834  0.4393839  1.3538443  0.1970744 
596   1.7265888  0.4395157  1.2960148  0.1445989 
597   1.8183054  0.4377654  1.3579731  0.1765863 
598   1.7890310  0.4365788  1.3455336  0.1725376 
599   1.6705781  0.4244387  1.2367632  0.1871473 
600   1.6702425  0.4131586  1.2302850  0.1893259 
601   1.6754547  0.4134482  1.2209474  0.1929037 
602   1.7497332  0.4246301  1.2414036  0.1841599 
603   1.7366693  0.4465608  1.2621804  0.1788892 
604   1.7218218  0.4509690  1.2803893  0.2005660 
605   1.7824408  0.4374905  1.2837203  0.1732305 
606   1.7958175  0.4432857  1.3432150  0.1876140 
607   1.8278067  0.4464320  1.3992999  0.1927171 
608   1.7106470  0.4325204  1.2629240  0.1818137 
609   1.7986615  0.4383335  1.3445799  0.1747282 
610   1.7434272  0.4273424  1.2854438  0.1791335 
611   1.7975365  0.4349850  1.2890629  0.1933599 
612   1.7848594  0.4207590  1.2917389  0.1969090 
613   1.8521271  0.4472822  1.3393848  0.2003587 
614   1.8303086  0.4300452  1.3488638  0.1859708 
615   1.8762745  0.4437914  1.3511578  0.2024264 
616   1.8944710  0.4431343  1.3815228  0.1946180 
617   1.8176830  0.4547185  1.3438089  0.2051099 
618   1.7590177  0.4536432  1.2835547  0.1927294 
619   1.7355694  0.4396514  1.2524362  0.2076881 
620   1.8008715  0.4477091  1.3238350  0.1862906 
621   1.8213735  0.4578397  1.3136011  0.2019152 
622   1.9149294  0.4452397  1.3555164  0.2228292 
623   1.9249238  0.4652502  1.3544414  0.2161095 
624   1.8607591  0.4585187  1.3251704  0.2025087 
625   1.8566751  0.4344648  1.2785625  0.1984151 
626   1.8518387  0.4455658  1.2910066  0.2156511 
627   1.8997196  0.4588146  1.3592048  0.2118485 
628   1.9220794  0.4552881  1.3418683  0.2159307 
629   1.9202757  0.4579253  1.3564465  0.2044883 
630   1.8872648  0.4745414  1.3809941  0.2081657 
631   1.8664008  0.4532099  1.3314384  0.2052358 
632   1.8446542  0.4627360  1.3377231  0.2022274 
633   1.7926215  0.4683188  1.2893301  0.2029839 
634   1.8273940  0.4749088  1.2863871  0.2107665 
635   1.8006039  0.4636258  1.2621855  0.2132392 
636   1.7464851  0.4707878  1.2060533  0.2034057 
637   1.8042904  0.4709429  1.2588828  0.2180915 
638   1.8213763  0.4623736  1.2892169  0.2158183 
639   1.7817379  0.4770837  1.2607105  0.2125743 
640   1.8359714  0.4789308  1.3018538  0.2007775 
641   1.7857311  0.4799278  1.2931081  0.2103603 
642   1.7569945  0.4498847  1.2446523  0.2139850 
643   1.7454258  0.4573727  1.2452623  0.2042086 
644   1.8307062  0.4650151  1.3173714  0.2094999 
645   1.8418152  0.4404360  1.3308980  0.1965889 
646   1.7503046  0.4440392  1.2993698  0.2138477 
647   1.7742978  0.4501839  1.2849641  0.2174047 
648   1.8655262  0.4646334  1.3415391  0.2045690 
649   1.8278042  0.4618454  1.3122516  0.2191540 
650   1.7815797  0.4678292  1.2965711  0.2183174 
651   1.8387462  0.4732498  1.3143963  0.2191654 
652   1.8062119  0.4802777  1.3029126  0.1983170 
653   1.8508098  0.4828100  1.2882525  0.2249349 
654   1.8730239  0.4783899  1.2812605  0.1847297 
655   1.8108320  0.4764109  1.2977579  0.2053951 
656   1.7854328  0.4747830  1.2953357  0.2305576 
657   1.8219266  0.4766643  1.3544418  0.2104891 
658   1.7976006  0.4726031  1.3123006  0.2206367 
659   1.8100923  0.4929453  1.3216667  0.2302669 
660   1.7937850  0.4705967  1.3304237  0.2162841 
661   1.7600492  0.4684984  1.3202273  0.2060406 
662   1.7990527  0.4737242  1.3573936  0.2122009 
663   1.7706128  0.4667563  1.3205343  0.2075187 
664   1.7412273  0.4672527  1.2639298  0.2152376 
665   1.7174734  0.4714349  1.2735977  0.1973680 
666   1.7534719  0.4796987  1.2881347  0.2269752 
667   1.7867050  0.4729569  1.2827673  0.2229894 
668   1.7907648  0.4713525  1.2772254  0.2187003 
669   1.8428897  0.4825740  1.3542339  0.2135073 
670   1.7727367  0.4764893  1.2802454  0.2096812 
671   1.7950617  0.4794913  1.3298147  0.2002662 
672   1.8705453  0.4950480  1.3374454  0.1957475 
673   1.7978541  0.4936033  1.3185594  0.2099812 
674   1.8732725  0.4760065  1.3394606  0.2209225 
675   1.8764457  0.4856875  1.3358598  0.2078297 
676   1.8457141  0.4826180  1.3138769  0.2095775 
677   1.8241172  0.4731675  1.2701739  0.2113785 
678   1.8498108  0.4704469  1.3102777  0.2263284 
679   1.9313762  0.4752902  1.3450983  0.1993221 
680   1.8940053  0.4725485  1.3236116  0.2121732 
681   1.9679635  0.4693050  1.3800957  0.2239906 
682   1.9481889  0.4658401  1.3489511  0.2123637 
683   1.9424927  0.4696127  1.3161230  0.2131737 
684   1.9502087  0.4539687  1.3377345  0.2004428 
685   1.9483869  0.4659718  1.3593550  0.2114792 
686   1.8292589  0.4592761  1.2751684  0.2134062 
687   1.8274251  0.4645330  1.2658685  0.1968556 
688   1.7394626  0.4650615  1.2017463  0.2162317 
689   1.7538677  0.4512661  1.2475134  0.2074954 
690   1.8369870  0.4692390  1.2806745  0.2225753 
691   1.8352449  0.4746626  1.2874645  0.2213406 
692   1.7471317  0.4700428  1.2343810  0.2191749 
693   1.7147768  0.5088118  1.2400758  0.2073966 
694   1.7413061  0.4916739  1.2312114  0.2443267 
695   1.7173381  0.4775323  1.2561281  0.2330587 
696   1.7190492  0.4716115  1.2221354  0.2398996 
697   1.8482891  0.4693432  1.3242277  0.2260110 
698   1.8165898  0.4720145  1.2745339  0.2196949 
699   1.7801548  0.4908000  1.2623686  0.2364393 
700   1.7141588  0.4820944  1.2135359  0.2258230 
701   1.7491851  0.4875392  1.2304536  0.2010387 
702   1.7007658  0.4890979  1.1896261  0.2233168 
703   1.8198833  0.5017716  1.3073187  0.2245195 
704   1.8025903  0.4942271  1.2843816  0.2224345 
705   1.7172774  0.5132591  1.2050567  0.2249281 
706   1.8497899  0.5003543  1.3353648  0.2449003 
707   1.8779314  0.5047583  1.3275301  0.2318327 
708   1.9068806  0.5088051  1.3511649  0.2278216 
709   1.8766643  0.5007215  1.3259505  0.2264385 
710   1.8382442  0.4899717  1.3021562  0.2313574 
711   1.8620404  0.4918589  1.3037114  0.2506615 
712   1.8546338  0.4780054  1.3081813  0.2123271 
713   1.8366184  0.4761043  1.2828369  0.2244017 
714   1.7642508  0.4687415  1.2470062  0.2388418 
715   1.8391341  0.4950360  1.3160474  0.2387051 
716   1.7791753  0.4929928  1.2934842  0.2614368 
717   1.8145924  0.4842298  1.2709299  0.2542897 
718   1.8243835  0.4794238  1.2750989  0.2212800 
719   1.8840200  0.5018988  1.3677943  0.2318247 
720   1.8851087  0.4987895  1.3803742  0.2212201 
721   1.8984576  0.5123007  1.3431047  0.2353230 
722   1.9376322  0.4852985  1.3633935  0.2150155 
723   1.9120018  0.4989128  1.3201516  0.1988293 
724   1.9338601  0.4942533  1.3253365  0.2131046 
725   1.9422152  0.4909844  1.3182917  0.2279666 
726   1.9485335  0.4835501  1.3066022  0.2305264 
727   1.9159613  0.4590867  1.2786063  0.2219676 
728   1.8649256  0.4697611  1.2584902  0.2242081 
729   1.8762115  0.4819155  1.3015589  0.2156076 
730   1.8554890  0.4819040  1.2869456  0.2215924 
731   1.8051510  0.4731138  1.2326844  0.2170232 
732   1.8804371  0.5031209  1.2872379  0.2261199 
733   1.9070592  0.4786552  1.3106430  0.2095357 
734   1.8829100  0.5025136  1.2860126  0.2063240 
735   1.9023362  0.5144749  1.3069797  0.2116980 
736   1.8809726  0.5108628  1.3167604  0.2010238 
737   1.8484499  0.5117803  1.3210502  0.2310381 
738   1.8667855  0.5071358  1.3106670  0.2143732 
739   1.8568214  0.5096302  1.3038836  0.2126317 
740   1.9257835  0.5022417  1.3735991  0.2167652 
741   1.9145954  0.4867576  1.3380988  0.2294744 
742   1.9370830  0.4846054  1.3472319  0.2186549 
743   1.9385074  0.4889700  1.3490747  0.2182073 
744   1.9402937  0.5018340  1.3998702  0.2158077 
745   1.8593389  0.5016473  1.3628521  0.2148657 
746   1.8582002  0.4990722  1.3621917  0.2106613 
747   1.9208746  0.4961934  1.3808721  0.2277118 
748   1.8676337  0.4988286  1.3169199  0.2263288 
749   1.8166138  0.4910981  1.2493702  0.2056540 
750   1.8578247  0.4925156  1.2599227  0.2336154 
751   1.8736521  0.4905287  1.2411170  0.2242400 
752   1.8598720  0.4930885  1.2680436  0.2246946 
753   1.8702804  0.5043014  1.2767276  0.2191075 
754   1.8291465  0.4990552  1.2565902  0.2062252 
755   1.8685560  0.4990575  1.3165724  0.2287251 
756   1.8253636  0.5015823  1.3001232  0.2279081 
757   1.8533330  0.5018147  1.3011700  0.2244595 
758   1.8264922  0.5092210  1.2899024  0.2364504 
759   1.8500105  0.5017440  1.2968051  0.2350462 
760   1.7843826  0.5125128  1.2481409  0.2387390 
761   1.7831247  0.5072470  1.2520124  0.2393486 
762   1.8788083  0.5000352  1.2848220  0.2417482 
763   1.9250991  0.5055276  1.3191961  0.2351774 
764   1.9675422  0.5138583  1.3754385  0.2380376 
765   1.9086609  0.5161784  1.3211538  0.2346461 
766   1.9547752  0.5095150  1.3473736  0.2305021 
767   1.9212918  0.4902202  1.3679321  0.2227106 
768   1.8505589  0.4909579  1.2957237  0.2291907 
769   1.8076814  0.4952330  1.2791648  0.2193799 
770   1.8144213  0.4978907  1.2809916  0.2100808 
771   1.8298640  0.4957887  1.3131623  0.2219151 
772   1.7812285  0.5067902  1.2915905  0.2221631 
773   1.7947074  0.4959598  1.2891221  0.2177060 
774   1.8359729  0.5012144  1.3173441  0.2277923 
775   1.7636514  0.4981245  1.2930654  0.2210685 
776   1.8252959  0.4844503  1.3341304  0.2253775 
777   1.7976297  0.4941864  1.3059162  0.2117300 
778   1.8115044  0.5016008  1.3337963  0.2361067 
779   1.7688559  0.4884199  1.2741176  0.2244020 
780   1.7904979  0.4952034  1.2793901  0.2229715 
