#time, global, repeatA-F, pore, tm38
0     0.0000029  0.0000030  0.0000028  0.0000023 
1     0.2991753  0.1487937  0.2098935  0.0931539 
2     0.4293815  0.1849146  0.2750884  0.1420252 
3     0.5130975  0.2289293  0.3759798  0.1381948 
4     0.5206217  0.2875774  0.3762344  0.1487679 
5     0.5760625  0.2746292  0.3898215  0.1703289 
6     0.5536562  0.3251619  0.3884502  0.2050621 
7     0.5998792  0.3167305  0.3990979  0.1767349 
8     0.6421718  0.3211285  0.4474729  0.2126091 
9     0.6350701  0.3365904  0.4303847  0.1910858 
10    0.7348105  0.3738303  0.4459406  0.2035755 
11    0.7518721  0.4004119  0.4561154  0.2071237 
12    0.8450701  0.3913934  0.5088639  0.2004002 
13    0.8462494  0.3794490  0.5319951  0.1840067 
14    0.8239894  0.3667033  0.5023123  0.1856115 
15    0.7629654  0.3707120  0.4717308  0.1832257 
16    0.7637789  0.3890724  0.4706777  0.2126043 
17    0.8275531  0.3929849  0.4806332  0.1930584 
18    0.8663782  0.3908582  0.5518160  0.2238363 
19    0.8281443  0.3859484  0.5203353  0.2183611 
20    0.8700289  0.3934413  0.5444899  0.1959452 
21    0.8607169  0.3851526  0.5235369  0.2097671 
22    0.8753319  0.3754195  0.5630943  0.1914049 
23    0.8740392  0.3819603  0.5623137  0.1855621 
24    0.8750254  0.3769174  0.5603662  0.1931138 
25    0.8985807  0.3784401  0.5842511  0.2090749 
26    0.9161285  0.3789402  0.6168247  0.2221350 
27    0.9241213  0.3885716  0.6457581  0.1995247 
28    0.9374952  0.3991768  0.6278512  0.2226307 
29    0.8879552  0.3742648  0.5782886  0.2163793 
30    0.9847329  0.3980095  0.6045086  0.2039108 
31    0.9672145  0.4012055  0.5664348  0.2128781 
32    1.0396190  0.3877058  0.5795608  0.2023328 
33    0.9918876  0.4068780  0.6067532  0.2170255 
34    0.9714258  0.4008856  0.6074212  0.2008479 
35    0.9787181  0.3908252  0.6374473  0.2044579 
36    0.9365518  0.3821078  0.6307619  0.1860204 
37    0.9699101  0.3965836  0.6488356  0.2082930 
38    0.9951167  0.4304653  0.6660742  0.2150417 
39    1.0374657  0.4303430  0.7065917  0.2333841 
40    1.0431753  0.4079098  0.7294960  0.2028354 
41    1.0480446  0.3883839  0.7439709  0.2000079 
42    1.0619568  0.4376639  0.7309591  0.2119577 
43    1.0938822  0.4224877  0.8043873  0.1979766 
44    1.0826000  0.4414914  0.7954208  0.1811553 
45    1.1036963  0.4122065  0.8080509  0.1744141 
46    1.1262195  0.4376331  0.7994197  0.1856707 
47    1.0761483  0.4212022  0.7610471  0.1805178 
48    1.1863590  0.4208828  0.8625906  0.1996932 
49    1.2724957  0.4103118  0.9039019  0.1939884 
50    1.2433026  0.4184621  0.8777340  0.1875941 
51    1.2749819  0.4077855  0.9276541  0.2105702 
52    1.2251228  0.4178295  0.9017709  0.2022272 
53    1.2362821  0.4178612  0.8557310  0.2107024 
54    1.2514453  0.4103531  0.8735238  0.1781398 
55    1.2104328  0.4145303  0.8526023  0.2006558 
56    1.2702432  0.4277903  0.8369658  0.2032976 
57    1.2757101  0.4263535  0.9089729  0.1912640 
58    1.2800591  0.4149400  0.9283485  0.1964836 
59    1.3443749  0.4199882  0.9591170  0.1930055 
60    1.3631574  0.4146687  0.9869378  0.1837833 
61    1.2727184  0.4097700  0.9096805  0.2221911 
62    1.2224779  0.4347894  0.8696629  0.1848702 
63    1.1772028  0.4297478  0.8228320  0.1851845 
64    1.1871723  0.4483215  0.8400745  0.1865506 
65    1.2484063  0.4309350  0.8562682  0.1824872 
66    1.2861567  0.4170792  0.8513615  0.1924011 
67    1.2443291  0.4201793  0.8444371  0.1996484 
68    1.2690783  0.4160699  0.8948711  0.1962942 
69    1.3240211  0.4238920  0.9011080  0.2117400 
70    1.3429213  0.4190893  0.9263934  0.2063124 
71    1.2289581  0.4445590  0.8234683  0.2033755 
72    1.1800009  0.4326237  0.8326650  0.2050053 
73    1.1626266  0.4194062  0.8368569  0.2145519 
74    1.1794747  0.4280625  0.8757179  0.1934757 
75    1.2024345  0.4005174  0.8906530  0.1894511 
76    1.2214224  0.4036428  0.8916984  0.1896676 
77    1.2873493  0.4123542  0.9589482  0.2048957 
78    1.2206066  0.4148191  0.9021879  0.2026141 
79    1.3209081  0.3988604  0.9657606  0.1966142 
80    1.2996655  0.4124263  0.9486488  0.2031937 
81    1.2821423  0.4246569  0.8958449  0.2166556 
82    1.2975844  0.4261506  0.9038533  0.2178947 
83    1.3269961  0.4243480  0.9249828  0.2226940 
84    1.2573966  0.4370864  0.8856459  0.2237520 
85    1.2816496  0.4214103  0.8841769  0.2217266 
86    1.3405050  0.4275296  0.9507841  0.2580004 
87    1.4334470  0.4365544  1.0131707  0.2344987 
88    1.4465841  0.4190766  1.0352238  0.2092878 
89    1.4192547  0.4245786  1.0076747  0.2066525 
90    1.4521911  0.4324455  1.0241849  0.1999237 
91    1.4782064  0.4163480  1.0146928  0.2051125 
92    1.4804622  0.4360213  1.0419370  0.1995033 
93    1.4760007  0.4203414  1.0213995  0.1795202 
94    1.4660777  0.4085920  0.9805943  0.1907880 
95    1.4007922  0.4306616  0.9282934  0.1869611 
96    1.4443034  0.4215730  0.9509774  0.1877977 
97    1.4621412  0.4195491  0.9693227  0.1782244 
98    1.4878205  0.4135749  1.0409013  0.1676699 
99    1.5283324  0.4188839  1.0226139  0.1875431 
100   1.4932123  0.4218343  1.0013500  0.1755882 
101   1.5372233  0.4112449  1.0130198  0.1947091 
102   1.4563711  0.4401169  0.9616581  0.1986433 
103   1.5020691  0.4237075  0.9231728  0.1969901 
104   1.5757551  0.4390074  1.0193114  0.1809729 
105   1.4823921  0.4380940  0.9761764  0.1657160 
106   1.4879866  0.4446803  0.9638025  0.1966798 
107   1.3979372  0.4201252  0.9027269  0.1742077 
108   1.3882273  0.4310244  0.8893515  0.1945736 
109   1.4587795  0.4277392  0.9602962  0.1937359 
110   1.4577636  0.4251968  0.9632973  0.1737707 
111   1.3798567  0.4222957  0.9220650  0.1955562 
112   1.4089752  0.4390342  0.9368019  0.1962717 
113   1.4470090  0.4375696  0.9370981  0.1873913 
114   1.5014999  0.4194792  0.9784619  0.1793422 
115   1.5317867  0.4144839  1.0183265  0.2095166 
116   1.5227774  0.4190237  1.0116956  0.2022481 
117   1.5410877  0.4084976  1.0126301  0.1822886 
118   1.5679636  0.3935018  1.0126178  0.2023472 
119   1.5654147  0.4087625  1.0052496  0.2235195 
120   1.5406783  0.4240267  1.0045210  0.2355325 
121   1.5520818  0.4271306  1.0083822  0.2281262 
122   1.6596699  0.4174015  1.0907075  0.2209535 
123   1.7153696  0.4134049  1.1440430  0.1979987 
124   1.6394490  0.4353708  1.0692240  0.2290993 
125   1.6007849  0.4219935  1.0347966  0.2173323 
126   1.5577903  0.4227303  1.0287206  0.2088410 
127   1.6231564  0.4334005  1.0331862  0.2094864 
128   1.5748092  0.4268336  0.9886807  0.2237320 
129   1.6340618  0.4175095  1.0353061  0.2104481 
130   1.6303402  0.4157166  1.0009185  0.2215359 
131   1.7224466  0.4220665  1.0869186  0.2348586 
132   1.7965697  0.4283487  1.1270171  0.2408857 
133   1.7597654  0.4262162  1.0509081  0.2562753 
134   1.7793329  0.4324555  1.0402877  0.2333104 
135   1.7677130  0.4106621  1.0770721  0.2470087 
136   1.7843702  0.4489649  1.0831943  0.2458829 
137   1.7435200  0.4297722  1.0171330  0.2149230 
138   1.7051295  0.4148093  1.0176778  0.2185828 
139   1.7862138  0.4490415  1.0648277  0.2166586 
140   1.8196204  0.4328214  1.0513921  0.2119433 
141   1.8415586  0.4274357  1.0924757  0.2252826 
142   1.7987760  0.4468536  1.0727075  0.2229952 
143   1.7720212  0.4351692  1.0591607  0.2254806 
144   1.8154145  0.4512672  1.1002678  0.2173843 
145   1.8700379  0.4414757  1.0947267  0.2365303 
146   1.7097617  0.4428214  1.0166686  0.2410928 
147   1.7575358  0.4693635  1.0788378  0.2201463 
148   1.7493348  0.4770862  1.0325224  0.2204701 
149   1.7565573  0.4927845  1.0685688  0.2471680 
150   1.7839618  0.4853025  1.0594893  0.2365779 
151   1.7236667  0.4344330  1.0160496  0.2373084 
152   1.7545246  0.4490407  1.0812272  0.2334890 
153   1.6751119  0.4489382  1.0227956  0.2429340 
154   1.8022740  0.4454004  1.0695997  0.2276075 
155   1.7522895  0.4394507  1.0569388  0.2443490 
156   1.7880268  0.4399819  1.0949285  0.2448950 
157   1.8271432  0.4339507  1.1397849  0.2267882 
158   1.8324881  0.4497614  1.1627402  0.2409172 
159   1.8300140  0.4414321  1.1638722  0.2367864 
160   1.7537177  0.4324281  1.0495394  0.2367912 
161   1.7213597  0.4230266  1.0176761  0.2379378 
162   1.8057507  0.4294590  1.0827737  0.2419247 
163   1.8604763  0.4273529  1.1292195  0.2501043 
164   1.8393239  0.4334761  1.0973638  0.2801709 
165   1.8880471  0.4370447  1.1298807  0.2332725 
166   1.9171025  0.4422808  1.1185269  0.2048671 
167   1.8916380  0.4534376  1.1151036  0.2292182 
168   1.9657916  0.4360500  1.1302309  0.2114429 
169   1.9406689  0.4254003  1.1588464  0.2315314 
170   1.9103043  0.4311151  1.1183767  0.2287968 
171   2.0134122  0.4362886  1.1496092  0.2321760 
172   1.9705315  0.4303439  1.1415471  0.2210125 
173   1.9279778  0.4476379  1.1830517  0.2353778 
174   1.8251256  0.4410054  1.1385806  0.2214753 
175   2.0045743  0.4614051  1.2796468  0.2282372 
176   1.9741727  0.4612499  1.1985866  0.2503234 
177   1.9501718  0.4365460  1.1580330  0.2567790 
178   1.9634322  0.4374714  1.1847471  0.2386318 
179   2.0057244  0.4400596  1.2111068  0.2291603 
180   2.0312264  0.4584211  1.2512107  0.2397563 
181   2.0465443  0.4621718  1.2590039  0.2239119 
182   2.0696580  0.4556873  1.3150622  0.2339133 
183   2.0202844  0.4629423  1.3038534  0.2197059 
184   2.0245638  0.4974082  1.2316287  0.2199547 
185   2.0966415  0.4644521  1.2941779  0.2372833 
186   2.0233386  0.4689071  1.2379611  0.2188150 
187   2.0014384  0.4938723  1.2378075  0.2234593 
188   2.0525882  0.4961635  1.2566298  0.2328019 
189   2.0904231  0.4818971  1.2788249  0.2376710 
190   2.0039084  0.4839476  1.2185912  0.2131462 
191   1.9789418  0.4784317  1.1819052  0.1880442 
192   1.9600556  0.5103782  1.1531402  0.2087737 
193   1.9398086  0.4610086  1.1777015  0.1954097 
194   1.9968293  0.5009733  1.2411766  0.2038212 
195   2.0479724  0.4924487  1.2615066  0.2315824 
196   1.9607168  0.4925731  1.1813134  0.2170939 
197   1.9229001  0.4657480  1.1068242  0.2187971 
198   1.8916132  0.4718315  1.1192336  0.2015587 
199   1.9351197  0.4743119  1.1841542  0.2024744 
200   1.8808831  0.4759980  1.1676675  0.2272492 
201   1.8735906  0.4760037  1.1763828  0.2564809 
202   1.8318496  0.4742210  1.1518561  0.2451476 
203   1.9070922  0.4768924  1.2266700  0.2506171 
204   1.8573462  0.4924653  1.1768081  0.2496478 
205   1.9058853  0.4842777  1.1952864  0.2447017 
206   1.9504240  0.4826708  1.1963357  0.2228002 
207   1.9395919  0.4814190  1.2808228  0.2316353 
208   1.9200959  0.4960332  1.2559625  0.2474529 
209   1.8871239  0.4954797  1.2236679  0.2189281 
210   1.8962299  0.4797815  1.2057452  0.2444854 
211   1.8600274  0.5193936  1.1633432  0.2581134 
212   1.8722352  0.5565474  1.1701704  0.2247146 
213   1.8606660  0.5337322  1.1596844  0.2437598 
214   1.9206392  0.5332206  1.1792040  0.2312841 
215   1.9598773  0.5045187  1.2033982  0.2382549 
216   1.9618161  0.5209238  1.2474468  0.2217693 
217   1.9854965  0.5252479  1.2863953  0.2198884 
218   2.0169647  0.4997596  1.2737769  0.2281964 
219   1.9401997  0.5019925  1.2529628  0.2410155 
220   1.9933170  0.4904462  1.2728117  0.2354863 
221   2.0684664  0.5308267  1.3598948  0.2317767 
222   2.0870371  0.5252683  1.3799530  0.2393643 
223   2.1155784  0.5327285  1.4350036  0.2681102 
224   2.0066583  0.4911660  1.2849944  0.2353893 
225   2.0642297  0.4912648  1.3413105  0.2417686 
226   2.0308685  0.5167610  1.3066132  0.2205948 
227   1.9991571  0.4856221  1.2342542  0.2510496 
228   2.1059220  0.4748241  1.2940823  0.2366470 
229   2.0507421  0.4887649  1.2568855  0.2376758 
230   2.1333067  0.4963172  1.2898687  0.2444984 
231   2.1652434  0.4925974  1.3354760  0.2297855 
232   2.0855930  0.5126616  1.3019621  0.2527586 
233   2.0889654  0.5129560  1.3419008  0.2427984 
234   2.0424435  0.4922947  1.2789325  0.2387399 
235   2.0876801  0.4930650  1.3278651  0.2254495 
236   2.1640174  0.4722238  1.4018613  0.2546334 
237   2.0769556  0.5023921  1.3672671  0.2543387 
238   2.0789976  0.5075388  1.3034784  0.2520773 
239   2.1559401  0.5061625  1.3309916  0.2430309 
240   2.0149519  0.5073232  1.2651062  0.2453549 
241   2.0276985  0.5096412  1.2386905  0.2478136 
242   1.9933800  0.5213929  1.2477081  0.2471988 
243   1.9905626  0.5515134  1.2413205  0.2420972 
244   2.0137827  0.5393518  1.2373831  0.2424068 
245   1.9535995  0.5372058  1.2023973  0.2405351 
246   1.9338930  0.5309419  1.1869783  0.2321967 
247   2.0407903  0.5179961  1.2399845  0.2363823 
248   2.1378543  0.5335238  1.3237211  0.2241987 
249   2.0406799  0.5318852  1.2855419  0.2425688 
250   2.0451140  0.5244147  1.2901821  0.2364753 
251   1.9480902  0.5173641  1.1961305  0.2443117 
252   1.9161220  0.5152263  1.2128488  0.2506283 
253   1.9358273  0.4950411  1.1707270  0.2335435 
254   1.9523876  0.5182942  1.1793997  0.2619941 
255   1.8875128  0.5190384  1.1373545  0.2262914 
256   1.9408337  0.5240016  1.1241494  0.2165360 
257   2.0517595  0.5109716  1.1812530  0.2201885 
258   1.9066532  0.5045745  1.0878551  0.2273170 
259   1.9710226  0.5274652  1.1779451  0.2044513 
260   1.9854305  0.5257421  1.1786360  0.2350004 
261   2.0250409  0.5476012  1.2223305  0.2382841 
262   1.9434730  0.5354182  1.1209253  0.2709030 
263   1.9499749  0.5141181  1.1354789  0.2435873 
264   1.9188436  0.5290363  1.0956843  0.2369870 
265   2.0317121  0.5041718  1.1569382  0.2349454 
266   2.1280017  0.5112083  1.1940284  0.2488972 
267   2.1261048  0.5035896  1.1541288  0.2310725 
268   2.1090021  0.5099520  1.2006981  0.2558569 
269   2.2329905  0.5268322  1.2906917  0.2434862 
270   2.1458035  0.5295320  1.2079473  0.2395927 
271   2.1546645  0.5237214  1.1701816  0.2329182 
272   2.0410330  0.5189764  1.1578277  0.2351566 
273   2.1188762  0.4923955  1.1907917  0.2306957 
274   2.0518019  0.5101417  1.1411911  0.2386870 
275   2.0662966  0.5376374  1.1208360  0.2440712 
276   2.1193516  0.5162940  1.1419654  0.2402824 
277   2.0833607  0.5282357  1.1374609  0.2459603 
278   2.0570405  0.5260997  1.1397741  0.2534446 
279   2.0339272  0.5551093  1.1289821  0.2462752 
280   1.9983902  0.5504336  1.0934701  0.2464902 
281   1.9963603  0.5464619  1.0900838  0.2510437 
282   1.9945551  0.5510980  1.1491771  0.2636503 
283   1.9540612  0.5211460  1.1175171  0.2449090 
284   2.0183659  0.5298946  1.1610500  0.2490544 
285   2.0821536  0.5479927  1.1896706  0.2420971 
286   2.0145242  0.5642190  1.1261266  0.2403319 
287   1.9329706  0.5567498  1.0945176  0.2552027 
288   2.0388687  0.5744343  1.1515895  0.2717766 
289   1.9780341  0.5821433  1.1392403  0.2537301 
290   1.9847749  0.5978747  1.1684046  0.2469269 
291   2.0428281  0.5765566  1.2006869  0.2556868 
292   2.0144680  0.6048320  1.1575706  0.2191856 
293   2.0702040  0.5821458  1.1581820  0.2312026 
294   2.0878160  0.6192138  1.1360180  0.2378256 
295   2.0121937  0.6263675  1.1257559  0.2509757 
296   2.0513036  0.6359594  1.1491185  0.2571020 
297   2.1154218  0.5918642  1.1377770  0.2508468 
298   2.0813527  0.6060782  1.1113882  0.2560550 
299   2.0680597  0.6045042  1.1417154  0.2600214 
300   2.0926533  0.5857804  1.1474172  0.2509145 
301   2.1300313  0.5749167  1.1561477  0.2522613 
302   2.0953839  0.5716604  1.1532997  0.2398078 
303   2.0459735  0.5807335  1.1487905  0.2445621 
304   2.0911241  0.5753596  1.1504810  0.2512202 
305   2.0831223  0.5535437  1.1138004  0.2574366 
306   2.1095810  0.5894174  1.1511861  0.2378676 
307   2.0885100  0.5984142  1.1380589  0.2831900 
308   2.0485504  0.6168414  1.1514672  0.2813747 
309   2.0543065  0.6064892  1.1618209  0.2613414 
310   2.1208186  0.5992106  1.1827477  0.2466980 
311   2.1558399  0.6007075  1.2038722  0.2560579 
312   2.1476901  0.5845883  1.1773837  0.2611684 
313   2.1309507  0.5611002  1.1604822  0.2477632 
314   2.1527462  0.5881773  1.1877328  0.2812245 
315   2.2269557  0.5996570  1.2574296  0.2702459 
316   2.1696479  0.5698681  1.2084465  0.2633145 
317   2.1531549  0.5950143  1.2159529  0.2532077 
318   2.1519938  0.6290517  1.2103542  0.2768484 
319   2.1718922  0.5749680  1.2227131  0.2434444 
320   2.2549534  0.5794653  1.2938055  0.2398545 
321   2.2500441  0.6201422  1.2409809  0.2685792 
322   2.2796676  0.6228788  1.2629062  0.2754874 
323   2.2212868  0.6098943  1.2043532  0.2749576 
324   2.1513469  0.6126028  1.1791097  0.3110583 
325   2.1975050  0.5971022  1.2566881  0.2898982 
326   2.2171986  0.6287410  1.2751515  0.3095091 
327   2.1754708  0.5960385  1.2006822  0.2871467 
328   2.1546373  0.5988607  1.2132008  0.3080755 
329   2.1705298  0.6222991  1.2302406  0.2860192 
330   2.1602836  0.5952163  1.2198576  0.2741909 
331   2.1300244  0.5986362  1.1894617  0.2560784 
332   2.2166767  0.6141243  1.2327507  0.2716191 
333   2.2020588  0.6162325  1.2287408  0.2805817 
334   2.2900198  0.5824075  1.2998784  0.2908653 
335   2.3068306  0.6125898  1.3242149  0.2538803 
336   2.2583690  0.5965379  1.2671363  0.2362682 
337   2.3399282  0.6133294  1.3549730  0.2812254 
338   2.3642104  0.6110037  1.3043457  0.2927572 
339   2.4474831  0.6058987  1.3649576  0.2685723 
340   2.2826018  0.6112639  1.2474984  0.2800713 
341   2.3648524  0.6378177  1.3210179  0.2675763 
342   2.3188941  0.6347879  1.2781345  0.2777981 
343   2.2482033  0.6192874  1.2707734  0.2693257 
344   2.3211043  0.6284491  1.2851878  0.2628114 
345   2.2613778  0.6150075  1.2726033  0.2374467 
346   2.3099236  0.6244974  1.2759485  0.2589145 
347   2.2867193  0.6090809  1.2745813  0.2544321 
348   2.3004680  0.6013970  1.3007519  0.2440909 
349   2.2860360  0.6426199  1.2793704  0.2318714 
350   2.2648532  0.6414055  1.2968143  0.2394795 
351   2.2935061  0.6309004  1.2789769  0.2524898 
352   2.2621007  0.6207723  1.2364092  0.2219039 
353   2.2419269  0.5892665  1.2138888  0.2515149 
354   2.2580116  0.6069368  1.2469038  0.2582157 
355   2.3040543  0.6119589  1.2376558  0.2841130 
356   2.3039820  0.6086915  1.2725651  0.2483611 
357   2.3023157  0.6244560  1.3112991  0.2495733 
358   2.2702425  0.5846174  1.2715065  0.2705746 
359   2.3026345  0.5857370  1.2849419  0.2656302 
360   2.2831719  0.5775932  1.2671818  0.2610393 
361   2.2886741  0.5864757  1.2769430  0.2652113 
362   2.2885165  0.5641358  1.2558150  0.2682920 
363   2.2859912  0.5773927  1.2764293  0.2408579 
364   2.3690901  0.5912519  1.3390702  0.2512259 
365   2.3264666  0.5997291  1.3131645  0.2477153 
366   2.2718885  0.6045256  1.2744988  0.2538976 
367   2.2617745  0.5898392  1.2353960  0.2321916 
368   2.2252510  0.6128808  1.2070121  0.2495171 
369   2.2386024  0.5980057  1.2546767  0.2396593 
370   2.3107171  0.5989438  1.3234270  0.2592629 
371   2.2578366  0.5941715  1.2746698  0.2621957 
372   2.2970538  0.6004130  1.2963688  0.2932549 
373   2.3507736  0.6043903  1.3196182  0.2534504 
374   2.3353307  0.5988321  1.2881184  0.2577466 
375   2.3251407  0.5622750  1.2844554  0.2497713 
376   2.3457904  0.5723287  1.3295884  0.2381508 
377   2.4239066  0.5686502  1.3697469  0.2586948 
378   2.3223999  0.5637438  1.2785509  0.2326067 
379   2.3561208  0.5609288  1.2834072  0.2458553 
380   2.4691272  0.5749095  1.3773481  0.2348982 
381   2.4985328  0.5992498  1.4137295  0.2728061 
382   2.5396764  0.6012121  1.4255644  0.2394067 
383   2.5690274  0.5970021  1.4263372  0.2605589 
384   2.6050129  0.5744356  1.4807454  0.2310185 
385   2.5614419  0.5747334  1.4475833  0.2392956 
386   2.4452288  0.5979428  1.4075522  0.2655027 
387   2.4566231  0.6258448  1.3918669  0.2576227 
388   2.5179675  0.5752829  1.4781023  0.2129289 
389   2.5535841  0.6179377  1.5006911  0.2429088 
390   2.5647032  0.6012110  1.4569393  0.2368830 
391   2.4439340  0.5778718  1.4194329  0.2626815 
392   2.5360875  0.5893394  1.4836360  0.2484317 
393   2.5788507  0.5721350  1.5141422  0.2621007 
394   2.5332046  0.5668103  1.4831578  0.2516344 
395   2.5839398  0.5652148  1.5123732  0.2582963 
396   2.6304665  0.5752515  1.5393702  0.2396486 
397   2.6802866  0.5727574  1.5982047  0.2716239 
398   2.6685088  0.5751164  1.6071277  0.2520195 
399   2.5878212  0.5760170  1.5684551  0.2545302 
400   2.5443506  0.5707525  1.4992654  0.2733810 
401   2.5368218  0.5798239  1.5241762  0.2637597 
402   2.5323927  0.5744442  1.5427976  0.2591258 
403   2.4847839  0.6088638  1.5069855  0.2501336 
404   2.4918764  0.5921301  1.5071727  0.2564379 
405   2.5080965  0.5574378  1.5025518  0.2393220 
406   2.4393907  0.5865641  1.4483215  0.2876078 
407   2.4284899  0.5958114  1.4526790  0.2632418 
408   2.4394770  0.5743752  1.4888682  0.2637601 
409   2.6024537  0.5824532  1.5683005  0.2474229 
410   2.5488732  0.5910419  1.5668275  0.2686192 
411   2.5454073  0.5897813  1.4759896  0.2642145 
412   2.5186043  0.5902875  1.4856229  0.2604908 
413   2.5739238  0.5834715  1.5154488  0.2649530 
414   2.5302105  0.5883763  1.4562362  0.2567650 
415   2.5382032  0.5672929  1.4606569  0.2576273 
416   2.5020108  0.5698084  1.4291641  0.2456394 
417   2.6376445  0.5755761  1.5312597  0.2441905 
418   2.5911968  0.5713566  1.4774907  0.2436650 
419   2.5969756  0.5695757  1.4726132  0.2580009 
420   2.6166773  0.5573559  1.5001265  0.2523093 
421   2.6248565  0.5592366  1.5202951  0.2507452 
422   2.6873441  0.5608631  1.5518661  0.2530597 
423   2.6443000  0.5386292  1.4842503  0.2347213 
424   2.6324742  0.5412953  1.4800298  0.2477182 
425   2.5448747  0.5393084  1.4489242  0.2279524 
426   2.5632560  0.5298113  1.4781483  0.2456294 
427   2.5236068  0.5401508  1.4515760  0.2605131 
428   2.4775293  0.5502147  1.4595773  0.2807948 
429   2.5234478  0.5582151  1.4980599  0.2672874 
430   2.5691788  0.5488725  1.5079701  0.2565432 
431   2.5195749  0.5694285  1.4919950  0.2532983 
432   2.5483716  0.5729214  1.5229130  0.2555672 
433   2.5378385  0.5792763  1.5170993  0.2860747 
434   2.5956709  0.5687572  1.5657133  0.2732057 
435   2.6582155  0.5461183  1.5864862  0.2704927 
436   2.6326878  0.5795266  1.6078318  0.2725061 
437   2.5266728  0.5788026  1.5433916  0.2405208 
438   2.6421080  0.5633425  1.5954410  0.2531970 
439   2.5909390  0.5685271  1.5465338  0.2841989 
440   2.5961947  0.5661842  1.5720702  0.2682180 
441   2.5341053  0.5528786  1.5246445  0.2746979 
442   2.6487575  0.5664837  1.5929798  0.2948595 
443   2.6086144  0.5697371  1.6074694  0.2761579 
444   2.5225306  0.5880982  1.5128579  0.2660900 
445   2.4912162  0.5542167  1.4659809  0.2295099 
446   2.5483153  0.5908823  1.5376908  0.2581108 
447   2.5725296  0.5744501  1.5546759  0.2335333 
448   2.4781816  0.5887577  1.5068148  0.2585227 
449   2.5546117  0.5656563  1.5387611  0.2776479 
450   2.5924649  0.5576457  1.5347389  0.2448334 
451   2.7158816  0.5407106  1.5884845  0.2523548 
452   2.6494970  0.5569335  1.5498859  0.2271984 
453   2.6508601  0.5563806  1.5242876  0.2563820 
454   2.4969895  0.5474814  1.4453194  0.2484064 
455   2.6151636  0.5411360  1.5238879  0.2328303 
456   2.6277747  0.5454146  1.5474310  0.2499422 
457   2.6003120  0.5470559  1.5251348  0.2314260 
458   2.6477518  0.5550928  1.5841416  0.2553199 
459   2.6788025  0.5605971  1.6102831  0.2401391 
460   2.6899004  0.5752841  1.6182891  0.2486692 
461   2.7350006  0.5529954  1.6418103  0.2623165 
462   2.7178016  0.5530891  1.6521220  0.2573817 
463   2.6971512  0.5575829  1.5939049  0.2512337 
464   2.6864426  0.5683860  1.5769583  0.2705395 
465   2.7023859  0.5672902  1.6164538  0.2583600 
466   2.7273626  0.5613822  1.6515840  0.2479033 
467   2.8388538  0.5499271  1.6892247  0.2429540 
468   2.7120647  0.5407839  1.5900267  0.2527720 
469   2.7037199  0.5549371  1.5843790  0.2425959 
470   2.7744269  0.5715669  1.6455072  0.2576213 
471   2.7486951  0.5470378  1.6084801  0.2579285 
472   2.7352490  0.5567789  1.5886056  0.2237421 
473   2.7011907  0.5621138  1.5770844  0.2618213 
474   2.7151809  0.5571847  1.5880330  0.2367397 
475   2.8146348  0.5503327  1.6507115  0.2370979 
476   2.7816570  0.5617499  1.6462117  0.2514082 
477   2.8222446  0.5562874  1.6931469  0.2397822 
478   2.8247056  0.5492170  1.6611058  0.2700210 
479   2.8456938  0.5570947  1.7090871  0.2601400 
480   2.7939882  0.5597919  1.6513351  0.2381084 
481   2.7582967  0.5740302  1.6636869  0.2334967 
482   2.7930994  0.5653383  1.6766752  0.2312040 
483   2.7374473  0.5745553  1.6523161  0.2522776 
484   2.7802005  0.5583770  1.6564733  0.2573110 
485   2.7979929  0.5763426  1.6895503  0.2683500 
486   2.7778444  0.5634031  1.6794329  0.2347336 
487   2.7062447  0.5606084  1.6291642  0.2430429 
488   2.7015059  0.5536075  1.6377726  0.2501788 
489   2.6508238  0.5542369  1.5838072  0.2520486 
490   2.6515706  0.5647499  1.5946463  0.2479393 
491   2.7112534  0.5636334  1.6611873  0.2545561 
492   2.7300410  0.5478479  1.6738790  0.2539825 
493   2.7151096  0.5511206  1.6561290  0.2395802 
494   2.7541094  0.5520702  1.7187335  0.2677430 
495   2.7827935  0.5535612  1.7176462  0.2551035 
496   2.8603230  0.5503458  1.7497739  0.2458681 
497   2.8931475  0.5659490  1.7598670  0.2496240 
498   2.9328527  0.5604509  1.8163470  0.2622796 
499   2.8184433  0.5555748  1.7340050  0.2496917 
500   2.9211273  0.5814046  1.7459741  0.2593234 
501   2.8413846  0.5645055  1.7443743  0.2510495 
502   2.8076551  0.5871595  1.7382109  0.2504579 
503   2.9105973  0.5836380  1.8295337  0.2569768 
504   2.9023175  0.5902062  1.7785022  0.2462317 
505   2.9580946  0.5837870  1.8484594  0.2660696 
506   2.9060953  0.5752656  1.8258747  0.2574326 
507   2.9100597  0.5741898  1.8492781  0.2667875 
508   2.9413798  0.5937684  1.8714657  0.2640813 
509   2.8448410  0.5847673  1.7797346  0.2503978 
510   2.8186593  0.6029980  1.7516745  0.2521875 
511   2.9638879  0.6108960  1.8203940  0.2651379 
512   2.9628153  0.6106980  1.8575425  0.2867678 
513   3.0149930  0.5747021  1.8549117  0.2579883 
514   2.9221351  0.5905225  1.7950319  0.2635000 
515   2.9682944  0.5919035  1.8707296  0.2712774 
516   3.0158336  0.5879561  1.8969381  0.2590072 
517   2.9941182  0.5736015  1.9287170  0.2490455 
518   2.9353106  0.5801610  1.8421613  0.2565297 
519   3.0084465  0.5789326  1.8810128  0.2506852 
520   2.9453044  0.5811778  1.8701990  0.2417041 
521   2.9289203  0.5744295  1.8221714  0.2437494 
522   2.9900022  0.5558880  1.8991083  0.2486712 
523   2.8689837  0.5606469  1.8626499  0.2611378 
524   2.9206719  0.5590051  1.9210043  0.2469934 
525   2.8514330  0.5408897  1.8532848  0.2624353 
526   2.8166761  0.5358537  1.7940689  0.2650112 
527   2.8077099  0.5371055  1.7520101  0.2610919 
528   2.7733240  0.5601759  1.7463589  0.2617063 
529   2.7456322  0.5433620  1.7419063  0.2578387 
530   2.8322942  0.5646905  1.8116429  0.2680995 
531   2.8467948  0.5473811  1.8234351  0.2593434 
532   2.7747481  0.5511673  1.7864264  0.2629375 
533   2.7056491  0.5287965  1.7085748  0.2634543 
534   2.7546985  0.5665143  1.7594529  0.2548202 
535   2.8607092  0.5722448  1.8697772  0.2768537 
536   2.8172712  0.5776736  1.8451680  0.2727515 
537   2.8182669  0.5640038  1.8587710  0.2688079 
538   2.7664971  0.5681441  1.7950902  0.2823990 
539   2.7688742  0.5570316  1.8099566  0.2607140 
540   2.8098619  0.5509539  1.8423457  0.2543355 
541   2.8341258  0.5528728  1.8441448  0.2513453 
542   2.8413825  0.5623391  1.8507415  0.2677490 
543   2.8710771  0.5593624  1.8648970  0.2631456 
544   2.8529737  0.5659748  1.9103600  0.2696197 
545   2.8368752  0.5664822  1.8911481  0.2511593 
546   2.8167980  0.5660577  1.8705648  0.2856555 
547   2.8752112  0.5753842  1.8761605  0.2607855 
548   2.8861423  0.5422629  1.8822180  0.2542665 
549   2.8658099  0.5545830  1.8695294  0.2553223 
550   2.8395259  0.5600070  1.8388790  0.2808849 
551   2.8526950  0.5691792  1.8593847  0.2966654 
552   2.8332140  0.5676100  1.8328933  0.2778223 
553   2.8311262  0.5651627  1.8551356  0.2763098 
554   2.8084190  0.5693640  1.8400066  0.2765357 
555   2.7602265  0.5352131  1.8350712  0.2453862 
556   2.7864087  0.5546053  1.8020995  0.2582890 
557   2.7726529  0.5551844  1.8291281  0.2757469 
558   2.7598612  0.5745993  1.8061527  0.2964422 
559   2.7961893  0.5602942  1.7925813  0.2630599 
560   2.7827220  0.5406169  1.8020929  0.2610181 
561   2.8440959  0.5629066  1.8136361  0.2434640 
562   2.8866453  0.5610830  1.8627834  0.2726142 
563   2.7977493  0.5552228  1.7590683  0.2711123 
564   2.7537928  0.5454443  1.7433467  0.2803994 
565   2.7752967  0.5453089  1.7601988  0.2663734 
566   2.7815423  0.5633756  1.7952963  0.2463797 
567   2.6757038  0.5775790  1.7204465  0.2568544 
568   2.6586928  0.5573934  1.7448324  0.2488507 
569   2.6564472  0.5576277  1.7841084  0.2723319 
570   2.7063534  0.5540144  1.8234270  0.2739322 
571   2.7122667  0.5727763  1.8156606  0.2855107 
572   2.6265836  0.5694656  1.7872829  0.2861491 
573   2.6677785  0.5818899  1.8054960  0.2713395 
574   2.6068103  0.5531861  1.7549510  0.2683733 
575   2.6112995  0.5413280  1.7784525  0.2766536 
576   2.6341779  0.5542411  1.7642910  0.2703024 
577   2.5513110  0.5398193  1.6683512  0.2529459 
578   2.4939590  0.5513614  1.6596558  0.2728155 
579   2.5879030  0.5396054  1.7058973  0.2425972 
580   2.5993061  0.5441646  1.7214317  0.2764131 
581   2.6082711  0.5587571  1.6867775  0.2536274 
582   2.5500441  0.5683836  1.6773269  0.2644776 
583   2.6300817  0.5706291  1.7211512  0.2724572 
584   2.6418879  0.5655094  1.7291784  0.2589077 
585   2.5691593  0.5618535  1.6789619  0.2504341 
586   2.5735743  0.5542734  1.7370028  0.2690752 
587   2.6561048  0.5684182  1.7785236  0.2865005 
588   2.6378064  0.5513256  1.7705024  0.2696145 
589   2.6813066  0.5356517  1.7773105  0.2883584 
590   2.6309960  0.5298479  1.7279317  0.2815005 
591   2.6403587  0.5343207  1.7781345  0.2852129 
592   2.6595237  0.5363758  1.7350775  0.2700845 
593   2.6978428  0.5505220  1.7799896  0.2843342 
594   2.7114921  0.5301082  1.7588761  0.2558714 
595   2.7302740  0.5306328  1.7910566  0.2442663 
596   2.7225316  0.5284566  1.7933892  0.2490380 
597   2.6630177  0.5362264  1.7751480  0.2582917 
598   2.6442347  0.5487971  1.7402983  0.2898997 
599   2.6554234  0.5358422  1.7840643  0.2743782 
600   2.5760043  0.5509878  1.7176729  0.2825855 
601   2.6288166  0.5437539  1.7700847  0.2703702 
602   2.5602686  0.5602365  1.7483720  0.2646082 
603   2.6224496  0.5533929  1.7649517  0.2899695 
604   2.7275138  0.5471663  1.8175999  0.2341140 
605   2.6361234  0.5534923  1.8082570  0.2411436 
606   2.6883252  0.5413296  1.8012186  0.2546867 
607   2.6286101  0.5488128  1.7751529  0.2923310 
608   2.6700802  0.5268509  1.7740886  0.2555000 
609   2.7357450  0.5433597  1.8350353  0.2765456 
610   2.7529888  0.5479172  1.8481510  0.2814581 
611   2.6227946  0.5543249  1.7428436  0.2939541 
612   2.5954039  0.5502246  1.7678939  0.2917705 
613   2.6344438  0.5594701  1.7785734  0.3129458 
614   2.5969400  0.5582243  1.7661830  0.3050294 
615   2.6316090  0.5544380  1.7776120  0.2822170 
616   2.6612289  0.5509523  1.7766420  0.2779054 
617   2.6853905  0.5532520  1.8076830  0.2474170 
618   2.7081604  0.5647939  1.8296369  0.2694189 
619   2.6918280  0.5718252  1.8340789  0.2568464 
620   2.7639892  0.5575808  1.8198760  0.2725657 
621   2.8196807  0.5651840  1.8788679  0.2677366 
622   2.9045339  0.5730507  1.9717553  0.2722502 
623   2.8398478  0.5706891  1.9381568  0.2872023 
624   2.7886992  0.5568203  1.8651046  0.2520542 
625   2.7672107  0.5720453  1.8303540  0.2483791 
626   2.8759670  0.5670552  1.8552929  0.2377747 
627   2.9005527  0.5821333  1.9225602  0.2623530 
628   2.8314865  0.5660769  1.8800807  0.2646139 
629   2.9330561  0.5577458  1.9272971  0.2607662 
630   2.9769373  0.5817009  1.9679203  0.2557895 
631   2.9399784  0.5658436  1.9572570  0.2665391 
632   2.9466288  0.5853044  1.9220772  0.2841888 
633   3.0084622  0.5723820  1.9795514  0.2521166 
634   2.9508431  0.5716819  1.9271208  0.2828257 
635   2.9488542  0.5534228  1.9262028  0.2607623 
636   2.9020095  0.5685579  1.8549410  0.2533285 
637   2.9459028  0.5531992  1.8727582  0.2501882 
638   2.9920132  0.5518439  1.8949229  0.2486879 
639   2.9747577  0.5679077  1.9326841  0.2551711 
640   2.9084795  0.5620162  1.8528204  0.2633241 
641   2.8722565  0.5489800  1.8138895  0.2574703 
642   2.9232068  0.5750414  1.8718032  0.2554207 
643   2.8019395  0.5564824  1.8220074  0.2470465 
644   2.7864420  0.5505350  1.8273418  0.2854886 
645   2.7694983  0.5520989  1.7940600  0.2559901 
646   2.6980605  0.5792590  1.7513331  0.2699141 
647   2.6693392  0.5705358  1.7906408  0.2577177 
648   2.7517443  0.5783418  1.8333025  0.2760346 
649   2.7863770  0.5744876  1.8813106  0.2391232 
650   2.7223017  0.5622140  1.8020542  0.2529376 
651   2.8118780  0.5842296  1.8245445  0.2542194 
652   2.8706334  0.5854392  1.9044989  0.2491936 
653   2.8441648  0.6084201  1.8856227  0.2759768 
654   2.8779626  0.5987448  1.8913997  0.2652710 
655   2.8132656  0.6051023  1.8331614  0.2613938 
656   2.8686581  0.5979355  1.9172757  0.2650956 
657   2.9254432  0.6013345  1.9568701  0.2657333 
658   3.0132797  0.6134681  2.0115845  0.2784815 
659   2.9759271  0.6171274  1.9835460  0.2657979 
660   2.9474134  0.6131527  1.9130059  0.2857814 
661   2.8596103  0.5925067  1.9142976  0.2639356 
662   2.7953324  0.5880885  1.8673933  0.2915864 
663   2.7791488  0.5979148  1.8378843  0.3036320 
664   2.9232385  0.6031477  1.9746882  0.2853853 
665   2.9126248  0.6187981  1.9079621  0.2687036 
666   2.8915308  0.6078840  1.9020288  0.2647310 
667   2.8701031  0.6016531  1.8910373  0.2648859 
668   2.9109645  0.6107980  1.8989108  0.2669365 
669   2.9792290  0.5925303  1.9829543  0.2809260 
670   3.0023766  0.6263368  1.9584671  0.2613694 
671   3.1292264  0.5890457  2.0338609  0.2739280 
672   3.1248679  0.6020145  2.0148544  0.2377028 
673   3.0150857  0.6099780  1.8807633  0.2527139 
674   3.0635710  0.5895781  1.9656184  0.2523091 
675   3.0283554  0.6034687  1.9609451  0.2588654 
676   3.0672431  0.5895411  1.9929408  0.2581508 
677   3.0919740  0.5880154  1.9969151  0.2535977 
678   3.2086160  0.5906698  2.0466714  0.2590849 
679   3.0643475  0.6023774  1.9938244  0.2642134 
680   3.0131137  0.5971579  1.9399717  0.2236288 
681   3.0022106  0.6150011  1.9284328  0.2491263 
682   3.0797524  0.6142926  1.9851521  0.2581403 
683   3.0463932  0.6293397  2.0023634  0.2563567 
684   3.1427250  0.6249787  2.0770011  0.2616027 
685   3.1414757  0.6214454  2.0811906  0.2491389 
686   3.1606853  0.6129720  2.1080592  0.2360244 
687   3.1370041  0.6120128  2.0887461  0.2604491 
688   3.1397622  0.6239101  2.0542068  0.2522360 
689   3.0756190  0.6251239  2.0047331  0.2689581 
690   3.1078489  0.6268543  2.0824714  0.2562206 
691   3.0469437  0.6214080  2.0572379  0.2693843 
692   3.0165243  0.6169294  2.0247781  0.2627743 
693   3.0479555  0.6152233  2.0522764  0.2560242 
694   3.0415788  0.6258366  2.0644784  0.2707112 
695   2.9897878  0.6189187  2.0339980  0.2875788 
696   3.0285857  0.6150494  2.0618124  0.2884510 
697   3.1329305  0.5990331  2.1049657  0.2475420 
698   3.0776513  0.6286136  2.0180078  0.2685683 
699   2.9806094  0.6042246  1.9338999  0.2585431 
700   2.9777896  0.6140705  1.9422662  0.2613741 
701   2.9681077  0.6198944  1.9483066  0.2575016 
702   2.9381776  0.6205835  1.9356850  0.2680848 
703   2.9783931  0.6217239  1.9464316  0.2530802 
704   2.9673045  0.5906423  1.9509920  0.2538047 
705   2.9431269  0.5903290  1.9514197  0.2463069 
706   2.9233863  0.5970262  1.9627198  0.2435632 
707   2.8683417  0.5887525  1.8925291  0.2668809 
708   2.8496518  0.5817075  1.8920958  0.2372507 
709   2.8678389  0.5814189  1.8731319  0.2631618 
710   2.8902161  0.5759258  1.8552301  0.2379977 
711   2.7520311  0.5728856  1.7649423  0.2308772 
712   2.8234532  0.5838318  1.8348286  0.2494530 
713   2.8408031  0.5896577  1.8442255  0.2481990 
714   2.8366282  0.5944370  1.8839468  0.2549283 
715   2.8029237  0.5795497  1.8230190  0.2389841 
716   2.7751081  0.5732594  1.8027909  0.2400488 
717   2.6887772  0.5782543  1.7722474  0.2457144 
718   2.7966969  0.5624454  1.8712616  0.2193220 
719   2.7885692  0.5926822  1.8529716  0.2671750 
720   2.7031589  0.5878077  1.8136123  0.2516893 
721   2.7030988  0.5892146  1.8348305  0.2436723 
722   2.6639175  0.5908583  1.8484180  0.2607183 
723   2.7008717  0.5857143  1.8611712  0.2478473 
724   2.8279843  0.5886031  1.9229208  0.2739018 
725   2.8680415  0.5874316  1.9601849  0.2609506 
726   2.9304504  0.5676844  1.9865307  0.2476804 
727   2.9813416  0.5794701  2.0336833  0.2690777 
728   2.9177270  0.5575159  1.9808966  0.2676858 
729   2.9267006  0.5820070  1.9776303  0.2639797 
730   2.8998420  0.5705944  1.9082220  0.2280807 
731   2.8198133  0.5661915  1.8474915  0.2054110 
732   2.7914727  0.5763271  1.8420607  0.2423119 
733   2.9001014  0.5570017  1.8754390  0.2399640 
734   2.9021082  0.5736275  1.8851353  0.2410188 
735   2.9388509  0.5806605  1.9201288  0.2483844 
736   2.9129963  0.6007897  1.9189055  0.2612527 
737   2.9152186  0.6215574  1.9542075  0.2550185 
738   2.9519508  0.5935553  1.9553825  0.2689361 
739   2.9275680  0.5986890  1.9291056  0.2514603 
740   3.0031850  0.6227164  2.0099125  0.2559049 
741   2.8819709  0.6097385  1.9232341  0.2438244 
742   2.9077518  0.6087878  1.9507170  0.2737860 
743   2.8749616  0.6007369  1.9270506  0.2565729 
744   2.9224148  0.5925536  1.9086004  0.2807123 
745   2.9442074  0.5866731  1.9498856  0.2732003 
746   2.8586080  0.5861644  1.8828719  0.2671850 
747   2.8119578  0.5804976  1.8665923  0.2683446 
748   2.8190515  0.5903899  1.9272494  0.2524883 
749   2.7916656  0.5897047  1.9009494  0.2692857 
750   2.8806329  0.5925390  1.9205722  0.2529826 
751   2.8401580  0.6001256  1.9151675  0.2455351 
752   2.7789528  0.5995830  1.8623534  0.2694448 
753   2.8580832  0.6134177  1.9347689  0.2858767 
754   2.8273816  0.6078608  1.9047924  0.2728972 
755   2.7596366  0.6035560  1.8403655  0.2743511 
756   2.7786472  0.6320131  1.8324642  0.2817769 
757   2.6904595  0.6163558  1.7770895  0.2978699 
758   2.7264452  0.5907104  1.7733786  0.2677600 
759   2.7112656  0.5899100  1.7483208  0.2636265 
760   2.7627997  0.5912901  1.7628599  0.2359363 
761   2.8414464  0.5928062  1.8638623  0.2446486 
762   2.8593509  0.5879428  1.8932549  0.2728454 
763   2.8294661  0.5730777  1.8933927  0.2656030 
764   2.7520409  0.5948151  1.8076838  0.2682559 
765   2.7315631  0.6104573  1.8395391  0.2546989 
766   2.8463304  0.6048260  1.8938911  0.2620282 
767   2.8587608  0.6240955  1.9220077  0.2748408 
768   2.8391109  0.6056262  1.8961695  0.2658773 
769   2.8292720  0.6043425  1.8847023  0.2814254 
770   2.8846397  0.6202613  1.9188987  0.2958833 
771   2.8296478  0.6199583  1.8608660  0.2667773 
772   2.8545620  0.5919110  1.8622198  0.2495917 
773   2.8607497  0.6134577  1.8744472  0.2405708 
774   2.7931559  0.6087273  1.8507593  0.2650812 
775   2.8851280  0.6191725  1.9331685  0.2560706 
776   2.8607779  0.6040596  1.9437399  0.2554891 
777   2.8313029  0.6018236  1.9290441  0.2475637 
778   2.8519845  0.6171548  1.9608908  0.2552507 
779   2.7915146  0.6021423  1.9242325  0.2659726 
780   2.8114350  0.5910082  1.9056854  0.2862174 
781   2.8769319  0.5918217  1.9475682  0.2458056 
782   2.8312809  0.6033735  1.9220562  0.2466921 
783   2.8163819  0.5993351  1.8951007  0.2528019 
784   2.8369558  0.6104229  1.9207398  0.2573636 
785   2.8919313  0.5948867  1.9333783  0.2456003 
786   2.8170583  0.5866508  1.8887343  0.2315370 
787   2.8573434  0.5908728  1.9500438  0.2784031 
788   2.8640103  0.5867079  1.9418769  0.2659523 
789   2.8412352  0.5827829  1.9620602  0.2559052 
790   2.8421104  0.5830708  1.9572481  0.2629940 
791   2.8974352  0.5916183  1.9472536  0.2551567 
792   2.9282582  0.5762921  1.9342060  0.2619972 
793   2.8136775  0.5753901  1.9244899  0.2549462 
794   2.7904713  0.5998092  1.9025639  0.2640708 
795   2.8381360  0.6064255  1.9509894  0.2568418 
796   2.8778653  0.6158217  1.9755329  0.2674845 
797   2.8600605  0.6012604  1.9578803  0.2637564 
