#time, global, repeatA-F, pore, tm38
0     0.1565243  0.1523033  0.1559155  0.1107745 
1     0.3017615  0.2056922  0.2596410  0.0911063 
2     0.4377261  0.2203073  0.3135257  0.1247891 
3     0.5318735  0.2306506  0.3799320  0.1169014 
4     0.5652167  0.2354426  0.4300762  0.1151421 
5     0.6816492  0.2435451  0.4494811  0.1063837 
6     0.6297760  0.2421558  0.4402634  0.1472822 
7     0.6630366  0.2483021  0.4620726  0.1138298 
8     0.6346061  0.2579170  0.4054182  0.1090809 
9     0.6553141  0.2545131  0.4204049  0.1073214 
10    0.6753641  0.2553275  0.4407026  0.1043885 
11    0.7195717  0.2681118  0.4401649  0.1307610 
12    0.7446089  0.2724946  0.4435664  0.1477260 
13    0.6332741  0.2723709  0.4107638  0.1281283 
14    0.6579242  0.2744784  0.4209886  0.1341976 
15    0.7093412  0.2701015  0.4225053  0.1080704 
16    0.7635639  0.2720014  0.4569740  0.1425647 
17    0.7987221  0.2832626  0.5155971  0.1131549 
18    0.7252074  0.2807818  0.4658919  0.1525068 
19    0.7776131  0.2833376  0.4982415  0.1337187 
20    0.7107965  0.2931452  0.4793728  0.1391126 
21    0.7936743  0.2881478  0.5426812  0.1341502 
22    0.8743151  0.3027174  0.6097641  0.1334361 
23    0.8601044  0.3004175  0.5980730  0.1407868 
24    0.8717984  0.2934676  0.5773551  0.1404794 
25    0.8007153  0.2912952  0.5448132  0.1330175 
26    0.8351268  0.3205741  0.5462677  0.1407417 
27    0.8580080  0.3125589  0.5451910  0.1341315 
28    0.8914775  0.2989384  0.5750127  0.1383983 
29    0.8274761  0.2983749  0.5434754  0.1439676 
30    0.8137158  0.3156462  0.5109074  0.1272679 
31    0.8440242  0.3162216  0.5445649  0.1393742 
32    0.8539600  0.3309937  0.5813235  0.1521781 
33    0.8063269  0.3222149  0.5330464  0.1435957 
34    0.8483731  0.3312625  0.5526385  0.1542442 
35    0.8145646  0.3387488  0.5442771  0.1396755 
36    0.8955047  0.3633054  0.5927241  0.1380381 
37    0.9205961  0.3418586  0.5906219  0.1639523 
38    0.8838331  0.3251778  0.5523420  0.1562630 
39    0.8590148  0.3337733  0.5755266  0.1527927 
40    0.8949102  0.3434176  0.5845499  0.1157413 
41    0.8584002  0.3462234  0.5712868  0.1239889 
42    0.8474688  0.3367811  0.5897468  0.1367846 
43    0.8653916  0.3432294  0.6043015  0.1302816 
44    0.8919401  0.3457775  0.5855393  0.1157660 
45    0.8867524  0.3480181  0.5980293  0.1003969 
46    0.8273095  0.3374567  0.5731053  0.0959185 
47    0.8549833  0.3623216  0.5875968  0.1001707 
48    0.8233882  0.3416181  0.5633650  0.1354438 
49    0.8188019  0.3727605  0.5738867  0.1442041 
50    0.8134826  0.3505207  0.5635900  0.1566071 
51    0.8691638  0.3479578  0.5677486  0.1582276 
52    0.9290905  0.3369496  0.6203688  0.1480026 
53    0.8510347  0.3580368  0.5662435  0.1516250 
54    0.8417902  0.3593236  0.5543027  0.1446552 
55    0.8436749  0.3624546  0.5800768  0.1411835 
56    0.8966517  0.3414438  0.5783734  0.1300974 
57    0.9111585  0.3415305  0.5902200  0.1122186 
58    0.9253538  0.3729733  0.6243604  0.1508492 
59    0.8502556  0.3857673  0.5983659  0.1517143 
60    0.8362667  0.3711902  0.6117828  0.1565252 
61    0.9153712  0.3495710  0.6007055  0.1538009 
62    0.9335281  0.3400374  0.6054763  0.1509557 
63    0.9458016  0.3541086  0.6431980  0.1463701 
64    1.0240127  0.3541115  0.6944213  0.1360941 
65    1.0186216  0.3377543  0.6551614  0.1351706 
66    0.9287143  0.3541184  0.6121022  0.1641086 
67    0.9223298  0.3497366  0.6088138  0.1399631 
68    1.0066382  0.3641914  0.6705232  0.1468444 
69    1.0141313  0.3505819  0.6799761  0.1480082 
70    1.0603569  0.3466352  0.6804904  0.1536461 
71    1.1291745  0.3450736  0.7094225  0.1305749 
72    1.0579195  0.3622409  0.6615696  0.1323258 
73    1.0487794  0.3470908  0.6814885  0.1546341 
74    1.0644873  0.3466190  0.6929237  0.1263944 
75    1.0380175  0.3351454  0.7041420  0.1298093 
76    1.0383083  0.3401879  0.7055169  0.1133581 
77    1.0525326  0.3495334  0.7590001  0.1107029 
78    1.0489233  0.3484172  0.7316193  0.1130227 
79    1.0372792  0.3463953  0.7326355  0.1192299 
80    0.9575693  0.3576669  0.7047344  0.1269925 
81    1.0252147  0.3562799  0.7235721  0.1131256 
82    1.0615196  0.3511443  0.7577648  0.1206120 
83    1.0431266  0.3448610  0.6943859  0.1114465 
84    1.1076413  0.3460612  0.7498659  0.1213103 
85    1.1382778  0.3446752  0.7481233  0.1208776 
86    1.1466488  0.3594945  0.7710716  0.1334639 
87    1.1469654  0.3484794  0.7387983  0.1327892 
88    1.2123524  0.3532086  0.7893779  0.1199698 
89    1.2406288  0.3574289  0.7751467  0.1305518 
90    1.2424541  0.3457578  0.7685868  0.1214098 
91    1.2119097  0.3527704  0.7572486  0.1083705 
92    1.2516354  0.3445594  0.7639228  0.1175276 
93    1.2411193  0.3343486  0.7428015  0.1139248 
94    1.2578548  0.3536741  0.7730672  0.1314130 
95    1.1756995  0.3588540  0.7453124  0.1081197 
96    1.2348698  0.3462631  0.7734995  0.1292284 
97    1.2051481  0.3530158  0.7743570  0.1351397 
98    1.2108887  0.3541974  0.7608582  0.1225144 
99    1.2106073  0.3456817  0.7211657  0.1322837 
100   1.1762489  0.3479759  0.7394310  0.1173320 
101   1.1782331  0.3489665  0.7146116  0.1252144 
102   1.2410171  0.3554057  0.7692019  0.1254430 
103   1.2064420  0.3602600  0.7121240  0.1401476 
104   1.2036797  0.3617535  0.7364895  0.1448606 
105   1.2301711  0.3576126  0.7075816  0.1325901 
106   1.3070610  0.3643185  0.7633671  0.1352515 
107   1.3118526  0.3566348  0.7806333  0.1259199 
108   1.3883195  0.3676822  0.8302939  0.1265250 
109   1.3770461  0.3718336  0.8559307  0.1269983 
110   1.3767263  0.3653489  0.8406764  0.1363187 
111   1.3571130  0.3671162  0.8035467  0.1394028 
112   1.4140422  0.3639151  0.8147394  0.1458286 
113   1.3782909  0.3860991  0.8233086  0.1373718 
114   1.3252208  0.3797910  0.7977160  0.1345839 
115   1.3168392  0.3762663  0.8169838  0.1308627 
116   1.3536817  0.3829892  0.8159412  0.1518811 
117   1.3970050  0.3810428  0.8307708  0.1312088 
118   1.3614128  0.3689756  0.7922940  0.1470695 
119   1.2890283  0.3697363  0.7725177  0.1363202 
120   1.2626159  0.3604572  0.7812037  0.1364345 
121   1.3152483  0.3872298  0.8346961  0.1426919 
122   1.3112645  0.3839745  0.7570140  0.1412052 
123   1.2984053  0.3745859  0.7501064  0.1388784 
124   1.3602526  0.3839820  0.8447195  0.1474043 
125   1.3031985  0.3723068  0.7827991  0.1276275 
126   1.2693493  0.4076657  0.8016840  0.1573669 
127   1.2863926  0.3931543  0.7936584  0.1417615 
128   1.3231999  0.3942363  0.8042313  0.1505458 
129   1.2723331  0.3737574  0.7795765  0.1649590 
130   1.2329197  0.3778218  0.7715225  0.1570787 
131   1.2985916  0.3913622  0.7995540  0.1581557 
132   1.3004245  0.3838324  0.8222101  0.1802990 
133   1.3554763  0.3966852  0.8429099  0.1464013 
134   1.4386107  0.3965262  0.8608627  0.1605515 
135   1.3821588  0.3976245  0.8075545  0.1612084 
136   1.3447621  0.3886143  0.8222824  0.1455819 
137   1.3845577  0.3824994  0.8586802  0.1619627 
138   1.3228793  0.3825235  0.7793905  0.1604742 
139   1.2876377  0.3803977  0.7879353  0.1350453 
140   1.2748262  0.3757684  0.7833590  0.1427449 
141   1.2666094  0.3782374  0.7659359  0.1563668 
142   1.3480840  0.3917798  0.7879232  0.1564858 
143   1.2813740  0.3989820  0.8146763  0.1420699 
144   1.3479542  0.3986920  0.8353253  0.1394650 
145   1.4641353  0.3816462  0.9265326  0.1497000 
146   1.4348718  0.3928549  0.9269786  0.1532231 
147   1.4233408  0.3871048  0.9074594  0.1357175 
148   1.4094639  0.4005943  0.8968243  0.1581958 
149   1.4782264  0.3900842  0.9329339  0.1553769 
150   1.4812640  0.3779339  0.9149952  0.1521759 
151   1.4186429  0.4029918  0.9083096  0.1699648 
152   1.3460022  0.3908016  0.8723933  0.1552015 
153   1.3741691  0.3823842  0.8945452  0.1357541 
154   1.3406897  0.4055826  0.8969072  0.1530139 
155   1.3672581  0.3963028  0.8816220  0.1591178 
156   1.3712593  0.3878171  0.8893161  0.1583813 
157   1.3827213  0.4005294  0.8960747  0.1600091 
158   1.3342365  0.3890209  0.8840700  0.1578010 
159   1.3356923  0.3914151  0.8542257  0.1599493 
160   1.3679767  0.3886979  0.8658141  0.1533529 
161   1.3172065  0.3974692  0.8330311  0.1642047 
162   1.3136389  0.3856673  0.8572267  0.1574156 
163   1.2802134  0.3997121  0.8410372  0.1751635 
164   1.2723572  0.3922565  0.8345856  0.1484751 
165   1.3110059  0.4001734  0.8893374  0.1445344 
166   1.3298349  0.3867395  0.9155158  0.1557150 
167   1.3280843  0.3783910  0.8715675  0.1580966 
168   1.3660480  0.4019468  0.9145935  0.1509092 
169   1.4103266  0.3975876  0.9163659  0.1644483 
170   1.3701111  0.3936569  0.8358548  0.1524050 
171   1.3277791  0.3890848  0.8427971  0.1628739 
172   1.3413125  0.3991709  0.8601826  0.1627687 
173   1.2801468  0.4032675  0.8613303  0.1781980 
174   1.2251737  0.4122168  0.8275672  0.1619840 
175   1.1918043  0.4061865  0.7977561  0.1535643 
176   1.2416692  0.3901808  0.8067635  0.1531337 
177   1.2332906  0.3895147  0.8238934  0.1677539 
178   1.2531121  0.3917353  0.8445849  0.1746578 
179   1.2465272  0.3962447  0.8107293  0.1593796 
180   1.2947060  0.3860769  0.8816032  0.1565106 
181   1.2191219  0.4047657  0.8421661  0.1704281 
182   1.2713902  0.4207909  0.8616909  0.1756524 
183   1.3349826  0.3972594  0.8734167  0.1530096 
184   1.3703998  0.4033175  0.9155951  0.1509645 
185   1.3582916  0.4147372  0.9307657  0.1547232 
186   1.2895986  0.4086594  0.8942266  0.1510873 
187   1.3621111  0.4166472  0.9153877  0.1514591 
188   1.3092841  0.4208588  0.8877484  0.1674399 
189   1.3306020  0.4191428  0.8627835  0.1642914 
190   1.2914935  0.4302785  0.8322687  0.1545338 
191   1.3330560  0.4331100  0.9010422  0.1674362 
192   1.2752944  0.4176184  0.8689097  0.1725691 
193   1.2378285  0.4087272  0.8357403  0.1441725 
194   1.2374794  0.4213308  0.8664956  0.1490695 
195   1.2822903  0.4308626  0.8719511  0.1601459 
196   1.2767950  0.4077353  0.8506485  0.1414956 
197   1.3588407  0.4232965  0.9214602  0.1757821 
198   1.4316084  0.4206386  0.9351019  0.1717981 
199   1.4180667  0.4247994  0.9130843  0.1733325 
200   1.4192327  0.4141858  0.9348478  0.1775218 
201   1.3491478  0.4156891  0.8658338  0.1656293 
202   1.3427839  0.4199479  0.8916800  0.1712492 
203   1.3990257  0.4101080  0.9174432  0.1594799 
204   1.4076773  0.4120410  0.9478459  0.1782340 
205   1.4237165  0.4130366  0.9231780  0.1630972 
206   1.3545308  0.4177816  0.9080145  0.1449916 
207   1.3570604  0.4007166  0.8939181  0.1481784 
208   1.4463370  0.4130140  0.9658493  0.1485140 
209   1.3684647  0.3893396  0.8791412  0.1408380 
210   1.3746159  0.4018258  0.9289743  0.1605324 
211   1.4060813  0.4134571  0.9262435  0.1505578 
212   1.3271022  0.4102305  0.9051252  0.1653378 
213   1.3437147  0.4191477  0.9910989  0.1636925 
214   1.4123737  0.4145707  0.9790158  0.1750729 
215   1.3468804  0.4231142  0.9375667  0.1650808 
216   1.3642783  0.4032873  0.9330479  0.1633218 
217   1.3911761  0.4177758  0.9884628  0.1787280 
218   1.4134998  0.4074098  0.9774353  0.1735994 
219   1.4131162  0.4137576  0.9790485  0.1680713 
220   1.4289527  0.4237213  1.0551772  0.1612384 
221   1.3916355  0.4206877  1.0035582  0.1680627 
222   1.4279745  0.4431769  1.0084215  0.1683705 
223   1.4585656  0.4329272  1.0158567  0.1617192 
224   1.3545198  0.4287980  0.9677987  0.1553225 
225   1.3184010  0.4107652  0.9479183  0.1445977 
226   1.3470155  0.4087087  0.9370835  0.1602616 
227   1.3699996  0.4102986  0.9564833  0.1614240 
228   1.4200066  0.4089420  0.9606901  0.1739722 
229   1.3714654  0.4114091  0.9372765  0.1747302 
230   1.4160674  0.3987554  0.9416827  0.1785809 
231   1.4255843  0.4086801  0.9954758  0.1846379 
232   1.4593228  0.4128512  1.0109258  0.1791739 
233   1.4232130  0.4209544  0.9624391  0.1793361 
234   1.3571776  0.4139553  0.9721542  0.1726838 
235   1.3957464  0.4237049  0.9740381  0.1621812 
236   1.3794750  0.4268555  0.9370707  0.1645948 
237   1.3596063  0.4172275  0.9310607  0.1615632 
238   1.3911736  0.4094898  0.9381211  0.1773973 
239   1.3813999  0.4119579  0.9611220  0.1673343 
240   1.4033611  0.4201440  0.9955211  0.1610801 
241   1.3358401  0.4148271  0.9531425  0.1656803 
242   1.3205180  0.4303255  0.9561258  0.1478754 
243   1.2444912  0.4419878  0.9115343  0.1661161 
244   1.2963254  0.4357842  0.9413882  0.1645759 
245   1.3330235  0.4337030  0.9672217  0.1744542 
246   1.3897799  0.4343277  0.9529305  0.1663658 
247   1.4149219  0.4302778  1.0059546  0.1758442 
248   1.4003859  0.4271142  0.9665949  0.1761090 
249   1.3809515  0.4335408  0.9463633  0.1545478 
250   1.3673540  0.4291972  0.9198651  0.1652052 
251   1.3692378  0.4286208  0.9080820  0.1602263 
252   1.3726079  0.4347436  0.9289153  0.1824305 
253   1.3442163  0.4142407  0.8811159  0.1706142 
254   1.3408506  0.4245272  0.9232630  0.1728943 
255   1.3859981  0.4236485  0.9565863  0.1685812 
256   1.3294116  0.4197919  0.8990722  0.1633600 
257   1.2760072  0.4226258  0.8750285  0.1620470 
258   1.3351996  0.4220537  0.8900972  0.1695707 
259   1.3202996  0.4355295  0.8712832  0.1708085 
260   1.2967508  0.4246675  0.8686838  0.1602030 
261   1.2784718  0.4223392  0.8741568  0.1616237 
262   1.2237198  0.4323556  0.8832984  0.1625636 
263   1.2395673  0.4267446  0.8752894  0.1660194 
264   1.2660528  0.4390738  0.9057267  0.1741682 
265   1.2598103  0.4254324  0.9086159  0.1857120 
266   1.2854191  0.4232060  0.8970453  0.1683109 
267   1.2936677  0.4302150  0.8788273  0.1744794 
268   1.2806456  0.4329069  0.8851780  0.1741664 
269   1.3331089  0.4407246  0.9524521  0.1623661 
270   1.3851923  0.4340014  0.9911106  0.1663529 
271   1.2953191  0.4337370  0.8871188  0.1558954 
272   1.2598916  0.4292088  0.8837415  0.1489230 
273   1.2959243  0.4283448  0.9291459  0.1702652 
274   1.2419506  0.4303101  0.8865347  0.1678721 
275   1.2355123  0.4275775  0.8420124  0.1576749 
276   1.2608441  0.4317414  0.8494010  0.1649932 
277   1.2928253  0.4234249  0.8779957  0.1791767 
278   1.3387537  0.4244081  0.8983006  0.1720385 
279   1.3541112  0.4251628  0.9316519  0.1576245 
280   1.4005704  0.4362300  0.9530952  0.1668335 
281   1.4254158  0.4233938  0.9620699  0.1691184 
282   1.3701173  0.4316921  0.9357389  0.1640318 
283   1.2194023  0.4284567  0.8723598  0.1611844 
284   1.2463791  0.4607589  0.8708345  0.1612174 
285   1.3341534  0.4469536  0.9593967  0.1438609 
286   1.2667009  0.4296453  0.8948277  0.1417729 
287   1.2959569  0.4415668  0.9199519  0.1519235 
288   1.2730482  0.4482824  0.8788062  0.1720803 
289   1.3503532  0.4428498  0.9235300  0.1693901 
290   1.3181456  0.4188076  0.9114407  0.1670492 
291   1.3166243  0.4286672  0.9196095  0.1697725 
292   1.3884660  0.4324020  0.9916101  0.1717756 
293   1.4060144  0.4311531  0.9937218  0.1725893 
294   1.3901567  0.4210809  0.9681610  0.1568387 
295   1.3298285  0.4263560  0.9490140  0.1738931 
296   1.3588923  0.4258340  0.9551889  0.1783265 
297   1.2603782  0.4179631  0.9006805  0.1796049 
298   1.3090830  0.4348551  0.8908179  0.1719227 
299   1.2679023  0.4383299  0.8879534  0.1769296 
300   1.2750705  0.4400189  0.9260970  0.1708164 
301   1.2251813  0.4505275  0.8851385  0.1710078 
302   1.2627176  0.4336064  0.9138348  0.1564198 
303   1.2364228  0.4325615  0.8739742  0.1824787 
304   1.2218841  0.4370890  0.8902055  0.1787394 
305   1.3192329  0.4392934  0.9242190  0.1781159 
306   1.3057874  0.4427366  0.8959169  0.1697066 
307   1.3540896  0.4378145  0.9135910  0.1825896 
308   1.2582370  0.4520369  0.8834497  0.1676965 
309   1.2468801  0.4563129  0.8903185  0.1647002 
310   1.2175554  0.4410337  0.8476039  0.1705246 
311   1.2912374  0.4657522  0.8797605  0.1748495 
312   1.2568045  0.4606134  0.8627908  0.1604732 
313   1.2437267  0.4563503  0.8506113  0.1563776 
314   1.2569796  0.4592718  0.8395615  0.1586312 
315   1.2924633  0.4719346  0.8685966  0.1777626 
316   1.2859708  0.4782985  0.8639845  0.1517065 
317   1.2571516  0.4846910  0.8626993  0.1802634 
318   1.2168337  0.4578371  0.8079520  0.1637338 
319   1.2171826  0.4863326  0.8074239  0.1639153 
320   1.2565315  0.4525031  0.8523502  0.1762492 
321   1.2565476  0.4759618  0.8215770  0.1611733 
322   1.2632282  0.4713149  0.8275778  0.1632870 
323   1.2733095  0.4552702  0.8323741  0.1656191 
324   1.3302841  0.4804155  0.8995087  0.1586647 
325   1.3372506  0.4630473  0.8647808  0.1633023 
326   1.3121537  0.4529183  0.8472547  0.1652953 
327   1.2941614  0.4622017  0.8535382  0.1691324 
328   1.3281492  0.4559904  0.8476664  0.1692524 
329   1.3034172  0.4639090  0.8740503  0.1699292 
330   1.3045038  0.4468808  0.8681166  0.1609633 
331   1.2307209  0.4634570  0.8430951  0.1639844 
332   1.2086424  0.4568820  0.7921309  0.1631456 
333   1.2693673  0.4557358  0.8436998  0.1814024 
334   1.2803944  0.4477178  0.8498044  0.1736442 
335   1.2412466  0.4412901  0.8404709  0.1757452 
336   1.2092875  0.4525815  0.8107432  0.1719230 
337   1.2776254  0.4741321  0.8475888  0.1669707 
338   1.2645440  0.4726802  0.8488210  0.1716278 
339   1.2178588  0.4702528  0.8179305  0.1723626 
340   1.2109594  0.4471612  0.8064333  0.1733218 
341   1.2132390  0.4403040  0.8042201  0.1516433 
342   1.1838514  0.4693678  0.7847313  0.1644877 
343   1.1757488  0.4799319  0.8419547  0.1755396 
344   1.1961850  0.4916664  0.8163530  0.1677812 
345   1.1832596  0.4998472  0.8226579  0.1602272 
346   1.1825857  0.4644045  0.8147032  0.1709904 
347   1.2589616  0.4604004  0.8479396  0.1699237 
348   1.3029081  0.4577179  0.8425489  0.1696515 
349   1.2916815  0.4818682  0.8525215  0.1524266 
350   1.2994126  0.4751326  0.8693653  0.1721763 
351   1.3204100  0.4973855  0.8592474  0.1576397 
352   1.3827894  0.4801744  0.9224694  0.1654866 
353   1.3228139  0.4576321  0.8745099  0.1762105 
354   1.3082197  0.4936804  0.8463719  0.1566875 
355   1.3239506  0.4824930  0.8614148  0.1564791 
356   1.3418394  0.4851130  0.8588132  0.1596263 
357   1.3325182  0.4621789  0.8722609  0.1653858 
358   1.2657783  0.4801866  0.8242183  0.1641508 
359   1.2577269  0.4772481  0.8399410  0.1743783 
360   1.3179955  0.4635392  0.8316281  0.1770370 
361   1.2583909  0.4647117  0.8140731  0.1620395 
362   1.2389530  0.4667893  0.8065657  0.1707488 
363   1.2538003  0.4586819  0.8308964  0.1618720 
364   1.2221736  0.4858737  0.8271812  0.1643243 
365   1.2110753  0.4803640  0.8117034  0.1597030 
366   1.2295591  0.4716553  0.8316526  0.1676116 
367   1.2333277  0.4748088  0.8262855  0.1698400 
368   1.2049325  0.4834616  0.8219396  0.1663598 
369   1.2342588  0.4696688  0.8398172  0.1594616 
370   1.2222694  0.4618226  0.8300083  0.1691443 
371   1.2065903  0.4663297  0.8200500  0.1851535 
372   1.2068422  0.4627963  0.8439632  0.1691219 
373   1.2673461  0.4783278  0.8520158  0.1719077 
374   1.2770300  0.4622487  0.8790507  0.1606981 
375   1.2846347  0.4702992  0.8858367  0.1773157 
376   1.2932029  0.4700997  0.8727043  0.1753743 
377   1.3608040  0.4843974  0.9495986  0.1855096 
378   1.3901986  0.4809053  0.9167846  0.1736442 
379   1.3765273  0.4747422  0.8941582  0.1705846 
380   1.3855299  0.4917257  0.8997394  0.1851915 
381   1.3755424  0.4637422  0.8728976  0.1855767 
382   1.3558728  0.4492376  0.8421602  0.1880402 
383   1.2883443  0.4773008  0.7980452  0.1846940 
384   1.3900765  0.4621872  0.8577855  0.1837818 
385   1.3799964  0.4853646  0.8854625  0.1839938 
386   1.3736224  0.4552866  0.8918626  0.1648813 
387   1.3456692  0.4571949  0.8703445  0.1758603 
388   1.3060861  0.4627585  0.8517820  0.1777404 
389   1.4579793  0.4855449  0.9267628  0.1876642 
390   1.4645697  0.4549558  0.9028159  0.1705944 
391   1.5251271  0.4664418  0.9614152  0.1750750 
392   1.5479835  0.4711212  0.9551418  0.1703800 
393   1.5450989  0.4728420  0.9673377  0.1695555 
394   1.6302848  0.4640822  1.0002162  0.1810928 
395   1.6224158  0.4615358  0.9679503  0.1782325 
396   1.5947621  0.4595959  0.9387547  0.1703314 
397   1.6186287  0.4763947  0.9537570  0.1919889 
398   1.6366552  0.4445775  0.9223338  0.1671872 
399   1.6343801  0.4530123  0.9530470  0.1670111 
400   1.5742136  0.4566964  0.9165006  0.1672306 
401   1.5403570  0.4652455  0.9387328  0.1682517 
402   1.5408976  0.4663610  0.9298455  0.1566752 
403   1.5959764  0.4689997  0.9818665  0.1613881 
404   1.5951880  0.4704513  0.9729506  0.1665092 
405   1.5426393  0.4569682  0.9691613  0.1812339 
406   1.5635687  0.4690380  0.9681922  0.1939781 
407   1.4967465  0.4491411  0.9345523  0.1688718 
408   1.5088384  0.4560108  0.9263694  0.1652188 
409   1.5256482  0.4794864  0.9462715  0.1683563 
410   1.4245337  0.4885245  0.9046029  0.1625919 
411   1.4701774  0.4876362  0.9407248  0.1646562 
412   1.5101509  0.4516799  0.9277832  0.1675366 
413   1.4773543  0.4564658  0.9134811  0.1551371 
414   1.4590491  0.4559174  0.9138472  0.1610172 
415   1.4293909  0.4626133  0.8997998  0.1734840 
416   1.4316217  0.4564014  0.9159710  0.1712022 
417   1.3730253  0.4739304  0.9033859  0.1739856 
418   1.4081446  0.4782607  0.9228508  0.1690473 
419   1.4141692  0.4746604  0.9080829  0.1662481 
420   1.4523046  0.4796984  0.9169265  0.1702281 
421   1.5205594  0.4647240  0.9329617  0.1693459 
422   1.5374877  0.4652880  0.9527897  0.1648168 
423   1.5779160  0.4755974  0.9704071  0.1845408 
424   1.5433760  0.4786062  0.9295949  0.1799607 
425   1.5930239  0.4762240  0.9634777  0.1758384 
426   1.5313414  0.4653255  0.9076834  0.1703224 
427   1.4826841  0.4461251  0.9230974  0.1658003 
428   1.5156146  0.4677714  0.9345527  0.1774537 
429   1.4743625  0.4432387  0.8922489  0.1759852 
430   1.4070306  0.4515684  0.8676406  0.1866167 
431   1.4015340  0.4454432  0.8692654  0.1841464 
432   1.4142116  0.4405726  0.8644187  0.1794418 
433   1.4347230  0.4417132  0.8942321  0.1772091 
434   1.4765111  0.4497357  0.8722430  0.1696346 
435   1.4813678  0.4450013  0.9030063  0.1827057 
436   1.4981195  0.4467677  0.9146916  0.1875610 
437   1.5057214  0.4616318  0.9115622  0.1633818 
438   1.4064072  0.4489833  0.8871322  0.1675623 
439   1.4988655  0.4521916  0.9379898  0.1797163 
440   1.4582404  0.4513615  0.9224199  0.1868287 
441   1.5083846  0.4538691  0.9476512  0.1827036 
442   1.5215845  0.4601875  0.9344251  0.1796546 
443   1.5029757  0.4630025  0.9229162  0.1650979 
444   1.4366581  0.4546834  0.9029065  0.1751129 
445   1.4612157  0.4642537  0.8964993  0.1798916 
446   1.4742776  0.4569522  0.9113881  0.1713852 
447   1.4687566  0.4532718  0.9266619  0.1650787 
448   1.4945492  0.4660634  0.9440705  0.1851438 
449   1.4714007  0.4768258  0.9517202  0.1587048 
450   1.4853922  0.4603814  0.9413044  0.1757864 
451   1.5840132  0.4621595  0.9961168  0.1742261 
452   1.4913732  0.4628493  0.9160199  0.1737956 
453   1.4582115  0.4752613  0.8894918  0.1802253 
454   1.5027614  0.4680408  0.9211050  0.1832706 
455   1.4139321  0.4451742  0.8876821  0.1648372 
456   1.4299994  0.4639689  0.8853406  0.1705996 
457   1.4754282  0.4705330  0.9324639  0.1890949 
458   1.4977415  0.4821020  0.9469845  0.1830384 
459   1.5492735  0.4736282  0.9354455  0.1732932 
460   1.5709471  0.4678627  0.9724175  0.1852600 
461   1.5853174  0.4576879  0.9891891  0.1834053 
462   1.5211651  0.4578615  0.9306940  0.1817701 
463   1.5157226  0.4816499  0.9090568  0.1639768 
464   1.5964018  0.4765041  0.9395238  0.1831040 
465   1.6124064  0.4579389  0.9509742  0.1752324 
466   1.6038206  0.4766247  0.9790723  0.1746626 
467   1.5771905  0.4537157  0.9818643  0.1689027 
468   1.6204149  0.4512567  0.9785425  0.1661869 
469   1.5372953  0.4691806  0.9212699  0.1770330 
470   1.6091421  0.4595691  0.9494165  0.1733728 
471   1.6737881  0.4461521  0.9864420  0.1605004 
472   1.6689095  0.4462546  1.0245433  0.1685959 
473   1.7393250  0.4805088  1.0509266  0.1788864 
474   1.7253524  0.4566270  1.0306836  0.1599045 
475   1.7487483  0.4564294  1.0353433  0.1789888 
476   1.6943897  0.4667994  1.0034344  0.1738780 
477   1.6666929  0.4725436  0.9952506  0.1838310 
478   1.7980859  0.4629961  1.1246997  0.1693961 
479   1.7142621  0.4731248  1.0494870  0.1745240 
480   1.6289060  0.4619116  0.9941006  0.1755968 
481   1.6517310  0.4686973  1.0198852  0.1798926 
482   1.6450516  0.4589650  1.0124277  0.1838319 
483   1.7483289  0.4475529  1.0969901  0.1726047 
484   1.6893966  0.4522287  1.0290135  0.1731547 
485   1.7307454  0.4565409  1.0594434  0.1749884 
486   1.7220441  0.4473573  1.0473363  0.1799860 
487   1.7685213  0.4441696  1.0271839  0.1695884 
488   1.7932677  0.4511449  1.0629588  0.1650368 
489   1.7871504  0.4584155  1.0293236  0.1862366 
490   1.7706083  0.4511749  1.0154415  0.2098410 
491   1.7313989  0.4292578  1.0270386  0.1925039 
492   1.8099102  0.4460255  1.1049923  0.1994475 
493   1.7697448  0.4549970  1.0657208  0.2097397 
494   1.6691101  0.4432678  1.0147165  0.2100195 
495   1.6727651  0.4577700  1.0484902  0.1995290 
496   1.5915294  0.4429122  0.9739728  0.2018263 
497   1.5355170  0.4630955  0.9180197  0.1970830 
498   1.5503938  0.4587950  0.9404189  0.2035915 
499   1.5824040  0.4692074  0.9935058  0.1990348 
500   1.6378243  0.4802985  1.0085987  0.1762489 
501   1.6866357  0.4644663  1.0388374  0.1917631 
502   1.7123210  0.4641498  1.0370867  0.1818482 
503   1.6689607  0.4869314  1.0285088  0.2010014 
504   1.6963813  0.4723308  1.0320160  0.1996187 
505   1.6406559  0.4783483  1.0264122  0.1994650 
506   1.6443989  0.4604978  1.0041205  0.1742334 
507   1.7616756  0.4667521  1.0694430  0.1932514 
508   1.6671109  0.4727004  1.0011220  0.1817775 
509   1.6707234  0.4788885  1.0109948  0.1850452 
510   1.7104702  0.4635611  1.0584389  0.1918825 
511   1.6686994  0.4601485  0.9964359  0.1983236 
512   1.7024657  0.4415236  1.0339210  0.1946314 
513   1.6900696  0.4403663  1.0259053  0.1940148 
514   1.7112558  0.4604794  1.0172868  0.1836584 
515   1.7064472  0.4684038  1.0499958  0.1956336 
516   1.7218554  0.4594494  1.0602082  0.2088128 
517   1.7271111  0.4734511  1.0660543  0.2080861 
518   1.6788268  0.4528057  1.0602814  0.2039248 
519   1.6329788  0.4801019  1.0373032  0.2146809 
520   1.5956287  0.4926632  1.0378212  0.2056675 
521   1.6011357  0.4916786  1.0629909  0.2096525 
522   1.6371664  0.4765278  1.0875534  0.2202637 
523   1.6753495  0.4816723  1.1222113  0.2253321 
524   1.6677403  0.4826598  1.1115286  0.2261031 
525   1.6859921  0.4712915  1.1259702  0.2219534 
526   1.6852022  0.4815003  1.0763712  0.2336930 
527   1.6545144  0.4540383  1.0843509  0.2260245 
528   1.5918788  0.4630448  1.0251354  0.2420613 
529   1.6082252  0.4619666  1.0287662  0.2467074 
530   1.5997260  0.4760244  1.0510211  0.2332611 
531   1.7140905  0.4481279  1.1171452  0.2212957 
532   1.6714399  0.4502092  1.0719558  0.2176112 
533   1.6823893  0.4565024  1.0788133  0.2152963 
534   1.6730621  0.4668802  1.0370568  0.2031095 
535   1.6834780  0.4538948  1.0421330  0.2342890 
536   1.6358639  0.4630147  1.0225494  0.2086857 
537   1.6797551  0.4479655  1.0663368  0.2192121 
538   1.6615132  0.4685129  1.0428506  0.2158186 
539   1.7228625  0.4794522  1.0662512  0.2356461 
540   1.6729214  0.4752096  1.0533963  0.2284894 
541   1.6009277  0.4877382  1.0703061  0.2125717 
542   1.6343571  0.4692065  1.0713248  0.2282130 
543   1.6065911  0.4479534  1.0656235  0.1962811 
544   1.6827689  0.4705624  1.1178938  0.2177134 
545   1.7292256  0.4659615  1.1096438  0.2153569 
546   1.7531968  0.4751421  1.1226701  0.2177671 
547   1.7670153  0.4791750  1.1191227  0.2005206 
548   1.7219344  0.4734698  1.0710866  0.2359051 
549   1.7705078  0.4742692  1.1347659  0.2450075 
550   1.7990770  0.4886801  1.1466123  0.2082291 
551   1.8081715  0.4767636  1.1391600  0.2317724 
552   1.6811563  0.4692659  1.0656887  0.2219505 
553   1.7110325  0.4765618  1.1021985  0.2226480 
554   1.6826545  0.4707301  1.0708282  0.2084242 
555   1.7508651  0.4855167  1.0959046  0.2188415 
556   1.7615275  0.4850358  1.1103899  0.2507218 
557   1.7668326  0.4765324  1.1141782  0.2191132 
558   1.7545711  0.4891915  1.1106130  0.2395236 
559   1.8535473  0.4875209  1.1948674  0.2082506 
560   1.8221643  0.4803347  1.1872712  0.2050972 
561   1.8748864  0.4902398  1.1783490  0.1945753 
562   1.8782141  0.5010678  1.2367539  0.2373686 
563   1.8911909  0.4898951  1.2046314  0.2191486 
564   1.8651028  0.5012470  1.1873015  0.2278239 
565   1.8282963  0.4738480  1.1807796  0.2304088 
566   1.8711470  0.4996898  1.1789274  0.2220922 
567   1.9229714  0.4802717  1.2069930  0.2259458 
568   1.8946803  0.4848863  1.2030299  0.2192253 
569   1.9495250  0.4764226  1.2261744  0.2396193 
570   1.9428090  0.4970553  1.2213498  0.2726569 
571   1.9023186  0.4669939  1.1902188  0.2612351 
572   1.9050466  0.4700269  1.1890799  0.2457649 
573   1.9961102  0.4714348  1.2528014  0.2542098 
574   2.0333881  0.4872083  1.2555872  0.2827642 
575   1.9501342  0.4860645  1.2560643  0.2633427 
576   1.8995239  0.4753557  1.1731123  0.2572753 
577   1.9580673  0.4857859  1.2730495  0.2584329 
578   1.8801235  0.4887480  1.1991986  0.2560595 
579   1.8912362  0.4745514  1.2017527  0.2503090 
580   1.9249997  0.4726875  1.2058333  0.2475444 
581   1.8263751  0.4792247  1.1234006  0.2562208 
582   1.8199482  0.4795427  1.1245443  0.2453950 
583   1.8800719  0.4832002  1.1691043  0.2652877 
584   1.8676426  0.4795324  1.1786758  0.2512822 
585   1.8518027  0.4940704  1.1957287  0.2823949 
586   1.8556938  0.4885805  1.1561284  0.2689365 
587   1.8342854  0.4851211  1.1538756  0.2391200 
588   1.8121184  0.4639301  1.1525693  0.2397983 
589   1.8261764  0.4805312  1.1649818  0.2654376 
590   1.7877342  0.4746561  1.1431872  0.2475602 
591   1.6946858  0.4713240  1.0857320  0.2467827 
592   1.6678783  0.4602394  1.0592602  0.2701754 
593   1.7398449  0.4586737  1.1283869  0.2642842 
594   1.7597603  0.4728464  1.1490839  0.2908898 
595   1.6390387  0.4723257  1.0411482  0.2636385 
596   1.7010578  0.4676004  1.0967641  0.2582551 
597   1.6626229  0.4615321  1.0717862  0.2421837 
598   1.5961679  0.4647000  1.0313680  0.2499977 
599   1.6856272  0.4839903  1.1294134  0.2349376 
600   1.6936934  0.4671117  1.0896454  0.2398167 
601   1.7736322  0.4779934  1.1833935  0.2306755 
602   1.7245029  0.4737533  1.1421263  0.2499276 
603   1.6619661  0.4805343  1.0977050  0.2422105 
604   1.7027540  0.4814932  1.1246065  0.2632877 
605   1.8070506  0.4827131  1.1531034  0.2508573 
606   1.7700045  0.4730908  1.1074216  0.2659028 
607   1.6811907  0.4589370  1.0619671  0.2602355 
608   1.7214016  0.4417425  1.0923765  0.2515324 
609   1.7024865  0.4426851  1.0823998  0.1891593 
610   1.6898150  0.4421777  1.0650600  0.2264941 
611   1.7115656  0.4523154  1.1336823  0.2175299 
612   1.6633766  0.4385465  1.1147754  0.2144202 
613   1.6097757  0.4490971  1.0675235  0.2038125 
614   1.5858580  0.4424331  1.0354941  0.1967339 
615   1.5920289  0.4453285  1.0479835  0.1864799 
616   1.6876814  0.4666766  1.0776423  0.2038842 
617   1.6271406  0.4577923  1.0529149  0.2336712 
618   1.6617419  0.4555585  1.0433012  0.2234074 
619   1.6484998  0.4748595  1.0730430  0.2503325 
620   1.7844899  0.4721443  1.1577628  0.2521506 
621   1.7985073  0.4651684  1.1645594  0.2135734 
622   1.7687361  0.4487259  1.1205772  0.2033166 
623   1.7145321  0.4679097  1.1169935  0.2430005 
624   1.7318690  0.4643443  1.1403981  0.2108674 
625   1.7521032  0.4852237  1.1671315  0.2436514 
626   1.7632480  0.4800035  1.1561424  0.2450554 
627   1.8224827  0.4772668  1.1756145  0.2191313 
628   1.7671891  0.4738317  1.1580534  0.2076738 
629   1.7874224  0.4843644  1.1765131  0.2353202 
630   1.7914459  0.4672402  1.1795113  0.2140735 
631   1.8394527  0.4804876  1.1592901  0.2201222 
632   1.8176078  0.4618988  1.1286675  0.2136175 
633   1.8414248  0.4551139  1.1719478  0.2168610 
634   1.8791590  0.4483379  1.1707615  0.2123637 
635   1.9405063  0.4663076  1.2190412  0.2119126 
636   1.8939624  0.4858631  1.1600629  0.2229247 
637   1.9817470  0.4781397  1.2357293  0.2077837 
638   1.9100009  0.4782213  1.2203387  0.2295038 
639   1.9033722  0.4657445  1.1840321  0.2309227 
640   1.9342278  0.4575264  1.2071722  0.2014426 
641   1.9564747  0.4815381  1.2396762  0.2154773 
642   1.8862250  0.4765469  1.1950700  0.2278405 
643   1.9191308  0.4636881  1.2006558  0.2299056 
644   1.8782779  0.4686658  1.1658772  0.2315443 
645   1.8674343  0.4738950  1.1314571  0.2265636 
646   1.8976308  0.4664873  1.1518519  0.2271595 
647   1.8623772  0.4780128  1.1807032  0.2439648 
648   1.8650247  0.4846468  1.1804304  0.2326818 
649   1.8414862  0.4872563  1.1846087  0.2076101 
650   1.7833220  0.4779210  1.1537197  0.2081942 
651   1.8619890  0.5017847  1.2045509  0.2398935 
652   1.9150219  0.5026103  1.2399558  0.2145202 
653   1.9157898  0.4722755  1.2546039  0.2008715 
654   1.8256878  0.4786296  1.1959240  0.1989072 
655   1.8607543  0.4837359  1.2428797  0.2102009 
656   1.7947587  0.4828711  1.2070494  0.1823712 
657   1.6714482  0.5079698  1.1133944  0.1727719 
658   1.5728067  0.4905068  1.0508008  0.1734002 
659   1.6750644  0.4881267  1.1077590  0.2184094 
660   1.6995671  0.4923753  1.1447167  0.2056103 
661   1.7961812  0.4926724  1.1850303  0.2056903 
662   1.7115256  0.4940075  1.1346049  0.1739103 
663   1.6814406  0.4809321  1.1254832  0.1779160 
664   1.7056843  0.5102270  1.1461076  0.1795754 
665   1.7040144  0.4831202  1.1545707  0.1431296 
666   1.7462718  0.4807066  1.2152526  0.1938649 
667   1.7501931  0.4760455  1.1767925  0.1782180 
668   1.7014447  0.4693367  1.1523390  0.1820151 
669   1.7613899  0.4785169  1.2086947  0.1629301 
670   1.7418277  0.4898812  1.2004763  0.1584269 
671   1.8236880  0.4758675  1.2390286  0.1784897 
672   1.7951858  0.4891841  1.2051827  0.1975239 
673   1.7681674  0.4934417  1.2017343  0.1928076 
674   1.7423223  0.4899721  1.2363983  0.1903736 
675   1.7446519  0.4871204  1.1891357  0.2064371 
676   1.6166350  0.4770818  1.1279222  0.1886711 
677   1.6372390  0.4783301  1.0953848  0.2037539 
678   1.6512154  0.4873478  1.1056697  0.2088132 
679   1.6160860  0.4781010  1.1022267  0.1891986 
680   1.7276998  0.4832964  1.1561208  0.2147676 
681   1.6371304  0.4720881  1.1132828  0.1931128 
682   1.6200361  0.4732660  1.1254302  0.1911803 
683   1.6238071  0.4708067  1.0947006  0.2090984 
684   1.7034446  0.4789332  1.1282365  0.2112458 
685   1.7152209  0.4872824  1.1482118  0.2135231 
686   1.7266114  0.4831458  1.1362174  0.2190634 
687   1.7237087  0.4655824  1.1183966  0.2108326 
688   1.7961911  0.4924542  1.1665155  0.1832114 
689   1.8354610  0.4727213  1.2132791  0.2208875 
690   1.8253335  0.4788719  1.1795464  0.2121421 
691   1.9132897  0.4832570  1.2427559  0.1911261 
692   1.9734349  0.4778147  1.2458096  0.1868901 
693   1.9005429  0.4837022  1.1936519  0.1941985 
694   1.8964989  0.4999546  1.2207105  0.2083801 
695   1.8069265  0.4876948  1.1536540  0.1951082 
696   1.8722683  0.4753256  1.2278587  0.2207750 
697   1.9641026  0.4886417  1.2666209  0.2171751 
698   1.9394546  0.4913945  1.2472302  0.2117109 
699   1.9367062  0.4833950  1.2601677  0.2061334 
700   1.9701329  0.4731114  1.2400957  0.1998406 
701   1.9534097  0.4858067  1.2589602  0.2056053 
702   1.9877105  0.4982167  1.3067124  0.1985730 
703   1.9583237  0.4980032  1.2786391  0.1984110 
704   1.9718128  0.4892029  1.2755388  0.1880382 
705   1.9283015  0.4757481  1.2281116  0.1827797 
706   2.0403423  0.4711120  1.3013328  0.1989109 
707   2.0209761  0.4932778  1.2787800  0.2040102 
708   1.8986468  0.4801717  1.2244164  0.2240745 
709   1.9210478  0.4688720  1.2374456  0.2000637 
710   1.9442912  0.4568115  1.2367271  0.2003124 
711   1.9578234  0.4804426  1.2474432  0.2079647 
712   1.9567890  0.4670776  1.2559346  0.2093235 
713   1.9190422  0.4655926  1.2307584  0.2019761 
714   1.9243929  0.4660373  1.2474833  0.2059379 
715   1.9508852  0.4543719  1.2837272  0.2068554 
716   1.9811901  0.4753202  1.3137568  0.1924113 
717   1.9789876  0.4719987  1.3042158  0.2096905 
718   1.9278646  0.4640892  1.2866836  0.2110788 
719   1.9374348  0.4662223  1.2907430  0.2052153 
720   1.9179102  0.4720279  1.2873224  0.2198824 
721   1.8843474  0.4753612  1.2516243  0.2250272 
722   1.8856063  0.4779644  1.2428625  0.2211299 
723   1.9019789  0.4711822  1.2638294  0.2450404 
724   1.8645352  0.4871748  1.2461388  0.2399697 
725   1.9640701  0.4756904  1.2909150  0.2184688 
726   1.9997994  0.4863736  1.3023086  0.2015970 
727   1.9706368  0.4761569  1.2716180  0.2090156 
728   2.0085192  0.4787630  1.2851803  0.2189139 
729   2.0798118  0.4830659  1.3268611  0.2156968 
730   2.0819321  0.4754451  1.3019813  0.2114825 
731   2.0225887  0.4693432  1.2741286  0.2028031 
732   2.0325592  0.4767994  1.2800114  0.2471893 
733   1.9665941  0.4790346  1.2338738  0.2252554 
734   1.9292243  0.4756183  1.2114619  0.2121387 
735   1.9074709  0.4900074  1.1988858  0.2366016 
736   1.8925451  0.4778038  1.1525663  0.2364470 
737   1.9241117  0.4739334  1.1921682  0.2237579 
738   1.9589791  0.4798484  1.2328095  0.2429090 
739   1.9003059  0.4893625  1.1795003  0.2136774 
740   1.8710951  0.4784929  1.1636717  0.2143850 
741   1.8676672  0.4939741  1.1859404  0.2415563 
742   1.8600576  0.4829171  1.1835955  0.2150139 
743   1.8915015  0.4805876  1.2099282  0.2155861 
744   1.9301527  0.4936662  1.2407496  0.2290174 
745   1.8245374  0.4722838  1.2138216  0.1918023 
746   1.8264987  0.4932786  1.2064455  0.2045602 
747   1.9449563  0.4929684  1.2174511  0.2076742 
748   1.9035048  0.5099929  1.2185892  0.2027944 
749   1.9209766  0.4928490  1.2205088  0.2058524 
750   1.8821113  0.5075625  1.1829296  0.2103515 
751   1.7896552  0.4985448  1.1541559  0.2090227 
752   1.8189700  0.4866671  1.1425991  0.2043975 
753   1.8406618  0.5060791  1.1931068  0.1999757 
754   1.8048879  0.4820444  1.1565133  0.2145324 
755   1.8106552  0.4995692  1.1533530  0.2213321 
756   1.8976099  0.5203305  1.2120191  0.2304069 
757   1.8637168  0.4983188  1.2184063  0.2010576 
758   1.8873527  0.5025850  1.2786620  0.2211081 
759   1.8311939  0.4820337  1.2135174  0.2082627 
760   1.8412333  0.4885494  1.2249405  0.2134708 
761   1.8822377  0.4884379  1.2050536  0.1865018 
762   1.8670123  0.4975834  1.1843400  0.2141613 
763   1.9774423  0.5028703  1.2776352  0.2195007 
764   1.9584832  0.4967217  1.2339193  0.2260503 
765   1.8664911  0.4840379  1.1427097  0.1759564 
766   1.7948314  0.4861538  1.0910249  0.1874734 
767   1.8444750  0.4863048  1.1659155  0.2218897 
768   1.8494354  0.4755853  1.1369820  0.2266730 
769   1.8237166  0.4832470  1.1281489  0.2362319 
770   1.8844137  0.4746931  1.1740544  0.2309951 
771   1.9248017  0.5018147  1.2285730  0.2244881 
772   2.0143859  0.4926866  1.3091986  0.2076633 
773   1.9319979  0.5033581  1.1980472  0.2200308 
774   1.9045780  0.4997230  1.1888827  0.1978174 
775   1.8847995  0.4891696  1.2248424  0.2103461 
776   1.8470142  0.4915296  1.2182219  0.1937915 
777   1.8963393  0.5097424  1.2262377  0.2124839 
778   1.9389260  0.4983395  1.2398658  0.2087547 
779   1.9982849  0.5054159  1.3058988  0.1965417 
780   1.9790714  0.5149348  1.2779309  0.1973609 
781   2.0802119  0.5168352  1.3530141  0.2041772 
782   2.0556157  0.5338468  1.3299298  0.2063471 
783   1.9652513  0.5237242  1.3064760  0.2144385 
784   1.9466022  0.5266422  1.2643574  0.2100113 
785   1.8988063  0.5640409  1.2806870  0.2291287 
786   1.9134578  0.5603761  1.2657723  0.2213419 
787   1.9233348  0.5504813  1.2325857  0.2056628 
788   1.8938105  0.5602140  1.2327387  0.2255783 
789   1.9364909  0.5519369  1.2832974  0.2118896 
790   1.8293924  0.5287433  1.1795098  0.2382214 
791   1.8609661  0.5037677  1.1818029  0.2113173 
792   1.9056951  0.5083405  1.2233622  0.2123831 
793   1.9361407  0.5209748  1.2638483  0.2151293 
794   1.9473175  0.5168757  1.2743560  0.2259528 
795   1.9710922  0.5281441  1.2787017  0.2130142 
796   1.9839020  0.5654124  1.2733165  0.2186833 
797   1.9889944  0.5845258  1.3169540  0.2574938 
798   1.9425621  0.5610857  1.2559942  0.2374315 
799   1.9382362  0.5435569  1.2437207  0.2424842 
800   1.8937297  0.5221236  1.2064737  0.2266032 
801   1.9923489  0.5234237  1.2696695  0.2172953 
802   1.9666624  0.5178691  1.2757856  0.2373294 
803   1.9369239  0.5182120  1.2658385  0.2209857 
804   1.9195188  0.5285869  1.1988574  0.2434993 
805   1.8524791  0.5196531  1.1787285  0.2354214 
806   1.8575838  0.5120736  1.2213140  0.2498590 
807   1.9038475  0.5172591  1.2102435  0.2175740 
808   1.7939547  0.5163593  1.1494237  0.2110818 
809   1.8362287  0.5237633  1.2035631  0.2231211 
810   1.8776218  0.5236023  1.2167788  0.2210981 
811   1.8916031  0.5294825  1.2420853  0.2248165 
812   1.8765264  0.5261753  1.2505388  0.2134165 
813   1.9109012  0.5351760  1.2421647  0.2040486 
814   1.9296165  0.5401211  1.2400409  0.2263079 
815   1.9418976  0.5462232  1.2822216  0.2327345 
816   2.0022414  0.5250115  1.2943432  0.2122705 
817   1.9867955  0.5293849  1.2696810  0.2253375 
818   1.9471936  0.5682196  1.2486953  0.2140843 
819   1.8680124  0.5589508  1.2171116  0.1959911 
820   1.9135523  0.5433678  1.2531631  0.1944150 
821   1.8753120  0.5620129  1.2166586  0.2025385 
822   1.8219800  0.5514376  1.1643095  0.1880870 
823   1.8538498  0.5351807  1.1706244  0.1992417 
824   1.7777036  0.5376466  1.1663393  0.1947989 
825   1.8142315  0.5561802  1.1857221  0.1951649 
826   1.7879828  0.5544327  1.1832675  0.2012829 
827   1.8367293  0.5516600  1.2210025  0.1995474 
828   1.7351309  0.5492158  1.1689948  0.2213935 
829   1.7921119  0.5386122  1.2109931  0.1825561 
830   1.7771189  0.5727664  1.1553049  0.1682990 
831   1.7533602  0.5567924  1.1690235  0.1918700 
832   1.7740849  0.5533126  1.1356006  0.1864127 
833   1.8418548  0.5315395  1.1910546  0.1912973 
834   1.8748895  0.5550236  1.2381912  0.1941978 
835   1.8624059  0.5461652  1.2957867  0.2093980 
836   1.8767123  0.5461557  1.2665908  0.1821982 
837   1.8892879  0.5562398  1.2619920  0.1844445 
838   1.8697706  0.5457699  1.2503082  0.1888470 
839   1.9457031  0.5264592  1.3201603  0.1835448 
840   1.8742537  0.5305098  1.2863277  0.1917830 
841   1.8846288  0.5478656  1.2985826  0.1904537 
842   1.7969655  0.5446154  1.2330152  0.1898543 
843   1.8575020  0.5409042  1.2554686  0.1726550 
844   1.7914469  0.5535769  1.1870029  0.1740628 
845   1.8900979  0.5552850  1.2381217  0.1974723 
846   1.8622152  0.5467275  1.2343559  0.1960645 
847   1.9721889  0.5498403  1.3036320  0.2000923 
848   1.9459985  0.5243039  1.2524062  0.2227092 
849   1.9854349  0.5382210  1.2513841  0.2310587 
850   2.0572488  0.5754191  1.3027940  0.2305144 
851   2.0993378  0.5627714  1.3428186  0.2207365 
852   2.0289187  0.5613912  1.2414762  0.2218791 
853   2.1237760  0.5521752  1.2861896  0.2241971 
854   2.0994678  0.5435298  1.2635534  0.2156062 
855   2.1934497  0.5413368  1.3100072  0.2214718 
856   2.0933657  0.5379347  1.3057636  0.2027371 
857   2.1212728  0.5700374  1.3462425  0.2037026 
858   2.0995111  0.5393966  1.3352813  0.2247479 
859   2.1265144  0.5491576  1.3741659  0.2142328 
860   2.1267691  0.5463875  1.3681808  0.1837357 
861   2.0998967  0.5577012  1.3213921  0.2125902 
862   2.1221056  0.5437388  1.3076386  0.2054890 
863   2.0889947  0.5343844  1.2929821  0.1954091 
864   2.1957633  0.5572743  1.3826503  0.1911742 
865   2.2019014  0.5436880  1.3965392  0.1878451 
866   2.1577253  0.5324296  1.3879725  0.1821072 
867   2.1662858  0.5333977  1.3775539  0.1865479 
868   2.0832579  0.5415988  1.3439159  0.1874825 
869   2.1053455  0.5193928  1.3222851  0.1979813 
870   2.0953088  0.5483908  1.3028607  0.2078764 
871   2.1193275  0.5347340  1.3275917  0.1982795 
872   2.1397436  0.5592334  1.3833597  0.2002009 
873   2.0816052  0.5610052  1.3051703  0.1790955 
874   2.0404191  0.5547882  1.2790374  0.2101872 
875   1.9987528  0.5563442  1.2664356  0.2087017 
876   2.0178096  0.5424657  1.2833104  0.2218433 
877   2.0722270  0.5614172  1.3419847  0.2219039 
878   2.1104925  0.5620213  1.3383774  0.2291528 
879   2.1075995  0.5590875  1.3461615  0.2113593 
880   2.0760458  0.5528111  1.3605492  0.2143725 
881   2.1407738  0.5732648  1.3830926  0.2115975 
882   2.0612969  0.5577449  1.3211614  0.2211538 
883   2.0112875  0.5840281  1.3099838  0.2183775 
884   2.1169567  0.5783177  1.3227346  0.2168008 
885   2.0994775  0.5810604  1.3293796  0.2166095 
886   2.1954679  0.5719733  1.3969117  0.2055097 
887   2.1425841  0.5662580  1.3446096  0.2052178 
888   2.1009898  0.5671098  1.3162636  0.2133553 
889   2.1011126  0.5442955  1.3133825  0.1772572 
890   2.0863047  0.5522108  1.3110818  0.1879379 
891   2.1156449  0.5338073  1.3344830  0.2030403 
892   2.1585541  0.5730916  1.3155326  0.1977033 
893   2.1295321  0.5683415  1.3208982  0.1885173 
894   2.1561315  0.5872667  1.3237582  0.2140486 
895   2.2206624  0.5900431  1.3929353  0.2136643 
896   2.2041950  0.5847499  1.3975229  0.2023704 
897   2.2112730  0.5861116  1.3771791  0.1957701 
898   2.1544361  0.5555955  1.3541667  0.2109080 
899   2.1327453  0.5577968  1.2909749  0.1912908 
900   2.1647108  0.5352967  1.3184474  0.1652468 
901   2.1765325  0.5635996  1.3462739  0.1721644 
902   2.2224071  0.5738978  1.3798907  0.1743410 
903   2.3019810  0.5687681  1.4213127  0.1777062 
904   2.2537298  0.5786909  1.3690711  0.1713078 
905   2.2761202  0.5739245  1.3927233  0.1690938 
906   2.3306999  0.5518421  1.3800349  0.1769271 
907   2.3095572  0.5615835  1.3855101  0.1931583 
908   2.2644753  0.5722371  1.3673372  0.1983043 
909   2.2937539  0.5465036  1.3661075  0.1655320 
910   2.3457386  0.5740326  1.4134446  0.1827990 
911   2.2742698  0.5474272  1.3823413  0.1698465 
912   2.2414978  0.5665660  1.3900853  0.1987958 
913   2.2758079  0.5778429  1.4012113  0.1810696 
914   2.3015079  0.5747169  1.4468775  0.1901886 
915   2.3354809  0.6010774  1.5250499  0.1882309 
916   2.1657605  0.5867770  1.4188166  0.2017970 
917   2.1877606  0.5949621  1.4212816  0.2052565 
918   2.1200457  0.5847416  1.3981931  0.1936521 
919   2.1752644  0.5988781  1.4115245  0.1866526 
920   2.1679730  0.5773982  1.3916373  0.2062421 
921   2.1727061  0.5793996  1.3702401  0.1968828 
922   2.1455317  0.5991988  1.3845830  0.2048537 
923   2.2080483  0.5708555  1.4161249  0.1807612 
924   2.1950760  0.5373165  1.3777837  0.1783509 
925   2.2435963  0.5717616  1.4149586  0.1887872 
926   2.1594765  0.5410170  1.3867906  0.1787817 
927   2.0846193  0.5429989  1.3148028  0.1750868 
928   2.0803571  0.5278075  1.2951827  0.1701329 
929   2.1311378  0.5195224  1.2801424  0.1780280 
930   2.1448879  0.5456087  1.2997655  0.1833863 
931   2.1681108  0.5288436  1.3739464  0.1664761 
932   2.1919851  0.5346178  1.3215433  0.1745099 
933   2.1482825  0.5051305  1.3101674  0.1648317 
934   2.2073193  0.5194834  1.3752311  0.1620816 
935   2.1989503  0.5285849  1.3323299  0.1753273 
936   2.1886401  0.5211070  1.3259569  0.1692014 
937   2.2404120  0.5445800  1.3573124  0.1720185 
938   2.2396259  0.5370851  1.3246943  0.1637384 
939   2.2962954  0.5106376  1.3664248  0.1654277 
940   2.4062726  0.5086420  1.4002993  0.1657594 
941   2.3116567  0.5067615  1.3305969  0.1600324 
942   2.2714489  0.5208521  1.3120736  0.1671323 
943   2.3690526  0.5373664  1.4068722  0.1722732 
944   2.2995992  0.5430395  1.3770734  0.1731006 
945   2.2472007  0.5276514  1.3338344  0.1651382 
946   2.2810283  0.5226908  1.3574823  0.1609096 
947   2.3268027  0.5198855  1.3736600  0.1643760 
948   2.2571907  0.5528366  1.3617345  0.1605359 
949   2.2997885  0.5613672  1.3869195  0.1332227 
950   2.2416711  0.5531126  1.3808265  0.1657112 
951   2.2640617  0.5255446  1.3678789  0.1544007 
952   2.3063376  0.5153371  1.3902929  0.1618173 
953   2.1884978  0.5221451  1.3524247  0.1624184 
954   2.1557570  0.5239667  1.3411529  0.1679839 
955   2.2895555  0.5570648  1.4312909  0.1496026 
956   2.3072436  0.5431915  1.4376497  0.1567035 
957   2.2675295  0.5396227  1.4307760  0.1678707 
958   2.3166499  0.5309657  1.4652812  0.1575029 
959   2.3044810  0.5247713  1.4781150  0.1586380 
960   2.3540134  0.5336241  1.5170221  0.1788394 
961   2.3522725  0.5465503  1.4638501  0.1773521 
962   2.4373133  0.5727376  1.5275360  0.2005484 
963   2.4212136  0.5642235  1.5694497  0.1831689 
964   2.3858702  0.5515000  1.5254115  0.1768064 
965   2.4062796  0.5351632  1.5668002  0.1779254 
966   2.4061019  0.5160902  1.5364085  0.1836615 
967   2.3164446  0.5270224  1.4546942  0.1729314 
968   2.2756824  0.5445176  1.4096780  0.1581489 
969   2.3645875  0.5556006  1.4814745  0.1522988 
970   2.3078897  0.5211149  1.4117296  0.1607212 
971   2.3149838  0.5191802  1.4338299  0.1729531 
972   2.3139477  0.5283352  1.4927665  0.1816597 
973   2.3153017  0.5359284  1.4664798  0.1660995 
974   2.3233008  0.5640373  1.4913753  0.1793092 
975   2.3248765  0.5412128  1.4620956  0.1604917 
976   2.3283267  0.5436491  1.4678602  0.1915514 
977   2.3127167  0.5205556  1.4687074  0.1830516 
978   2.3331959  0.5508015  1.5046754  0.1933399 
979   2.3526597  0.5465107  1.5224558  0.1834279 
980   2.3567865  0.5417284  1.4851805  0.1741582 
981   2.3928106  0.5412241  1.4918797  0.1798014 
982   2.3868651  0.5342669  1.4958345  0.1699130 
983   2.3741207  0.5078995  1.5063174  0.1609944 
984   2.4242933  0.5339662  1.5147647  0.1907417 
985   2.4065106  0.5135521  1.5178013  0.1621701 
986   2.3995044  0.5161796  1.4981964  0.1762077 
987   2.3705850  0.5314364  1.5018888  0.1824433 
988   2.3231661  0.5201998  1.4219688  0.1895484 
989   2.2653260  0.5224577  1.4096528  0.1746029 
990   2.3203580  0.5234041  1.4730569  0.1849957 
991   2.3754275  0.5266495  1.4748695  0.2158726 
992   2.3252139  0.5157449  1.3984724  0.1986234 
993   2.3277748  0.5102477  1.4139899  0.2017728 
994   2.2923424  0.5345805  1.4090444  0.1736431 
995   2.2373824  0.5176467  1.3805286  0.2135869 
996   2.3032749  0.5084898  1.4262369  0.1885235 
997   2.3787451  0.5079111  1.4570963  0.1945403 
998   2.3643315  0.5340557  1.4804729  0.1769913 
999   2.3589513  0.5069029  1.4802159  0.1575199 
1000  2.4403355  0.5129271  1.5363373  0.1830608 
1001  2.3977962  0.5187218  1.5323087  0.1656976 
1002  2.3769088  0.5161284  1.4877317  0.1528563 
1003  2.3165951  0.5284745  1.4552249  0.1738982 
1004  2.4119201  0.5178313  1.4620239  0.1740707 
1005  2.3308003  0.5348518  1.4232496  0.1572606 
1006  2.3708448  0.4997787  1.4806458  0.1784616 
1007  2.3256688  0.5098091  1.4580625  0.1675066 
1008  2.3204732  0.5137266  1.4696269  0.1806239 
1009  2.4019876  0.5462319  1.5310287  0.1912093 
1010  2.3076911  0.5242922  1.4385521  0.1664312 
1011  2.3579037  0.5162071  1.4789166  0.1736550 
1012  2.3295271  0.5235937  1.4767582  0.1848737 
1013  2.2990472  0.5210689  1.4394706  0.1659885 
1014  2.3407857  0.5377625  1.5103297  0.1835843 
1015  2.3564241  0.5287834  1.4865252  0.1903174 
1016  2.3110271  0.5442092  1.4752371  0.1830709 
1017  2.2376668  0.5193594  1.4473611  0.1666135 
1018  2.2872298  0.5294867  1.4900941  0.1830550 
1019  2.2039413  0.5579454  1.4160203  0.1751771 
1020  2.3143971  0.5517803  1.4699132  0.1667233 
1021  2.3532968  0.5278358  1.5211469  0.1964279 
1022  2.3671606  0.5334731  1.5272493  0.2006223 
1023  2.3388879  0.5500458  1.5164685  0.1782478 
1024  2.3006384  0.5191337  1.4723185  0.1698252 
1025  2.4070148  0.5324467  1.5375421  0.1895644 
1026  2.4395399  0.5327144  1.5960168  0.1954444 
1027  2.3610892  0.5272679  1.5541717  0.1926226 
1028  2.3650050  0.5407797  1.5510781  0.2076394 
1029  2.3812714  0.5407575  1.5518104  0.2043402 
1030  2.3815737  0.5148216  1.5507209  0.2071950 
1031  2.3963373  0.5512384  1.5510206  0.2063625 
1032  2.3783364  0.5362917  1.5214270  0.1858214 
1033  2.4211109  0.5550160  1.5489353  0.1792084 
1034  2.3663783  0.5458726  1.5129772  0.2076744 
1035  2.3552239  0.5527011  1.5075794  0.1996700 
1036  2.3825216  0.5465937  1.5425971  0.1900596 
1037  2.3426912  0.5190493  1.5097821  0.1779856 
1038  2.3014116  0.5153729  1.4982812  0.1775575 
1039  2.3021364  0.5231449  1.4682051  0.1971527 
1040  2.3292601  0.5220043  1.5023198  0.1967694 
1041  2.2779665  0.5120021  1.4341651  0.1733329 
1042  2.2814364  0.5324298  1.4185141  0.1748901 
1043  2.2059910  0.5290105  1.3869951  0.1687621 
1044  2.2680738  0.5308083  1.4166316  0.1827779 
1045  2.3798199  0.5273697  1.4978654  0.2168654 
1046  2.3017483  0.5107215  1.4268292  0.1912926 
1047  2.2652700  0.5135566  1.4118894  0.1831518 
1048  2.3036745  0.5224288  1.4377283  0.1747527 
1049  2.3634598  0.5251755  1.4700212  0.1779189 
1050  2.4521377  0.5285565  1.4969159  0.1857321 
1051  2.3734410  0.5260064  1.4675635  0.1903535 
1052  2.4148781  0.5396449  1.5235929  0.1949705 
1053  2.4631763  0.5389668  1.5484772  0.1929246 
1054  2.5410914  0.5169603  1.5772194  0.1770550 
1055  2.4281127  0.5324320  1.5281703  0.1855000 
1056  2.4505632  0.5324726  1.4916871  0.1860124 
1057  2.4240799  0.5453667  1.5047632  0.1650064 
1058  2.4423423  0.5598394  1.5509937  0.1807556 
1059  2.4978380  0.5564678  1.5781542  0.1844915 
1060  2.3511126  0.5463334  1.5105966  0.1961983 
1061  2.4844999  0.5442514  1.5872726  0.1841645 
1062  2.4981205  0.5422657  1.6208419  0.1716283 
1063  2.6485384  0.5508053  1.6657978  0.1708592 
1064  2.5562375  0.5389127  1.5703309  0.1827671 
1065  2.5418053  0.5470008  1.5841361  0.1784192 
1066  2.5800602  0.5503822  1.6581994  0.1958519 
1067  2.6005092  0.5644619  1.6802812  0.1853029 
1068  2.6183832  0.5468506  1.6982801  0.1879949 
1069  2.6051135  0.5534132  1.6855383  0.1838177 
1070  2.6315696  0.5563251  1.6973273  0.2008945 
1071  2.6798050  0.5410359  1.7191515  0.1996044 
1072  2.5782747  0.5598484  1.6326206  0.1927999 
1073  2.4816082  0.5434660  1.6017306  0.1779218 
1074  2.4631836  0.5503647  1.5915527  0.1884052 
1075  2.5621655  0.5674819  1.6690221  0.1951888 
1076  2.4990864  0.5481241  1.6353348  0.1842185 
1077  2.5133955  0.5539405  1.6216954  0.1920118 
1078  2.4767110  0.5492491  1.6088316  0.1847490 
1079  2.4582987  0.5523847  1.6446648  0.2035764 
1080  2.4566331  0.5315481  1.6260610  0.1864414 
1081  2.5273166  0.5392855  1.6351683  0.1821930 
1082  2.5351968  0.5353123  1.6483074  0.1826623 
1083  2.5283258  0.5201172  1.6540791  0.1831613 
1084  2.4493828  0.5165875  1.5452281  0.1932099 
1085  2.5090761  0.5320722  1.5923078  0.1872324 
1086  2.4005394  0.5298380  1.5249674  0.1891935 
1087  2.3501933  0.5424926  1.4751529  0.1855480 
1088  2.3272717  0.5209759  1.4864515  0.1771697 
1089  2.3768272  0.5436209  1.5043355  0.1715225 
1090  2.3618226  0.5348113  1.5155127  0.1808339 
1091  2.2881215  0.5266222  1.4648160  0.1858456 
1092  2.3765111  0.5755637  1.5060016  0.1829080 
1093  2.3404419  0.5630006  1.5020355  0.2073245 
1094  2.3660567  0.5605474  1.5350192  0.1781445 
1095  2.3890789  0.5474613  1.6160944  0.1855322 
1096  2.3758259  0.5442612  1.5791824  0.1708968 
1097  2.3416378  0.5464447  1.5548333  0.1867379 
1098  2.3189273  0.5526152  1.5377176  0.1986413 
1099  2.3710725  0.5561649  1.5089831  0.1944316 
1100  2.2857940  0.5502421  1.4843457  0.1944756 
1101  2.3746874  0.5531027  1.5256789  0.2131055 
1102  2.3665192  0.5564581  1.5664849  0.2176505 
1103  2.2930658  0.5394471  1.5093541  0.1877301 
1104  2.2458770  0.5547700  1.4695914  0.2165235 
1105  2.3107648  0.5508716  1.4809244  0.1921421 
1106  2.3246613  0.5367890  1.5005536  0.1773186 
1107  2.3436344  0.5259870  1.5216460  0.2078415 
1108  2.4352720  0.5452481  1.6112773  0.1975593 
1109  2.2779531  0.5325884  1.5031056  0.1747464 
1110  2.3201559  0.5546371  1.5133245  0.2163775 
1111  2.3004167  0.5540858  1.5124897  0.2093744 
1112  2.3632474  0.5652170  1.5466187  0.1983543 
1113  2.2390604  0.5590692  1.4705037  0.2112649 
1114  2.2661319  0.5483950  1.5034049  0.2152751 
1115  2.3519738  0.5491334  1.5793488  0.2274036 
1116  2.2598379  0.5423927  1.5057218  0.2308425 
1117  2.2764008  0.5215914  1.5237800  0.2178750 
1118  2.3102632  0.5424013  1.5173930  0.2522151 
1119  2.2893748  0.5461096  1.5165430  0.1919328 
1120  2.3663535  0.5684870  1.5859934  0.2194876 
1121  2.3065686  0.5667884  1.5544474  0.2048416 
1122  2.3883257  0.5607216  1.6011093  0.1913497 
1123  2.3810427  0.5423588  1.6031390  0.2192847 
1124  2.3146577  0.5741726  1.5623202  0.2291557 
1125  2.2819045  0.5626174  1.4923602  0.1996363 
1126  2.2814429  0.5568765  1.4920605  0.1737824 
1127  2.2649257  0.5516000  1.4995211  0.1926832 
1128  2.2564366  0.5335953  1.5029204  0.1963429 
1129  2.2312846  0.5423663  1.4934990  0.2005444 
1130  2.2602847  0.5597225  1.5029811  0.2378814 
1131  2.2298355  0.5548931  1.5099876  0.2202457 
1132  2.2344468  0.5613523  1.5073413  0.2111918 
1133  2.2478271  0.5724831  1.5033647  0.1937450 
1134  2.3198645  0.5756376  1.5249511  0.1703346 
1135  2.2418723  0.5540776  1.4933625  0.1704887 
1136  2.2632895  0.5707263  1.5250479  0.1974304 
1137  2.2600217  0.5799474  1.5175474  0.2045699 
1138  2.2280574  0.5550540  1.5069818  0.1959647 
1139  2.2002888  0.5810865  1.4853618  0.2089298 
1140  2.1847610  0.5648990  1.4933816  0.2143510 
1141  2.1947253  0.5678996  1.4765419  0.1932299 
1142  2.1626770  0.5689370  1.4648788  0.1827979 
1143  2.1561081  0.5794373  1.5065845  0.1726688 
1144  2.1988871  0.5385881  1.4865954  0.1657500 
1145  2.2784185  0.5495905  1.5364530  0.1938305 
1146  2.1147971  0.5467789  1.4494089  0.1897590 
1147  2.1603584  0.5669268  1.4828357  0.2167357 
1148  2.1641793  0.5446323  1.4646617  0.1971289 
1149  2.1193101  0.5375772  1.4425465  0.2062693 
1150  2.0690367  0.5701926  1.3896176  0.1934339 
1151  2.1184778  0.5789577  1.4280585  0.2170329 
1152  2.1558361  0.5619165  1.4853234  0.2074228 
1153  2.0671487  0.5467094  1.3890308  0.1756980 
1154  2.1651080  0.5707019  1.4890547  0.2274968 
1155  2.1850414  0.5850290  1.4956760  0.2312442 
1156  2.1870618  0.5640835  1.5326129  0.2365226 
1157  2.1566672  0.5561010  1.5170616  0.2140635 
1158  2.1725128  0.5597970  1.5249376  0.2040857 
1159  2.2059398  0.5550005  1.5601869  0.1967579 
1160  2.1525400  0.5732192  1.5281062  0.1922584 
1161  2.1176863  0.5386116  1.4993328  0.1800296 
1162  2.1366045  0.5405220  1.5284035  0.2080040 
1163  2.0921042  0.5680888  1.4770769  0.2099655 
1164  2.1054008  0.5695680  1.4517777  0.2164695 
1165  2.0959167  0.5605601  1.4618374  0.2317654 
1166  2.0858967  0.5598320  1.4604222  0.2353003 
1167  2.1453567  0.5563221  1.4923922  0.2405918 
1168  2.0596645  0.5663449  1.4534383  0.2022831 
1169  2.0492380  0.5841901  1.4460540  0.2049489 
1170  2.0403457  0.5871584  1.4645309  0.2449349 
1171  2.0865319  0.5958175  1.4941959  0.2229564 
1172  2.0299578  0.5640555  1.4365937  0.2172733 
1173  2.0715597  0.5554416  1.4862924  0.2494369 
1174  2.1250112  0.5450970  1.5028749  0.2364302 
1175  2.1808383  0.5608091  1.5342849  0.2309531 
1176  2.1043983  0.5433519  1.4776280  0.2198382 
1177  2.0675054  0.5511666  1.4601278  0.1940126 
1178  2.1690257  0.5547900  1.5104591  0.2100881 
1179  2.1085622  0.5776151  1.4716194  0.1875041 
1180  2.0832410  0.5495108  1.4572101  0.2305633 
1181  2.1488733  0.5723757  1.4959776  0.2246615 
1182  2.1546612  0.5806214  1.5190243  0.2280463 
1183  2.0991280  0.5625083  1.4553132  0.2142858 
1184  2.1287200  0.5577399  1.5141762  0.2301545 
1185  2.2105970  0.5693676  1.5631603  0.2378881 
1186  2.2066672  0.5670667  1.5364535  0.2292250 
1187  2.1815567  0.5667602  1.5261618  0.2490601 
1188  2.1056967  0.5850422  1.4595221  0.2438334 
1189  2.0843525  0.5510908  1.4498676  0.2317018 
1190  2.0607905  0.5676364  1.4430811  0.2263709 
1191  2.0655477  0.5730512  1.4678763  0.2428240 
1192  2.0970359  0.5778009  1.4632890  0.2447384 
1193  2.0987201  0.5629692  1.4811963  0.2373729 
1194  2.0574057  0.5815724  1.4070672  0.2342910 
1195  2.0726802  0.5743391  1.4286171  0.2407762 
1196  1.9925643  0.5674917  1.3455398  0.2340544 
1197  1.9967109  0.5512358  1.3500369  0.2336978 
1198  2.1599090  0.5643656  1.4545225  0.2282313 
1199  2.0938540  0.5812308  1.4063100  0.2280979 
1200  2.0747852  0.5733356  1.3995075  0.2403661 
