#time, global, repeatA-F, pore, tm38
0     0.0000029  0.0000030  0.0000028  0.0000023 
1     0.3152293  0.1496921  0.2131647  0.0885208 
2     0.3937456  0.1776112  0.2597766  0.1226507 
3     0.4616753  0.1926963  0.2803198  0.1229044 
4     0.5361104  0.2060943  0.3458798  0.1093660 
5     0.5662704  0.2112029  0.3297867  0.1286730 
6     0.5963315  0.2466111  0.3629936  0.1421154 
7     0.6572529  0.2507205  0.3940522  0.1095030 
8     0.7155641  0.2677705  0.4346439  0.1001566 
9     0.7738879  0.2747119  0.4862920  0.1284111 
10    0.7480516  0.3012027  0.4602931  0.1390327 
11    0.7315131  0.2904738  0.4376824  0.1389891 
12    0.7670786  0.2919575  0.4585026  0.1367197 
13    0.7480948  0.3194530  0.4360771  0.1280398 
14    0.7873451  0.3033635  0.4836464  0.1419083 
15    0.7912191  0.3322648  0.4699540  0.1366104 
16    0.8444047  0.3413842  0.4905683  0.1290692 
17    0.8803634  0.3298195  0.5170659  0.1452843 
18    0.8027971  0.3240701  0.4678321  0.1436061 
19    0.8532141  0.3344985  0.4998225  0.1571764 
20    0.9127861  0.3566670  0.5436878  0.1397355 
21    0.9251657  0.3481400  0.5609354  0.1547855 
22    0.8942264  0.3369355  0.5360736  0.1656617 
23    0.8349105  0.3585208  0.5024490  0.1479298 
24    0.9211281  0.3460766  0.5393109  0.1390046 
25    0.9931028  0.3706764  0.5766970  0.1398776 
26    0.9978825  0.3815016  0.5735532  0.1475059 
27    0.9740012  0.3654017  0.5733338  0.1650325 
28    0.9333373  0.3683950  0.5899649  0.1589388 
29    0.9604641  0.3693676  0.6069609  0.1422110 
30    0.9757930  0.3469139  0.5845698  0.1323861 
31    0.9298366  0.3674685  0.5858398  0.1372858 
32    1.0014185  0.3806049  0.6035997  0.1444137 
33    1.0485514  0.3787590  0.6120353  0.1508930 
34    1.0583799  0.3969474  0.6447423  0.1634445 
35    1.0811234  0.3825136  0.6806588  0.1523754 
36    1.0677556  0.3777347  0.7030919  0.1403993 
37    0.9737672  0.3663508  0.6143653  0.1441099 
38    1.0277704  0.3614550  0.6621953  0.1454684 
39    0.9830458  0.3801558  0.6528047  0.1459467 
40    1.0783483  0.3890473  0.6830469  0.1531714 
41    1.1072419  0.4004802  0.6953228  0.1516384 
42    1.0782866  0.4163685  0.6962937  0.1644113 
43    1.1045218  0.4154281  0.7001752  0.1625838 
44    1.1844625  0.4316895  0.7503801  0.1583756 
45    1.1567558  0.4227129  0.7455556  0.1731907 
46    1.1196567  0.4298780  0.6509234  0.1797345 
47    1.0924755  0.4044724  0.6307108  0.1575950 
48    1.0940332  0.4167251  0.6664541  0.1592790 
49    1.0597881  0.4344596  0.6352819  0.1523724 
50    1.1280500  0.4150154  0.6882299  0.1538314 
51    1.0981250  0.4274696  0.6891433  0.1910775 
52    1.2066261  0.4164068  0.7212150  0.1543377 
53    1.1347982  0.4126165  0.6938703  0.1566659 
54    1.2088789  0.4327489  0.7354670  0.1468689 
55    1.1341754  0.4411933  0.7315311  0.1654192 
56    1.1445478  0.4517014  0.7223318  0.1681741 
57    1.1164948  0.4569045  0.6796836  0.1553363 
58    1.1909763  0.4344271  0.7210147  0.1555375 
59    1.1616201  0.4311310  0.7154369  0.1500827 
60    1.2388207  0.4379584  0.7243565  0.1649341 
61    1.1942252  0.4489598  0.7117073  0.1748855 
62    1.2587383  0.4647437  0.7722751  0.1684150 
63    1.1789082  0.4552279  0.7552456  0.1723816 
64    1.1109262  0.4595739  0.6919821  0.1699152 
65    1.0658084  0.4725416  0.7338236  0.1784982 
66    1.1277180  0.4628248  0.7605429  0.1789544 
67    1.1514318  0.4652188  0.7815338  0.1579436 
68    1.1922390  0.4700823  0.7992096  0.1524051 
69    1.1660206  0.4886419  0.8129199  0.1640885 
70    1.1807498  0.4555484  0.8051299  0.1606275 
71    1.1767300  0.4538968  0.7908465  0.1512150 
72    1.1747111  0.4607171  0.8095863  0.1594584 
73    1.2400595  0.4597632  0.8392106  0.1548941 
74    1.2577940  0.4550278  0.8507116  0.1635650 
75    1.1214058  0.4678903  0.7529798  0.1624686 
76    1.1892129  0.4534050  0.7723540  0.1731829 
77    1.2098347  0.4339589  0.8071939  0.1594243 
78    1.2024494  0.4401240  0.7855769  0.1647423 
79    1.2297502  0.4484728  0.7825937  0.1535074 
80    1.2363431  0.4432362  0.7760864  0.1752785 
81    1.1318029  0.4421017  0.6953579  0.1653372 
82    1.1698437  0.4441311  0.7517321  0.1900441 
83    1.1776607  0.4630003  0.7662978  0.1988017 
84    1.1400578  0.4462762  0.7218601  0.2065347 
85    1.1791821  0.4570100  0.7491283  0.2026906 
86    1.2130177  0.4634229  0.7857030  0.1995814 
87    1.1343333  0.4666966  0.7391762  0.2205123 
88    1.1415600  0.4600168  0.7520604  0.2254751 
89    1.2512084  0.4768047  0.8004002  0.2386771 
90    1.2436205  0.4650991  0.7684883  0.2175175 
91    1.2512769  0.4727830  0.8042639  0.2084260 
92    1.2099345  0.4656301  0.7757096  0.2079312 
93    1.0963523  0.4754632  0.7598909  0.2079716 
94    1.1622880  0.4886626  0.7679572  0.2138343 
95    1.2207668  0.4835246  0.7982945  0.2121862 
96    1.2157316  0.4699244  0.8046059  0.2115176 
97    1.1640500  0.4717987  0.7932488  0.2043984 
98    1.1733669  0.4960438  0.8104793  0.2155000 
99    1.2085131  0.4804173  0.8142293  0.2155832 
100   1.2495329  0.4719208  0.8127509  0.2026671 
101   1.2238522  0.4758904  0.8434606  0.2144010 
102   1.2990401  0.4914716  0.8887133  0.2068289 
103   1.2465504  0.4943041  0.8526148  0.2060281 
104   1.2980236  0.4937409  0.9154166  0.2173314 
105   1.2133373  0.4793603  0.8753786  0.1914732 
106   1.2014667  0.5028534  0.8577467  0.2126362 
107   1.2462162  0.5004420  0.9194785  0.2087237 
108   1.1716412  0.5020287  0.8633183  0.1954233 
109   1.2103963  0.4909241  0.8831278  0.2120972 
110   1.2727296  0.5108180  0.9292166  0.2195954 
111   1.2552630  0.4935137  0.9313758  0.2050936 
112   1.3360133  0.4806883  0.9470962  0.1904127 
113   1.3154293  0.4973496  0.9270245  0.2116229 
114   1.2938573  0.4727481  0.8660131  0.1940221 
115   1.3120012  0.5228365  0.9203197  0.2088668 
116   1.3485599  0.5054615  0.9234490  0.2101088 
117   1.3898447  0.5193833  0.9343155  0.2163550 
118   1.3219453  0.4916186  0.8625922  0.2120129 
119   1.3064905  0.5304186  0.9116456  0.2164568 
120   1.2801061  0.5138886  0.9254245  0.2136901 
121   1.3632958  0.5098101  0.9261619  0.2029562 
122   1.3821945  0.5206158  0.9376817  0.2137345 
123   1.3879162  0.5002456  0.9500990  0.2162747 
124   1.3149117  0.5084140  0.9044235  0.2091093 
125   1.2842865  0.4751982  0.8991181  0.2079192 
126   1.3519404  0.4973472  0.9341723  0.1889850 
127   1.4073086  0.5044726  0.9944779  0.1930272 
128   1.3200760  0.4746531  0.9111983  0.2069440 
129   1.3267360  0.4891995  0.9392206  0.2017342 
130   1.3089342  0.5027918  0.9036292  0.2137472 
131   1.3240149  0.5077098  0.9071037  0.2061162 
132   1.3396126  0.4966698  0.9293277  0.2090837 
133   1.4036285  0.5036432  0.9804052  0.2154173 
134   1.3716118  0.4676414  0.8816381  0.1982318 
135   1.4782064  0.4976670  0.9365682  0.1951910 
136   1.5364358  0.5080422  0.9847139  0.1812809 
137   1.5265261  0.5065841  1.0137435  0.2037434 
138   1.5325172  0.5131236  1.0272956  0.2137240 
139   1.5743216  0.4927858  1.0845221  0.1954190 
140   1.5167691  0.5109125  1.0865275  0.2079361 
141   1.4649798  0.4989546  1.0540621  0.2076378 
142   1.4097884  0.5136751  1.0198566  0.1908826 
143   1.3869981  0.4846810  0.9719259  0.1992182 
144   1.3613569  0.4769838  0.9802670  0.1969148 
145   1.3184249  0.4855608  0.9636867  0.1893937 
146   1.2661573  0.4620059  0.9261637  0.2007526 
147   1.3054671  0.5175319  0.9721987  0.1797780 
148   1.3272878  0.5321811  0.9545712  0.1946427 
149   1.3153225  0.5225438  0.9478027  0.1889824 
150   1.3390000  0.5291278  0.9574109  0.1899362 
151   1.4048843  0.5354638  0.9927681  0.1980469 
152   1.3065157  0.5097346  0.9433339  0.1829642 
153   1.3014752  0.5170681  0.8729676  0.2033417 
154   1.3428811  0.5127175  0.9360178  0.2083432 
155   1.2644671  0.5250141  0.9274101  0.2000534 
156   1.2732805  0.5154828  0.8967668  0.1955398 
157   1.3596779  0.5218496  0.9328324  0.1976409 
158   1.3410137  0.5058680  0.8996322  0.1925430 
159   1.3171554  0.5107916  0.9110261  0.1983467 
160   1.3453774  0.5052145  0.9210024  0.2045871 
161   1.3872515  0.5108944  0.9504415  0.2124074 
162   1.3717616  0.5215536  0.9643370  0.2137934 
163   1.3015838  0.5056010  0.9492661  0.2116450 
164   1.3465154  0.5208261  0.9925870  0.2106450 
165   1.3174341  0.4825783  0.9637311  0.2016431 
166   1.3768333  0.5121204  1.0312760  0.2078317 
167   1.3952519  0.5160915  1.0404547  0.2067308 
168   1.4227104  0.5133139  1.0725598  0.2036809 
169   1.4052780  0.5065334  1.0198898  0.2178727 
170   1.3101908  0.5121584  0.9490888  0.2143037 
171   1.3573822  0.5204775  0.9709084  0.2184027 
172   1.3379738  0.5352581  0.9904492  0.2220424 
173   1.2636757  0.4945538  0.9324316  0.2176426 
174   1.2746871  0.5061195  0.9617497  0.2008714 
175   1.3337827  0.5036280  0.9845529  0.2011120 
176   1.3544416  0.5067194  1.0000474  0.2111423 
177   1.3262581  0.4937492  0.9490427  0.2043475 
178   1.3660312  0.4912859  1.0076089  0.1898398 
179   1.3852891  0.5028090  1.0519093  0.1904287 
180   1.3743916  0.4917870  1.0075924  0.2025840 
181   1.3484423  0.5101290  0.9913283  0.2040979 
182   1.3758235  0.5232999  1.0368809  0.1845308 
183   1.3139436  0.5205732  0.9665256  0.1932781 
184   1.3307040  0.5221961  0.9744571  0.2064814 
185   1.3368030  0.5013536  0.9395121  0.2089350 
186   1.3149801  0.5270214  0.9419555  0.2014535 
187   1.3037376  0.5222844  0.9557938  0.1995658 
188   1.3647408  0.5084346  0.9637101  0.1763786 
189   1.3160982  0.5063070  0.9490253  0.1794283 
190   1.3408351  0.5226901  0.9634091  0.1907244 
191   1.3616446  0.5240890  0.9954931  0.1853000 
192   1.3468992  0.5174837  1.0041308  0.1846338 
193   1.3974223  0.5107162  1.0166042  0.1851000 
194   1.3569671  0.5323046  0.9933306  0.2001547 
195   1.3754661  0.5268516  0.9855442  0.1933937 
196   1.3970486  0.5050376  1.0089699  0.1929614 
197   1.3458798  0.5195011  0.9628383  0.1940680 
198   1.3644019  0.5322222  1.0040662  0.1985802 
199   1.3551507  0.5308631  0.9782976  0.2057342 
200   1.4135563  0.5039759  1.0361102  0.2081174 
201   1.4209416  0.5149459  1.0333662  0.2026022 
202   1.4450008  0.5235121  1.0529916  0.1810470 
203   1.4328619  0.5211806  1.0248858  0.1823140 
204   1.3650699  0.5255823  1.0448151  0.1884701 
205   1.3774954  0.5262259  1.0586191  0.1923976 
206   1.3444511  0.5162824  1.0157038  0.1830706 
207   1.3575786  0.5278143  1.0088387  0.1914848 
208   1.3361143  0.5412517  1.0379941  0.1941311 
209   1.3642060  0.5424372  1.0240442  0.1908341 
210   1.3984023  0.5492120  1.0343274  0.1807604 
211   1.4863471  0.5324953  1.0992442  0.1936047 
212   1.3863702  0.5390995  1.0612262  0.1924616 
213   1.4158077  0.5418847  1.0233493  0.1938351 
214   1.3650819  0.5375361  1.0387130  0.1884457 
215   1.3516859  0.5374535  1.0133772  0.1931064 
216   1.3033575  0.5458559  1.0061272  0.2033564 
217   1.3023643  0.5262179  0.9689037  0.1828906 
218   1.3415620  0.5272551  0.9866086  0.1895380 
219   1.3246428  0.5322921  0.9919658  0.1888547 
220   1.3226646  0.5497983  0.9804800  0.1794590 
221   1.3086820  0.5302241  0.9741020  0.2049960 
222   1.3050529  0.5278906  0.9574484  0.2011538 
223   1.3579673  0.5587589  0.9550560  0.2049072 
224   1.3596227  0.5360807  0.9490152  0.2089105 
225   1.4281672  0.5236351  0.9526805  0.1960428 
226   1.4560992  0.5261593  1.0013031  0.1917156 
227   1.4027913  0.5432462  0.9572958  0.1892804 
228   1.4527606  0.5424358  1.0065446  0.2065883 
229   1.4125893  0.5628021  0.9632212  0.2087960 
230   1.3699471  0.5489141  0.9656457  0.2291523 
231   1.3435831  0.5652555  0.9710785  0.2043988 
232   1.3658531  0.5538384  0.9802097  0.2206121 
233   1.2621077  0.5368022  0.9098025  0.2313456 
234   1.3094649  0.5344290  0.9711531  0.2355670 
235   1.3329498  0.5528977  0.9558118  0.2344439 
236   1.3441877  0.5373989  1.0184194  0.2301926 
237   1.3256428  0.5723758  0.9977681  0.2266773 
238   1.2917979  0.5551848  0.9317125  0.2325029 
239   1.3700262  0.5287930  0.9638711  0.2311012 
240   1.2637728  0.5489810  0.9231464  0.2452766 
241   1.2824413  0.5353137  0.9506840  0.2340819 
242   1.3606204  0.5124713  0.9092262  0.2391083 
243   1.3401393  0.5520278  0.9421901  0.2545013 
244   1.3522331  0.5560564  0.9785992  0.2392286 
245   1.2675883  0.5356641  0.9304004  0.2304442 
246   1.2754242  0.5516955  0.9434263  0.2421734 
247   1.2538123  0.5567257  0.9257536  0.2379183 
248   1.1941015  0.5335846  0.9011496  0.2151123 
249   1.1996958  0.5592487  0.9103529  0.2315147 
250   1.2224447  0.5420892  0.9036466  0.2191002 
251   1.2797023  0.5448551  0.9490304  0.2339180 
252   1.2250396  0.5606681  0.8807660  0.2374066 
253   1.2435604  0.5492793  0.8880475  0.2394401 
254   1.2418041  0.5537080  0.9074249  0.2295384 
255   1.2865963  0.5494476  0.9357741  0.2312344 
256   1.2615498  0.5473884  0.9256202  0.2375709 
257   1.2791257  0.5530115  0.9364873  0.2360390 
258   1.2524531  0.5462752  0.8748052  0.2428624 
259   1.2619776  0.5362288  0.8784185  0.2228485 
260   1.2614700  0.5374681  0.9077984  0.2338214 
261   1.2359558  0.5159719  0.9098047  0.2502437 
262   1.2305256  0.5266390  0.9037223  0.2365546 
263   1.1977596  0.5378497  0.8854375  0.2395284 
264   1.2465678  0.5108827  0.9198751  0.2309782 
265   1.2244115  0.5224174  0.8714954  0.2316389 
266   1.2214371  0.5295680  0.8792930  0.2510791 
267   1.3093441  0.5298526  0.9580458  0.2534849 
268   1.3116957  0.5265815  0.9044120  0.2420995 
269   1.2302380  0.5547524  0.8946859  0.2242900 
270   1.2155153  0.5145584  0.9097731  0.2311307 
271   1.2830074  0.5286855  0.9661608  0.2337680 
272   1.2574384  0.5266051  0.9348042  0.2360691 
273   1.2550550  0.5333380  0.9490681  0.2420344 
274   1.1931468  0.5372522  0.9485236  0.2491095 
275   1.2137028  0.5276587  0.9440016  0.2378798 
276   1.3092922  0.5186972  0.9823594  0.2566911 
277   1.2837662  0.5414903  0.9805265  0.2707509 
278   1.2443324  0.5388654  0.9612104  0.2614706 
279   1.2804214  0.5089548  0.9689177  0.2327693 
280   1.2065244  0.5360239  0.9133217  0.2590756 
281   1.1705807  0.5095939  0.8863319  0.2444462 
282   1.1932309  0.5210772  0.9499058  0.2468383 
283   1.2370260  0.5093055  0.9466370  0.2467534 
284   1.3064468  0.5183713  1.0313549  0.2527998 
285   1.2473050  0.5302193  0.9709139  0.2589125 
286   1.2510369  0.5442431  0.9711354  0.2655324 
287   1.2321497  0.5513018  0.9882430  0.2597573 
288   1.2143277  0.5757297  0.9841603  0.2548395 
289   1.1970912  0.5343070  0.9584980  0.2549605 
290   1.2484246  0.5484846  0.9805571  0.2614698 
291   1.1854426  0.5435256  0.9291808  0.2549115 
292   1.2230884  0.5625578  0.9485976  0.2420426 
293   1.2313951  0.5557050  0.9329724  0.2516862 
294   1.2479658  0.5782397  0.9357661  0.2662567 
295   1.2700431  0.5735282  0.9760946  0.2546077 
296   1.2627205  0.5686988  0.9556087  0.2485115 
297   1.2819233  0.5403914  0.9702153  0.2373225 
298   1.2946807  0.5516148  0.9939331  0.2491883 
299   1.3045149  0.5332729  1.0215125  0.2478369 
300   1.2677290  0.5469604  0.9774777  0.2525115 
301   1.2279483  0.5807652  0.9672266  0.2305062 
302   1.2576758  0.5809519  1.0109568  0.2561119 
303   1.3148627  0.5607046  0.9978944  0.2597533 
304   1.2714257  0.5921868  0.9984609  0.2532805 
305   1.2286694  0.5635142  0.9623486  0.2591225 
306   1.2230439  0.5274174  0.9654833  0.2495570 
307   1.2493150  0.5205544  0.9163917  0.2491534 
308   1.3121382  0.5747208  0.9737314  0.2662388 
309   1.4121571  0.5604457  1.0429428  0.2678421 
310   1.3541631  0.5626844  0.9850020  0.2764179 
311   1.3521006  0.5938251  0.9859614  0.2722087 
312   1.3814824  0.6006587  0.9696944  0.2697381 
313   1.3344446  0.6035732  0.9856818  0.2831994 
314   1.3852944  0.5900369  0.9799200  0.2574946 
315   1.4094170  0.5634121  0.9735950  0.2718839 
316   1.3947982  0.5259864  0.9709378  0.2788981 
317   1.2891351  0.5455806  0.9281383  0.2664628 
318   1.2652599  0.5417186  0.9464027  0.2707990 
319   1.3083850  0.5559928  0.9358035  0.2707248 
320   1.3100209  0.5632326  0.9777311  0.2744675 
321   1.3512666  0.5478645  0.9857353  0.2819798 
322   1.3123059  0.5545468  0.9766797  0.2716935 
323   1.2979062  0.5466170  0.9670779  0.2720679 
324   1.2801964  0.5772634  0.9334056  0.2783270 
325   1.3476682  0.5785228  0.9891516  0.2769401 
326   1.2936701  0.5967291  0.9591010  0.2838530 
327   1.2928150  0.5833603  0.9231559  0.2715843 
328   1.2963129  0.5673004  0.9579735  0.2708328 
329   1.3928529  0.5692655  1.0469139  0.2623107 
330   1.3945155  0.5781389  1.0394859  0.2747097 
331   1.4136974  0.5938307  1.0498343  0.2651222 
332   1.4330990  0.5966536  1.0357159  0.2893170 
333   1.4785494  0.6098925  1.0560505  0.3005670 
334   1.4993535  0.5992792  1.0610505  0.2912890 
335   1.4084598  0.6161689  1.0163164  0.2819309 
336   1.3552917  0.5910062  0.9805776  0.2739841 
337   1.4125643  0.5783919  1.0121909  0.2745170 
338   1.4561081  0.5856194  1.0313153  0.2682208 
339   1.4484731  0.5956331  1.0347573  0.2847002 
340   1.4695216  0.6075556  1.0433003  0.2732320 
341   1.4620639  0.5547047  1.0274324  0.2853780 
342   1.5449673  0.5715773  1.0821133  0.2705638 
343   1.4925928  0.5830549  1.0643538  0.2748517 
344   1.3973414  0.6103503  1.0043228  0.2851440 
345   1.4398768  0.5972856  0.9814831  0.2786283 
346   1.4396470  0.5899091  0.9986265  0.2754238 
347   1.5132866  0.5890685  1.0446397  0.2901233 
348   1.5103337  0.5627760  1.0337961  0.2833570 
349   1.4743949  0.5558405  1.0154510  0.2905235 
350   1.5250163  0.5598959  1.0430315  0.2661360 
351   1.5447848  0.5602187  1.0654718  0.2794776 
352   1.5986345  0.5547791  1.0780407  0.2801282 
353   1.5899147  0.5714353  1.1017927  0.2756122 
354   1.5298512  0.5453836  1.0650361  0.2687358 
355   1.5080286  0.5622516  1.0537082  0.3024167 
356   1.5579718  0.5477956  1.0837456  0.2852293 
357   1.4886343  0.5568772  1.0543025  0.2759038 
358   1.5454533  0.5593770  1.0842849  0.3012679 
359   1.5330189  0.5439175  1.0716591  0.2747027 
360   1.4895729  0.5668074  1.0575451  0.2868021 
361   1.4543247  0.5638953  1.0632848  0.2647847 
362   1.4830763  0.5626090  1.1149936  0.2822441 
363   1.5122688  0.5594959  1.1081443  0.2765825 
364   1.5287505  0.5590820  1.1117666  0.2669830 
365   1.4786811  0.5662647  1.0710846  0.2862971 
366   1.5336432  0.5608655  1.1354749  0.2683099 
367   1.5145798  0.5574103  1.0895644  0.2750599 
368   1.5001177  0.5617148  1.0971125  0.2699164 
369   1.5385891  0.5541882  1.1128184  0.2749325 
370   1.5131382  0.5599154  1.1070563  0.2899030 
371   1.5595880  0.5478168  1.1381888  0.2652934 
372   1.5800550  0.5597485  1.1427633  0.2915367 
373   1.5622309  0.5444075  1.1094849  0.2778728 
374   1.4817008  0.5415507  1.0508913  0.2942989 
375   1.4905555  0.5593005  1.0778698  0.2787094 
376   1.4865586  0.5479389  1.0790941  0.2960703 
377   1.4545473  0.5387626  1.0563505  0.2952917 
378   1.4895989  0.5408294  1.0799981  0.2840822 
379   1.5113716  0.5373587  1.0947144  0.2910876 
380   1.5795876  0.5344362  1.1423889  0.3071064 
381   1.5344559  0.5260761  1.0987121  0.2861921 
382   1.5177484  0.5473628  1.1319180  0.2968957 
383   1.5363615  0.5476768  1.0953290  0.2950814 
384   1.5932815  0.5551657  1.1534584  0.2939119 
385   1.5712645  0.5682993  1.1500818  0.2856453 
386   1.5742191  0.5603139  1.1777445  0.2852699 
387   1.5315796  0.5486925  1.1575269  0.2963212 
388   1.5246183  0.5430910  1.1279207  0.2975083 
389   1.6501445  0.5492828  1.1852570  0.2975932 
390   1.6609699  0.5639558  1.1761942  0.2811370 
391   1.7356412  0.5669854  1.2118024  0.3011641 
392   1.7227372  0.5401617  1.2129062  0.2819702 
393   1.6483104  0.5522385  1.2051131  0.2814711 
394   1.6778206  0.5481030  1.2329068  0.2957380 
395   1.7459409  0.5798526  1.2639225  0.2825930 
396   1.6901555  0.5647963  1.2136225  0.2873809 
397   1.7132870  0.5735012  1.2534339  0.2996447 
398   1.6332999  0.5690821  1.1994621  0.2852860 
399   1.5936601  0.5537187  1.1879741  0.2715849 
400   1.5723975  0.5461903  1.1156745  0.2876685 
401   1.6366258  0.5877773  1.1553771  0.3096810 
402   1.6499783  0.5942405  1.1606672  0.2874896 
403   1.5055149  0.6185338  1.1306387  0.2997465 
404   1.5833800  0.6160600  1.1856059  0.2823304 
405   1.5573573  0.6146932  1.1739180  0.2924811 
406   1.5791339  0.6101787  1.1739180  0.2923167 
407   1.5670335  0.6186635  1.1614029  0.2838771 
408   1.6021229  0.6191336  1.1516329  0.2887661 
409   1.5829517  0.6328475  1.1667800  0.2795239 
410   1.5462580  0.6112499  1.1426312  0.2717515 
411   1.5673090  0.5903596  1.1656286  0.2895031 
412   1.5646338  0.6007298  1.1384341  0.2753271 
413   1.5837421  0.6158847  1.1411132  0.2774149 
414   1.5595212  0.6271639  1.1363423  0.2699306 
415   1.5458181  0.6271053  1.1240747  0.2768780 
416   1.5323675  0.6392834  1.0976950  0.2913305 
417   1.5677620  0.6473765  1.1665548  0.2778475 
418   1.5273641  0.6156058  1.0999244  0.2845629 
419   1.5005080  0.6157438  1.1010407  0.2967083 
420   1.4998704  0.6174829  1.0697013  0.2805105 
421   1.5155375  0.6185275  1.0765457  0.2835827 
422   1.5181712  0.5815330  1.1126052  0.2919757 
423   1.6215756  0.6213567  1.1525235  0.2669139 
424   1.6109593  0.6218049  1.1633466  0.2910379 
425   1.5361642  0.6041004  1.1115201  0.2770976 
426   1.4986744  0.6072803  1.0601840  0.2795461 
427   1.4875361  0.6030756  1.0452728  0.2895568 
428   1.5129894  0.5922469  1.0781181  0.2871437 
429   1.4972198  0.5990994  1.0601355  0.2817916 
430   1.5450970  0.5910230  1.1209278  0.2990728 
431   1.4974914  0.6099971  1.0690292  0.2899882 
432   1.5438731  0.6204093  1.0809723  0.2750337 
433   1.5297761  0.6029078  1.1011745  0.2801512 
434   1.4844251  0.6091439  1.0637430  0.2721737 
435   1.5693604  0.6235925  1.1207137  0.2672523 
436   1.5750784  0.5891081  1.0771850  0.2815908 
437   1.5732046  0.5834352  1.1091003  0.2747760 
438   1.6508954  0.5811375  1.1683161  0.2758407 
439   1.6160198  0.5843306  1.1788357  0.2807700 
440   1.5505427  0.5977995  1.1361448  0.2738132 
441   1.5740966  0.6166583  1.1648369  0.2661069 
442   1.5421131  0.5911990  1.1263961  0.2715533 
443   1.5423690  0.6012719  1.1338550  0.2765825 
444   1.5208545  0.6171910  1.1454817  0.2728446 
445   1.5795108  0.6044545  1.1672020  0.2676547 
446   1.4931750  0.6082267  1.1266994  0.2732477 
447   1.4996431  0.6213213  1.0992088  0.2695916 
448   1.5112615  0.6120284  1.1011652  0.2843462 
449   1.5091681  0.6013775  1.0993983  0.2684498 
450   1.5543439  0.6144767  1.1414529  0.2527818 
451   1.5557837  0.6018633  1.1207118  0.2822248 
452   1.5028929  0.6004869  1.0815344  0.2784587 
453   1.5096455  0.6169880  1.0620220  0.2721157 
454   1.5317402  0.6245462  1.0573196  0.2725555 
455   1.5308119  0.6281042  1.0891142  0.2632028 
456   1.5748442  0.6000080  1.1206557  0.2660269 
457   1.5551261  0.6035185  1.1083933  0.2798997 
458   1.5971358  0.5901011  1.1753924  0.2775135 
459   1.5547659  0.5861355  1.1094669  0.2684097 
460   1.6425080  0.5885008  1.1482213  0.2783901 
461   1.6440368  0.5898194  1.1682749  0.2764007 
462   1.6079400  0.5983170  1.1237824  0.2838061 
463   1.6499084  0.5741555  1.1254175  0.2772174 
464   1.6606538  0.6068861  1.1653224  0.2865366 
465   1.7281774  0.5859323  1.2038420  0.2729616 
466   1.7128161  0.5565858  1.2183032  0.2714106 
467   1.7536891  0.5819784  1.2340384  0.2750768 
468   1.7481368  0.5766481  1.2081319  0.2814040 
469   1.7697141  0.5988552  1.2260355  0.2770683 
470   1.7919266  0.5898839  1.2102438  0.2780755 
471   1.7803168  0.5745106  1.2104815  0.2782921 
472   1.7700624  0.5786237  1.2727873  0.2715159 
473   1.6883267  0.5910381  1.2311605  0.2802561 
474   1.7115676  0.5920403  1.2455355  0.2717981 
475   1.6544124  0.5946246  1.1739430  0.2777983 
476   1.7293080  0.5985506  1.2430912  0.2835703 
477   1.6910838  0.5973476  1.2204329  0.2725406 
478   1.7099520  0.5889003  1.2500579  0.2711360 
479   1.7136736  0.5919017  1.2266098  0.2727525 
480   1.7213650  0.5939081  1.2021568  0.2765540 
481   1.6949888  0.5838998  1.1850977  0.2811303 
482   1.7456015  0.5873228  1.2030362  0.2779454 
483   1.7948263  0.5852123  1.2589089  0.2711943 
484   1.7312514  0.5811663  1.1828133  0.2818654 
485   1.6962879  0.5718082  1.1985996  0.2770986 
486   1.6146125  0.5640525  1.1266800  0.2680856 
487   1.6403159  0.5564736  1.1192638  0.2834611 
488   1.7631812  0.5450134  1.2154167  0.2701904 
489   1.7387825  0.5278993  1.1990201  0.2796088 
490   1.7706137  0.5424567  1.2223078  0.2813547 
491   1.7233646  0.5490124  1.2139416  0.2751155 
492   1.6824545  0.5835653  1.2070251  0.2681136 
493   1.6800982  0.5704352  1.2303805  0.2708423 
494   1.5857918  0.5875906  1.1772584  0.2746282 
495   1.6695817  0.5980093  1.2387044  0.2816003 
496   1.7096337  0.5815849  1.2305758  0.2732078 
497   1.7947485  0.5788645  1.2827736  0.2922891 
498   1.7508355  0.5856981  1.2299250  0.2718346 
499   1.7826151  0.5992329  1.2686281  0.2773716 
500   1.8465933  0.5846534  1.3113650  0.2801788 
501   1.8021684  0.6103890  1.3011785  0.2819943 
502   1.7678009  0.5817623  1.2473660  0.2697593 
503   1.6835277  0.5723004  1.1966721  0.2802839 
504   1.7127066  0.6110992  1.2308223  0.2854314 
505   1.7516159  0.6032284  1.2276706  0.2936777 
506   1.7494184  0.5843275  1.2089440  0.2838479 
507   1.7927214  0.5868478  1.2224964  0.2793621 
508   1.7172107  0.5953491  1.1882958  0.2889760 
509   1.7749619  0.6001920  1.2287270  0.2821799 
510   1.6971675  0.6099137  1.2410114  0.2813180 
511   1.7296197  0.6122837  1.2334638  0.2783681 
512   1.7700753  0.5923334  1.2777207  0.2811550 
513   1.7889097  0.5991856  1.2724382  0.2960372 
514   1.8763058  0.6080191  1.3570285  0.2831172 
515   1.8264943  0.6503702  1.3042147  0.2919211 
516   1.8095880  0.6595337  1.2707877  0.2844895 
517   1.8395628  0.6523345  1.3137360  0.2924352 
518   1.9102150  0.6418765  1.3535956  0.2786817 
519   1.8905010  0.6355552  1.3438710  0.2807506 
520   1.7999573  0.6309637  1.2686192  0.2912441 
521   1.8560615  0.6435614  1.3028325  0.2743050 
522   1.8338257  0.6647778  1.3051472  0.2754850 
523   1.8603790  0.6786499  1.3092304  0.2817689 
524   1.8620013  0.6591401  1.3286542  0.2801252 
525   1.8044082  0.6662817  1.3016037  0.2995505 
526   1.7717690  0.6535476  1.3072915  0.2933634 
527   1.7522153  0.6657583  1.2860132  0.2845989 
528   1.7031544  0.6500095  1.2331791  0.2780754 
529   1.7527239  0.6395745  1.2445613  0.2903453 
530   1.7411357  0.6138607  1.2546788  0.2896573 
531   1.7601521  0.6486633  1.2493399  0.2881514 
532   1.7165308  0.6488121  1.2351077  0.2867586 
533   1.7043630  0.6357427  1.2329767  0.2896544 
534   1.7087266  0.6699798  1.2708846  0.2906494 
535   1.6922486  0.6439509  1.2002401  0.2933944 
536   1.7430633  0.6451670  1.2254416  0.2786698 
537   1.6674404  0.6367673  1.2095637  0.2786806 
538   1.7339997  0.6448748  1.2761831  0.2909350 
539   1.7264922  0.6648291  1.2439926  0.2842282 
540   1.7313040  0.6315505  1.2391241  0.2862767 
541   1.7038951  0.6720362  1.2705091  0.3025416 
542   1.8037952  0.6931602  1.3414693  0.2940902 
543   1.8001320  0.6393878  1.3083248  0.2860214 
544   1.7534178  0.6439935  1.2775221  0.2898229 
545   1.7178217  0.6405651  1.2654526  0.2688568 
546   1.7300906  0.6186267  1.2983233  0.2877530 
547   1.7792852  0.6284009  1.3158286  0.2603830 
548   1.8077979  0.6251407  1.3476232  0.2748905 
549   1.7850789  0.6192914  1.3617129  0.2725044 
550   1.7214183  0.6061167  1.3192319  0.2668839 
551   1.8169073  0.6254635  1.3281652  0.2584770 
552   1.7408808  0.6513172  1.2391168  0.2704438 
553   1.7643123  0.6524473  1.2851431  0.2744680 
554   1.8424088  0.6735708  1.3100262  0.2786268 
555   1.8273910  0.6306645  1.3305767  0.2583672 
556   1.8069853  0.6444756  1.2882521  0.2887203 
557   1.8495232  0.6639869  1.3070604  0.2737367 
558   1.8148036  0.6354588  1.3126379  0.2815845 
559   1.6991668  0.6507376  1.2709317  0.2649477 
560   1.7072734  0.6388103  1.2653276  0.2727957 
561   1.6918248  0.6614690  1.2835093  0.2753045 
562   1.6817262  0.6593551  1.2579108  0.2726923 
563   1.7655222  0.6403818  1.3037539  0.2766796 
564   1.8088608  0.6413797  1.3125097  0.2748895 
565   1.7983366  0.6520126  1.3337337  0.2734855 
566   1.7440490  0.6400078  1.2807516  0.2860919 
567   1.7711642  0.6542969  1.3083410  0.2624039 
568   1.7335370  0.6568409  1.2737070  0.2734989 
569   1.7039082  0.6336464  1.2459364  0.2744513 
570   1.6719137  0.6246288  1.2347244  0.2857756 
571   1.6876898  0.6415669  1.2725158  0.2832598 
572   1.6530222  0.6470120  1.2468878  0.2832234 
573   1.6064095  0.6417269  1.1959521  0.2635573 
574   1.5638316  0.6208693  1.1858140  0.2745453 
575   1.5958440  0.6031182  1.1720206  0.2708629 
576   1.5708396  0.6241987  1.1770263  0.2707362 
577   1.5600693  0.6177698  1.1628665  0.2791452 
578   1.6662178  0.6256058  1.2022924  0.2803164 
579   1.7010906  0.6375707  1.2180645  0.2773218 
580   1.6598861  0.6172437  1.2003227  0.2739792 
581   1.6358184  0.6428383  1.1769545  0.2652686 
582   1.5662490  0.6303941  1.1789870  0.2656227 
583   1.6154088  0.6233287  1.1621331  0.2746856 
584   1.6462626  0.6246373  1.1863439  0.2601424 
585   1.6113183  0.6019970  1.1473240  0.2908920 
586   1.5637223  0.6243436  1.1204110  0.2708167 
587   1.5488867  0.6171449  1.1500124  0.2713883 
588   1.5203859  0.6189292  1.1376765  0.2769929 
589   1.5588104  0.6334925  1.1464267  0.2659640 
590   1.5973850  0.6549343  1.1610053  0.2687492 
591   1.5923535  0.6282752  1.1398041  0.2825410 
592   1.6297740  0.6285200  1.1825783  0.2692138 
593   1.5857203  0.6342973  1.1739469  0.2714547 
594   1.6026357  0.6411487  1.1658200  0.2703791 
595   1.6512827  0.6293549  1.2311884  0.2803575 
596   1.6381058  0.6431365  1.1895373  0.2762115 
597   1.7178636  0.6261961  1.2468395  0.2828493 
598   1.6789854  0.6591416  1.1928501  0.2857108 
599   1.7348286  0.6151919  1.2277594  0.2798792 
600   1.7729578  0.6416098  1.2377551  0.2847067 
601   1.6694846  0.6195915  1.2146317  0.2706605 
602   1.6606938  0.6264603  1.2208158  0.2912337 
603   1.6291105  0.6282324  1.2058547  0.2702038 
604   1.6009375  0.6210828  1.2238907  0.2907999 
605   1.6190419  0.6094888  1.2144457  0.2641149 
606   1.5041554  0.6191492  1.1195638  0.2737627 
607   1.4669608  0.6346908  1.1132932  0.2791875 
608   1.4768043  0.6069051  1.1404123  0.2789363 
609   1.5044030  0.6395747  1.1726923  0.2606072 
610   1.5248704  0.6416547  1.1897860  0.2850376 
611   1.5500853  0.6110552  1.1854134  0.2856897 
612   1.4977896  0.6192813  1.1593223  0.2828588 
613   1.4941653  0.6203686  1.1646409  0.2909454 
614   1.4933068  0.6324708  1.1777663  0.2662996 
615   1.4521559  0.6461889  1.1242129  0.2723387 
616   1.4665039  0.6223612  1.0907989  0.2782461 
617   1.4774559  0.6353394  1.1058308  0.2878160 
618   1.4203023  0.6506979  1.0614817  0.2663087 
619   1.3930688  0.6332619  1.0690709  0.2670281 
620   1.4394073  0.6159394  1.1019514  0.2656970 
621   1.5261236  0.6043975  1.1176541  0.2799209 
622   1.5431659  0.6171058  1.1522577  0.2815465 
623   1.4742106  0.6264046  1.1100639  0.2804811 
624   1.4759095  0.6224027  1.1397325  0.2657485 
625   1.5141753  0.6275772  1.1347338  0.2856230 
626   1.4667832  0.6060570  1.0859722  0.2678100 
627   1.5155529  0.6246841  1.1230121  0.2872826 
628   1.4885267  0.6302797  1.1040612  0.2601501 
629   1.4986711  0.6269482  1.1093571  0.2785785 
630   1.4980140  0.6179806  1.1294068  0.2784614 
631   1.4794620  0.6284121  1.1236022  0.2821251 
632   1.5004808  0.6077986  1.1066906  0.2627713 
633   1.5489938  0.6183054  1.1616082  0.2779151 
634   1.5425593  0.6003456  1.1112370  0.2705651 
635   1.5891367  0.5911435  1.1569718  0.2691573 
636   1.5683941  0.6202075  1.1382902  0.2730635 
637   1.5508051  0.6304619  1.0971653  0.2806990 
638   1.5134959  0.6022310  1.0994879  0.2720695 
639   1.5355068  0.5926034  1.0893677  0.2789059 
640   1.6283245  0.5991796  1.1779734  0.2910324 
641   1.5507333  0.6342787  1.1117543  0.2778306 
642   1.5596942  0.6266298  1.1420535  0.2720913 
643   1.5592071  0.6163288  1.1434284  0.2686944 
644   1.5419652  0.6092954  1.1612204  0.2581507 
645   1.6518481  0.6248126  1.2241639  0.2787803 
646   1.7297630  0.6572814  1.2504604  0.2682667 
647   1.6666490  0.6259964  1.2034011  0.2603731 
648   1.7551630  0.6122878  1.2655213  0.2727807 
649   1.7094313  0.6042479  1.2125970  0.2713746 
650   1.7047359  0.6226242  1.2213500  0.2554001 
651   1.7453312  0.6354654  1.2666017  0.2617183 
652   1.6602821  0.6029559  1.1752875  0.2756776 
653   1.6171662  0.6155156  1.1706569  0.2787856 
654   1.6004560  0.6197513  1.1439342  0.2692864 
655   1.6482855  0.6194286  1.1973006  0.2617697 
656   1.6705658  0.6299934  1.1979243  0.2728572 
657   1.7068105  0.6454406  1.2153474  0.2550297 
658   1.7043076  0.6198286  1.1978035  0.2741681 
659   1.7416354  0.6097015  1.2203569  0.2769578 
660   1.7541498  0.6181830  1.2214898  0.2551869 
661   1.8156751  0.6029471  1.2860887  0.2709357 
662   1.7719694  0.6093667  1.2404280  0.2663111 
663   1.7424520  0.6339535  1.2529907  0.2722507 
664   1.7547280  0.6349535  1.2377182  0.2809436 
665   1.7759556  0.6374645  1.2454646  0.2870723 
666   1.7534642  0.6236588  1.2377850  0.2752598 
667   1.7156944  0.6297938  1.2139616  0.2594825 
668   1.6968479  0.6342851  1.2131779  0.2720300 
669   1.7535596  0.6035133  1.2192332  0.2794879 
670   1.7386471  0.5911947  1.2072030  0.2634169 
671   1.7251863  0.6291536  1.2403752  0.2641664 
672   1.8116305  0.5988302  1.2887132  0.2662774 
673   1.7747689  0.6089708  1.2135597  0.2802174 
674   1.7753891  0.5893131  1.2039548  0.2888775 
675   1.7412130  0.6230503  1.2308832  0.2967789 
676   1.7684587  0.6092448  1.2377911  0.2896425 
677   1.7287992  0.6205985  1.2468960  0.2788200 
678   1.6569021  0.6029462  1.2139609  0.2781834 
679   1.6553048  0.6053945  1.1882039  0.2995010 
680   1.6753281  0.5949653  1.1816094  0.2837045 
681   1.6113899  0.5854859  1.1663028  0.2857369 
682   1.6333102  0.5968876  1.1924444  0.2814351 
683   1.6094985  0.6220166  1.1667209  0.2666978 
684   1.6589668  0.6184142  1.1893030  0.2780804 
685   1.6577187  0.6518439  1.1986816  0.2839659 
686   1.6109328  0.6202635  1.1575291  0.2955124 
687   1.5128436  0.6133569  1.1038871  0.2784409 
688   1.5584171  0.6099355  1.1020842  0.2956237 
689   1.5293175  0.6062962  1.1140354  0.2884744 
690   1.6301883  0.6034163  1.1717410  0.2885220 
691   1.5467952  0.6146677  1.1628021  0.2731975 
692   1.5915983  0.6161128  1.1481209  0.2892567 
693   1.6223710  0.6074820  1.1695989  0.2754834 
694   1.6280849  0.6016369  1.1621419  0.2786437 
695   1.6451613  0.5966370  1.1449007  0.2754964 
696   1.6341791  0.6067010  1.1785016  0.2683443 
697   1.6677262  0.6183835  1.1968369  0.2752438 
698   1.6838865  0.6146379  1.1848881  0.2779648 
699   1.6426194  0.6289467  1.2099159  0.2772335 
700   1.6390524  0.6280434  1.1995461  0.2814371 
701   1.5874236  0.6120584  1.1350371  0.2773536 
702   1.6208929  0.6125719  1.1698790  0.2801091 
703   1.6653163  0.5934824  1.1772827  0.2717361 
704   1.7019690  0.6125005  1.2361308  0.2671312 
705   1.5962521  0.6229890  1.1909317  0.2727201 
706   1.6691540  0.6327812  1.2215759  0.2548659 
707   1.6568822  0.6460632  1.2104570  0.2551463 
708   1.7146915  0.6262186  1.2085361  0.2829043 
709   1.6997354  0.6173717  1.2172025  0.2642000 
710   1.7489630  0.6263691  1.2512298  0.2723233 
711   1.7151004  0.6289430  1.2611079  0.2865488 
712   1.7482934  0.6325194  1.2638855  0.2791697 
713   1.7479084  0.6325958  1.2501417  0.2765783 
714   1.8227235  0.6530885  1.3091984  0.2789349 
715   1.7662716  0.6282623  1.2462800  0.2677070 
716   1.7922759  0.6507466  1.2949541  0.2818921 
717   1.7068106  0.6317319  1.2395532  0.2717227 
718   1.7484120  0.6183590  1.2387625  0.2930596 
719   1.6978619  0.6384137  1.2182800  0.2894253 
720   1.7860515  0.6359720  1.2616884  0.2794969 
721   1.7600105  0.6358489  1.2466285  0.2747625 
722   1.8429163  0.6104096  1.2896497  0.2864307 
723   1.7830235  0.6384237  1.2845635  0.2844012 
724   1.7976279  0.6571331  1.2742823  0.2714524 
725   1.7430793  0.6514719  1.2830180  0.2837632 
726   1.7802342  0.6216363  1.3199309  0.2746972 
727   1.8138938  0.6399951  1.3024372  0.2773309 
728   1.7422073  0.6542305  1.2442830  0.2685852 
729   1.7234002  0.6385570  1.2756758  0.2756110 
730   1.6839815  0.6577852  1.2504898  0.2781215 
731   1.7344272  0.6124047  1.2533998  0.2848009 
732   1.7380937  0.6368926  1.3021653  0.2797340 
733   1.7476836  0.6429084  1.3021163  0.2734946 
734   1.8064811  0.6309482  1.3247782  0.2689109 
735   1.8236794  0.6542782  1.3202125  0.2701227 
736   1.8022492  0.6402646  1.3271177  0.2772315 
737   1.7940322  0.6437616  1.2917120  0.2776720 
738   1.7987285  0.6055167  1.3001733  0.2712519 
739   1.8366179  0.6031013  1.3041310  0.2733786 
740   1.7263777  0.6108465  1.2526690  0.2839356 
741   1.6759731  0.5968949  1.2060782  0.2894042 
742   1.7768911  0.6014488  1.2424128  0.2743500 
743   1.7613659  0.5791091  1.2073683  0.2706235 
744   1.8367140  0.6171939  1.2878339  0.2762954 
745   1.7566450  0.5933017  1.1999388  0.2668129 
746   1.7228556  0.6405483  1.1740837  0.2737863 
747   1.7828898  0.6263738  1.2400934  0.2706743 
748   1.7246273  0.6438409  1.2282174  0.2785567 
749   1.6883013  0.6431578  1.1944391  0.2675462 
750   1.6586770  0.5930371  1.1953686  0.2838627 
751   1.7288704  0.6307821  1.2186549  0.2703325 
752   1.6765486  0.6255004  1.1856583  0.2731788 
753   1.7208101  0.6463632  1.2312334  0.2826933 
754   1.6539955  0.6141621  1.1795923  0.2848699 
755   1.6996242  0.6083385  1.2209512  0.2947020 
756   1.8059037  0.5913712  1.2649776  0.2868026 
757   1.7633290  0.5995398  1.2588158  0.2716791 
758   1.7729149  0.6178511  1.2819530  0.2795187 
759   1.8515265  0.6313500  1.3109871  0.2782736 
760   1.8586019  0.6104594  1.2459980  0.2813662 
761   1.8026348  0.5966937  1.2774987  0.2765315 
762   1.8059021  0.6379970  1.2594641  0.2793843 
763   1.8074096  0.6134648  1.2977884  0.2725528 
764   1.8300202  0.6149152  1.3065966  0.2801943 
765   1.8179932  0.6204107  1.2847228  0.2860304 
766   1.8589793  0.6103999  1.2911124  0.2868988 
767   1.8698335  0.6287158  1.3320620  0.2825731 
768   1.8511863  0.6088364  1.3141735  0.2730758 
769   1.7838565  0.5982165  1.2759950  0.2747871 
770   1.7726897  0.6057228  1.2474347  0.2757934 
771   1.6884031  0.6315691  1.2172213  0.2785931 
772   1.7160978  0.6195912  1.2147337  0.2831811 
773   1.7080349  0.6236445  1.2265446  0.2857052 
774   1.7570658  0.6311716  1.2361126  0.2826573 
775   1.8129760  0.6326519  1.2688639  0.3029170 
776   1.8728416  0.6310362  1.2712394  0.2975220 
777   1.8613033  0.6474204  1.2871379  0.2873563 
778   1.8696520  0.6510220  1.2980559  0.2988628 
779   1.9369562  0.6409076  1.3388696  0.2867838 
780   1.8884830  0.6247767  1.3206147  0.2887801 
781   1.8959075  0.6404265  1.3317497  0.2913319 
782   1.9250131  0.6394160  1.3705182  0.2994169 
783   1.9527895  0.6215994  1.3433636  0.2876557 
784   1.9052155  0.6183925  1.3402950  0.2999276 
785   1.9540247  0.6019502  1.3878742  0.2840431 
786   2.0026250  0.6219753  1.3987792  0.3112173 
787   2.0497921  0.6338928  1.4238994  0.2884627 
788   2.0230544  0.6457204  1.3667004  0.2849290 
789   2.0732031  0.6403426  1.4023055  0.2935278 
790   1.9550321  0.6066423  1.3299750  0.2808603 
791   2.0005534  0.6163269  1.3856395  0.2880597 
792   1.9161000  0.6261327  1.3163272  0.2879489 
793   1.8641742  0.6273432  1.2550228  0.2907817 
794   1.8995999  0.5961807  1.2448353  0.2974960 
795   1.9514854  0.6225361  1.2651712  0.2807855 
796   1.9295391  0.6104234  1.2738413  0.2926663 
797   1.8364428  0.6039572  1.2431406  0.2909896 
798   1.8015646  0.6099924  1.2300788  0.2811186 
799   1.8484740  0.6450597  1.2549661  0.2849073 
800   1.8320434  0.5972579  1.2354691  0.2823537 
801   1.8421211  0.6173359  1.2407241  0.2858983 
802   1.8381218  0.6561335  1.2741352  0.2682737 
803   1.7849015  0.6452726  1.2567543  0.2796550 
804   1.8022854  0.6447647  1.2629244  0.2865283 
805   1.7580382  0.6365242  1.2729362  0.2685741 
806   1.8056092  0.6443118  1.3062046  0.2970244 
807   1.8105146  0.6419898  1.2824150  0.2833849 
808   1.7854528  0.6589155  1.2525842  0.2680416 
809   1.7699575  0.6397641  1.2843963  0.2815202 
810   1.8020921  0.6400045  1.3003486  0.2737585 
811   1.7943416  0.6287662  1.2600877  0.2879155 
812   1.8025731  0.6256950  1.2797357  0.2753693 
813   1.7086314  0.6426894  1.2291470  0.2782633 
814   1.7611022  0.6414630  1.2457480  0.2768312 
815   1.7673436  0.6482254  1.2598891  0.2771299 
816   1.7652152  0.6450976  1.2441202  0.2664230 
817   1.7450894  0.6371579  1.2183194  0.2788556 
818   1.7027122  0.6350113  1.2057270  0.2684391 
819   1.7291023  0.6435497  1.2275423  0.2765127 
820   1.8223556  0.6532205  1.2622710  0.2788468 
821   1.8283012  0.6300862  1.2829630  0.2688255 
822   1.7849007  0.6339486  1.2854868  0.2702473 
823   1.8263081  0.6311277  1.2837290  0.2692112 
824   1.9120245  0.6206871  1.3361422  0.2780548 
825   1.8441403  0.6142860  1.2792737  0.2779577 
826   1.8733573  0.6232722  1.2648954  0.2860860 
827   1.8302141  0.6382343  1.2205956  0.2770762 
828   1.8636906  0.6430705  1.2519993  0.2803711 
829   1.9091585  0.6336461  1.3086398  0.3033215 
830   1.8614459  0.6136286  1.2586350  0.2694460 
831   1.9160606  0.6344538  1.2739664  0.2782862 
832   1.8099499  0.6462455  1.2155349  0.2793216 
833   1.7607689  0.6531839  1.1933388  0.2793822 
834   1.6910346  0.6492329  1.1543112  0.2752548 
835   1.6753701  0.6322120  1.1724497  0.2742692 
836   1.6489913  0.6335976  1.1765481  0.2878876 
837   1.7405722  0.6472055  1.2215626  0.2814801 
838   1.7692738  0.6349542  1.2261242  0.2811218 
839   1.7100942  0.6712809  1.1855721  0.2712567 
840   1.7731154  0.6652806  1.2750965  0.2885246 
841   1.6938397  0.6639169  1.2100875  0.2717406 
842   1.6764895  0.6722472  1.1863917  0.2834367 
843   1.7334780  0.6348477  1.1951088  0.2772949 
844   1.7614752  0.6583093  1.2385798  0.2870098 
845   1.7576967  0.6332942  1.2393253  0.2693736 
846   1.7635585  0.6369960  1.2339457  0.2771164 
847   1.6810399  0.6550775  1.1899991  0.2703159 
848   1.6664698  0.6287758  1.1786699  0.2615800 
849   1.7196187  0.6509535  1.2280952  0.2633935 
850   1.6822639  0.6487100  1.1943266  0.2577203 
851   1.7283447  0.6334414  1.2275004  0.2515517 
852   1.6820698  0.6481861  1.1853392  0.2601343 
853   1.7002025  0.6488679  1.1516340  0.2511978 
854   1.7043785  0.6704654  1.1759031  0.2789607 
855   1.7284997  0.6392492  1.1724958  0.2780474 
856   1.7732998  0.6456265  1.1693590  0.2708870 
857   1.7760562  0.6449715  1.2003338  0.2635152 
858   1.8079945  0.6470184  1.2278441  0.2801309 
859   1.7517488  0.6460568  1.2274293  0.2705587 
860   1.7297939  0.6267589  1.1917320  0.2814722 
861   1.7161959  0.6483070  1.1981628  0.2678730 
862   1.7517318  0.6484941  1.1889647  0.2683999 
863   1.7608656  0.6328705  1.1969291  0.2730922 
864   1.7022082  0.6335051  1.1622856  0.2504470 
865   1.7125001  0.6216610  1.1595058  0.2614005 
866   1.6829647  0.6556287  1.1248235  0.2626155 
867   1.6675867  0.6526791  1.1405553  0.2577660 
868   1.6678361  0.6430293  1.1323580  0.2713583 
869   1.6764079  0.6564718  1.1316338  0.2762809 
870   1.7074467  0.6238397  1.1557783  0.2748493 
871   1.6919460  0.6247281  1.1330576  0.2655296 
872   1.6940001  0.6325167  1.1455116  0.2886519 
873   1.6678475  0.6760935  1.1162633  0.2779295 
874   1.6507195  0.6268492  1.1302912  0.2531621 
875   1.6164634  0.6317676  1.1011817  0.2596973 
876   1.6188854  0.6131816  1.1436086  0.2701902 
877   1.6045604  0.6498242  1.1565541  0.2752097 
878   1.6106453  0.6246297  1.1463426  0.2768882 
879   1.5625955  0.6275262  1.1127034  0.2854631 
880   1.5881691  0.6181283  1.1121526  0.2865771 
881   1.6362177  0.6379248  1.1519111  0.2633174 
882   1.7516938  0.6102388  1.1898040  0.2505142 
883   1.6944340  0.6305498  1.1353332  0.2641115 
884   1.7531844  0.6085144  1.1749510  0.2654836 
885   1.7436373  0.6105879  1.1515919  0.2647238 
886   1.7134508  0.6378263  1.1402646  0.2717905 
887   1.7160236  0.6408824  1.1869814  0.2702886 
888   1.6647655  0.6243479  1.1556058  0.2686535 
889   1.6908344  0.6108176  1.1485848  0.2663094 
890   1.6805364  0.6255689  1.1560999  0.2637459 
891   1.6779052  0.6407804  1.1628925  0.2781937 
892   1.6909533  0.6307088  1.1791996  0.2759306 
893   1.7128879  0.6419566  1.2153782  0.2616891 
894   1.6984992  0.6214694  1.2292292  0.2782343 
895   1.7156906  0.6418464  1.2422055  0.2597996 
896   1.6826971  0.6199651  1.2201017  0.2745560 
897   1.7772074  0.6369343  1.2791280  0.2621358 
898   1.7447387  0.6109636  1.2644114  0.2791740 
899   1.8064709  0.6470522  1.2827379  0.2636461 
900   1.7476432  0.6401753  1.2830006  0.2693395 
901   1.6935198  0.6363806  1.2419567  0.2705901 
902   1.7536304  0.6307753  1.2558222  0.2691642 
903   1.8426665  0.6340674  1.2873695  0.2622065 
904   1.7959824  0.6469600  1.2932312  0.2915268 
905   1.8192432  0.6186201  1.3356626  0.2869451 
906   1.8044562  0.6235158  1.2995350  0.2649376 
907   1.8284630  0.6273178  1.3234559  0.2618224 
908   1.7881106  0.6285363  1.2429751  0.2658018 
909   1.8125929  0.6275098  1.2223575  0.2685662 
910   1.8512154  0.6394042  1.2740896  0.2796709 
911   1.8230197  0.6469571  1.2627437  0.2727122 
912   1.7528391  0.6265009  1.2223358  0.2724350 
913   1.7319865  0.6223621  1.1913141  0.2675156 
914   1.7721392  0.6320585  1.2470672  0.2695315 
915   1.7888837  0.6233546  1.2189623  0.2716029 
916   1.8590099  0.6016742  1.2314608  0.2663330 
917   1.8668008  0.6338213  1.2622857  0.2673291 
918   1.9090662  0.6518375  1.3034501  0.2711023 
919   1.8958191  0.6453164  1.2942597  0.2645642 
920   1.8379288  0.6430516  1.2533736  0.2557479 
921   1.8709313  0.6536923  1.2867409  0.2649546 
922   1.9157261  0.6595964  1.3058864  0.2581744 
923   1.9268016  0.6665843  1.2951733  0.2652134 
924   1.8943694  0.6623657  1.2686995  0.2704198 
925   1.9356366  0.6727393  1.2869891  0.2709324 
926   1.9968851  0.6638884  1.3097337  0.2594880 
927   1.9188004  0.6575651  1.2575722  0.2769082 
928   1.9435816  0.6545819  1.2547675  0.2579450 
929   1.9886760  0.6180876  1.3378472  0.2492000 
930   1.9697809  0.6375105  1.3109416  0.2680144 
931   1.9807947  0.6206154  1.3079207  0.2595508 
932   1.9429587  0.6282942  1.2864422  0.2664205 
933   1.8695096  0.6322750  1.2341088  0.2616894 
934   1.8843441  0.6487144  1.2446396  0.2635435 
935   1.8487871  0.6242277  1.2428765  0.2659297 
936   1.7991967  0.6327304  1.1898097  0.2719663 
937   1.8175260  0.6128545  1.1967621  0.2556883 
938   1.7333783  0.6172463  1.1777973  0.2686434 
939   1.7686057  0.6219263  1.1800033  0.2721741 
940   1.7978637  0.6207821  1.2279521  0.2715818 
941   1.8462083  0.6330099  1.2452214  0.2793024 
942   1.8363272  0.6098003  1.2389443  0.2741659 
943   1.9219354  0.6343374  1.3162174  0.2721783 
944   1.8714994  0.6427189  1.2712729  0.2671995 
945   1.8860666  0.6426117  1.2803779  0.2710297 
946   1.8726562  0.6440942  1.2793481  0.2805338 
947   1.8445008  0.6258518  1.2863829  0.2761875 
948   1.8713931  0.6230495  1.3129253  0.2855819 
949   1.9717628  0.6436562  1.3692827  0.2712202 
950   1.8369219  0.6284280  1.2881318  0.2710274 
951   1.8478476  0.6472949  1.3089299  0.2817340 
952   1.8905759  0.6530253  1.3518802  0.2654450 
953   1.8213601  0.6499165  1.3352876  0.2776888 
954   1.8319778  0.6445221  1.3116585  0.2751089 
955   1.8075284  0.6287284  1.2962049  0.2934909 
956   1.7898073  0.6241159  1.3354949  0.2794708 
957   1.8054000  0.6226845  1.3085723  0.2768180 
958   1.8389035  0.6397848  1.3157119  0.2707554 
959   1.8402106  0.6562644  1.2996249  0.2776382 
960   1.8078345  0.6611617  1.2910171  0.2741737 
961   1.8002394  0.6747212  1.2986799  0.2740459 
962   1.8504987  0.6916988  1.3454317  0.2700712 
963   1.8598827  0.6559292  1.3023925  0.2761402 
964   1.9605964  0.6331766  1.3658527  0.2839539 
965   1.9659210  0.6329370  1.3760215  0.2713631 
966   1.9694682  0.6403842  1.3799804  0.2787844 
967   1.9308455  0.6398168  1.3551239  0.2701386 
968   1.8326859  0.6358171  1.2836920  0.2676681 
969   1.8659630  0.6254428  1.2809407  0.2761745 
970   1.9461949  0.6410386  1.3044466  0.2682106 
971   1.8766747  0.6322284  1.2868923  0.2786456 
972   1.8284427  0.6235738  1.2683830  0.2858475 
973   1.7812709  0.6141870  1.2508752  0.2751871 
974   1.8642790  0.6173336  1.2615597  0.2734814 
975   1.8361715  0.6111662  1.2490196  0.2775110 
976   1.8682421  0.5937960  1.2887938  0.2867235 
977   1.9077293  0.6211254  1.2997655  0.2739801 
978   1.8701961  0.6207142  1.2924680  0.2695274 
979   1.8518416  0.6054479  1.2810119  0.2646797 
980   1.7772104  0.6147171  1.1936529  0.2509872 
981   1.8583155  0.6083144  1.2614671  0.2631240 
982   1.8448300  0.6167150  1.2460304  0.2987673 
983   1.8351687  0.5952195  1.2379144  0.2532942 
984   1.8015602  0.6255513  1.2231539  0.2798322 
985   1.8316231  0.6043689  1.2730340  0.2836909 
986   1.7944664  0.6203452  1.2999710  0.2688472 
987   1.7691613  0.6219510  1.2692789  0.2841555 
988   1.7576407  0.6143961  1.2544235  0.2840740 
989   1.7964495  0.6547748  1.3074973  0.2709123 
990   1.9018741  0.6316329  1.3489068  0.2716910 
991   1.7738367  0.6577037  1.2776185  0.2763878 
992   1.7897732  0.6271388  1.2935648  0.2651073 
993   1.8368253  0.6392711  1.3296807  0.2686312 
994   1.7953311  0.6410666  1.3276023  0.2790155 
995   1.8292987  0.6243722  1.3258437  0.2797162 
996   1.7842544  0.6557438  1.3273335  0.2872756 
997   1.8326514  0.6219717  1.3104552  0.2818068 
998   1.7783163  0.6288005  1.2997754  0.2832738 
999   1.7802886  0.6196622  1.2701479  0.2754526 
1000  1.9002576  0.6188447  1.3546270  0.2623925 
1001  1.7853913  0.6235803  1.3066888  0.3007153 
1002  1.8393576  0.6178392  1.3082018  0.2943095 
1003  1.7886913  0.6249980  1.2917807  0.2784597 
1004  1.7770429  0.6188599  1.3152663  0.2792610 
1005  1.8300067  0.6189483  1.3305876  0.2873950 
1006  1.8930027  0.6147892  1.3658372  0.2926210 
1007  1.9030832  0.6480168  1.3932143  0.2756683 
1008  1.9088252  0.6279110  1.3507391  0.2783906 
1009  1.8758467  0.6685076  1.3387833  0.2846628 
1010  1.9774976  0.6674846  1.3862916  0.2775117 
1011  1.9077325  0.6343035  1.3415999  0.2921624 
1012  1.9137673  0.6513214  1.3582178  0.2730943 
1013  1.9186777  0.6179178  1.3497328  0.2799533 
1014  1.9772738  0.6483777  1.3928006  0.2929066 
1015  1.9930525  0.6323269  1.4048591  0.3004183 
1016  2.0300722  0.6315256  1.3804007  0.2844516 
1017  2.0231476  0.6090933  1.3599926  0.2808858 
1018  1.9824748  0.6054450  1.3487664  0.2776612 
1019  1.9386445  0.5980709  1.3285768  0.2839939 
1020  2.0049727  0.6275530  1.3674508  0.2765674 
1021  1.9403485  0.6218275  1.3081586  0.2861493 
1022  1.9507681  0.6237967  1.3183304  0.2930272 
1023  2.0028884  0.6185525  1.3365815  0.2875086 
1024  2.0017211  0.6082001  1.3492863  0.2923971 
1025  2.0325863  0.6156816  1.3419161  0.2974363 
1026  2.0029526  0.6002315  1.3465046  0.2940106 
1027  1.9898942  0.5959675  1.3444506  0.2848500 
1028  2.0302229  0.5971847  1.3743936  0.2892185 
1029  1.9524825  0.5824926  1.3108941  0.2790087 
1030  1.9938482  0.5854897  1.3593086  0.2929467 
1031  2.0152690  0.5764790  1.3649631  0.2909861 
1032  1.8946618  0.5671924  1.2820612  0.2933851 
1033  1.8976101  0.5586466  1.3221853  0.2842685 
1034  1.9255935  0.5679299  1.3221080  0.2954079 
1035  1.9804529  0.5869092  1.3660892  0.2901282 
1036  1.9841354  0.5949759  1.3686206  0.2837242 
1037  1.9842943  0.6006864  1.3418100  0.2801588 
1038  1.9883509  0.5685989  1.3240175  0.2736658 
1039  1.8769310  0.5992575  1.2413212  0.2749721 
1040  1.8320602  0.5880014  1.2199936  0.2838654 
1041  1.8580325  0.5839949  1.2196090  0.2831824 
1042  1.8461312  0.5932316  1.2387201  0.2857403 
1043  1.8901663  0.6230439  1.3197075  0.2881611 
1044  1.8996263  0.5985952  1.3177397  0.2907867 
1045  1.9091530  0.5945442  1.3252076  0.2804293 
1046  1.8609817  0.5817379  1.2897402  0.2933451 
1047  1.8557171  0.5892942  1.2748494  0.2917577 
1048  1.8594431  0.5849398  1.2889887  0.2803432 
1049  1.8461157  0.5842789  1.2878428  0.2847101 
1050  1.8836720  0.5860727  1.3051683  0.2820479 
1051  1.8245428  0.5918319  1.2985554  0.2947955 
1052  1.8708111  0.5974551  1.3318121  0.2961786 
1053  1.9411833  0.6041209  1.3384299  0.2910250 
1054  1.9826626  0.6073095  1.3998010  0.2835173 
1055  1.9821258  0.6140760  1.4460388  0.3026494 
1056  1.9692667  0.5914772  1.4403911  0.2960410 
1057  1.9172232  0.6054608  1.4086058  0.3025397 
1058  1.9273242  0.6064508  1.4405936  0.3035550 
1059  1.9856416  0.6120452  1.4302200  0.3020166 
1060  1.9898674  0.6004975  1.4431621  0.2835982 
1061  1.9208825  0.6113233  1.4101553  0.2932416 
1062  1.9653398  0.6043898  1.4014442  0.2725158 
1063  2.0244725  0.6034796  1.4559299  0.2747440 
1064  2.0279815  0.6256714  1.4762418  0.2612701 
1065  2.0280011  0.6094595  1.4065506  0.2681960 
