#time, global, repeatA-F, pore, tm38
0     0.0000029  0.0000030  0.0000028  0.0000023 
1     0.3814945  0.1569184  0.2272174  0.0811513 
2     0.6318948  0.1983835  0.3598477  0.0997157 
3     0.8273193  0.2256175  0.5065557  0.1157380 
4     0.9665566  0.2449825  0.6033879  0.0923734 
5     1.0363119  0.2640828  0.6363167  0.1411384 
6     1.1726277  0.2792982  0.7219810  0.1325271 
7     1.1966996  0.2751144  0.7496042  0.1279914 
8     1.2857988  0.2869695  0.7923773  0.1433188 
9     1.3486923  0.3217916  0.8414378  0.1372528 
10    1.3381931  0.3094973  0.8724388  0.1318451 
11    1.3556612  0.3224160  0.8675110  0.1505853 
12    1.5020822  0.3231297  0.9876416  0.1461696 
13    1.5165399  0.3370986  0.9592169  0.1414727 
14    1.5801103  0.3353891  1.0038799  0.1587795 
15    1.6259615  0.3361393  1.0695302  0.1654432 
16    1.7017419  0.3466662  1.1136458  0.1553732 
17    1.7276860  0.3442208  1.1196002  0.1682905 
18    1.8471211  0.3293084  1.1641676  0.1511219 
19    1.8481287  0.3380249  1.1763031  0.1266951 
20    1.7989873  0.3493530  1.1385875  0.1619895 
21    1.8185681  0.3677782  1.2011942  0.1920834 
22    1.8336520  0.3562394  1.2054693  0.2241638 
23    1.8720616  0.3428276  1.2098681  0.1907305 
24    1.8628937  0.3532974  1.2437036  0.1895666 
25    1.8740472  0.3595358  1.2514088  0.1771433 
26    1.8322080  0.3498354  1.2047151  0.1740239 
27    1.8950520  0.3641590  1.2134496  0.2095351 
28    1.9152771  0.3706962  1.2429307  0.1969169 
29    1.8739772  0.3744124  1.2087289  0.1618014 
30    1.9185209  0.3784394  1.2537874  0.1675814 
31    1.9573621  0.3852618  1.2911696  0.1566254 
32    2.0260222  0.3928059  1.3457392  0.1802022 
33    1.9896621  0.3925785  1.3096248  0.1860367 
34    1.9663091  0.4158584  1.3172941  0.2015686 
35    1.9544927  0.4371347  1.3093723  0.2660144 
36    2.0744517  0.4278868  1.4775972  0.2071296 
37    2.0310462  0.4334511  1.4134082  0.2557969 
38    2.0675223  0.4669805  1.4227637  0.2752906 
39    2.1469371  0.4546356  1.4936049  0.2656096 
40    2.0952182  0.4781129  1.4417697  0.2341166 
41    2.1104341  0.4793677  1.4238691  0.2489672 
42    2.0968447  0.4744073  1.4291068  0.2618132 
43    2.1217496  0.4511811  1.4372287  0.2179301 
44    2.1494734  0.4689341  1.4492621  0.2275029 
45    2.1233709  0.4862638  1.4482903  0.2183375 
46    2.1116266  0.4809087  1.4413615  0.2208221 
47    2.1186314  0.4834246  1.4398475  0.2384667 
48    2.1477413  0.4797279  1.4002243  0.2162564 
49    2.0878482  0.4754584  1.3820734  0.2061407 
50    2.1322784  0.4490087  1.3975010  0.2371599 
51    2.2346957  0.4745564  1.4644347  0.2534196 
52    2.1959105  0.5076561  1.4451835  0.2328537 
53    2.2105443  0.4858935  1.4390686  0.2190500 
54    2.1090021  0.4923565  1.3668228  0.2299676 
55    2.2164793  0.5312309  1.4900135  0.2314511 
56    2.2624826  0.4940560  1.4893579  0.2418895 
57    2.2642922  0.5247158  1.4927869  0.2476954 
58    2.2852449  0.4995075  1.4733158  0.2168937 
59    2.3453350  0.5387375  1.5597163  0.2251648 
60    2.2748668  0.5408756  1.5132898  0.2587664 
61    2.3300045  0.5496845  1.5394585  0.2623900 
62    2.2728651  0.5346925  1.4764084  0.2665499 
63    2.2979960  0.5617942  1.5255497  0.2699301 
64    2.3308699  0.5541846  1.5470115  0.2947823 
65    2.3898995  0.5523366  1.5822935  0.2919922 
66    2.3533485  0.5574158  1.5617893  0.2492548 
67    2.3723142  0.5593792  1.5679954  0.2729711 
68    2.3473823  0.5834165  1.5159332  0.2789564 
69    2.2832055  0.5553401  1.4923627  0.2615711 
70    2.3242393  0.5733351  1.5386800  0.2850446 
71    2.2949550  0.5583009  1.5459139  0.3114850 
72    2.2898045  0.5831159  1.5521078  0.3430443 
73    2.2471271  0.5462833  1.4660287  0.3010791 
74    2.2524493  0.5481526  1.4954617  0.2957489 
75    2.2313528  0.5651344  1.4880958  0.3060763 
76    2.2420731  0.5643439  1.5379629  0.3020803 
77    2.3163013  0.5538142  1.5711426  0.2781727 
78    2.2971048  0.5404159  1.5366675  0.2872714 
79    2.2596288  0.6091775  1.4852180  0.2670977 
80    2.2468545  0.5618038  1.5104373  0.2714688 
81    2.2735744  0.5787464  1.5506389  0.2846861 
82    2.2940798  0.5783076  1.5339327  0.3153239 
83    2.3137372  0.5952654  1.5832795  0.2978693 
84    2.3103483  0.6369939  1.5715909  0.2901108 
85    2.4009762  0.6039411  1.6289034  0.3400912 
86    2.3740392  0.6495565  1.6471905  0.3069175 
87    2.3834889  0.5841579  1.6642870  0.3062140 
88    2.3533778  0.6263211  1.6167725  0.3240057 
89    2.3646424  0.6296566  1.6192437  0.3030430 
90    2.3594189  0.5995719  1.6175416  0.3064359 
91    2.3201473  0.6241821  1.6124864  0.3165032 
92    2.3187737  0.5893769  1.6106567  0.3133030 
93    2.3515725  0.6149909  1.6285555  0.3186025 
94    2.4415281  0.6183028  1.7109096  0.3342708 
95    2.4476871  0.5868514  1.6657971  0.3165496 
96    2.3912277  0.5853237  1.6621419  0.3093915 
97    2.3925624  0.6473922  1.6488975  0.3285609 
98    2.4486578  0.5942861  1.6922826  0.3262658 
99    2.4428732  0.5760453  1.6841937  0.3256972 
100   2.4291399  0.5970021  1.7036190  0.3284220 
101   2.4564011  0.5950826  1.7399521  0.3378551 
102   2.4791565  0.6193325  1.7700551  0.3662130 
103   2.4948385  0.6184433  1.7324862  0.3712380 
104   2.5118437  0.6617832  1.7528129  0.3866668 
105   2.3825665  0.6575734  1.6427809  0.3943736 
106   2.4608240  0.6647248  1.6883074  0.3636181 
107   2.4262667  0.6425787  1.6902702  0.3807701 
108   2.4509039  0.6124786  1.6886066  0.3690220 
109   2.5103769  0.5908841  1.7932731  0.3782299 
110   2.4700696  0.5844375  1.7574369  0.4126241 
111   2.5867791  0.5632991  1.8289349  0.3891047 
112   2.5703928  0.5790801  1.8144355  0.3833652 
113   2.5399718  0.5950599  1.7527360  0.3560752 
114   2.4960914  0.5755073  1.7304940  0.3416243 
115   2.4825203  0.6055881  1.7449018  0.3568885 
116   2.5890644  0.5900462  1.8029258  0.3896540 
117   2.5588596  0.6210909  1.7630615  0.3553373 
118   2.5681362  0.6224633  1.7501363  0.3845183 
119   2.6874518  0.6222610  1.8710663  0.3885190 
120   2.6526561  0.6143872  1.8755541  0.3918513 
121   2.6285198  0.6428128  1.8136629  0.3487616 
122   2.6230175  0.6597218  1.8577807  0.3880633 
123   2.5598567  0.6282998  1.8156431  0.3620777 
124   2.5860841  0.6625565  1.8015864  0.3511879 
125   2.4903581  0.6652526  1.7283127  0.3529149 
126   2.5110497  0.6717598  1.7662227  0.3451984 
127   2.4691424  0.6445049  1.7306454  0.3505771 
128   2.5465782  0.6876206  1.7965056  0.3913683 
129   2.5822659  0.6615322  1.8261570  0.3897580 
130   2.5957732  0.6709254  1.8377534  0.3692708 
131   2.6178575  0.6649581  1.8186729  0.3887179 
132   2.6659777  0.6605319  1.8679259  0.3733380 
133   2.6193430  0.6434025  1.8384731  0.3809574 
134   2.5610135  0.6005088  1.8075681  0.3621500 
135   2.6764557  0.6424645  1.9102411  0.3821645 
136   2.6251023  0.6394777  1.8991574  0.3840590 
137   2.6085904  0.6177019  1.8289374  0.3773270 
138   2.6485360  0.6093608  1.8519684  0.4033244 
139   2.5902653  0.6510959  1.8275467  0.3918451 
140   2.7027669  0.6580030  1.9077233  0.3994554 
141   2.7532055  0.6405898  1.9446919  0.3725812 
142   2.7834222  0.6189120  1.9562483  0.3777755 
143   2.7391696  0.6220972  1.9000425  0.4077858 
144   2.6759796  0.6010776  1.8781028  0.4036484 
145   2.6703598  0.5978999  1.8843428  0.3662967 
146   2.5753732  0.5711008  1.8303251  0.3305500 
147   2.6845841  0.6183392  1.9108084  0.3626314 
148   2.6925714  0.5986325  1.8991799  0.3900225 
149   2.6709819  0.6630635  1.9130471  0.3598843 
150   2.6673267  0.6247338  1.8664147  0.3616239 
151   2.6655188  0.6257893  1.9050608  0.3560869 
152   2.6553373  0.6320305  1.8600196  0.3624680 
153   2.6910155  0.6103728  1.9013118  0.3480965 
154   2.6997626  0.6633919  1.9329711  0.3591608 
155   2.6909733  0.6412137  1.9089450  0.3532044 
156   2.7164788  0.6184904  1.9217782  0.3502670 
157   2.7483242  0.6291118  1.9577398  0.3815932 
158   2.7380533  0.6296482  1.9158540  0.3781806 
159   2.8020067  0.6013425  1.9681199  0.3749020 
160   2.7647817  0.6112438  1.9373389  0.3671539 
161   2.7948396  0.6323620  1.9787277  0.3993738 
162   2.7514009  0.6387021  1.9808145  0.4055671 
163   2.8022518  0.6282798  1.9703562  0.3750351 
164   2.7720883  0.6242906  1.9373989  0.3765569 
165   2.7973013  0.6401226  1.9391631  0.3971446 
166   2.7908287  0.6255843  1.9594837  0.3820508 
167   2.8056865  0.6251370  1.9529485  0.3651161 
168   2.8106604  0.5938140  1.9501573  0.3444771 
169   2.7962809  0.5959113  1.9361751  0.3421227 
170   2.7480972  0.6142165  1.9020063  0.3473498 
171   2.7948947  0.6130072  1.9350713  0.3741933 
172   2.6976743  0.6274359  1.8661369  0.3642616 
173   2.7293539  0.6671314  1.9241915  0.3542914 
174   2.7672293  0.6466176  1.9287294  0.3629307 
175   2.7859426  0.6704320  1.9674321  0.3794172 
176   2.7423506  0.6748796  1.9577079  0.3879109 
177   2.7524383  0.6923642  1.9132183  0.3733753 
178   2.7236681  0.6807110  1.8804847  0.3908267 
179   2.7383986  0.6876147  1.9035679  0.3716864 
180   2.7991712  0.7066376  1.9487740  0.3683138 
181   2.7228918  0.6883401  1.9346327  0.3641828 
182   2.7859230  0.7087136  1.9617183  0.3524703 
183   2.8011460  0.6882427  1.9753916  0.3452345 
184   2.7707336  0.6870531  1.9934288  0.3547722 
185   2.7718174  0.6786083  1.9923952  0.3756075 
186   2.8152683  0.7293096  2.0066555  0.3939853 
187   2.8497078  0.6964071  2.0255017  0.3881230 
188   2.7983551  0.7019808  1.9339410  0.4094656 
189   2.8167584  0.7022527  1.9359056  0.3880135 
190   2.7613850  0.6872584  1.9390737  0.3918925 
191   2.7392068  0.6713511  1.9044470  0.3696331 
192   2.7486675  0.7230670  1.9356443  0.3469500 
193   2.8288326  0.7399260  1.9617865  0.3950874 
194   2.8735788  0.7093611  2.0434940  0.3781046 
195   2.8306975  0.7325110  2.0225508  0.3991728 
196   2.7698355  0.7139929  1.9589083  0.4092318 
197   2.8462460  0.7356265  1.9535959  0.3901428 
198   2.8002806  0.7226943  1.9270846  0.4052067 
199   2.8620861  0.7430744  1.9934072  0.3968516 
200   2.8607256  0.7095942  2.0048628  0.3659541 
201   2.8615737  0.7126350  1.9797016  0.3406030 
202   2.8939691  0.7500594  1.9844983  0.3585080 
203   2.9281461  0.7192444  1.9653838  0.3609095 
204   2.9916916  0.7352762  2.0332768  0.3290417 
205   2.9942243  0.7097371  2.0225263  0.3164600 
206   2.9409153  0.7181290  2.0065649  0.3158263 
207   2.9333110  0.7197376  2.0068946  0.3653319 
208   2.9801636  0.7029970  2.0216107  0.3670246 
209   3.0413361  0.7262757  2.0786092  0.3717115 
210   2.9627101  0.7071953  2.0471098  0.3740766 
211   2.9532387  0.7189834  2.0282502  0.3646634 
212   2.9417357  0.6835539  2.0187960  0.3222843 
213   2.8453965  0.7006882  1.9596053  0.3989812 
214   2.8286250  0.6875607  2.0018919  0.3762554 
215   2.8228874  0.6655942  1.9455037  0.3826104 
216   2.7984748  0.6560767  1.9383442  0.3612975 
217   2.7790341  0.6629269  1.9550853  0.3698060 
218   2.8451517  0.6760568  1.9242510  0.4002658 
219   2.8605292  0.7121215  1.9448111  0.3507082 
220   2.8310995  0.6433633  1.9186890  0.4009370 
221   2.9123929  0.6301519  1.9698546  0.3731945 
222   2.9287097  0.6595758  1.9662766  0.3671433 
223   2.8511245  0.6779594  1.9163196  0.3613939 
224   2.8686969  0.6885492  1.9522369  0.3640402 
225   2.8121006  0.6579800  1.8744977  0.3440153 
226   2.7819786  0.6830007  1.8761333  0.3495648 
227   2.8390596  0.6927556  1.9550259  0.3653689 
228   2.8099923  0.6692349  1.9531343  0.3484002 
229   2.7671409  0.6974775  1.9388815  0.3692695 
230   2.7665288  0.7114624  1.9686285  0.3787410 
231   2.7751458  0.7104108  1.9579473  0.3398287 
232   2.8457048  0.7855584  2.0080805  0.3614498 
233   2.9181190  0.7444007  2.0082457  0.3623394 
234   2.8540974  0.7316953  1.9672431  0.3665766 
235   2.8831608  0.7455047  2.0240307  0.3777718 
236   2.9828100  0.7274974  2.1104469  0.3724445 
237   3.0018101  0.6854151  2.1036806  0.3700395 
238   3.0566378  0.7440220  2.1697402  0.3612225 
239   3.0044193  0.7110478  2.0683351  0.3402254 
240   2.9177270  0.7150120  2.0392933  0.3218043 
241   2.9218810  0.7264144  2.0823336  0.3537735 
242   2.8436050  0.7063458  2.0261719  0.3609539 
243   2.8876076  0.7060602  2.0461733  0.3571612 
244   2.9677532  0.7126784  2.0736187  0.3578241 
245   3.0253816  0.7446703  2.0978999  0.3874775 
246   3.0267265  0.7453672  2.1131120  0.3613824 
247   2.9502709  0.7471410  2.0626023  0.3998839 
248   2.9867516  0.7425668  2.0980735  0.3816916 
249   2.9867241  0.6992528  2.1108541  0.3731163 
250   3.0170045  0.7137227  2.1549029  0.3828911 
251   3.0656221  0.7076643  2.1746681  0.3901152 
252   2.9611704  0.6871102  2.0982318  0.3808196 
253   2.9965239  0.7033690  2.1303189  0.3838017 
254   3.0533793  0.6952506  2.1933613  0.3988993 
255   3.0818155  0.6885149  2.2363040  0.4150487 
256   2.9670866  0.7245944  2.1686802  0.4372329 
257   2.9358265  0.6968110  2.0995066  0.4272894 
258   2.9020178  0.7122490  2.0756371  0.4462680 
259   2.8376672  0.6763992  2.0367899  0.4088537 
260   2.8362002  0.7226067  2.0425572  0.3793547 
261   2.9253912  0.7128825  2.1088443  0.4007256 
262   2.8975925  0.7136463  2.1047170  0.4251699 
263   2.8757474  0.7047188  2.0760312  0.4172509 
264   2.7913773  0.7011303  1.9689891  0.3947758 
265   2.7827861  0.7008013  1.9764521  0.4224236 
266   2.7701981  0.7052475  1.9845653  0.4171457 
267   2.7483320  0.7050854  1.9749002  0.4405814 
268   2.7820468  0.7022686  2.0249133  0.4349748 
269   2.6805694  0.6696428  1.9586629  0.4138470 
270   2.6649518  0.6723882  1.9241073  0.4374301 
271   2.6612337  0.6928570  1.9306598  0.4598261 
272   2.7242184  0.7008271  1.9910052  0.4359843 
273   2.7930546  0.6912201  2.0281105  0.4444208 
274   2.8005579  0.7044325  2.0392044  0.4240704 
275   2.8726532  0.7111648  2.0924928  0.4442385 
276   2.8945711  0.7018265  2.1151888  0.4460744 
277   2.8774397  0.7045032  2.1050415  0.4407364 
278   2.9122064  0.6928666  2.1336038  0.4272934 
279   2.9317229  0.7034245  2.1751728  0.4510342 
280   2.9528286  0.6718485  2.1214035  0.4343437 
281   2.9279122  0.6662744  2.1478117  0.3979070 
282   2.8704996  0.6725011  2.1086481  0.3871058 
283   2.9069309  0.6978083  2.1383016  0.4577592 
284   2.9563208  0.6938996  2.1650321  0.4496791 
285   2.9256554  0.7024451  2.1397986  0.4234135 
286   2.9524887  0.7222546  2.1778069  0.4221450 
287   2.9068899  0.7168635  2.1400247  0.4414994 
288   2.9436603  0.7219964  2.1773467  0.4210055 
289   2.9802513  0.7069300  2.2062724  0.4394023 
290   2.9448798  0.7086464  2.1473107  0.4460960 
291   2.9520631  0.7180203  2.1790323  0.4162420 
292   2.8743768  0.6946529  2.1277745  0.4233958 
293   2.8257155  0.6851130  2.0519137  0.3768002 
294   2.8733928  0.6764203  2.0825124  0.3811935 
295   2.7992554  0.6829081  2.0747225  0.4261497 
296   2.9021211  0.6911277  2.1506996  0.4121066 
297   2.8118458  0.6858475  2.0604033  0.4351178 
298   2.8813326  0.6913785  2.1487567  0.4249803 
299   2.9166570  0.7146158  2.1988111  0.4358014 
300   2.8553407  0.6946118  2.0968952  0.4160205 
301   2.8844252  0.7055833  2.1349397  0.4299202 
302   2.8063247  0.7051705  2.0509195  0.4276828 
303   2.8526361  0.7144871  2.0994508  0.4249690 
304   2.7534952  0.7048308  2.0546851  0.4136968 
305   2.7958965  0.6927720  2.1200728  0.4170784 
306   2.8015184  0.7084440  2.1635165  0.4393076 
307   2.7731957  0.7077216  2.0740068  0.4180104 
308   2.7904277  0.6890037  2.0684760  0.4515151 
309   2.8249109  0.7241273  2.1135607  0.4550754 
310   2.8398259  0.6893424  2.0887249  0.4017179 
311   2.8474367  0.7099510  2.1216357  0.4163319 
312   2.8320050  0.6938755  2.0694942  0.4097033 
313   2.8953295  0.7005706  2.1308217  0.4254099 
314   2.9320087  0.6721052  2.1472681  0.4053711 
315   2.8887653  0.6630725  2.1046429  0.4133801 
316   2.9314444  0.6566299  2.1461151  0.4076134 
317   2.9001362  0.6857102  2.1147509  0.4192946 
318   2.8591974  0.6583245  2.0860596  0.4164807 
319   2.8540506  0.6600835  2.0472388  0.3795604 
320   2.8837895  0.6384118  2.0366523  0.4173697 
321   2.8444774  0.6529504  2.0242300  0.4077983 
322   2.9212742  0.6621222  2.0947855  0.4062433 
323   2.9280472  0.6676844  2.1220708  0.3633644 
324   2.9083395  0.6549801  2.0854714  0.3760523 
325   2.9785817  0.6543156  2.1638141  0.3891602 
326   2.9623697  0.6474554  2.1671143  0.3894039 
327   2.8572667  0.6492522  2.1085169  0.3754207 
328   2.8244343  0.6436794  2.0801215  0.3882903 
329   2.8471119  0.6299068  2.0997055  0.3551110 
330   2.8779576  0.6529043  2.0858245  0.3942842 
331   2.9438660  0.6373128  2.1592131  0.3557915 
332   3.0079935  0.6499550  2.1858373  0.4051073 
333   3.0355835  0.6463676  2.1440074  0.3973353 
334   3.0147266  0.6525081  2.1752126  0.3879829 
335   3.1053879  0.6642466  2.2086799  0.3618832 
336   3.1081014  0.6636052  2.2255623  0.3936914 
337   3.0133405  0.6549263  2.1480482  0.3507702 
338   3.0180998  0.6508721  2.1786406  0.3583437 
339   3.0797436  0.6659201  2.2596359  0.4065285 
340   3.0082541  0.6623894  2.1932645  0.4217984 
341   2.9986455  0.6854870  2.2387471  0.4187697 
342   3.0462615  0.6849263  2.2774532  0.4117653 
343   3.0492542  0.6877300  2.2858732  0.4019486 
344   3.0207748  0.6956581  2.2471311  0.4438751 
345   3.0744750  0.6924105  2.2667160  0.4505309 
346   3.0112901  0.6933576  2.2306559  0.4531044 
347   3.0335176  0.7019674  2.2522438  0.4163323 
348   2.9677601  0.6820860  2.1940360  0.4155414 
349   3.0372345  0.6929214  2.2605212  0.4070812 
350   3.0408804  0.7097082  2.2942369  0.4840070 
351   3.0549061  0.7099326  2.2815511  0.4595044 
352   3.1110699  0.7027340  2.3334622  0.4612256 
353   3.0635378  0.7079744  2.3177013  0.4429621 
354   2.9154847  0.7269797  2.1975796  0.4470816 
355   2.9103587  0.7199842  2.1762187  0.4428194 
356   2.9250667  0.7130980  2.1828883  0.4719624 
357   2.9755352  0.7181447  2.1637847  0.4641649 
358   3.0291553  0.6969306  2.2352927  0.4562909 
359   3.0407364  0.7088026  2.1921585  0.4482017 
360   2.9646528  0.7033418  2.1509454  0.4489747 
361   3.0167010  0.7096126  2.2452807  0.4381167 
362   3.1863317  0.7027216  2.3327684  0.4114127 
363   3.1686857  0.7156938  2.3216834  0.4348530 
364   3.1228292  0.7129613  2.2514458  0.4490467 
365   3.2537110  0.7101820  2.4130626  0.4476534 
366   3.1209042  0.7088289  2.2744665  0.4716206 
367   3.0788839  0.7122802  2.2626884  0.4676099 
368   3.1676366  0.7353438  2.3470175  0.4771847 
369   3.0624943  0.6986820  2.2505932  0.4297829 
370   3.1650457  0.7124384  2.2898638  0.4464428 
371   3.1717703  0.7048073  2.2797115  0.4656728 
372   3.1791952  0.7031596  2.2746086  0.4330170 
373   3.2048666  0.7105876  2.3113136  0.4980033 
374   3.1718390  0.7275997  2.3113058  0.4976929 
375   3.1589241  0.7253397  2.2929370  0.4957999 
376   3.1622818  0.7081319  2.3013897  0.4678389 
377   3.0774164  0.7125774  2.2801473  0.4658048 
378   3.0770547  0.7001531  2.2470169  0.4661913 
379   3.1195009  0.6865132  2.2872076  0.5090805 
380   3.0497453  0.7113401  2.2192428  0.4505379 
381   3.0104575  0.7075399  2.2031147  0.4180285 
382   3.1239691  0.7321335  2.3269997  0.4118204 
383   3.0512257  0.7320961  2.3056281  0.4301225 
384   3.0638335  0.6915911  2.2673509  0.4289789 
385   3.0928004  0.7235260  2.3149507  0.4264014 
386   3.0632005  0.7132311  2.3179319  0.4567881 
387   3.0789347  0.6844097  2.2786231  0.4397605 
388   3.0711119  0.6894038  2.3262830  0.4547325 
389   3.0786705  0.7169900  2.3535421  0.4864347 
390   3.0874496  0.7185180  2.3284535  0.4440816 
391   3.0890868  0.7096197  2.3117304  0.4614142 
392   3.1311536  0.6996925  2.2773325  0.4447994 
393   3.0591908  0.6930788  2.2728546  0.4539902 
394   3.0594864  0.6831281  2.2993784  0.4236471 
395   3.1387608  0.6821556  2.3572264  0.4552273 
396   3.0125463  0.6777107  2.2679007  0.4238846 
397   3.0485432  0.6802295  2.3123400  0.4652352 
398   3.0430641  0.6761764  2.3049533  0.4613805 
399   3.1468463  0.6849594  2.3905497  0.4171748 
400   3.0725329  0.7046963  2.2709992  0.4459859 
401   3.1743445  0.6898913  2.3418317  0.4187248 
402   3.1947849  0.6668872  2.3656144  0.4556177 
403   3.1599181  0.6731268  2.3358624  0.4398510 
404   3.2152560  0.6764171  2.3272452  0.4505705 
405   3.1741781  0.6649590  2.3288691  0.4431427 
406   3.1923211  0.6793576  2.3411744  0.4290989 
407   3.2352223  0.6803540  2.4009628  0.4576624 
408   3.1786530  0.7015275  2.3518269  0.4569705 
409   3.1333828  0.6951615  2.3191032  0.4448172 
410   3.1850040  0.6926591  2.3687389  0.4423792 
411   3.1083887  0.7242407  2.2956195  0.4121551 
412   3.0241997  0.7016091  2.2499049  0.3888508 
413   3.1050715  0.7385338  2.3161688  0.4478374 
414   3.1530583  0.7001572  2.3033586  0.4207452 
415   3.1713881  0.7204127  2.3148236  0.4214814 
416   3.1952419  0.7239295  2.3558233  0.4265157 
417   3.2169883  0.7243690  2.3898649  0.4233538 
418   3.1883132  0.7141840  2.3994427  0.4399788 
419   3.1562259  0.7360826  2.3568282  0.4643466 
420   3.1061645  0.7277861  2.3091633  0.4755622 
421   3.2122974  0.7169485  2.3608232  0.4642729 
422   3.2798610  0.7077784  2.4108195  0.4438190 
423   3.1610427  0.7213677  2.3282087  0.4715387 
424   3.1647482  0.6973248  2.3549755  0.4113885 
425   3.1500614  0.7084185  2.3244214  0.4339676 
426   3.1936533  0.7042499  2.3523288  0.4371051 
427   3.1342058  0.6998041  2.3339176  0.3915004 
428   3.1480730  0.7488372  2.3379886  0.4126684 
429   3.0826778  0.7200406  2.3205616  0.4329857 
430   3.0598102  0.7060306  2.2966619  0.4134865 
431   3.0928204  0.7249033  2.3139822  0.4334569 
432   3.0662920  0.7201830  2.2909169  0.4466621 
433   2.9843104  0.7116938  2.2172866  0.4457470 
434   3.0880046  0.7043435  2.3315265  0.4402531 
435   3.0653768  0.7289725  2.3265588  0.4239636 
436   3.0324438  0.7080265  2.2799485  0.3861562 
437   3.0557764  0.6947812  2.3090236  0.4093281 
438   3.0622213  0.7022770  2.2832561  0.3777878 
439   3.1026464  0.6991788  2.3158636  0.4164222 
440   3.0197523  0.6924959  2.2027802  0.4147735 
441   2.9931028  0.7201512  2.2139246  0.4071920 
442   3.0303617  0.6977900  2.2618842  0.3821677 
443   3.0556817  0.7058321  2.2958775  0.3828123 
444   2.9750493  0.7098639  2.2716784  0.4210915 
445   3.0166283  0.6925356  2.2577503  0.4030580 
446   3.0321193  0.7138073  2.2825346  0.4050483 
447   2.9090166  0.7196093  2.2129903  0.4446678 
448   3.0321095  0.7309302  2.3111608  0.3927559 
449   2.9871383  0.7228273  2.2464502  0.4156675 
450   2.9905727  0.7209669  2.2632508  0.4298816 
451   2.9287155  0.7110615  2.2578502  0.4254351 
452   2.9701004  0.7223808  2.2600603  0.3935627 
453   3.0184107  0.7204387  2.2786579  0.4037558 
454   3.1115057  0.7137899  2.3521280  0.4168482 
455   3.0539176  0.7112323  2.3090470  0.3976503 
456   3.1135814  0.7208589  2.3083229  0.4089966 
457   3.0372062  0.7114422  2.2434742  0.4025034 
458   3.0308776  0.7057119  2.2293622  0.3986405 
459   2.9626052  0.6952447  2.1776576  0.4096451 
460   2.9770725  0.7062095  2.1786075  0.4174419 
461   3.0384393  0.7418353  2.2523410  0.4298724 
462   3.0849178  0.7456201  2.2904546  0.4603471 
463   3.0719311  0.7460146  2.2718599  0.4713478 
464   3.0171630  0.7387367  2.2514749  0.4937792 
465   3.0172048  0.7365234  2.2527628  0.4606326 
466   3.0450320  0.7547191  2.3009374  0.4521900 
467   2.9673285  0.7320430  2.2322514  0.4290609 
468   3.0002835  0.7662767  2.2697530  0.4882109 
469   3.0057597  0.7451254  2.2520831  0.4333776 
470   3.0890388  0.7936033  2.2719986  0.4522221 
471   3.1126440  0.7760444  2.2977259  0.4429536 
472   3.1016078  0.7416047  2.3267083  0.4495565 
473   3.0335405  0.7704971  2.3011370  0.4273570 
474   3.0575941  0.7403398  2.2824545  0.4111350 
475   3.0252280  0.7405732  2.2645981  0.3996292 
476   3.0202408  0.7650569  2.2963357  0.4135259 
477   3.0373900  0.7548081  2.2869656  0.3872536 
478   3.0779817  0.7529076  2.3358402  0.3930037 
479   3.1076105  0.7653002  2.3705299  0.4541070 
480   2.9962127  0.8018499  2.2575858  0.4147086 
481   3.0283642  0.7855688  2.2780919  0.4098041 
482   3.1277750  0.7871208  2.3704052  0.4207884 
483   3.0836112  0.7646186  2.3315077  0.4266196 
484   3.1017444  0.7726030  2.3660631  0.4736779 
485   3.0167930  0.7587941  2.2903194  0.4312594 
486   3.0567334  0.7587430  2.3209047  0.4439318 
487   3.0542412  0.7612644  2.3167746  0.4314463 
488   2.9194052  0.7922263  2.2252707  0.4072520 
489   2.9340954  0.7985650  2.3140638  0.4632224 
490   2.9604113  0.7781878  2.2668791  0.4294651 
491   3.0710785  0.7967250  2.3399453  0.4330640 
492   3.0368044  0.7864658  2.3618538  0.4285252 
493   3.0811732  0.7993492  2.3732288  0.4731643 
494   3.1002216  0.8075538  2.4217281  0.4533259 
495   3.0242085  0.7765144  2.3690886  0.4556017 
496   3.0079582  0.7737563  2.3192291  0.4370944 
497   2.9784224  0.7780586  2.2754905  0.4301417 
498   3.0247569  0.7377528  2.3141725  0.4516243 
499   3.0067675  0.7495913  2.3103993  0.4224224 
500   2.9663363  0.7589274  2.3196716  0.4439193 
501   2.9028676  0.7519542  2.2686915  0.4314098 
502   2.9025152  0.7385682  2.2804971  0.4478688 
503   2.8367748  0.7509148  2.2034259  0.4705658 
504   2.8598046  0.7545258  2.1932404  0.4629483 
505   2.8934782  0.7715331  2.2438173  0.4677354 
506   2.8659077  0.7276591  2.2118037  0.4693173 
507   2.9056454  0.7236716  2.2447426  0.4820686 
508   2.9379056  0.7402272  2.2748780  0.4752093 
509   2.9191246  0.7362612  2.2708838  0.4387018 
510   2.7855709  0.7444695  2.1710243  0.4392285 
511   2.7425678  0.7424706  2.1451650  0.4157436 
512   2.8218966  0.7715083  2.1792884  0.4509312 
513   2.7499647  0.7247593  2.0670960  0.4331432 
514   2.7672896  0.7521018  2.0881627  0.4269812 
515   2.8457770  0.7465556  2.1348722  0.4065455 
516   2.7883472  0.7815837  2.1064947  0.3843579 
517   2.8981354  0.7405880  2.1649234  0.4085519 
518   2.9441731  0.7368559  2.2170858  0.4458047 
519   3.0315323  0.7428011  2.2795949  0.4353096 
520   2.8692975  0.7024822  2.1550856  0.4051770 
521   2.8800623  0.7036420  2.1613200  0.4506079 
522   2.8786500  0.7456843  2.1489024  0.4514748 
523   2.8108108  0.7542221  2.1108873  0.4445643 
524   2.8811305  0.7595377  2.2052495  0.4526195 
525   2.9223411  0.7711490  2.2640333  0.4916633 
526   2.8827634  0.7497864  2.1474857  0.4599755 
527   2.8297372  0.7624980  2.1361330  0.4390785 
528   2.9959290  0.7551754  2.2470796  0.4509463 
529   3.0644069  0.7556109  2.2904260  0.4403297 
530   3.0504785  0.7530859  2.2568471  0.4527411 
531   2.8820286  0.7482111  2.1426792  0.4709103 
532   2.8998888  0.7295147  2.1649685  0.4642966 
533   2.9509451  0.7510895  2.2118285  0.4706602 
534   2.9115987  0.7594327  2.1457825  0.4405280 
535   2.9068358  0.7535310  2.1483219  0.4278789 
536   2.9018824  0.7738957  2.1868441  0.4340814 
537   2.9317565  0.7581670  2.1738694  0.4201720 
538   2.9749322  0.7658490  2.1973891  0.4228224 
539   2.9930582  0.7477953  2.2188380  0.4431350 
540   2.9774756  0.7434603  2.2156937  0.4254514 
541   2.9006815  0.7728335  2.1718600  0.4335168 
542   2.9507308  0.7616290  2.2248504  0.4734208 
543   2.9775169  0.7632102  2.2472219  0.4396901 
544   2.8906460  0.7563536  2.1529565  0.4583798 
545   2.9543083  0.7362318  2.1891470  0.4433542 
546   2.9904554  0.7542260  2.2278926  0.4525912 
547   2.9185724  0.7228532  2.1937728  0.4275269 
548   2.8501067  0.7551466  2.1318657  0.4321283 
549   2.8691263  0.7313780  2.1588871  0.4325645 
550   2.8983526  0.7036171  2.1626024  0.4162579 
551   2.9202154  0.7213858  2.2049906  0.4336081 
552   2.9306865  0.7275746  2.2093251  0.4217838 
553   2.8897386  0.7237132  2.1686542  0.4322110 
554   2.9370167  0.7277643  2.2336414  0.4144634 
555   2.8740573  0.7609347  2.1505020  0.4545384 
556   2.9126263  0.7777797  2.1856928  0.4617780 
557   2.9447913  0.7549484  2.2428479  0.4554829 
558   2.9198375  0.7566573  2.2080228  0.4643699 
559   2.8716938  0.7427095  2.1912141  0.4651934 
560   2.8627875  0.7415294  2.1622093  0.4410604 
561   2.8183711  0.7126555  2.1310601  0.4493340 
562   2.8788714  0.7236298  2.1878130  0.4318766 
563   2.9449615  0.7518589  2.2688470  0.4471883 
564   2.8532152  0.7252697  2.1812184  0.4264411 
565   2.8407717  0.7522897  2.1409681  0.4394800 
566   2.7781198  0.7563212  2.0799656  0.4230751 
567   2.8759246  0.7479972  2.1500525  0.4177607 
568   2.8583450  0.7535706  2.1340346  0.4498539 
569   2.8257966  0.7448936  2.1207743  0.4347166 
570   2.9647357  0.7395917  2.1711454  0.4597393 
571   2.9126239  0.7756624  2.1758318  0.4305218 
572   2.9154582  0.7319944  2.1524372  0.4139258 
573   2.9464192  0.7354522  2.2248824  0.4200860 
574   2.8434813  0.7438356  2.1578364  0.4244273 
575   2.8444686  0.7309010  2.1858411  0.4085744 
576   2.8902884  0.7023684  2.1867769  0.4322824 
577   2.8868301  0.6989260  2.1982999  0.4198752 
578   2.9153092  0.7397537  2.2343943  0.3974644 
579   2.8659806  0.7193102  2.2032959  0.3640102 
580   2.8958263  0.7486152  2.2359364  0.4028676 
581   2.8702438  0.7716688  2.2043757  0.4306075 
582   2.9431798  0.7350603  2.2476861  0.4013020 
583   2.9362936  0.7401890  2.2581296  0.3901686 
584   2.9326997  0.7233651  2.2548225  0.4107911 
585   2.9348829  0.7214226  2.2418966  0.4165863 
586   2.9512422  0.7353853  2.2264047  0.4349943 
587   3.0899241  0.7509667  2.3108375  0.4123060 
588   3.0006874  0.7742971  2.2823822  0.4038068 
589   3.0015662  0.7408825  2.2946756  0.4253293 
590   2.9776490  0.7196308  2.3072031  0.4175647 
591   2.8973560  0.7204254  2.2629659  0.4147894 
592   2.8930399  0.7316713  2.2458308  0.4199423 
593   2.9815667  0.7293400  2.2586868  0.4410554 
594   2.9881794  0.7129310  2.2744577  0.4447038 
595   3.0880713  0.7071838  2.3302965  0.4761591 
596   3.0292130  0.7348757  2.2650647  0.4213481 
597   3.0304389  0.7122517  2.2575598  0.3960069 
598   2.9999020  0.7066676  2.2753596  0.4154564 
599   2.9302087  0.7198654  2.2495770  0.4115035 
600   3.0275865  0.6946712  2.2936232  0.3978842 
601   2.9580305  0.7151491  2.2490785  0.4220495 
602   2.9394882  0.7610574  2.2252185  0.4239073 
603   2.9851232  0.7292189  2.2608457  0.4060425 
604   2.9944146  0.7433038  2.2470260  0.4218695 
605   2.9917881  0.7456732  2.2478745  0.4164229 
606   3.0168080  0.7463489  2.2857182  0.4221732 
607   2.9316599  0.7517294  2.2233832  0.4169636 
608   2.8724980  0.7352607  2.1819315  0.3739026 
609   3.0023966  0.7436680  2.3149228  0.4418552 
610   2.9964674  0.7349396  2.2868805  0.4015070 
611   2.9567060  0.7620201  2.2590792  0.4261303 
612   3.0049670  0.7626691  2.3050563  0.3905905 
613   2.9238012  0.7600625  2.2397850  0.4045479 
614   3.0942767  0.7646473  2.3321669  0.4011839 
615   3.0183251  0.7418445  2.2993913  0.4117781 
616   3.1441729  0.7757854  2.3608356  0.4786969 
617   3.0786982  0.7721599  2.3261423  0.4746362 
618   3.1668477  0.7410653  2.3642259  0.4541147 
619   3.1940713  0.7364873  2.4030781  0.4078224 
620   3.1594675  0.7316334  2.4136200  0.4448235 
621   3.1238317  0.7096552  2.3641841  0.4217391 
622   3.2297575  0.7304497  2.4188769  0.3903441 
623   3.2444389  0.7336614  2.4311998  0.4391440 
624   3.1450303  0.7229105  2.3575907  0.4445952 
625   3.1266978  0.7430904  2.3244274  0.4467559 
626   3.1980696  0.7778547  2.3772163  0.4623307 
627   3.1799157  0.7592726  2.3651602  0.4883422 
628   3.1767628  0.7440303  2.4029775  0.4408693 
629   3.1536965  0.7531443  2.3917468  0.4102527 
630   3.1534908  0.7801973  2.3804290  0.4172947 
631   3.2022293  0.7590554  2.4444227  0.3925848 
632   3.1686282  0.7374384  2.3657236  0.4144522 
633   3.1286564  0.7464609  2.3623395  0.4034266 
634   3.1342793  0.7417760  2.3281178  0.4748225 
635   3.1640341  0.7623804  2.3432732  0.4405343 
636   3.0730166  0.7852487  2.3054273  0.4287532 
637   3.1090097  0.7521455  2.2898717  0.4223488 
638   3.0929074  0.7190577  2.2793038  0.3953732 
639   3.0960748  0.6990590  2.3060327  0.4090481 
640   3.1791680  0.7434518  2.3189795  0.4241387 
641   3.0991261  0.7241126  2.3030641  0.4218090 
642   3.1297061  0.7186807  2.3105712  0.4317340 
643   3.0420034  0.7534933  2.2532651  0.4238555 
644   3.1826663  0.7695959  2.3448448  0.4159079 
645   3.2160795  0.7547866  2.3259792  0.3978653 
646   3.1987095  0.7589641  2.3208268  0.4188696 
647   3.1266198  0.7612100  2.2845025  0.4516445 
648   3.2033403  0.7488369  2.3581662  0.4317619 
649   3.0890007  0.7873795  2.2719784  0.4119468 
650   3.1316867  0.7780434  2.3206968  0.4520711 
651   3.1311638  0.7605528  2.3205714  0.4262910 
652   3.0984328  0.7696536  2.2777574  0.3876139 
653   3.0525963  0.7716674  2.2639928  0.4119069 
654   3.0874596  0.7825407  2.2704821  0.4325348 
655   3.1327400  0.7384791  2.3458660  0.4009623 
656   3.0715220  0.7570863  2.3118055  0.4348281 
657   3.1446643  0.7337260  2.3273764  0.4282496 
658   3.1401145  0.7534718  2.3460600  0.4159546 
659   3.0743306  0.7440382  2.3196814  0.3987469 
660   3.1069036  0.7661108  2.3123803  0.4092875 
661   3.1278665  0.7688420  2.3458879  0.4249919 
662   3.0768950  0.7920275  2.3194301  0.3931947 
663   2.9683032  0.8107685  2.2091868  0.3768344 
664   2.9316800  0.7972945  2.1902721  0.3819825 
665   2.9523394  0.7489117  2.1712532  0.3498763 
666   2.9948919  0.7731994  2.2418935  0.3700007 
667   3.0424435  0.7751138  2.2241325  0.3899226 
668   3.0201681  0.7741809  2.2023201  0.4027845 
669   2.9725108  0.7758188  2.1582773  0.4055578 
670   2.9485023  0.7677642  2.1521871  0.3967065 
671   2.9103453  0.7690706  2.1576338  0.3743769 
672   2.9356711  0.7589680  2.1264272  0.3927287 
673   2.9573421  0.7721453  2.1770306  0.3732761 
674   2.9671061  0.7636222  2.1817613  0.4104668 
675   3.0409172  0.7640604  2.1933217  0.4119867 
676   2.9477863  0.7530144  2.1782160  0.3997267 
677   2.9414623  0.7478925  2.1811681  0.3992948 
678   2.9823754  0.7580388  2.1845889  0.4377406 
679   2.9736097  0.7711145  2.1984167  0.4395049 
680   2.9773300  0.7666131  2.1815007  0.3996584 
681   2.9972370  0.7675164  2.2394793  0.3957792 
682   3.0284748  0.8130158  2.2535398  0.4361598 
683   2.9832635  0.8005493  2.1941793  0.3960026 
684   3.0700035  0.7888520  2.2368069  0.4122217 
685   3.1480122  0.7966865  2.3152599  0.4133936 
686   3.2186809  0.7545778  2.3734827  0.4211377 
687   3.1767945  0.7725314  2.3530979  0.4511506 
688   3.2378099  0.7872728  2.4304647  0.4275975 
689   3.1906419  0.7698383  2.3588300  0.3997317 
690   3.2275121  0.7875822  2.4016981  0.4370107 
691   3.2274649  0.7574384  2.3966918  0.3946734 
692   3.2583449  0.7708284  2.4424400  0.4460450 
693   3.2356055  0.7827467  2.3947964  0.4016548 
694   3.2658243  0.7832836  2.4102440  0.4242614 
695   3.1775932  0.8117537  2.3536451  0.4449361 
696   3.2686458  0.8156649  2.4050810  0.4738241 
697   3.2561948  0.7971121  2.3965290  0.4261669 
698   3.2055321  0.7882535  2.3589153  0.4176829 
699   3.1688731  0.7977344  2.3431299  0.4147516 
700   3.2414033  0.7967815  2.3846226  0.4003360 
701   3.2325368  0.7960817  2.3950336  0.4546413 
702   3.2351129  0.7717361  2.3507578  0.4014205 
703   3.2977068  0.7948358  2.4388902  0.4160185 
704   3.2403607  0.7626871  2.3410172  0.4022331 
705   3.2201095  0.7461365  2.3419187  0.4034431 
706   3.2112730  0.7849697  2.4021130  0.4316321 
707   3.1887269  0.7287312  2.3717728  0.4002343 
708   3.1782324  0.7298353  2.3502090  0.4429419 
709   3.2218533  0.7459991  2.4337218  0.4231604 
710   3.1630414  0.7351935  2.3802528  0.3910322 
711   3.2024720  0.7402292  2.4016516  0.4140525 
712   3.1788454  0.7436349  2.3898938  0.4140706 
713   3.1527622  0.7489800  2.3882022  0.4381570 
714   3.2085683  0.7448764  2.4273615  0.4298878 
715   3.2559319  0.7397375  2.4449737  0.4270358 
716   3.1502042  0.7218873  2.3967886  0.4202547 
717   3.1275430  0.7346923  2.3750515  0.4147417 
718   3.0994935  0.7476647  2.3550029  0.3980480 
719   3.1055326  0.7574250  2.3569710  0.3932311 
720   3.1852579  0.7281315  2.3864460  0.4010395 
721   3.2370677  0.7598420  2.4691842  0.4073156 
722   3.1885569  0.7613181  2.3326101  0.4298159 
723   3.1900976  0.7260299  2.3507028  0.4255162 
724   3.0625212  0.7280921  2.2722466  0.3772813 
725   3.0674572  0.7662470  2.3310027  0.3928099 
726   3.0622687  0.7647589  2.3377633  0.4046472 
727   3.0918314  0.7754425  2.3018794  0.4169516 
728   3.0675621  0.7701540  2.3351316  0.3748146 
729   3.0378010  0.7372497  2.2867379  0.3707927 
730   3.1646554  0.7813600  2.3696518  0.4154447 
731   3.0862839  0.7679763  2.2838967  0.3730495 
732   3.1509137  0.7408630  2.3444841  0.3652733 
733   3.1775496  0.7593982  2.3902760  0.4193440 
734   3.1827855  0.7398873  2.3754573  0.3675805 
735   3.2679257  0.7584537  2.4592128  0.3986792 
736   3.1991563  0.7841706  2.4027758  0.4035394 
737   3.1862712  0.7667848  2.3359396  0.3842802 
738   3.2440591  0.7537868  2.4077818  0.3976149 
739   3.2518268  0.7582433  2.4661417  0.4284033 
740   3.2885575  0.7103190  2.4968033  0.4365075 
741   3.1941192  0.7680188  2.4096940  0.4392009 
742   3.1637111  0.7558259  2.4206948  0.3643292 
743   3.1771748  0.7801510  2.4109764  0.4307723 
744   3.1465421  0.7602555  2.3910508  0.4245626 
745   3.2350266  0.7749511  2.4186158  0.4385860 
746   3.2768400  0.7567757  2.4147861  0.4243311 
747   3.2967851  0.7666198  2.4547234  0.4139654 
748   3.3327637  0.7713873  2.5081069  0.4302610 
749   3.3331881  0.7721133  2.4478428  0.4043904 
750   3.3614190  0.7746859  2.4752879  0.4033059 
751   3.3918862  0.8061371  2.5227182  0.4177581 
752   3.3671117  0.7732393  2.4868472  0.4089998 
753   3.3627553  0.7669446  2.4494853  0.4059345 
754   3.2289574  0.7869281  2.3740916  0.3827365 
755   3.2668500  0.7648091  2.4096100  0.4011883 
756   3.3275402  0.7988673  2.4753184  0.3989537 
757   3.3142743  0.7823673  2.4741027  0.3571033 
758   3.3219810  0.7409797  2.4806201  0.3548824 
759   3.4056315  0.7261820  2.5165117  0.3805384 
760   3.3389184  0.7584319  2.4737225  0.3623588 
761   3.3810205  0.7618669  2.5073667  0.4079745 
762   3.3447526  0.7685002  2.5308852  0.3868825 
763   3.3485730  0.7707324  2.5756092  0.4266688 
764   3.2857182  0.7583920  2.4956701  0.4236242 
765   3.3348696  0.7665199  2.5246618  0.3943351 
766   3.2883461  0.7597840  2.4870458  0.4133388 
767   3.3236167  0.7575647  2.5417275  0.4050672 
768   3.2852843  0.7370849  2.4661520  0.3997331 
769   3.3617687  0.7202783  2.5795054  0.3844762 
770   3.2968156  0.7248780  2.5084059  0.4181660 
771   3.2607043  0.7341140  2.4733710  0.3797078 
772   3.3808298  0.7591523  2.5658195  0.3900874 
773   3.3057041  0.7499365  2.5226347  0.4111896 
774   3.3028970  0.7651910  2.5276234  0.3831835 
775   3.2229285  0.7527252  2.4768701  0.3472222 
776   3.2154377  0.7228415  2.4658031  0.3585399 
777   3.2868021  0.7164848  2.4960842  0.3679359 
778   3.3367512  0.7338889  2.5710931  0.3722094 
779   3.3425932  0.7125399  2.5008469  0.4000838 
780   3.4093566  0.7250922  2.5645151  0.3958963 
781   3.4074767  0.7349837  2.5416117  0.4345818 
782   3.4066133  0.7315094  2.5636280  0.4433551 
783   3.2780256  0.7195936  2.4714856  0.4325190 
784   3.3258731  0.7270727  2.4850154  0.4148511 
785   3.3038335  0.7272874  2.4685957  0.4147362 
786   3.3265154  0.7393307  2.5126266  0.4234893 
787   3.3754437  0.7451808  2.4984651  0.4044614 
788   3.3528430  0.7324414  2.5010788  0.3944423 
789   3.3481767  0.7123922  2.4973576  0.4153777 
790   3.3479114  0.7209135  2.5271075  0.4299271 
791   3.3588128  0.7111193  2.5439665  0.4278007 
792   3.4294345  0.7342570  2.5489244  0.4363785 
793   3.2844489  0.6975127  2.4426279  0.3882403 
794   3.2886930  0.7089303  2.4603598  0.4222803 
795   3.2871578  0.7156245  2.4781752  0.4240695 
796   3.3584006  0.7180924  2.5639505  0.4096348 
797   3.2945812  0.7486953  2.4626141  0.4094210 
798   3.2536860  0.7490279  2.4574821  0.3967040 
799   3.3073308  0.7534902  2.4967837  0.4244064 
800   3.3182111  0.7112848  2.4765213  0.3944593 
801   3.3364229  0.7075447  2.5046997  0.4038531 
802   3.2912872  0.7146135  2.5022898  0.3837617 
803   3.2943442  0.6977909  2.4903364  0.3736106 
804   3.1978798  0.7353421  2.4698174  0.3959835 
805   3.2098780  0.7244296  2.4493287  0.3336390 
806   3.3098772  0.7326649  2.5319643  0.3484176 
807   3.2701945  0.7492613  2.4708729  0.3489272 
808   3.2916269  0.7125756  2.4786630  0.3866163 
809   3.2768581  0.7373796  2.4767992  0.3485060 
810   3.2544572  0.7160388  2.5373645  0.3511810 
811   3.2198141  0.7128054  2.4843209  0.3659618 
812   3.2726531  0.7628662  2.5359116  0.3940283 
813   3.2569530  0.7558901  2.5115280  0.4116908 
814   3.2160881  0.7425955  2.4831097  0.3948177 
815   3.2598438  0.7472105  2.4918218  0.3953857 
816   3.2758698  0.7742798  2.4856575  0.4246144 
817   3.3367062  0.7819889  2.5342960  0.4073311 
818   3.3046203  0.7395779  2.5006363  0.4261696 
819   3.3273709  0.7427915  2.5252099  0.4323857 
820   3.2646205  0.7224372  2.4807413  0.4221287 
821   3.3324070  0.7382499  2.5307176  0.4336192 
822   3.4173775  0.7559243  2.5916948  0.4613558 
823   3.2799947  0.7517263  2.4741745  0.4382941 
824   3.3947926  0.7594179  2.5697889  0.4540159 
825   3.2577765  0.7418045  2.4797344  0.4455185 
826   3.3216245  0.7577820  2.5233142  0.4527158 
827   3.2911162  0.7633322  2.5518038  0.4580272 
828   3.2087274  0.7590853  2.4672461  0.4621589 
829   3.2745090  0.7632165  2.5356553  0.4370317 
830   3.2606344  0.7848028  2.5184350  0.4340695 
831   3.2245324  0.7690313  2.4966619  0.4710307 
832   3.2665527  0.7504809  2.5121763  0.4929999 
833   3.3632967  0.7662016  2.5814645  0.5107664 
834   3.2694325  0.7724754  2.5058033  0.5213245 
835   3.2488718  0.7772734  2.4568307  0.5089845 
836   3.2512343  0.7830924  2.4662356  0.5296020 
837   3.2019689  0.8042683  2.4384789  0.5149727 
838   3.2289708  0.7881047  2.4334249  0.5177386 
839   3.3513951  0.8027216  2.4524269  0.5374173 
840   3.3419058  0.8227061  2.4801881  0.5080636 
841   3.3029597  0.8148193  2.4297512  0.5020735 
842   3.2896621  0.7663396  2.4466801  0.4879635 
843   3.3470457  0.7724298  2.5445921  0.4726322 
844   3.3439996  0.7491399  2.5268414  0.4653392 
845   3.2954772  0.7293930  2.4791088  0.4419900 
846   3.2822599  0.7507583  2.4508982  0.4439076 
847   3.3227398  0.7577373  2.5010183  0.4219008 
848   3.3563316  0.7231135  2.4587200  0.4075857 
849   3.2877383  0.7549790  2.4283102  0.4346790 
850   3.3786802  0.7353140  2.5060799  0.4277726 
851   3.4149749  0.7444873  2.5124445  0.4278801 
852   3.4287579  0.7292231  2.5072877  0.4324822 
853   3.4164238  0.7972249  2.4970427  0.4370915 
854   3.4565895  0.7644401  2.5563228  0.4421592 
855   3.4795728  0.7469565  2.5789063  0.4528341 
856   3.4233909  0.7564470  2.5525022  0.4275576 
857   3.4769547  0.7196431  2.5771592  0.4588766 
858   3.5275693  0.7494498  2.6486490  0.4886506 
859   3.4666715  0.7380220  2.5841160  0.4857299 
860   3.5222752  0.7448487  2.5983391  0.5035795 
861   3.4462724  0.7519193  2.5691512  0.4531754 
862   3.4407642  0.7451288  2.5470273  0.4871070 
863   3.3939211  0.7219196  2.5267076  0.4775392 
864   3.4392600  0.7085583  2.5790446  0.4549385 
865   3.4852748  0.6960168  2.5917192  0.4503115 
866   3.4987857  0.7172449  2.5754917  0.4822849 
867   3.4929616  0.7358114  2.5751722  0.5045784 
868   3.4088902  0.6865729  2.5240707  0.4863658 
869   3.5207143  0.7379361  2.5921650  0.4461662 
870   3.4289992  0.7294758  2.5389404  0.4715447 
871   3.5098448  0.7385146  2.6580620  0.4784939 
872   3.5204954  0.7346659  2.6755538  0.4595077 
873   3.5192077  0.7440061  2.6274595  0.4589994 
874   3.5658782  0.7145130  2.6819510  0.4442429 
875   3.5437977  0.7131624  2.6388323  0.4127078 
876   3.5498648  0.7166889  2.6730409  0.4805375 
877   3.5416694  0.7235510  2.6099648  0.4353666 
878   3.5863063  0.7187493  2.6456301  0.4213331 
879   3.5501475  0.7024580  2.5914471  0.4531674 
880   3.4816830  0.6971581  2.5595214  0.4262026 
881   3.4748085  0.7142070  2.5863292  0.4489676 
882   3.5040197  0.7030964  2.5883114  0.4019056 
883   3.4338872  0.7293271  2.5659747  0.3938932 
884   3.5366900  0.7421939  2.6743524  0.3783894 
885   3.5122702  0.7171119  2.6528976  0.3987423 
886   3.4580560  0.7014123  2.6142042  0.3816980 
887   3.4897254  0.7084248  2.6597130  0.3757610 
888   3.3999600  0.7444156  2.5430298  0.3940051 
889   3.4299285  0.7222408  2.5684514  0.4272384 
890   3.4405377  0.7356164  2.5681891  0.4104939 
891   3.4077861  0.7256478  2.5544147  0.4254473 
892   3.5577316  0.7434662  2.6825149  0.4459667 
893   3.4991758  0.7334175  2.6597126  0.4353728 
894   3.4284210  0.7376486  2.5983610  0.4171659 
895   3.4368346  0.7348914  2.6025376  0.3862348 
896   3.4158125  0.7751219  2.6037152  0.3861679 
897   3.4413245  0.7288905  2.6267176  0.4000786 
898   3.3921819  0.7082301  2.5575826  0.4027866 
899   3.4299996  0.7080817  2.5692208  0.3869062 
900   3.4280031  0.7193149  2.5986319  0.3619900 
901   3.4722726  0.7378329  2.6263449  0.3898285 
902   3.4822600  0.7055920  2.6354201  0.3518440 
903   3.4211404  0.7095540  2.5883954  0.3910066 
904   3.4490190  0.7144322  2.6219332  0.4001388 
905   3.5503583  0.7015890  2.7162554  0.3965392 
906   3.4511254  0.7094869  2.6342638  0.4120975 
907   3.3570061  0.7089394  2.5622456  0.4311788 
908   3.4087081  0.7158631  2.5967507  0.4249781 
909   3.4469790  0.7106602  2.6067770  0.4143508 
910   3.3966315  0.7200339  2.5900838  0.4199821 
911   3.4443541  0.7231637  2.6057696  0.4063537 
912   3.4845591  0.7456450  2.6651092  0.4168522 
913   3.5301521  0.7450987  2.7294805  0.4164132 
914   3.5171189  0.7822233  2.6975369  0.4313953 
915   3.5013750  0.7571340  2.6921084  0.4066887 
916   3.5070412  0.7662613  2.6625683  0.3839967 
917   3.3986940  0.7664931  2.5810280  0.3843991 
918   3.3976991  0.7240383  2.5912204  0.4034579 
919   3.3979759  0.7340785  2.5868111  0.4369307 
920   3.4554462  0.7216750  2.6120477  0.4294470 
921   3.4512825  0.7309922  2.6283498  0.4065837 
922   3.5204704  0.7251476  2.6819584  0.3952098 
923   3.4858811  0.7256104  2.6653919  0.4369993 
924   3.4149857  0.7465940  2.6378388  0.4360721 
925   3.3482411  0.7206683  2.5762303  0.4308195 
926   3.3729153  0.7103499  2.5957768  0.4100088 
927   3.2654555  0.7314712  2.5133471  0.4364099 
928   3.3318608  0.7185996  2.6217110  0.4109365 
929   3.2817059  0.7419761  2.5261745  0.4206918 
930   3.4135306  0.7262272  2.6216855  0.4373622 
931   3.4822419  0.7047167  2.6757963  0.4310674 
932   3.3838937  0.7249969  2.5953057  0.4179631 
933   3.4198911  0.7194555  2.6386952  0.4214067 
934   3.4903355  0.7281374  2.6646085  0.4066647 
935   3.5011919  0.7391435  2.6600540  0.4298352 
936   3.5010860  0.7434260  2.6423965  0.4371918 
937   3.5293145  0.7474056  2.6403379  0.4482319 
938   3.5549550  0.7221019  2.7080340  0.4148461 
939   3.5298769  0.7331930  2.7111394  0.4365816 
940   3.4824789  0.7050263  2.6312408  0.4170291 
941   3.5018108  0.7453113  2.6463110  0.3852364 
942   3.5090520  0.7357239  2.6777091  0.4251587 
943   3.3851876  0.7243195  2.6038163  0.4145052 
944   3.4441156  0.7054716  2.6105344  0.4187438 
945   3.4217091  0.7177965  2.6078618  0.4312465 
946   3.4443486  0.7237527  2.6293654  0.4430075 
947   3.4299712  0.7232728  2.6431925  0.4370915 
948   3.4333267  0.7354285  2.6315541  0.4464442 
949   3.3896620  0.7370055  2.6233349  0.4967028 
950   3.4172738  0.7364789  2.6726694  0.4256105 
951   3.3971152  0.7182144  2.6547318  0.4169893 
952   3.4275324  0.7577056  2.6970417  0.4403276 
953   3.3682654  0.7499648  2.6216762  0.4321607 
954   3.2687075  0.7801979  2.5509975  0.4335772 
955   3.3815017  0.7491980  2.6204894  0.4271562 
956   3.3969491  0.7634342  2.6400554  0.4076981 
957   3.4210243  0.7696021  2.6487570  0.4128202 
958   3.4178255  0.7297383  2.5728552  0.4157422 
959   3.4242723  0.7312220  2.5655897  0.4132516 
960   3.4681301  0.7410013  2.6450026  0.4189367 
961   3.4320674  0.7368875  2.6029766  0.4100078 
962   3.4094677  0.7344812  2.6276867  0.4310584 
963   3.4685783  0.7758930  2.6474276  0.4430983 
964   3.4211576  0.8016268  2.6248481  0.4460022 
965   3.4372199  0.8028852  2.6512544  0.4641822 
966   3.4351501  0.7573853  2.6429939  0.4348148 
967   3.3679967  0.7320935  2.5990088  0.4069971 
968   3.4002860  0.7216977  2.6451437  0.4129508 
969   3.4414394  0.7316853  2.6422877  0.4149356 
970   3.5178535  0.7357111  2.7053275  0.3579200 
971   3.5453537  0.7489993  2.6856728  0.4302249 
972   3.4633210  0.7432123  2.6252596  0.4280816 
973   3.5116317  0.7091032  2.6344385  0.4026429 
974   3.4386351  0.7524459  2.5774233  0.3905675 
975   3.4240487  0.7103589  2.5742793  0.4181230 
976   3.4078767  0.7216979  2.5614550  0.3992069 
977   3.3748016  0.6955758  2.5589747  0.3854686 
978   3.3976023  0.7007730  2.5803816  0.4057839 
979   3.3497117  0.7015238  2.5569365  0.4404979 
980   3.3780823  0.7049450  2.5554285  0.4122308 
981   3.3310943  0.6987414  2.5579255  0.3981995 
982   3.3306403  0.7320383  2.5524025  0.4258189 
983   3.3321779  0.7188911  2.5563638  0.3879547 
984   3.2743337  0.7153428  2.4905591  0.4368476 
985   3.2440217  0.7290906  2.4837015  0.4021383 
986   3.2307513  0.7471526  2.4913967  0.4017100 
987   3.1996527  0.7333546  2.4925759  0.4254259 
988   3.2744858  0.7602918  2.5648432  0.4431747 
989   3.2955391  0.7451851  2.5668888  0.4110301 
990   3.3139660  0.7339367  2.5649259  0.4478641 
991   3.1979241  0.7524757  2.4820821  0.4895552 
992   3.2640264  0.7248189  2.5175688  0.4312067 
993   3.2949378  0.7251651  2.5269690  0.4200590 
994   3.3521845  0.7406735  2.5807993  0.4346430 
995   3.2894003  0.7289672  2.5208623  0.4382087 
996   3.2763901  0.7408939  2.5341737  0.3996408 
997   3.3196096  0.7518984  2.5259166  0.4067874 
998   3.3837357  0.7403864  2.5802622  0.4014900 
999   3.2783442  0.7375476  2.4874742  0.3848710 
1000  3.2787025  0.7383940  2.4756417  0.4317601 
1001  3.2945929  0.7419783  2.4984288  0.4027768 
1002  3.1983976  0.7062767  2.4266167  0.4047610 
1003  3.2954261  0.7436422  2.5037286  0.4122411 
1004  3.2228210  0.7100561  2.3902240  0.4177606 
1005  3.2087460  0.7409594  2.4094222  0.4085743 
1006  3.2146542  0.7143325  2.3972781  0.3732692 
1007  3.1522112  0.7165498  2.3534153  0.3961689 
1008  3.2096910  0.7214706  2.4197805  0.3773520 
