#time, global, repeatA-F, pore, tm38
0     0.0000029  0.0000030  0.0000028  0.0000023 
1     0.4153741  0.1793760  0.2634482  0.0947363 
2     0.6104365  0.1770441  0.3579682  0.0941614 
3     0.7805452  0.2173971  0.4593365  0.0975223 
4     0.9063074  0.2439412  0.5598197  0.1645626 
5     0.9984044  0.2720355  0.6271931  0.1253183 
6     1.1406380  0.2771918  0.7354575  0.1337005 
7     1.2371794  0.2723044  0.8094821  0.1107354 
8     1.3462529  0.2795539  0.8787408  0.1349404 
9     1.3607664  0.2983338  0.8762597  0.1278038 
10    1.3932232  0.3138680  0.9049600  0.1189634 
11    1.4838135  0.3141191  0.9476506  0.1132598 
12    1.5595922  0.3262414  0.9689255  0.1208531 
13    1.5393614  0.3102445  0.9663973  0.1219270 
14    1.6406444  0.3246957  1.0571450  0.1246221 
15    1.7012571  0.3033690  1.0896932  0.1465212 
16    1.7881418  0.3210176  1.1825575  0.1347565 
17    1.7698194  0.3183243  1.1915796  0.1347385 
18    1.7425976  0.3493103  1.1916956  0.1281711 
19    1.7584580  0.3391699  1.1623640  0.1217602 
20    1.8442599  0.3559607  1.2686212  0.1480454 
21    1.8676542  0.3497209  1.2336196  0.1226667 
22    1.7976254  0.3592576  1.2146274  0.1104490 
23    1.7946408  0.3546629  1.2093869  0.1207855 
24    1.8582175  0.3604442  1.2835401  0.1180228 
25    1.9958904  0.3705601  1.3515948  0.1369774 
26    1.9042765  0.3612013  1.3220900  0.1155559 
27    1.9615080  0.3582018  1.3303102  0.1075445 
28    2.0387235  0.3626138  1.3448759  0.1149711 
29    2.0909588  0.3739298  1.3759588  0.1270803 
30    2.0834682  0.3679095  1.3803242  0.1139683 
31    2.0589602  0.3828183  1.3683145  0.1266775 
32    2.0080075  0.3805253  1.3773215  0.1400354 
33    1.9807419  0.3880360  1.3479043  0.1220914 
34    1.9675047  0.4107403  1.3517138  0.1258325 
35    2.0192931  0.3943990  1.3942593  0.1413380 
36    2.0305984  0.3785309  1.4128909  0.0999825 
37    1.9585207  0.3932697  1.3377304  0.1020816 
38    1.9527546  0.3818594  1.3614358  0.1080452 
39    2.0814319  0.3970506  1.4464631  0.1073836 
40    2.1599662  0.4202963  1.4742334  0.1258108 
41    2.1202431  0.4005684  1.4473617  0.1163422 
42    2.0945368  0.3901004  1.4438190  0.1227241 
43    2.0765634  0.4023030  1.4572531  0.1197517 
44    2.0508401  0.3946742  1.4197183  0.1165413 
45    1.9975265  0.3911703  1.3571904  0.1056316 
46    2.0825107  0.4010856  1.4143680  0.1147447 
47    2.0408256  0.3976219  1.4211314  0.1006455 
48    2.0909491  0.4028718  1.4558533  0.1169996 
49    2.0749633  0.4077629  1.4818556  0.1164817 
50    2.1280246  0.4123099  1.5330681  0.1216731 
51    2.1056225  0.4226570  1.5204591  0.1161661 
52    2.1905155  0.4354193  1.5746306  0.1074635 
53    2.2379515  0.4425877  1.6369692  0.1248797 
54    2.2240736  0.4231448  1.6127360  0.1271568 
55    2.2741873  0.4141317  1.6769645  0.1290930 
56    2.2863381  0.4293941  1.6927066  0.1286596 
57    2.2285602  0.4296154  1.6108484  0.1062304 
58    2.1844437  0.4208634  1.5624623  0.1163206 
59    2.2513690  0.4453601  1.6368420  0.1189054 
60    2.2001698  0.4484767  1.5968695  0.1157098 
61    2.2484169  0.4506131  1.6397223  0.1295542 
62    2.3165488  0.4586179  1.6728737  0.1164244 
63    2.3110564  0.4513356  1.7024134  0.1389109 
64    2.3153918  0.4470209  1.7341515  0.1498435 
65    2.2884943  0.4558655  1.6957827  0.1533643 
66    2.3164024  0.4468276  1.6961871  0.1640580 
67    2.3170006  0.4682691  1.7147650  0.1516766 
68    2.3529136  0.4594130  1.7634015  0.1504675 
69    2.3398490  0.4482937  1.7332865  0.1557813 
70    2.3156767  0.4592403  1.7120124  0.1440807 
71    2.3543336  0.4328610  1.7322115  0.1701300 
72    2.3644843  0.4452992  1.7692665  0.1355690 
73    2.4073923  0.4282514  1.7676004  0.1568626 
74    2.3964834  0.4403468  1.7582251  0.1870185 
75    2.2270126  0.4241507  1.6487242  0.1722108 
76    2.3150592  0.4321949  1.7155484  0.1937613 
77    2.3959749  0.4290868  1.7662232  0.1880929 
78    2.4794960  0.4380322  1.8088385  0.1797646 
79    2.4011290  0.4372328  1.7669839  0.1999926 
80    2.3871896  0.4391936  1.7877319  0.1933917 
81    2.3833098  0.4432929  1.7474718  0.1881023 
82    2.3493156  0.4446685  1.7239488  0.1875885 
83    2.3772156  0.4355661  1.7483852  0.1900998 
84    2.2843721  0.4506636  1.6802334  0.1992840 
85    2.3550127  0.4330782  1.7451975  0.1880570 
86    2.3195331  0.4448461  1.7194463  0.1977315 
87    2.3201838  0.4456097  1.7116184  0.1819956 
88    2.3165841  0.4264128  1.7485627  0.1857124 
89    2.3195441  0.4427369  1.7475688  0.1862541 
90    2.3795326  0.4338844  1.7595516  0.1902600 
91    2.4260366  0.4463378  1.7960064  0.1858264 
92    2.3952372  0.4402300  1.7350957  0.1952306 
93    2.4618485  0.4426640  1.8311487  0.2054457 
94    2.5028408  0.4524882  1.8633670  0.2115864 
95    2.5232840  0.4437492  1.8681173  0.2068542 
96    2.5609090  0.4512781  1.8665018  0.2113229 
97    2.4802406  0.4352888  1.8302761  0.1967580 
98    2.4262371  0.4653196  1.7950543  0.2146895 
99    2.3716094  0.4590943  1.7420841  0.2134543 
100   2.4073119  0.4356628  1.7803587  0.1947467 
101   2.4560170  0.4600636  1.8192996  0.2209657 
102   2.3789558  0.4402068  1.7985538  0.2205991 
103   2.4422536  0.4424011  1.8268125  0.2169463 
104   2.4381175  0.4488599  1.7810426  0.2112112 
105   2.4784031  0.4585946  1.8174918  0.2060409 
106   2.4959431  0.4587988  1.8068558  0.2271424 
107   2.4664140  0.4681610  1.8167613  0.2581631 
108   2.4774730  0.4864135  1.8674684  0.2432833 
109   2.5015686  0.4625727  1.8926322  0.2272101 
110   2.4849522  0.4675437  1.8648573  0.2169152 
111   2.5319221  0.4618869  1.9119276  0.2152690 
112   2.5638332  0.4315469  1.9190235  0.2023975 
113   2.4553280  0.4455008  1.8678006  0.2224013 
114   2.4455013  0.4339252  1.8902665  0.2444889 
115   2.5332985  0.4438472  1.9692373  0.2236227 
116   2.5836594  0.4581583  1.9712807  0.2418303 
117   2.5293591  0.4513243  1.9160212  0.2317616 
118   2.4432001  0.4600612  1.8460945  0.2452549 
119   2.5035589  0.4967282  1.8618623  0.2459425 
120   2.5006838  0.4534578  1.8176980  0.2689037 
121   2.4827607  0.4621337  1.8173460  0.2695290 
122   2.5079656  0.4681282  1.8096817  0.2377809 
123   2.4321208  0.4895056  1.7866673  0.2489333 
124   2.4423780  0.5020128  1.7817497  0.2634137 
125   2.5275371  0.4579121  1.8741033  0.2541464 
126   2.4146092  0.4800802  1.7868936  0.2525412 
127   2.4126661  0.4671423  1.7814333  0.2571148 
128   2.4064066  0.4549630  1.7263532  0.2586174 
129   2.4172480  0.4554444  1.7821982  0.2793604 
130   2.4717205  0.4913257  1.8653567  0.2850447 
131   2.4297876  0.4713683  1.7953906  0.2759553 
132   2.4424896  0.4516339  1.7990862  0.2619253 
133   2.3764474  0.4608694  1.7425656  0.2570230 
134   2.4920590  0.4647422  1.8069538  0.2737849 
135   2.5556164  0.4606425  1.8668356  0.2644995 
136   2.5185847  0.4871542  1.8550869  0.2600456 
137   2.4994645  0.4758675  1.8628531  0.2693956 
138   2.4676795  0.4863219  1.8422650  0.2592103 
139   2.4934957  0.4792536  1.8558531  0.2636448 
140   2.5057368  0.5040146  1.8683388  0.2690633 
141   2.4818335  0.4902210  1.8779923  0.2709763 
142   2.5717881  0.4803639  1.9220587  0.2678412 
143   2.6614778  0.4782401  1.9760087  0.2535386 
144   2.6269832  0.4724610  1.9436964  0.2337532 
145   2.6860456  0.4786663  2.0335550  0.2525755 
146   2.6265237  0.4901568  1.9675553  0.2634446 
147   2.6266642  0.4956887  1.9421599  0.2705563 
148   2.6875193  0.5103390  1.9882574  0.2515057 
149   2.7183807  0.4910465  2.0163200  0.2741878 
150   2.6707602  0.5039029  1.9910582  0.2449332 
151   2.6055486  0.4686045  1.9297802  0.2341940 
152   2.6802008  0.4642942  1.9604102  0.2390872 
153   2.6411541  0.4823247  1.9122361  0.2627362 
154   2.6349339  0.5094153  1.9456271  0.2693162 
155   2.6373296  0.4828783  1.9221567  0.2410977 
156   2.7239442  0.5075207  2.0419855  0.2831594 
157   2.6991887  0.5186197  1.9879894  0.2444572 
158   2.7378554  0.4917289  2.0539706  0.2657140 
159   2.7376819  0.5085306  2.0602508  0.2584920 
160   2.7144184  0.5043452  2.0380878  0.2281380 
161   2.7026114  0.5190067  2.0453708  0.2431511 
162   2.6786423  0.5386530  2.0277057  0.2318123 
163   2.6346712  0.5151350  1.9873631  0.2611023 
164   2.5719755  0.5375054  1.9071221  0.2511620 
165   2.5416999  0.5131133  1.9324659  0.2677532 
166   2.5864210  0.5236455  1.9197296  0.2603614 
167   2.6390553  0.5449328  1.9612490  0.2635554 
168   2.6148710  0.5144556  1.9108040  0.2681423 
169   2.6278129  0.5145355  1.9466159  0.2520550 
170   2.6730678  0.5427743  1.9609337  0.2614232 
171   2.6510291  0.5278249  1.9254235  0.2587808 
172   2.7047007  0.5420604  1.9717615  0.2468116 
173   2.8384120  0.5411702  2.1085353  0.2390584 
174   2.8964207  0.5443360  2.1229393  0.2412941 
175   2.8683577  0.5568193  2.0815034  0.2469106 
176   2.7751944  0.5415745  1.9758579  0.2244063 
177   2.7738266  0.5402489  2.0071132  0.2528065 
178   2.7928457  0.5356057  2.0291054  0.2607483 
179   2.6801405  0.5250207  1.9208472  0.2613147 
180   2.7227387  0.5320438  1.9393114  0.2618390 
181   2.7582746  0.5525233  1.9891998  0.2690681 
182   2.8409579  0.5449212  2.0304062  0.2570449 
183   2.7547412  0.5206295  1.9416597  0.2570171 
184   2.7787423  0.5336465  1.9552033  0.2664623 
185   2.9184778  0.5472693  2.0844738  0.2487279 
186   2.9599769  0.5660977  2.1253765  0.2747402 
187   2.8499475  0.5459315  2.1138372  0.2403906 
188   3.0025339  0.5761644  2.1706142  0.2449800 
189   2.8637006  0.5655236  2.0838304  0.2680208 
190   2.8532917  0.5537412  2.0764148  0.2800847 
191   2.8315496  0.5293360  2.0529122  0.2962033 
192   2.9119523  0.5160226  2.1103318  0.2835395 
193   2.9261560  0.5228438  2.1193101  0.2799546 
194   2.8586340  0.5662516  2.0714085  0.2818288 
195   2.8507302  0.5203502  2.0371377  0.2607188 
196   2.7207317  0.5567538  1.9350266  0.2742248 
197   2.8410974  0.5578238  2.0501542  0.2655360 
198   2.7760818  0.5643581  1.9677716  0.2776953 
199   2.7736506  0.5488158  2.0032775  0.2831255 
200   2.8138194  0.5408537  2.0423579  0.2827092 
201   2.8403759  0.5599571  2.0744810  0.2742067 
202   2.8465414  0.5859898  2.0537260  0.2488406 
203   2.8710780  0.5465317  2.1086295  0.2753982 
204   2.7885523  0.5635135  2.0709257  0.2670049 
205   2.8085859  0.5269361  2.0316494  0.2597297 
206   2.7776017  0.5485076  2.0407836  0.2426172 
207   2.8077717  0.5482079  2.0441129  0.2480468 
208   2.8300781  0.5673048  2.1013594  0.2545733 
209   2.8659549  0.5481045  2.0900390  0.2280150 
210   2.8503411  0.5362580  2.0947039  0.2518084 
211   2.8277020  0.5378693  2.0750864  0.2400863 
212   2.7962375  0.5506378  2.0925782  0.2264766 
213   2.8498137  0.5539859  2.1003890  0.2613959 
214   2.8252530  0.5659445  2.0965638  0.2705801 
215   2.8401675  0.5846326  2.0871902  0.2399535 
216   2.7928562  0.5754399  2.0625448  0.2384438 
217   2.8400512  0.5587687  2.0955513  0.2411829 
218   2.8452661  0.5532026  2.0648041  0.2618513 
219   2.8188784  0.5457777  2.0375812  0.2388779 
220   2.8068428  0.5577596  2.0730937  0.2326776 
221   2.7605217  0.5772241  2.0466521  0.2342351 
222   2.7563462  0.5754966  2.0462458  0.2295358 
223   2.7364798  0.5783190  2.0083399  0.2345398 
224   2.7800009  0.5747415  2.0530765  0.2511029 
225   2.7839146  0.5527304  2.0746610  0.2520340 
226   2.7623830  0.5536634  2.0648382  0.2489679 
227   2.7268624  0.5750021  2.0696514  0.2399364 
228   2.7607172  0.5375048  2.0433426  0.2623484 
229   2.7257023  0.5524908  2.0151272  0.2698485 
230   2.7754617  0.5702627  2.0718005  0.2448913 
231   2.8628585  0.5576129  2.1250350  0.2697074 
232   2.7722018  0.5099262  2.0591948  0.2748394 
233   2.7430241  0.5042762  2.0637598  0.2594354 
234   2.7402873  0.5190035  2.0620503  0.2586484 
235   2.6711192  0.5166445  1.9744763  0.2816107 
236   2.6865811  0.5241390  2.0057240  0.2623502 
237   2.6578026  0.5316858  2.0161674  0.2731087 
238   2.7324622  0.5356441  2.0686750  0.2574742 
239   2.6546638  0.5173944  1.9938792  0.3194806 
240   2.7130220  0.5360366  2.0286021  0.2866551 
241   2.6940677  0.5680423  2.0082545  0.2888022 
242   2.6868539  0.5233983  2.0026505  0.2752038 
243   2.6409349  0.5409902  1.9754297  0.2623983 
244   2.6252055  0.5008975  1.9551984  0.2564788 
245   2.6049097  0.5243838  1.9545047  0.2559577 
246   2.7053099  0.5284060  2.0222363  0.2995017 
247   2.7080350  0.5344425  2.0623271  0.2896405 
248   2.7052584  0.5377823  1.9816622  0.2818112 
249   2.7177179  0.5272929  2.0078430  0.2846691 
250   2.7356336  0.5508717  2.0084441  0.3014364 
251   2.7483997  0.5410082  2.0583422  0.3051381 
252   2.7018692  0.5459781  2.0339043  0.3042738 
253   2.7478769  0.5445817  2.0608122  0.3098801 
254   2.7528467  0.5644248  2.0805957  0.2940286 
255   2.6973510  0.5498146  2.0527813  0.2681439 
256   2.7257063  0.5700366  2.0781260  0.2786354 
257   2.7894819  0.5433874  2.0899856  0.2853616 
258   2.7045937  0.5331012  2.0274999  0.2744525 
259   2.7405491  0.5794707  2.0825384  0.2828968 
260   2.7312140  0.5391194  2.0864816  0.2507407 
261   2.8117607  0.5677577  2.1254351  0.3289379 
262   2.7862694  0.5980451  2.0987122  0.2924521 
263   2.7486024  0.5816817  2.1002300  0.2572576 
264   2.7942252  0.5511009  2.0847950  0.2517844 
265   2.7608631  0.5576017  2.0965955  0.2582740 
266   2.8142281  0.5689491  2.1521783  0.2489248 
267   2.7222791  0.5582924  2.0847449  0.2489251 
268   2.7363179  0.5585501  2.1194167  0.2563412 
269   2.7649875  0.5749067  2.0883477  0.2536928 
270   2.6854789  0.5592068  1.9793974  0.2629171 
271   2.7256327  0.5269292  2.0645969  0.2500980 
272   2.6945882  0.5427040  2.0805531  0.2616291 
273   2.6011846  0.5864324  1.9915971  0.2563159 
274   2.6749721  0.5648761  2.0317540  0.2343917 
275   2.6770983  0.5644749  2.0671875  0.2526408 
276   2.7010598  0.5676208  2.0473347  0.2744658 
277   2.7270784  0.5785420  2.0692592  0.2744796 
278   2.7065074  0.5893519  2.0695162  0.2712439 
279   2.7741585  0.5936949  2.1036267  0.3171662 
280   2.8427329  0.6032876  2.1636522  0.2659687 
281   2.8757336  0.5821926  2.1483192  0.2843250 
282   2.8409495  0.6054605  2.1287649  0.3141842 
283   2.7597728  0.5663383  2.0651522  0.2836401 
284   2.7411597  0.5326627  2.0397134  0.2502541 
285   2.8534727  0.5383184  2.1830401  0.2996562 
286   2.7234159  0.5474742  2.0993915  0.3115367 
287   2.7218466  0.5488982  2.1130054  0.3017604 
288   2.7730224  0.5799543  2.1353555  0.3028165 
289   2.7521875  0.5552980  2.1316819  0.3094612 
290   2.7970183  0.5629774  2.1470385  0.2848418 
291   2.7487571  0.5841536  2.1422613  0.2763883 
292   2.7699993  0.5552445  2.1297812  0.2659298 
293   2.8968425  0.6015658  2.2027419  0.2571720 
294   2.7744665  0.6199511  2.0820663  0.2794600 
295   2.7738175  0.5856693  2.0969162  0.2920877 
296   2.8465950  0.5729658  2.1525798  0.2645675 
297   2.7374229  0.5761294  2.1034467  0.2819100 
298   2.8042238  0.5547158  2.1338329  0.2772089 
299   2.8277788  0.5557248  2.1414526  0.2726442 
300   2.8016448  0.5897635  2.1002243  0.2860329 
301   2.8007166  0.5827820  2.0961936  0.2695684 
302   2.8328204  0.5399944  2.1231990  0.2710511 
303   2.7725062  0.5692060  2.0480254  0.2917231 
304   2.8326538  0.5551762  2.1238258  0.3053408 
305   2.8258755  0.5542209  2.0913584  0.3328539 
306   2.8562233  0.5730975  2.0991318  0.3638394 
307   2.8370504  0.5648600  2.0998352  0.2864878 
308   2.8876839  0.5954897  2.1575682  0.2951037 
309   3.0089104  0.5923744  2.3135123  0.3035535 
310   2.9554467  0.5811952  2.1995194  0.2940033 
311   2.9985406  0.5841233  2.2693341  0.3326129 
312   2.9554887  0.5922503  2.2414796  0.3218972 
313   2.9115853  0.5593501  2.1574538  0.3405993 
314   2.8802269  0.5715752  2.1499267  0.3237343 
315   2.9815888  0.5809094  2.2193587  0.3175604 
316   2.9437459  0.5748720  2.2088575  0.2970917 
317   2.9705808  0.5643661  2.2609835  0.3157390 
318   2.9620912  0.5691141  2.2349494  0.3078871 
319   2.9775445  0.5498027  2.2235312  0.2902071 
320   3.0190282  0.5391523  2.2270806  0.3083275 
321   3.0714083  0.5537865  2.3032794  0.3046630 
322   3.1323252  0.5718532  2.3447812  0.3020284 
323   3.0031083  0.5793632  2.2447252  0.2887729 
324   3.0933337  0.5935665  2.3264887  0.2847896 
325   3.0363929  0.5910423  2.2412634  0.3145534 
326   3.0972090  0.5973138  2.3164022  0.3273326 
327   3.0508697  0.5883818  2.2712300  0.2950045 
328   3.0784500  0.5975250  2.2661695  0.3052992 
329   3.0717840  0.6208234  2.2319093  0.3042237 
330   3.0300856  0.6052133  2.1772318  0.3226387 
331   3.0273695  0.6329630  2.1874471  0.3133788 
332   3.0539243  0.6071281  2.2316000  0.3007877 
333   3.0869534  0.6188746  2.2250624  0.3245213 
334   2.9618518  0.5850024  2.1149440  0.3238576 
335   2.9305990  0.6244132  2.1173983  0.2855864 
336   3.0048881  0.6201928  2.2163029  0.2836985 
337   3.0110269  0.5551732  2.2046032  0.2698208 
338   2.9863753  0.5749581  2.1612582  0.2736852 
339   2.9365137  0.5677624  2.1226108  0.2964191 
340   2.9282639  0.5728489  2.1432855  0.3034596 
341   3.0478852  0.5836782  2.2168260  0.3136410 
342   2.9624541  0.5606013  2.1663976  0.3122914 
343   3.0471721  0.6073218  2.2443666  0.3097781 
344   2.9107842  0.5875722  2.1336839  0.2916576 
345   3.0802977  0.5652630  2.2810202  0.2913935 
346   3.0456111  0.5671518  2.2260938  0.3110897 
347   3.0118325  0.5491021  2.1610544  0.3173107 
348   2.9834661  0.5369160  2.1455600  0.3215505 
349   2.9875798  0.5558944  2.1498020  0.3323042 
350   2.9012644  0.5817002  2.1240916  0.3222981 
351   2.9201112  0.5728917  2.1272995  0.2868387 
352   2.8643088  0.5806651  2.1261132  0.3127821 
353   2.8777320  0.5821529  2.1703157  0.3378083 
354   2.9164910  0.5991166  2.1686792  0.3451844 
355   2.9046795  0.5949529  2.1904058  0.3386241 
356   2.9470661  0.6141390  2.2275465  0.3417672 
357   2.9447224  0.6012024  2.2122281  0.3853907 
358   3.0105958  0.6026581  2.2391233  0.3929023 
359   2.8883321  0.6035030  2.1611001  0.3725832 
360   2.9143705  0.6318202  2.1879783  0.3543043 
361   3.0399463  0.6142324  2.3106678  0.3398334 
362   3.0342350  0.6546248  2.3072073  0.3615799 
363   3.0511801  0.6058054  2.2826300  0.3469313 
364   3.0386517  0.6250374  2.2731435  0.3453278 
365   3.0030329  0.6077519  2.2555985  0.3323473 
366   3.0950117  0.6206380  2.3035154  0.3324575 
367   3.1153064  0.6276340  2.2959256  0.3374897 
368   3.0016122  0.6068113  2.2330549  0.3524726 
369   3.0993021  0.6192248  2.2677524  0.3480129 
370   2.9333901  0.5916456  2.1630576  0.3199226 
371   3.0274365  0.5816497  2.2487245  0.2919511 
372   3.0066648  0.5972399  2.2208459  0.3446265 
373   3.0377448  0.5833320  2.2426322  0.3238069 
374   3.0114565  0.5857806  2.2203903  0.3105938 
375   3.0646381  0.5717096  2.2772577  0.3074960 
376   3.1011918  0.5925707  2.3058276  0.2925199 
377   3.0274539  0.5662521  2.2674739  0.3136431 
378   3.1476984  0.5754853  2.3039777  0.3267219 
379   3.1348448  0.5937244  2.3027804  0.3128142 
380   3.1909881  0.6001979  2.3342302  0.2956989 
381   3.1990540  0.6211223  2.3253114  0.3351179 
382   3.1138432  0.6878206  2.3112881  0.3239259 
383   3.0682204  0.6544712  2.2795093  0.3357515 
384   3.0682807  0.6282054  2.2708743  0.2828857 
385   3.0446835  0.6457480  2.2866707  0.3144181 
386   3.0624623  0.6873234  2.2897019  0.3090246 
387   2.9479024  0.6168423  2.1934679  0.2919441 
388   3.0719104  0.6352810  2.2647376  0.2802342 
389   3.0829773  0.6557803  2.3063760  0.2829037 
390   3.0421233  0.6465074  2.2508211  0.2776806 
391   3.0284257  0.6180634  2.2183137  0.3068176 
392   3.0708365  0.6575640  2.2599764  0.3238988 
393   3.0857234  0.6219427  2.2537465  0.2712021 
394   3.0514669  0.6263837  2.1939821  0.2829705 
395   3.1516480  0.6706721  2.3411725  0.2899162 
396   3.2189889  0.6642875  2.3528275  0.2897708 
397   3.2331519  0.6508756  2.3355360  0.2784986 
398   3.2414389  0.6350657  2.3617740  0.2662288 
399   3.2886055  0.6394159  2.4185386  0.2430106 
400   3.2523935  0.6298470  2.3864748  0.2548464 
401   3.2017536  0.6427122  2.3215008  0.2802962 
402   3.2077041  0.6299204  2.3071234  0.2469936 
403   3.2177052  0.5962354  2.3431556  0.2543749 
404   3.1727355  0.6330557  2.3054941  0.2647960 
405   3.2544041  0.6418139  2.3804393  0.3033335 
406   3.2290514  0.6374408  2.3663247  0.2909459 
407   3.2669444  0.6285781  2.3431218  0.2968378 
408   3.3586092  0.6700336  2.3954856  0.3248472 
409   3.3475227  0.6361977  2.4241278  0.3342662 
410   3.3814592  0.6512804  2.4532590  0.3106669 
411   3.3760672  0.7126483  2.4201608  0.3310494 
412   3.4131804  0.6662492  2.4288521  0.2837824 
413   3.3362989  0.6422902  2.3527224  0.3013950 
414   3.3687248  0.6449177  2.3980610  0.3052538 
415   3.2461474  0.6221423  2.3437741  0.3418616 
416   3.2453747  0.6348600  2.3466055  0.3572725 
417   3.2678883  0.6409051  2.3902168  0.3253217 
418   3.2588291  0.6648951  2.3638306  0.2830736 
419   3.3481569  0.6218202  2.4170918  0.2909325 
420   3.2906168  0.6692710  2.3930056  0.2837045 
421   3.2532175  0.6802582  2.3940217  0.2656289 
422   3.3972378  0.6532869  2.3999288  0.2795557 
423   3.2996051  0.6516224  2.3574646  0.2648928 
424   3.2891660  0.6541671  2.3233292  0.2917816 
425   3.2740660  0.6636772  2.3349016  0.2772323 
426   3.3352158  0.6586430  2.3801939  0.2526073 
427   3.3513992  0.6704925  2.4462030  0.2676425 
428   3.3442888  0.6678228  2.4129000  0.2573581 
429   3.3781331  0.6951731  2.4717448  0.3229226 
430   3.3723159  0.7205655  2.4614198  0.2790671 
431   3.3692722  0.6946906  2.4579298  0.2918589 
432   3.3162818  0.7078187  2.4124017  0.2827762 
433   3.3361039  0.6719040  2.4308598  0.2776105 
434   3.2394242  0.6724649  2.3530109  0.2834635 
435   3.2708130  0.7001173  2.3532395  0.2768731 
436   3.2033467  0.6774626  2.3145521  0.2854587 
437   3.2067475  0.6617631  2.3198600  0.2958511 
438   3.3430612  0.6803850  2.4220059  0.2639745 
439   3.2910254  0.6757080  2.3895714  0.2592981 
440   3.3561625  0.6671549  2.4351377  0.2713197 
441   3.3721724  0.6572791  2.4569983  0.2576365 
442   3.3456445  0.6839242  2.4284763  0.2819893 
443   3.3603950  0.6965195  2.4286001  0.3172425 
444   3.4502201  0.6771914  2.4325907  0.3237826 
445   3.4887140  0.6740634  2.4663165  0.2764117 
446   3.4321630  0.6616949  2.4368479  0.3235896 
447   3.4123311  0.6727647  2.4334180  0.3302069 
448   3.3357079  0.6670195  2.3622401  0.3217998 
449   3.3235030  0.6769670  2.3912735  0.3031028 
450   3.3002050  0.6751893  2.3166502  0.3241420 
451   3.3077278  0.6690089  2.3152542  0.3472385 
452   3.2715895  0.6808186  2.3318479  0.3550660 
453   3.3012946  0.6803129  2.3051002  0.3446954 
454   3.3446484  0.6662927  2.3410461  0.3108700 
455   3.2835073  0.6471538  2.3203180  0.3045981 
456   3.2955225  0.6475199  2.3403940  0.3272723 
457   3.3888934  0.6252307  2.3919008  0.3213588 
458   3.3766103  0.6302794  2.3544641  0.3321092 
459   3.4153948  0.6474772  2.4146786  0.3457655 
460   3.3360960  0.6288497  2.3353467  0.3354931 
461   3.4709764  0.6334171  2.4481454  0.3482246 
462   3.4361296  0.6495231  2.4352903  0.3657767 
463   3.4456985  0.6673306  2.4188211  0.3489363 
464   3.4936655  0.6636472  2.4267588  0.3623108 
465   3.5971806  0.6733565  2.4838855  0.3811792 
466   3.5884318  0.6620526  2.4621542  0.3749872 
467   3.5500114  0.6517184  2.4650278  0.3926623 
468   3.5036347  0.6731062  2.4632056  0.3848234 
469   3.4714353  0.6560140  2.4326978  0.3672993 
470   3.4731390  0.6546131  2.4164314  0.3757801 
471   3.4426911  0.6573365  2.4252713  0.3911892 
472   3.4335632  0.6320840  2.4308977  0.3763659 
473   3.5538554  0.6390279  2.4826951  0.3935729 
474   3.4197743  0.6453711  2.4035730  0.3805752 
475   3.4904904  0.6574103  2.4770055  0.3722196 
476   3.3771842  0.6312083  2.3669307  0.3728849 
477   3.4498186  0.6425925  2.4433770  0.3788319 
478   3.4453549  0.6402186  2.3976290  0.3577599 
479   3.4226699  0.6482440  2.4431221  0.3245344 
480   3.4155335  0.6218812  2.4214809  0.3879297 
481   3.3402169  0.6245316  2.3802936  0.3642757 
482   3.3844788  0.6318263  2.4020627  0.3790172 
483   3.3782990  0.6465406  2.4485400  0.3755356 
484   3.4041052  0.6279477  2.3995519  0.3974415 
485   3.4111664  0.6419445  2.4076235  0.3923630 
486   3.4058223  0.6291149  2.4290962  0.4042073 
487   3.3776360  0.6343606  2.3847461  0.3694373 
488   3.3706319  0.6135565  2.3817110  0.3649066 
489   3.4687836  0.6408876  2.5013084  0.3976993 
490   3.4641328  0.6278185  2.4622574  0.3755539 
491   3.5317252  0.6238940  2.4589212  0.3569057 
492   3.5725858  0.6359110  2.5057237  0.3550484 
493   3.6107738  0.6351096  2.5501504  0.3707475 
494   3.5344899  0.6345465  2.4966309  0.3791606 
495   3.5685477  0.6273275  2.5023842  0.3864523 
496   3.4722090  0.6105863  2.4600110  0.3693540 
497   3.5208321  0.6164368  2.5086138  0.3523947 
498   3.5070109  0.6204688  2.4455907  0.3416656 
499   3.4876888  0.6168655  2.5016298  0.3394249 
500   3.4916890  0.6230060  2.5047979  0.3488826 
501   3.4043620  0.6133614  2.4272487  0.3335106 
502   3.4058793  0.6170713  2.4103191  0.3473127 
503   3.5039487  0.6355217  2.4806788  0.3538230 
504   3.4645145  0.6023212  2.4402506  0.3400062 
505   3.4572380  0.6097339  2.4384921  0.3259753 
506   3.4158537  0.6216691  2.4253306  0.3667825 
507   3.5279472  0.6322591  2.4764752  0.3664902 
508   3.4154139  0.6239222  2.4139006  0.4082559 
509   3.4460468  0.6340889  2.4133928  0.3888737 
510   3.4390256  0.6342799  2.3822117  0.3933148 
511   3.4759831  0.6297159  2.4398973  0.3687373 
512   3.4268565  0.6267818  2.4180861  0.3595968 
513   3.4363995  0.6299079  2.4435740  0.3388788 
514   3.4244871  0.6408154  2.4431596  0.3695223 
515   3.5203741  0.6290102  2.5066774  0.3789141 
516   3.4952345  0.6427230  2.4994326  0.3350564 
517   3.5513244  0.6395001  2.5051661  0.3588471 
518   3.5203702  0.6531040  2.4943717  0.3273422 
519   3.5085962  0.6531246  2.5060575  0.3408033 
520   3.4941809  0.6505297  2.4670103  0.3533806 
521   3.5637710  0.6404569  2.5440481  0.3417366 
522   3.4812334  0.6611773  2.4921806  0.3489325 
523   3.4841390  0.6501111  2.4814472  0.3074815 
524   3.5981774  0.6717103  2.5517824  0.3349429 
525   3.5776350  0.6498411  2.5326495  0.3379150 
526   3.5702357  0.6353441  2.5011325  0.3490543 
527   3.5320561  0.6755342  2.4902391  0.3696310 
528   3.4599621  0.6476788  2.4425974  0.3828126 
529   3.4544678  0.6663634  2.4887621  0.3855497 
530   3.4346435  0.6450504  2.4976559  0.3520570 
531   3.4005270  0.6584666  2.4635417  0.3782018 
532   3.4352970  0.6781384  2.4851005  0.3743979 
533   3.4073348  0.6806151  2.4510777  0.3650683 
534   3.3849287  0.6898524  2.4420841  0.3986591 
535   3.4018705  0.6575316  2.4430075  0.3785385 
536   3.4204693  0.6524086  2.4995863  0.3657877 
537   3.4333813  0.6672304  2.5210428  0.3943302 
538   3.4215503  0.6668342  2.4831858  0.4055321 
539   3.3882065  0.6636076  2.4576883  0.4065275 
540   3.4467051  0.6450095  2.4490254  0.4186701 
541   3.4411020  0.6592832  2.4780140  0.4505948 
542   3.3863578  0.6468855  2.4117730  0.4287962 
543   3.3605893  0.6480387  2.3802085  0.4117558 
544   3.4547281  0.6270730  2.4816244  0.4134204 
545   3.4844835  0.6482966  2.5232856  0.4091873 
546   3.5215654  0.6595117  2.5341301  0.4105262 
547   3.5307264  0.6408255  2.5482914  0.4139965 
548   3.4760768  0.6415745  2.4592922  0.4258170 
549   3.4115186  0.6529070  2.4049165  0.4137450 
550   3.3457375  0.6681040  2.3623960  0.4028299 
551   3.3483548  0.6536853  2.3906202  0.4106078 
552   3.4375994  0.6865826  2.4459951  0.4040465 
553   3.4548919  0.6669807  2.4550574  0.3977301 
554   3.4473464  0.6602693  2.4538403  0.3690254 
555   3.4570601  0.6677250  2.4784124  0.4059175 
556   3.4024985  0.6659135  2.4216042  0.4010759 
557   3.4021235  0.6402358  2.4152410  0.3843692 
558   3.4035492  0.6465993  2.4120619  0.3885216 
559   3.4060512  0.6644159  2.4345939  0.4073098 
560   3.3820529  0.6635560  2.4074526  0.4050959 
561   3.3964009  0.6449047  2.4211900  0.3827563 
562   3.3995645  0.6665152  2.3832054  0.4197302 
563   3.4173446  0.6598794  2.4228563  0.4083428 
564   3.3850195  0.6660649  2.4508922  0.4247266 
565   3.3905919  0.6470116  2.4244757  0.3987100 
566   3.4365883  0.6536486  2.4683528  0.4157749 
567   3.4329917  0.6689463  2.4532266  0.3851933 
568   3.3914764  0.6805852  2.3906219  0.3972167 
569   3.4502263  0.6761145  2.4477015  0.3786064 
570   3.4573643  0.6812970  2.4655228  0.3952392 
571   3.4784651  0.6733248  2.4786160  0.4077809 
572   3.4124520  0.6751836  2.4439087  0.3561311 
573   3.4461946  0.6860297  2.4438927  0.3797519 
574   3.5132837  0.6612738  2.4838250  0.4083607 
575   3.4208961  0.6753616  2.4700859  0.3841899 
576   3.3936379  0.6770573  2.4164140  0.3989733 
577   3.4984303  0.6687395  2.4416189  0.3936810 
578   3.5098705  0.6744376  2.4607005  0.4074819 
579   3.5564852  0.6958590  2.4560947  0.3819611 
580   3.5695598  0.7085479  2.4640377  0.4095745 
581   3.5283079  0.7104729  2.4421115  0.4177167 
582   3.5903881  0.6924980  2.5200934  0.4159805 
583   3.5546896  0.6959296  2.5102997  0.3940817 
584   3.5241418  0.6873386  2.4386234  0.3849867 
585   3.5466235  0.6807553  2.4896882  0.4108761 
586   3.6248724  0.6581507  2.5340168  0.3826347 
587   3.6765432  0.7053292  2.5673375  0.4311701 
588   3.6485453  0.6950012  2.5035417  0.3986306 
589   3.7315135  0.6630816  2.5656810  0.3927283 
590   3.6929388  0.6608309  2.5435708  0.3903388 
591   3.6899960  0.6686084  2.5522933  0.4181006 
592   3.7821865  0.6731690  2.6055951  0.3873878 
593   3.6022344  0.6724851  2.4890916  0.4038780 
594   3.5515049  0.6642625  2.4484007  0.3998775 
595   3.5227277  0.6612694  2.4109216  0.4089998 
596   3.5181568  0.6331806  2.3634906  0.3871673 
597   3.5029671  0.6704553  2.4197700  0.3884390 
598   3.5000551  0.6720600  2.4064019  0.3973382 
599   3.5219643  0.6597418  2.4633458  0.3577399 
600   3.4773123  0.6459047  2.4167862  0.3644343 
601   3.4941080  0.6432536  2.4242101  0.3774139 
602   3.4617667  0.6894674  2.4102993  0.3607108 
603   3.4623046  0.6562087  2.4031594  0.3784262 
604   3.5178802  0.6740446  2.4715893  0.4010198 
605   3.4829462  0.6728743  2.4580755  0.4061674 
606   3.5224352  0.6921516  2.4606867  0.3806635 
607   3.5517726  0.6791286  2.5013151  0.3897918 
608   3.5614376  0.6726775  2.4897692  0.3713107 
609   3.5012600  0.6914644  2.4345357  0.3824875 
610   3.4165208  0.6958236  2.3518527  0.3768469 
611   3.5310326  0.6796603  2.4507854  0.3915653 
612   3.5788836  0.6768913  2.4711950  0.3840709 
613   3.5383344  0.6828546  2.4441888  0.3710274 
614   3.5730636  0.6782374  2.4755177  0.3910092 
615   3.6115057  0.6879880  2.5412929  0.3887311 
616   3.6436057  0.6969420  2.4932916  0.3907478 
617   3.6804948  0.6509997  2.5544884  0.3786928 
618   3.6181998  0.6648341  2.5197134  0.3793525 
619   3.6716435  0.6657767  2.5384686  0.3644673 
620   3.6196260  0.6571690  2.5220835  0.3505742 
621   3.6106029  0.6391959  2.5132639  0.4016755 
622   3.6162665  0.6550846  2.5028324  0.4155801 
623   3.6478870  0.6831213  2.6118281  0.4181119 
624   3.6503057  0.6383616  2.5511496  0.4216353 
625   3.5826640  0.6634958  2.5372386  0.4483705 
626   3.5920882  0.6577803  2.5186408  0.3917528 
627   3.5871928  0.6623666  2.5381444  0.4515935 
628   3.5063074  0.6705204  2.5098341  0.4632408 
629   3.4702365  0.6772245  2.4556737  0.4214790 
630   3.4759243  0.6846394  2.4276407  0.4334274 
631   3.5726209  0.6868188  2.4544251  0.4043117 
632   3.5506339  0.6899473  2.4981978  0.4192043 
633   3.5317926  0.6715526  2.4645402  0.4035299 
634   3.4787898  0.6894676  2.4168546  0.4447373 
635   3.4740045  0.6647193  2.3804266  0.4125595 
636   3.5753403  0.6809532  2.4791996  0.4463546 
637   3.5326493  0.6831167  2.4302630  0.4243712 
638   3.5900176  0.6738301  2.4655144  0.4263924 
639   3.5307431  0.6662497  2.4242637  0.4334160 
640   3.5407887  0.6763927  2.4528074  0.4169186 
641   3.6021862  0.6752962  2.4991670  0.4461031 
642   3.5310578  0.6662796  2.4840951  0.4084122 
643   3.5971096  0.6886465  2.5802236  0.4073687 
644   3.5761423  0.6984155  2.5371530  0.4168721 
645   3.4649923  0.6836548  2.4321480  0.4095668 
646   3.5156326  0.6576230  2.4107621  0.4104790 
647   3.5235023  0.6991457  2.4732087  0.4283622 
648   3.6000004  0.6909426  2.4893703  0.4313347 
649   3.6734765  0.6930310  2.5330746  0.4331447 
650   3.6577721  0.6847481  2.5344603  0.4344997 
651   3.6253459  0.6573015  2.4876471  0.3965549 
652   3.6062403  0.6808156  2.4805303  0.3937981 
653   3.5868411  0.6532962  2.4674256  0.4075508 
654   3.5276775  0.6902640  2.4558797  0.3821782 
655   3.5584152  0.6927148  2.4635682  0.3878824 
656   3.6715562  0.7103376  2.5245242  0.4127717 
657   3.6527264  0.6995083  2.5732028  0.3912069 
658   3.7151947  0.6828288  2.6138647  0.4229243 
659   3.6318398  0.6738613  2.5430751  0.4258687 
660   3.6037941  0.6620025  2.5161397  0.4297593 
661   3.5943329  0.6637779  2.5258646  0.4507165 
662   3.5966957  0.6669929  2.4683452  0.4283871 
663   3.6812193  0.6473362  2.4964826  0.4039229 
664   3.6377196  0.6409559  2.4569092  0.4128096 
665   3.6413779  0.6756984  2.4638188  0.3962713 
666   3.6219418  0.6824088  2.4627571  0.4288986 
667   3.5906258  0.6732394  2.4360056  0.4088393 
668   3.5071123  0.6964797  2.4002922  0.4330357 
669   3.5653512  0.6717736  2.4539537  0.4305591 
670   3.4930313  0.6502357  2.4182210  0.4132201 
671   3.4858501  0.6568195  2.3977025  0.4293621 
672   3.5275013  0.6534472  2.3732574  0.4494055 
673   3.5808504  0.6801536  2.4410462  0.4460690 
674   3.5424154  0.6600363  2.4358401  0.4132441 
675   3.5291696  0.6608244  2.4284434  0.4633674 
676   3.5880818  0.6470814  2.4554913  0.4443474 
677   3.5617859  0.6765014  2.4644153  0.4409593 
678   3.5435696  0.6796977  2.4315207  0.4438237 
679   3.5320022  0.6754647  2.4103897  0.4582719 
680   3.5277278  0.6783172  2.4271541  0.4541315 
681   3.5601408  0.6730025  2.4307659  0.4436136 
682   3.5280254  0.6733057  2.3864179  0.4256894 
683   3.4769201  0.6999378  2.4055862  0.4125774 
684   3.4791989  0.6896067  2.4112566  0.3975796 
685   3.5252573  0.6778646  2.4222944  0.4212366 
686   3.5435917  0.6746271  2.4478719  0.4125017 
687   3.5131655  0.6874511  2.4617474  0.4124906 
688   3.5141168  0.6748549  2.4180481  0.4438792 
689   3.5574281  0.6959218  2.4622107  0.4490052 
690   3.5546534  0.6811114  2.4566007  0.4332167 
691   3.4390464  0.6916207  2.3809972  0.4191703 
692   3.4778833  0.6786592  2.4407322  0.4117110 
693   3.5851238  0.6950131  2.5662386  0.3851863 
694   3.4474802  0.6605617  2.4378698  0.3948697 
695   3.3778973  0.6472775  2.3719437  0.4114500 
696   3.4611108  0.6593584  2.4195263  0.4004043 
697   3.4859409  0.6781767  2.4201012  0.4082853 
698   3.4788187  0.6692186  2.4594767  0.4115806 
699   3.5159039  0.6699545  2.4268022  0.4102769 
700   3.4079111  0.6758309  2.3854313  0.4311177 
701   3.3246701  0.6605754  2.3050334  0.4210831 
702   3.3465929  0.6638973  2.3199608  0.4135652 
703   3.4184871  0.6474262  2.3829682  0.3863243 
704   3.4453630  0.6655034  2.3967867  0.4191146 
705   3.5012839  0.6686007  2.3916841  0.4170266 
706   3.4779329  0.6635710  2.3844714  0.3868604 
707   3.4601414  0.6621207  2.3740323  0.4232849 
708   3.4348600  0.6612947  2.3608134  0.4253039 
709   3.4103510  0.6344575  2.3151405  0.3958864 
710   3.4235084  0.6300743  2.3403170  0.3922906 
711   3.4374793  0.6718156  2.3593094  0.4062962 
712   3.3659430  0.6482577  2.3266678  0.4235251 
713   3.4303732  0.6520822  2.3352308  0.4207945 
714   3.3991411  0.6617341  2.3297131  0.4288724 
715   3.4296477  0.6792793  2.3561614  0.4447696 
716   3.5041721  0.7009083  2.3989789  0.4262151 
717   3.4176333  0.6781194  2.3558180  0.4136722 
718   3.4558823  0.6585221  2.3292809  0.4183220 
719   3.4399822  0.6793011  2.3415132  0.4077570 
720   3.4202678  0.6918595  2.3295746  0.3836631 
721   3.4699383  0.7068774  2.4090130  0.4132382 
722   3.5096641  0.6664675  2.3860302  0.4072548 
723   3.5375538  0.6738959  2.4257724  0.4463004 
724   3.5977108  0.6909200  2.4658141  0.4928309 
725   3.5790162  0.6556822  2.3862414  0.4147873 
726   3.5274911  0.6630501  2.4033830  0.4306391 
727   3.5201991  0.6469771  2.3976846  0.4267782 
728   3.4488013  0.6694308  2.3743792  0.4279677 
729   3.4085007  0.6651051  2.2971628  0.4202422 
730   3.4695940  0.6608133  2.3278611  0.4266734 
731   3.4622135  0.6720649  2.3109875  0.4055884 
732   3.3808041  0.6789476  2.3201835  0.4409342 
733   3.3235042  0.6679923  2.2348218  0.3887479 
734   3.4580548  0.6842164  2.3295727  0.4271557 
735   3.4022446  0.6850455  2.3232920  0.4131210 
736   3.4007800  0.6877134  2.3233552  0.4076741 
737   3.4526989  0.6866311  2.3958893  0.4480177 
738   3.4182560  0.6853400  2.3371222  0.4329121 
739   3.3900757  0.6809679  2.2776363  0.4224556 
740   3.4743035  0.7025242  2.3507035  0.4201318 
741   3.3666079  0.6696596  2.2452164  0.3986577 
742   3.3363054  0.6588799  2.2390966  0.4306839 
743   3.3544238  0.6929446  2.2633009  0.4230333 
744   3.3380048  0.6735035  2.2416286  0.3853952 
745   3.4153225  0.6445822  2.2843301  0.3929147 
746   3.4482174  0.6582720  2.2883303  0.3886065 
747   3.4915025  0.6336158  2.3168218  0.3975993 
748   3.5665660  0.6633193  2.4369631  0.4258098 
749   3.4896789  0.6666716  2.3481197  0.4439988 
750   3.5395539  0.6637596  2.4231281  0.4392000 
751   3.5019500  0.6875040  2.3693655  0.4390532 
752   3.5654516  0.6819407  2.4220438  0.4758379 
753   3.6323121  0.6653541  2.4696620  0.4268925 
754   3.4932275  0.6663425  2.2893131  0.4390573 
755   3.5677428  0.6510539  2.3404586  0.4439218 
756   3.5489070  0.6697083  2.3810139  0.4222915 
757   3.6957822  0.6793125  2.4807289  0.4414619 
758   3.6320059  0.6669018  2.4343650  0.4750033 
759   3.5951824  0.6891007  2.3776577  0.4389678 
760   3.6099863  0.6744304  2.4004829  0.4519019 
761   3.4964256  0.6601519  2.3069229  0.4609931 
762   3.4981682  0.6877158  2.3530293  0.4522461 
763   3.5296061  0.6697080  2.3742268  0.4323181 
764   3.4641566  0.6510418  2.3092434  0.4352296 
765   3.5733726  0.6723083  2.4053681  0.4201574 
766   3.5205517  0.6545027  2.3581536  0.4804620 
767   3.4508407  0.6850232  2.2946200  0.4460339 
768   3.5241117  0.6686311  2.3657730  0.4519629 
769   3.4803233  0.6733701  2.3030846  0.3974513 
770   3.5413127  0.6779515  2.3782625  0.4339889 
771   3.5207236  0.6790691  2.3470559  0.4648321 
772   3.4614327  0.6578511  2.3348374  0.4442899 
773   3.3771977  0.6349516  2.2699413  0.4753811 
774   3.3131280  0.6564768  2.2698393  0.4531537 
775   3.3707993  0.6595524  2.2728074  0.4775858 
776   3.3524868  0.6774506  2.2575994  0.4611983 
777   3.3975713  0.6679574  2.2694695  0.4504612 
778   3.3668115  0.6550161  2.2376072  0.4445910 
779   3.3324499  0.6514773  2.2422783  0.4352756 
780   3.3232582  0.6453668  2.2202382  0.4275078 
781   3.2329962  0.6568654  2.1348722  0.4524446 
782   3.3065710  0.6373836  2.1959524  0.4297506 
783   3.2894123  0.6323305  2.2060075  0.4474575 
784   3.3535681  0.6488074  2.2590084  0.4318541 
785   3.3755748  0.6360503  2.2729003  0.4385473 
786   3.3669791  0.6313239  2.2285235  0.4075095 
787   3.3404598  0.6420077  2.2391288  0.4116797 
788   3.3288960  0.6507962  2.2692502  0.4140692 
789   3.4043024  0.6419330  2.2921860  0.3974615 
790   3.4297340  0.6504180  2.2917674  0.4442881 
791   3.4696138  0.6188201  2.3137264  0.4195929 
792   3.4181070  0.6776896  2.3176644  0.4278749 
793   3.4554000  0.6565412  2.3024766  0.4464990 
794   3.4651804  0.6628459  2.3314619  0.4298756 
795   3.4704714  0.6403955  2.3527343  0.4286633 
796   3.4443667  0.6568347  2.2738907  0.4728461 
797   3.4604578  0.6488962  2.3393979  0.4233455 
798   3.3658690  0.6632430  2.2769687  0.4802411 
799   3.4211020  0.6661772  2.2991519  0.4562375 
800   3.4509847  0.6710917  2.2705693  0.4260742 
801   3.3916085  0.6466226  2.2699645  0.4568414 
802   3.4164991  0.6617799  2.2734194  0.4119803 
803   3.4226224  0.6645734  2.2996287  0.4804856 
804   3.3544996  0.6387478  2.2607074  0.4913882 
805   3.3157020  0.6538770  2.2419255  0.4784252 
806   3.2957709  0.6391463  2.2079597  0.4759413 
807   3.3533857  0.6368133  2.2627118  0.4952137 
808   3.4005184  0.6591650  2.3026869  0.4742293 
809   3.3496144  0.6484818  2.2764370  0.4294995 
810   3.3199294  0.6505467  2.2583086  0.4293637 
811   3.4082894  0.6395539  2.3414989  0.4474352 
812   3.3983634  0.6438832  2.3186235  0.4200492 
813   3.4012506  0.6561517  2.3341475  0.4050489 
814   3.3896167  0.6344765  2.3035617  0.4452868 
815   3.4362457  0.6788490  2.3402951  0.4659148 
816   3.4609387  0.6867503  2.3453264  0.4635488 
817   3.4499695  0.6680411  2.3470173  0.4422144 
818   3.3674738  0.6763408  2.2998626  0.4344685 
819   3.4344535  0.6855639  2.3306100  0.4387664 
820   3.5170107  0.6974854  2.3910770  0.4467467 
821   3.4429357  0.6997590  2.2976489  0.4279700 
822   3.3665354  0.6981259  2.2553592  0.4276233 
823   3.3341932  0.6904480  2.2267590  0.4284356 
824   3.3134956  0.6899416  2.2034914  0.4332625 
825   3.2433844  0.7121699  2.1501052  0.4474933 
826   3.3267376  0.6802328  2.2054996  0.4348076 
827   3.3848240  0.6997446  2.2448359  0.4298651 
828   3.4367371  0.6893698  2.3088319  0.4440576 
829   3.3438063  0.7096458  2.2692199  0.4332542 
830   3.4144530  0.6773618  2.3139243  0.4316102 
831   3.3175869  0.6902023  2.2307737  0.4367852 
832   3.2629776  0.6856009  2.1877477  0.4145150 
833   3.3177698  0.6861867  2.2175467  0.4527290 
834   3.4132433  0.6956939  2.3143008  0.4437349 
835   3.3179123  0.7253292  2.2386863  0.4645445 
