#time, global, repeatA-F, pore, tm38
0     0.1565243  0.1523033  0.1559155  0.1107745 
1     0.5312647  0.2134412  0.3569725  0.1353635 
2     0.6863568  0.2279961  0.4524094  0.1276795 
3     0.8106503  0.2293692  0.5034812  0.1303861 
4     0.9222314  0.2404607  0.5696695  0.1415471 
5     1.0557648  0.2549223  0.6542283  0.1477388 
6     1.2327766  0.2761667  0.7686136  0.1916813 
7     1.2934875  0.2976763  0.7982988  0.1887736 
8     1.3773280  0.2943043  0.8340778  0.1667718 
9     1.3900814  0.2918178  0.8258935  0.1585757 
10    1.4644521  0.2750753  0.8966588  0.1420547 
11    1.4325134  0.3148632  0.9110665  0.1438146 
12    1.4827293  0.2856207  0.9368433  0.1380410 
13    1.6051531  0.3167887  1.0324539  0.1488670 
14    1.5500954  0.3310117  0.9886439  0.1490028 
15    1.5288513  0.3161004  1.0086861  0.1496705 
16    1.6665391  0.3392780  1.1185786  0.1536872 
17    1.7134576  0.3166709  1.0983117  0.1501732 
18    1.7482066  0.3279753  1.1656047  0.1539187 
19    1.7244132  0.3412086  1.1511314  0.1680832 
20    1.7367215  0.3272061  1.1598281  0.1466516 
21    1.7141041  0.3409937  1.1320659  0.1473591 
22    1.7117471  0.3427312  1.1427431  0.1575725 
23    1.7006981  0.3440236  1.1614354  0.1656923 
24    1.7372339  0.3445490  1.1601764  0.1569160 
25    1.7520732  0.3415278  1.1665804  0.1692760 
26    1.8124282  0.3409899  1.2442143  0.1746467 
27    1.7757094  0.3373776  1.2367460  0.1535172 
28    1.8853464  0.3519585  1.2764339  0.1495774 
29    1.9136674  0.3452278  1.3009062  0.1706240 
30    1.9540050  0.3478528  1.3167892  0.1714143 
31    1.9190837  0.3630610  1.3401598  0.1535560 
32    1.9462552  0.3714182  1.3017128  0.1751166 
33    1.9074113  0.3610126  1.2903450  0.2041126 
34    1.9520111  0.3518425  1.3035808  0.1586478 
35    2.0897291  0.3741128  1.4250304  0.1842759 
36    1.9433579  0.3727873  1.3299321  0.1881238 
37    2.0420887  0.3773696  1.3663191  0.1643096 
38    2.0288236  0.3880280  1.3578895  0.1573094 
39    2.0097420  0.3873379  1.3370979  0.1420647 
40    2.0611539  0.3832005  1.3715738  0.1677220 
41    2.0053346  0.3638884  1.3354912  0.1581831 
42    2.0810032  0.3944701  1.3772440  0.1645734 
43    2.1349804  0.4292227  1.4141240  0.1841112 
44    2.1025803  0.4260623  1.3968498  0.1833719 
45    1.9952531  0.4051093  1.3764894  0.1990396 
46    2.0353925  0.4229576  1.3682996  0.2061887 
47    2.1043687  0.4380739  1.4610683  0.1767486 
48    2.0860677  0.4346229  1.4537230  0.1957168 
49    2.0623307  0.4358826  1.4374981  0.2271260 
50    2.0795677  0.4386376  1.4365765  0.2302413 
51    2.0769508  0.4497265  1.4845427  0.2514361 
52    2.0967309  0.4376423  1.5043988  0.2530322 
53    2.1212156  0.4310749  1.5061957  0.2318908 
54    2.1223426  0.4372482  1.5280731  0.2195859 
55    2.1641221  0.4345942  1.5281802  0.2477224 
56    2.1767936  0.4411879  1.5510690  0.2461217 
57    2.1414874  0.4384133  1.4832947  0.2752501 
58    2.2213809  0.4683186  1.5622863  0.2553513 
59    2.1872365  0.4291477  1.5184481  0.2371154 
60    2.0998580  0.4212779  1.4805624  0.2381851 
61    2.1212118  0.4273775  1.4781160  0.2611648 
62    2.0693259  0.4249685  1.4195189  0.2297121 
63    2.1875758  0.4233359  1.4671628  0.2445103 
64    2.1815937  0.4197104  1.4489195  0.2285277 
65    2.1381776  0.4267673  1.4129624  0.2306941 
66    2.1905828  0.4168534  1.4732141  0.2263872 
67    2.1857822  0.4189314  1.4271421  0.2379227 
68    2.2776859  0.4165170  1.4733391  0.2221786 
69    2.2799220  0.4240855  1.5014365  0.2462329 
70    2.1853046  0.4186276  1.4601793  0.2261094 
71    2.2432165  0.4355324  1.4815948  0.2180845 
72    2.2031047  0.4474647  1.4644619  0.2456746 
73    2.1543217  0.4452756  1.4650127  0.2471180 
74    2.2658515  0.4634798  1.5319654  0.2560117 
75    2.3107696  0.4675061  1.5717789  0.2701527 
76    2.3225901  0.4604459  1.5914704  0.2668484 
77    2.3113658  0.4700304  1.5929965  0.3132817 
78    2.2311454  0.4588518  1.5215464  0.3317716 
79    2.2867136  0.4740093  1.5605963  0.3101972 
80    2.3367746  0.5010232  1.6324168  0.3405078 
81    2.2970316  0.4783300  1.5863082  0.3135040 
82    2.3304646  0.4729041  1.6357222  0.3042637 
83    2.3373291  0.4966913  1.6366704  0.3401160 
84    2.2924416  0.4994376  1.6079065  0.3442962 
85    2.3119442  0.4894151  1.6274390  0.2930543 
86    2.2557383  0.4914223  1.5604460  0.3148244 
87    2.2760065  0.4842030  1.5517365  0.3142114 
88    2.3293898  0.5000594  1.5792372  0.3445065 
89    2.2911673  0.4896560  1.5835472  0.2955042 
90    2.2549381  0.5162530  1.5674284  0.3443568 
91    2.3735297  0.4963502  1.6565958  0.3089442 
92    2.3565631  0.4982552  1.6079590  0.3340271 
93    2.3585443  0.4878368  1.5995998  0.3443975 
94    2.4094336  0.4951575  1.6593220  0.3560086 
95    2.3619056  0.5098314  1.6555793  0.3393162 
96    2.3337295  0.5171139  1.6256458  0.3600703 
97    2.2945516  0.5123701  1.5914208  0.3422040 
98    2.3143747  0.5320994  1.6234659  0.3689743 
99    2.2758634  0.5490470  1.6057918  0.3695084 
100   2.2768617  0.5315707  1.5814273  0.4013296 
101   2.3583031  0.5432857  1.6419555  0.3846008 
102   2.4310098  0.5442685  1.7071141  0.3805417 
103   2.3014479  0.5491641  1.6269399  0.3832643 
104   2.4111571  0.5508599  1.6737796  0.3650889 
105   2.3616028  0.5495749  1.6678452  0.3772064 
106   2.3539777  0.5544122  1.6305233  0.3696818 
107   2.3654993  0.5411401  1.6775074  0.3778346 
108   2.3703475  0.5561598  1.6615608  0.3699713 
109   2.3903124  0.5526394  1.6935593  0.4034166 
110   2.4404774  0.5512403  1.7115837  0.4108846 
111   2.4338455  0.5416782  1.7142524  0.3964418 
112   2.4711401  0.5622367  1.7186972  0.4111648 
113   2.3584468  0.5328505  1.6253012  0.3718728 
114   2.4787416  0.5461123  1.7430691  0.3533114 
115   2.5157621  0.5450081  1.7372742  0.3586233 
116   2.4997268  0.5668323  1.7729867  0.3435645 
117   2.4863219  0.5987594  1.7823505  0.3471505 
118   2.4872234  0.5785064  1.7208600  0.3587768 
119   2.4647295  0.5908744  1.7454147  0.3788974 
120   2.4503763  0.5816265  1.7150958  0.3758358 
121   2.4784555  0.5646018  1.7614883  0.3407616 
122   2.4605441  0.5657906  1.7594892  0.3455893 
123   2.5079780  0.5882248  1.7707826  0.3525265 
124   2.5540390  0.5843508  1.7832233  0.3353710 
125   2.4984334  0.5600898  1.7278155  0.3163875 
126   2.4488332  0.5911435  1.7299254  0.3141737 
127   2.4839525  0.5888444  1.7493753  0.3303642 
128   2.4469936  0.5828273  1.7277602  0.3048183 
129   2.4708552  0.5664379  1.7414722  0.3071416 
130   2.5161276  0.5860375  1.7604635  0.3471083 
131   2.5299313  0.5851238  1.7725894  0.3299461 
132   2.5230205  0.5809557  1.7794203  0.3094509 
133   2.5063224  0.5846786  1.7488266  0.3101077 
134   2.5106981  0.5781623  1.7521094  0.3087903 
135   2.5456800  0.5956382  1.7899439  0.3405930 
136   2.5930374  0.5951262  1.8760536  0.3395868 
137   2.6423476  0.5859450  1.8797818  0.3199768 
138   2.6378124  0.6017216  1.8787245  0.3415563 
139   2.5970585  0.5865347  1.8497790  0.3289229 
140   2.6208196  0.5830785  1.8318446  0.3369309 
141   2.5687761  0.5609772  1.7886302  0.3155813 
142   2.6051540  0.5925359  1.8598342  0.3380709 
143   2.5402262  0.5718052  1.7858896  0.3067246 
144   2.5607433  0.5793681  1.8061018  0.3096723 
145   2.5917799  0.5852789  1.8373249  0.3290390 
146   2.5333064  0.5838799  1.7514917  0.3278112 
147   2.6250064  0.5649095  1.8319343  0.3122422 
148   2.6866369  0.5725244  1.8772810  0.3210652 
149   2.8029556  0.5787606  1.9536201  0.3208292 
150   2.7617624  0.5429187  1.9182500  0.3227113 
151   2.7304499  0.5589769  1.8935152  0.3354115 
152   2.7916024  0.5330137  1.9466084  0.3119852 
153   2.7987189  0.5405090  1.9612601  0.3336261 
154   2.6966195  0.5498289  1.8894528  0.3350902 
155   2.6504323  0.5579449  1.8521632  0.3236253 
156   2.5976102  0.5599553  1.8161700  0.3301453 
157   2.6672382  0.5498809  1.8869576  0.3282185 
158   2.6652746  0.5383760  1.8745264  0.3398994 
159   2.6204050  0.5374966  1.8207296  0.3444734 
160   2.6682553  0.5392840  1.8476565  0.3342121 
161   2.7439473  0.5463096  1.9403888  0.3329306 
162   2.7423289  0.5250182  1.8980616  0.3062066 
163   2.7312436  0.5378326  1.8831983  0.3092283 
164   2.8130188  0.5589350  1.9587672  0.3262534 
165   2.8347778  0.5648103  1.9272877  0.3145175 
166   2.6513076  0.5260170  1.7676783  0.3233728 
167   2.7644598  0.5404860  1.8949894  0.3317255 
168   2.6729102  0.5128355  1.8230884  0.3110068 
169   2.6854050  0.5252470  1.8022031  0.3175735 
170   2.6859517  0.5572276  1.8375899  0.3096381 
171   2.6237128  0.5393782  1.8213583  0.3278642 
172   2.5823700  0.5353651  1.7321639  0.3556581 
173   2.6504035  0.5485575  1.8301309  0.3390917 
174   2.6082582  0.5461490  1.7705692  0.3104916 
175   2.6783149  0.5548022  1.8140144  0.3431880 
176   2.6516993  0.5573838  1.8332282  0.3281629 
177   2.6946552  0.5726741  1.8846557  0.3337808 
178   2.5752394  0.5557101  1.7788030  0.3206459 
179   2.5460010  0.5405342  1.7390311  0.3351356 
180   2.6034741  0.5498132  1.7517837  0.3197383 
181   2.6494777  0.5677995  1.7999210  0.3170666 
182   2.6478441  0.5537804  1.8002270  0.3430072 
183   2.6367819  0.5443500  1.7932007  0.3306476 
184   2.6000948  0.5590447  1.7817371  0.3243169 
185   2.6424286  0.5772226  1.8113885  0.3077279 
186   2.6624770  0.5827887  1.8283899  0.3403432 
187   2.6583054  0.5735397  1.8691099  0.3267316 
188   2.7510936  0.5850596  1.9028106  0.3112149 
189   2.8056555  0.5586996  1.9128397  0.3015010 
190   2.7751396  0.5580085  1.9129087  0.3015535 
191   2.8225954  0.5349801  1.9508437  0.3100026 
192   2.8151572  0.5637666  1.9954515  0.3428828 
193   2.8127804  0.5485629  1.9507945  0.3115953 
194   2.7968900  0.5699860  1.9427279  0.3167145 
195   2.7882962  0.5693709  1.9218587  0.3513770 
196   2.7936301  0.5835289  1.9639750  0.3484239 
197   2.7676382  0.5955749  1.9371105  0.3554886 
198   2.7074680  0.5726214  1.8777937  0.3393016 
199   2.7437537  0.5665470  1.9546137  0.3148040 
200   2.6510241  0.5703041  1.8528959  0.3404266 
201   2.6902335  0.5584975  1.8645260  0.3289747 
202   2.6804824  0.5388236  1.8736655  0.3307667 
203   2.6605508  0.5622294  1.9003404  0.3183527 
204   2.6753919  0.5366139  1.8412081  0.2962933 
205   2.6521487  0.5538304  1.8894267  0.3044943 
206   2.7422040  0.5575976  1.9473988  0.3381023 
207   2.5816541  0.5529972  1.8232596  0.3279207 
208   2.7094235  0.5666602  1.9496264  0.3131559 
209   2.7187028  0.5720833  1.9429491  0.3340851 
210   2.7123206  0.5657442  1.9085876  0.3105069 
211   2.7155337  0.5872201  1.9149698  0.3254784 
212   2.6539733  0.5780796  1.8669773  0.3125423 
213   2.6736047  0.5766850  1.8587037  0.2868435 
214   2.6546102  0.5981969  1.8897257  0.2958139 
215   2.6827905  0.6078188  1.9098663  0.3077971 
216   2.6880572  0.5891966  1.9435382  0.3070464 
217   2.7377868  0.6028271  1.9685304  0.2929588 
218   2.6545954  0.5971429  1.9345514  0.3136417 
219   2.6360159  0.5913857  1.9188206  0.2924822 
220   2.5682437  0.5829670  1.8666952  0.2912766 
221   2.6181366  0.5903535  1.8547063  0.2910261 
222   2.6070068  0.5911682  1.8845550  0.2989943 
223   2.5625019  0.5880923  1.8688728  0.2764660 
224   2.6665206  0.6175668  1.9215795  0.3021495 
225   2.7357278  0.6213990  1.9787551  0.3210159 
226   2.8296723  0.5905879  2.0359366  0.2764737 
227   2.8317151  0.5997999  2.0015123  0.3297257 
228   2.8482370  0.5810906  2.0248568  0.3497706 
229   2.8360143  0.6179308  2.0289829  0.3807645 
230   2.8093684  0.6124438  1.9965637  0.3388442 
231   2.8190060  0.6277261  2.0424094  0.3707264 
232   2.8124828  0.6094915  2.0424814  0.3364991 
233   2.8087225  0.6367033  2.0286758  0.3766424 
234   2.8733709  0.6034920  2.0618629  0.3597854 
235   2.8559368  0.6289219  2.0476813  0.4180526 
236   2.8301561  0.6425692  2.0345986  0.4463666 
237   2.7784753  0.6281236  1.9873089  0.4521747 
238   2.8334689  0.6030111  2.0215931  0.4094808 
239   2.8326783  0.6206176  2.0398514  0.4416975 
240   2.8404655  0.6115648  2.0739701  0.3590019 
241   2.7917438  0.5978622  2.0193541  0.3435547 
242   2.8050938  0.5858514  2.0167627  0.3672403 
243   2.7978339  0.5891653  2.0140152  0.3658786 
244   2.8467188  0.6196172  2.0781281  0.3579593 
245   2.8992662  0.6040751  2.1126230  0.3447362 
246   2.8302369  0.5994276  2.0812082  0.3530752 
247   2.8794184  0.6090658  2.1040716  0.3257532 
248   2.8109562  0.5996956  2.0054047  0.3062933 
249   2.8090827  0.5883936  2.0752206  0.3360117 
250   2.8448544  0.6039066  2.0822904  0.3460213 
251   2.7319448  0.5678349  1.9888532  0.3385428 
252   2.7915356  0.5763268  2.0376382  0.3349859 
253   2.7593732  0.5862794  2.0085180  0.3619556 
254   2.8610010  0.5922056  2.0744436  0.3523790 
255   2.9245069  0.6019390  2.1181214  0.4216776 
256   2.9169667  0.5880315  2.1314583  0.3533304 
257   2.9592819  0.5971763  2.1636696  0.3892816 
258   3.0141602  0.5895820  2.1656945  0.3675969 
259   2.9775462  0.5725400  2.0983479  0.3662499 
260   3.0102034  0.5888419  2.1347065  0.4037096 
261   3.0027528  0.5883239  2.0882354  0.3861686 
262   3.0328531  0.5960983  2.0781136  0.3834421 
263   2.9676530  0.5758705  2.0556996  0.3598004 
264   2.9965506  0.6114855  2.1127200  0.3465176 
265   2.9575994  0.5805399  2.0045028  0.3859437 
266   2.9240322  0.5919243  2.0322859  0.3770153 
267   2.8961182  0.6026187  1.9991972  0.3545802 
268   2.7416823  0.6045581  1.9202738  0.4111971 
269   2.8963428  0.5822020  2.0097008  0.3467662 
270   2.9772017  0.5960632  2.0512836  0.3601458 
271   2.9741621  0.5890212  2.0514171  0.3666441 
272   2.9204848  0.5883246  1.9936316  0.3804922 
273   2.9716613  0.5922626  2.0341244  0.3681173 
274   2.9857628  0.5842901  2.0554199  0.3451031 
275   2.9483404  0.5769508  2.0988395  0.3485895 
276   2.9240375  0.6231968  2.0563159  0.4189374 
277   2.8776801  0.5838277  2.0161948  0.3401198 
278   3.0006204  0.5815356  2.0643597  0.3275226 
279   3.0270686  0.5755448  2.0643754  0.3584969 
280   2.9660757  0.5915020  2.0647454  0.3348457 
281   2.9658117  0.5676369  2.0162530  0.3392564 
282   3.0534787  0.5727312  2.1025109  0.3180739 
283   3.0670805  0.5719296  2.1019022  0.3057710 
284   3.0775368  0.5723001  2.0963328  0.3172852 
285   3.0295069  0.5786033  2.1312814  0.3276736 
286   2.9467502  0.5725456  2.0849984  0.3431719 
287   2.9867971  0.6043068  2.1307766  0.3424076 
288   3.0053270  0.5937129  2.1481407  0.3566958 
289   3.0354779  0.6050909  2.1667662  0.3261281 
290   3.0307572  0.5894196  2.1940017  0.3402823 
291   3.0661716  0.5818116  2.2001355  0.3136909 
292   3.0735476  0.5665671  2.1939819  0.3089088 
293   3.1554313  0.5816725  2.2143583  0.3218252 
294   3.2025108  0.6111075  2.2808819  0.3307844 
295   3.2065601  0.6176159  2.2427707  0.3007767 
296   3.3033292  0.6228839  2.2896366  0.3196226 
297   3.2715659  0.5924768  2.2623045  0.3110954 
298   3.2934582  0.5910885  2.3173308  0.3137728 
299   3.3684604  0.6248188  2.3679111  0.3555480 
300   3.3656189  0.6152455  2.3452828  0.3756828 
301   3.3210263  0.6323095  2.2888923  0.3641108 
302   3.4021497  0.6209235  2.3570142  0.3498305 
303   3.3594460  0.6209068  2.3035841  0.3636942 
304   3.3722014  0.6360425  2.3329425  0.3566060 
305   3.2764888  0.6126512  2.2529998  0.3604598 
306   3.2517040  0.6143574  2.2144508  0.3758243 
307   3.2605803  0.6035932  2.2558227  0.3528875 
308   3.4358752  0.6171351  2.3920033  0.3524947 
309   3.3859522  0.6270689  2.3737216  0.3082975 
310   3.3542893  0.6098951  2.3260839  0.3289165 
311   3.3516946  0.6018713  2.3153799  0.3100741 
312   3.2661781  0.6205876  2.2599058  0.3056060 
313   3.2789078  0.6033602  2.2920208  0.3208030 
314   3.2975779  0.6188954  2.3130574  0.3138300 
315   3.3934631  0.6124411  2.3222764  0.3505874 
316   3.3349862  0.6283038  2.3480115  0.3447193 
317   3.3063712  0.6495211  2.3394971  0.3574262 
318   3.3109691  0.6296242  2.3175192  0.3464610 
319   3.3477774  0.6454195  2.3336902  0.3472653 
320   3.3163857  0.6379505  2.2854431  0.3491610 
321   3.3379319  0.6541772  2.3055429  0.3492373 
322   3.4168184  0.6471433  2.3443706  0.3868290 
323   3.4173098  0.6491456  2.3193259  0.3419901 
324   3.3905149  0.6135617  2.3059390  0.3615063 
325   3.3280523  0.6155316  2.2684572  0.3455622 
326   3.3738716  0.6218592  2.3309662  0.3426882 
327   3.3344574  0.5938779  2.2866206  0.3708294 
328   3.3520916  0.6166096  2.3627472  0.3325336 
329   3.3331981  0.6281155  2.3257778  0.3355440 
330   3.4005566  0.6241549  2.3891053  0.3423805 
331   3.4000292  0.6225443  2.3509758  0.3304257 
332   3.4425192  0.6186981  2.3777356  0.3284536 
333   3.4202068  0.6025118  2.3568575  0.3708946 
334   3.4604895  0.5912952  2.3925052  0.3927742 
335   3.3582792  0.6147752  2.2857680  0.3579341 
336   3.3529875  0.6304041  2.2693577  0.3303221 
337   3.3843706  0.6394928  2.3186841  0.3577347 
338   3.3638473  0.6298859  2.2877862  0.3448473 
339   3.3629844  0.6174108  2.2982142  0.3429807 
340   3.3451900  0.5926647  2.2706454  0.3119383 
341   3.3473475  0.6142082  2.2812464  0.3238515 
342   3.3021703  0.6070235  2.2243841  0.3365138 
343   3.2022638  0.5892403  2.2043159  0.3085170 
344   3.2758012  0.5943312  2.2314560  0.3372144 
345   3.4505799  0.6098855  2.3659174  0.3097813 
346   3.3824551  0.6262608  2.3061028  0.3140690 
347   3.3610475  0.6135614  2.2585294  0.3494577 
348   3.3113222  0.6063831  2.2066519  0.3168859 
349   3.2547505  0.6162402  2.2188404  0.3380540 
350   3.3654871  0.6198349  2.2911611  0.3208825 
351   3.2992361  0.6155516  2.2274866  0.3425313 
352   3.3365257  0.6112520  2.2671227  0.3359837 
353   3.2647059  0.6004725  2.2082312  0.3154288 
354   3.2814238  0.5824487  2.2309587  0.3243174 
355   3.2780800  0.5881947  2.2428019  0.3228194 
356   3.3059912  0.5991617  2.2524414  0.3556813 
357   3.2948244  0.5941337  2.2446063  0.3241515 
358   3.3947988  0.6002731  2.2957261  0.3234395 
359   3.2986405  0.5970853  2.2318723  0.3256524 
360   3.3564751  0.6124481  2.2923076  0.3151991 
361   3.3413475  0.6044999  2.2348225  0.3351848 
362   3.2936840  0.5831128  2.1927297  0.2916294 
363   3.3360918  0.6174901  2.1918757  0.3191510 
364   3.3302662  0.5811178  2.1589403  0.3169079 
365   3.4082501  0.5769266  2.2363307  0.2666464 
366   3.3550985  0.5769165  2.2048585  0.3075243 
367   3.3798866  0.5947276  2.2257893  0.2913593 
368   3.3678863  0.5900423  2.2295351  0.2893495 
369   3.3580687  0.6019138  2.2660646  0.3127574 
370   3.2404048  0.6112121  2.1934810  0.2879068 
371   3.1906626  0.6016067  2.1520548  0.3013176 
372   3.2121897  0.5994654  2.1363704  0.3315209 
373   3.2437353  0.5838704  2.1449676  0.3210385 
374   3.2584968  0.5919148  2.1860552  0.3242532 
375   3.2204523  0.5838414  2.1522264  0.3392859 
376   3.3182149  0.5764805  2.2577324  0.3288780 
377   3.2591233  0.5861986  2.2091119  0.3429210 
378   3.3476851  0.5751378  2.2285583  0.3315051 
379   3.2794790  0.5890050  2.1795399  0.3300932 
380   3.3375955  0.5884020  2.2115190  0.3138487 
381   3.3017607  0.5862199  2.1770589  0.3545021 
382   3.3099368  0.5855139  2.2154808  0.3280133 
383   3.3050802  0.6161287  2.1782670  0.3522028 
384   3.2627890  0.6153095  2.2267494  0.3732673 
385   3.2835469  0.6280212  2.2071438  0.3820047 
386   3.3226335  0.6000029  2.2719548  0.3630540 
387   3.3337092  0.6568393  2.2981272  0.3591001 
388   3.3219121  0.6194869  2.2519238  0.3457128 
389   3.2689681  0.6262984  2.2578249  0.3535345 
390   3.2868967  0.6245136  2.2632349  0.3151090 
391   3.4356146  0.6174343  2.3857036  0.3540778 
392   3.4071081  0.6196570  2.3744638  0.3239824 
393   3.4906561  0.6360637  2.4276886  0.3286844 
394   3.4866130  0.6252639  2.4268484  0.3377741 
395   3.4063103  0.6244710  2.3737435  0.3277238 
396   3.3499167  0.6133586  2.3600988  0.3384326 
397   3.3898146  0.6240826  2.3637180  0.3414680 
398   3.4156120  0.6044174  2.3563108  0.3615692 
399   3.5140574  0.6267272  2.4009576  0.3519371 
400   3.5070469  0.6224705  2.4162230  0.3605809 
401   3.5051079  0.5914050  2.4222770  0.3465612 
402   3.4623272  0.6002616  2.3758767  0.3972231 
403   3.4352782  0.5998726  2.3654625  0.3366984 
404   3.3975949  0.6022450  2.3595657  0.3585853 
405   3.4201105  0.6073592  2.3599708  0.3966324 
406   3.4782889  0.6075458  2.4365573  0.3514785 
407   3.4494407  0.6214522  2.3790636  0.3879581 
408   3.4077315  0.6232663  2.3487999  0.3699697 
409   3.3854020  0.6270750  2.3413446  0.3644217 
410   3.3771784  0.6076810  2.3449032  0.3667800 
411   3.2760282  0.6224915  2.2677553  0.3326797 
412   3.3765020  0.6276816  2.3249056  0.3328047 
413   3.3524067  0.6043212  2.3012536  0.3142865 
414   3.3449516  0.6384976  2.3239853  0.3443540 
415   3.2935708  0.6218080  2.2706542  0.3337620 
416   3.3322699  0.6274862  2.2893298  0.3287951 
417   3.3237216  0.6272307  2.2848823  0.3308815 
418   3.3677301  0.6324276  2.3399847  0.3357380 
419   3.4041176  0.6271693  2.3336873  0.3608407 
420   3.2819502  0.6259404  2.2226908  0.3604183 
421   3.3079329  0.6201166  2.2533724  0.3412095 
422   3.2956443  0.6166457  2.2458818  0.3581978 
423   3.4158707  0.6179922  2.3081896  0.3239881 
424   3.4684925  0.5967207  2.3836772  0.3673020 
425   3.5316656  0.6228964  2.4228570  0.3453804 
426   3.5646944  0.6234008  2.4861224  0.3348686 
427   3.5473659  0.6164430  2.4191120  0.3570199 
428   3.5595195  0.6188046  2.4425559  0.3513030 
429   3.5284302  0.6396149  2.4031110  0.3690034 
430   3.5410562  0.6497484  2.4283433  0.3582545 
431   3.6702192  0.6251356  2.5436029  0.3654123 
432   3.6905720  0.6345809  2.5801578  0.3611060 
433   3.6059806  0.6469333  2.4775460  0.3611591 
434   3.5334344  0.6226192  2.4284217  0.3296149 
435   3.5476170  0.6257964  2.4639935  0.3576089 
436   3.5536337  0.6348171  2.4891248  0.3333785 
437   3.5781004  0.6332352  2.4844241  0.3024194 
438   3.5777519  0.6634237  2.4998760  0.3415560 
439   3.5467145  0.6626304  2.4604280  0.3664346 
440   3.5101988  0.6163922  2.3835371  0.3397637 
441   3.5261822  0.6559301  2.3913240  0.3648430 
442   3.5427775  0.6671990  2.4168651  0.3538113 
443   3.5576687  0.6591233  2.4499879  0.3347321 
444   3.6589358  0.6672631  2.5191720  0.3436650 
445   3.5991130  0.6542957  2.3984866  0.3967766 
446   3.6212301  0.6706169  2.4575686  0.3425327 
447   3.6061773  0.6390646  2.4238272  0.3518337 
448   3.5974793  0.6622730  2.4453192  0.3488896 
449   3.5135210  0.6704236  2.3883443  0.3438092 
450   3.5309513  0.6503055  2.4203484  0.3334515 
451   3.4814787  0.6515630  2.3971777  0.3523313 
452   3.5633781  0.6749229  2.4826262  0.3275718 
453   3.5069194  0.6595473  2.4374962  0.3437643 
454   3.4945548  0.6517760  2.4192576  0.3556347 
455   3.4852338  0.6428668  2.4393148  0.3390856 
456   3.5163496  0.6564601  2.4811132  0.3564728 
457   3.5881519  0.6462314  2.5400016  0.2974029 
458   3.6169865  0.6524244  2.5635099  0.3229545 
459   3.6337173  0.6574209  2.5459006  0.3520883 
460   3.7187970  0.6289870  2.5699196  0.3342628 
461   3.6597843  0.6377177  2.5330551  0.3549976 
462   3.6027474  0.6544501  2.4737937  0.3772230 
463   3.6418834  0.6484041  2.4825463  0.3485987 
464   3.6222885  0.6570984  2.4532549  0.3382273 
465   3.5433197  0.6396517  2.4221284  0.3261797 
466   3.6116710  0.6617076  2.4834836  0.3722462 
467   3.6930218  0.6426932  2.4930048  0.3287759 
468   3.6057308  0.6469371  2.4607153  0.3348717 
469   3.6333435  0.6584546  2.5020282  0.3570241 
470   3.7071152  0.6526585  2.5756884  0.3352402 
471   3.6076360  0.6416189  2.4939396  0.3486890 
472   3.6167679  0.6349336  2.5141418  0.3484401 
473   3.6197774  0.6654154  2.5208325  0.3337719 
474   3.5138550  0.6379235  2.3990514  0.3215605 
475   3.4619560  0.6334734  2.3862674  0.3230733 
476   3.4546053  0.6306288  2.3537905  0.3479402 
477   3.4901807  0.6373427  2.3832662  0.3580078 
478   3.4883604  0.6457998  2.4177840  0.3372858 
479   3.4873691  0.6441088  2.3942590  0.3514992 
480   3.6048985  0.6390921  2.4560189  0.3322760 
481   3.5042555  0.6432354  2.3935242  0.3363554 
482   3.5211411  0.6271386  2.4339743  0.3412862 
483   3.4746873  0.6290143  2.3767886  0.3287346 
484   3.4497221  0.6554525  2.3794861  0.3804700 
485   3.4822972  0.6370679  2.4068451  0.3990884 
486   3.3974154  0.6370676  2.3156247  0.3625564 
487   3.3755090  0.6338574  2.2880797  0.3668501 
488   3.3035011  0.6504980  2.2603261  0.3701374 
489   3.4625106  0.6431785  2.3901236  0.3674557 
490   3.3550150  0.6598170  2.3338909  0.3810029 
491   3.3804445  0.6474380  2.3500981  0.3985983 
492   3.3836496  0.6688501  2.3408208  0.3658432 
493   3.4376466  0.6673184  2.3483982  0.3668840 
494   3.4458179  0.6533874  2.3613930  0.3809424 
495   3.5540602  0.6548861  2.4978504  0.3917807 
496   3.5575037  0.6729789  2.4580474  0.3728675 
497   3.5850153  0.6585072  2.4523728  0.3945217 
498   3.5756886  0.6463135  2.4516020  0.4392880 
499   3.5970211  0.6548148  2.4741580  0.4302724 
500   3.4688356  0.6690098  2.3912239  0.4132816 
501   3.5264137  0.6733424  2.4193940  0.4322024 
502   3.5172596  0.6418127  2.4153781  0.4304583 
503   3.5985420  0.6559488  2.4706345  0.4212332 
504   3.6208909  0.6637414  2.4725492  0.4035302 
505   3.5246482  0.6923952  2.4408937  0.4031360 
506   3.5684965  0.6750765  2.4744501  0.4438530 
507   3.6371965  0.6681187  2.5033493  0.4333444 
508   3.6949353  0.6878509  2.5544744  0.4258817 
509   3.5848956  0.6691001  2.4932206  0.4505788 
510   3.5969689  0.6828942  2.5143569  0.4242478 
511   3.4278345  0.6429126  2.3783011  0.4058412 
512   3.4133713  0.6600860  2.3499835  0.3964537 
513   3.4036422  0.6830010  2.3813863  0.4246913 
514   3.4756539  0.6903269  2.4253120  0.4316629 
515   3.4679663  0.6756587  2.4170437  0.4100983 
516   3.4575658  0.6930879  2.4442790  0.4170137 
517   3.4329622  0.7100455  2.4400561  0.4087614 
518   3.4002366  0.7162012  2.3900619  0.4244888 
519   3.4161603  0.7061262  2.3454294  0.3944528 
520   3.3971949  0.6952845  2.3022766  0.3680220 
521   3.3548963  0.6945852  2.2660515  0.3969189 
522   3.4572222  0.6802561  2.3144977  0.3679991 
523   3.3775406  0.6980466  2.3032362  0.3847189 
524   3.3978105  0.6890873  2.3319166  0.3551206 
525   3.3287182  0.6748577  2.2412603  0.3787259 
526   3.3996551  0.6723113  2.3032117  0.4265134 
527   3.3813887  0.6778713  2.3189571  0.4321865 
528   3.4186027  0.6744351  2.3562157  0.4086289 
529   3.4251735  0.6723551  2.3510604  0.4187824 
530   3.4152842  0.6684772  2.3468935  0.4082161 
531   3.3464961  0.6672026  2.2747371  0.4012596 
532   3.3660178  0.6599090  2.3008370  0.3727515 
533   3.3307846  0.7231414  2.3217413  0.4147540 
534   3.3435178  0.6919581  2.3008692  0.4222935 
535   3.3986914  0.6674351  2.2992024  0.4078690 
536   3.3269751  0.6856454  2.2747452  0.4064489 
537   3.3525519  0.6697843  2.2922256  0.4447903 
538   3.3183849  0.6834151  2.2925332  0.4133659 
539   3.2965024  0.6846699  2.2834208  0.4312595 
540   3.3659644  0.6626891  2.3184257  0.4105439 
541   3.4137359  0.6666350  2.3341343  0.4173886 
542   3.2992401  0.6658750  2.2481539  0.4125693 
543   3.3192046  0.6800576  2.2750354  0.4223660 
544   3.3607008  0.6914660  2.3259666  0.4136612 
545   3.4194241  0.7016548  2.3932676  0.4181126 
546   3.4264481  0.6946907  2.3708186  0.4206811 
547   3.3726425  0.6922096  2.3302655  0.3997438 
548   3.3330333  0.6872876  2.3327174  0.4403249 
549   3.3606589  0.6857926  2.3181345  0.4252454 
550   3.4172173  0.6842453  2.3355999  0.4234826 
551   3.3986616  0.7027822  2.3663023  0.4325635 
552   3.4127209  0.6831005  2.3526952  0.4135709 
553   3.4620767  0.7267612  2.4091887  0.4511691 
554   3.4283555  0.7486039  2.4214125  0.4818433 
555   3.4730558  0.7218555  2.4260426  0.4629007 
556   3.4038000  0.7041052  2.3934698  0.4493583 
557   3.4865389  0.6895607  2.4161785  0.4193178 
558   3.4453309  0.7016196  2.3865330  0.4551052 
559   3.5324123  0.7170077  2.4661305  0.4532830 
560   3.5430140  0.7418815  2.4685364  0.4365483 
561   3.5355210  0.7397335  2.5048811  0.4548988 
562   3.5791273  0.7351232  2.5037045  0.4894613 
563   3.5492039  0.7160316  2.4958317  0.4564075 
564   3.5144126  0.7212551  2.4749141  0.4812065 
565   3.4680505  0.7321842  2.4526293  0.4957382 
566   3.4934371  0.7320125  2.5013170  0.4842665 
567   3.5576406  0.7505384  2.5237231  0.4632164 
568   3.5698671  0.7232609  2.4760454  0.4381105 
569   3.5991559  0.6921819  2.4954512  0.4661076 
570   3.5861964  0.7007792  2.5190191  0.4415735 
571   3.5413709  0.6890359  2.4435327  0.4585795 
572   3.5457261  0.6693514  2.4451153  0.4486260 
573   3.5671067  0.6789777  2.4603035  0.4660804 
574   3.5388079  0.6728753  2.4286094  0.4501646 
575   3.5483725  0.6756535  2.4314685  0.4654318 
576   3.5004792  0.6783921  2.3729746  0.4199825 
577   3.5395734  0.6764869  2.4076328  0.4656941 
578   3.5566554  0.6785913  2.4375618  0.4426915 
579   3.4601095  0.6757663  2.3721874  0.4597982 
580   3.4473197  0.6999422  2.3838241  0.4537340 
581   3.3753314  0.6975954  2.3331532  0.4647985 
582   3.3361714  0.6900076  2.3096061  0.4646329 
583   3.4683843  0.7052433  2.3728659  0.4689135 
584   3.4895544  0.7065713  2.4118719  0.4589782 
585   3.5371516  0.7163820  2.4389334  0.4738492 
586   3.5913763  0.7000421  2.4733286  0.4326961 
587   3.4941750  0.6550516  2.3728518  0.4844984 
588   3.4933581  0.6784825  2.3831515  0.4861410 
589   3.5639877  0.6508551  2.4371080  0.4406260 
590   3.6105590  0.6666049  2.4945066  0.4488131 
591   3.5123920  0.6566224  2.4141476  0.4545726 
592   3.5458670  0.6911842  2.4605560  0.4630646 
593   3.5191033  0.6776606  2.4364688  0.4338082 
594   3.4250495  0.6867981  2.3625169  0.4596495 
595   3.5046673  0.6922937  2.4041348  0.4579154 
596   3.4425483  0.6748580  2.3625174  0.4493476 
597   3.4247398  0.6888058  2.3515780  0.4507855 
598   3.5124724  0.6782153  2.4062645  0.4850290 
599   3.4728510  0.6661243  2.3969979  0.4430209 
600   3.4679837  0.6801748  2.3609695  0.4567378 
601   3.5921259  0.6539013  2.4204841  0.4336962 
602   3.6068420  0.6626381  2.4599791  0.4619747 
603   3.6022389  0.6873911  2.4584703  0.4559096 
604   3.5281320  0.6627598  2.3850489  0.4713427 
605   3.5876873  0.6876366  2.4267504  0.4865734 
606   3.5776803  0.6827025  2.4146993  0.4907043 
607   3.5518508  0.6929563  2.4268570  0.4809441 
608   3.5555615  0.6767941  2.4016500  0.4347017 
609   3.5776258  0.6768602  2.4151664  0.4550332 
610   3.5458047  0.6900502  2.3879502  0.4563537 
611   3.4769444  0.7089355  2.3784044  0.4802934 
612   3.4477491  0.6956730  2.3630247  0.4558948 
613   3.5435171  0.6831878  2.4577024  0.4551404 
614   3.5256085  0.6777358  2.4291852  0.4547888 
615   3.5726793  0.6882124  2.4580588  0.4823345 
616   3.5658736  0.6841226  2.4751875  0.4622233 
617   3.4664931  0.6865689  2.4091024  0.4668362 
618   3.4754925  0.6930789  2.4218960  0.4822040 
619   3.3997416  0.6597399  2.3375092  0.4754589 
620   3.4071386  0.6819046  2.3475733  0.5393671 
621   3.3851275  0.6602494  2.3151534  0.4685845 
622   3.3911974  0.6702563  2.3477144  0.4248123 
623   3.4613502  0.6900816  2.3689010  0.4867783 
624   3.4417374  0.6956614  2.4086702  0.4937789 
625   3.3830776  0.6964092  2.3382490  0.5018141 
626   3.4520569  0.6922305  2.3846824  0.4438480 
627   3.4132586  0.7041283  2.3781919  0.4806219 
628   3.4502842  0.6855200  2.4307060  0.4497319 
629   3.4915462  0.7011145  2.4626083  0.4517125 
630   3.5005865  0.6834753  2.4401615  0.4592954 
631   3.4954407  0.6966382  2.4506638  0.4749554 
632   3.4266896  0.6970178  2.4253199  0.4980099 
633   3.4924614  0.6921683  2.4524479  0.4760466 
634   3.4703083  0.6910879  2.4274571  0.4206265 
635   3.5065601  0.6815353  2.4256785  0.4047271 
636   3.6101103  0.6940579  2.5238554  0.4361368 
637   3.6091404  0.6826722  2.5031354  0.4273579 
638   3.5245769  0.6761792  2.4786642  0.4344713 
639   3.4791510  0.6634706  2.4511588  0.4276180 
640   3.5284131  0.6746907  2.4943211  0.4221683 
641   3.4905977  0.6608683  2.3966274  0.4311722 
642   3.4372096  0.6720715  2.3772588  0.4038202 
643   3.4918363  0.6845072  2.3854439  0.4199282 
644   3.4940367  0.6833749  2.4221075  0.3926938 
645   3.5661764  0.6969922  2.4824266  0.3816960 
646   3.4946315  0.6824004  2.4076519  0.3969421 
647   3.4992893  0.6755316  2.4401047  0.3978949 
648   3.4565952  0.6667929  2.4072938  0.4182498 
649   3.4142451  0.6514772  2.3583198  0.4654424 
650   3.4653139  0.6609661  2.4125524  0.4278124 
651   3.3729475  0.6826756  2.3176186  0.4386203 
652   3.4207649  0.6863114  2.3099265  0.3657162 
653   3.4238589  0.6705964  2.3212912  0.4204319 
654   3.4399614  0.6521453  2.3551517  0.4063311 
655   3.4393821  0.7172487  2.4017925  0.4215482 
656   3.3867295  0.6790850  2.3417602  0.4210937 
657   3.4561396  0.6804499  2.3933294  0.4292783 
658   3.3850143  0.6688532  2.3309538  0.4333755 
659   3.4412274  0.6966431  2.3923001  0.4170056 
660   3.4109290  0.6907843  2.3593154  0.4294891 
661   3.3485608  0.6530364  2.3004248  0.4151028 
662   3.4121673  0.6588672  2.3549886  0.3944227 
663   3.4301593  0.6645438  2.3123684  0.4138221 
664   3.4757957  0.6485690  2.3705177  0.3761366 
665   3.6375649  0.6519514  2.3926327  0.4316776 
666   3.5448155  0.6560271  2.3481667  0.4286233 
667   3.5121708  0.6262621  2.3146851  0.4123121 
668   3.6502934  0.6405227  2.4073215  0.4157591 
669   3.5747998  0.6338963  2.3673246  0.4128333 
670   3.5747795  0.6704636  2.4203150  0.4253547 
671   3.5263636  0.6818421  2.3924592  0.4224694 
672   3.5329440  0.6795052  2.3818326  0.4019011 
673   3.6307540  0.6840472  2.4663301  0.4462303 
674   3.6733935  0.6778665  2.4724307  0.4402424 
675   3.6956482  0.6929512  2.4845066  0.4655806 
676   3.7060370  0.6989551  2.4878998  0.4459549 
677   3.5688527  0.6889854  2.3919532  0.4361161 
678   3.5747404  0.6844053  2.4132233  0.3750649 
679   3.5141442  0.6837465  2.3493972  0.3759203 
680   3.5873618  0.6895596  2.4310234  0.4060757 
681   3.6664903  0.6981086  2.4602561  0.3997973 
682   3.6615796  0.7059429  2.4791675  0.3813084 
683   3.7449782  0.7034732  2.5068431  0.4077142 
684   3.6504896  0.7014670  2.4182942  0.4106545 
685   3.6612399  0.7003793  2.4279904  0.4428394 
686   3.6503892  0.6990689  2.4261050  0.4194886 
687   3.5920758  0.6797814  2.3972542  0.4326249 
688   3.5992527  0.7030398  2.3933361  0.4404700 
689   3.4957235  0.7073721  2.3472307  0.4238001 
690   3.6177120  0.7268924  2.4686441  0.4634243 
691   3.5021760  0.7043303  2.3489249  0.4695845 
692   3.4558947  0.6788750  2.3526030  0.4287974 
693   3.5720286  0.6908503  2.3991337  0.4416845 
694   3.4691947  0.6993462  2.3266730  0.4431102 
695   3.5336738  0.7079960  2.3476474  0.4329626 
696   3.4762640  0.6700899  2.3314061  0.4179193 
697   3.4950402  0.6841803  2.3387642  0.4110749 
698   3.5025887  0.6847318  2.3536041  0.4384512 
699   3.4577425  0.6416547  2.3213716  0.4519870 
700   3.5369706  0.6405699  2.3565888  0.4586661 
701   3.5356302  0.6835321  2.3516335  0.4933971 
702   3.5794249  0.6681498  2.4022851  0.4948865 
703   3.5800614  0.6731589  2.4047279  0.4417524 
704   3.4888802  0.6590137  2.3156881  0.4427301 
705   3.5700345  0.6848474  2.3629453  0.4560595 
706   3.6082616  0.6773917  2.3715706  0.4330760 
707   3.5443654  0.6696877  2.3726714  0.4591497 
708   3.5449755  0.6564970  2.3791299  0.4498620 
709   3.6272871  0.6740890  2.4487426  0.4628961 
710   3.5470288  0.6822852  2.3840902  0.4195473 
711   3.6638899  0.6646866  2.4522467  0.3840808 
712   3.6377697  0.6545569  2.3817487  0.3570499 
713   3.6049683  0.6504005  2.3862796  0.3983383 
714   3.6062403  0.6451807  2.3887792  0.3423051 
715   3.6465418  0.6738960  2.4240940  0.3971716 
716   3.6660252  0.6540949  2.4205754  0.3863202 
717   3.6760640  0.6492361  2.4788599  0.3731957 
718   3.6938775  0.6711718  2.4868214  0.3985671 
719   3.7135067  0.6493753  2.4986105  0.4144490 
720   3.6892056  0.6482831  2.4764709  0.3843638 
721   3.7393773  0.6571940  2.4936767  0.4283527 
722   3.6299996  0.6432991  2.3909321  0.4377671 
723   3.5045519  0.6460328  2.2949569  0.4162743 
724   3.4341526  0.6446795  2.2889292  0.4655498 
725   3.5011976  0.6588293  2.3484707  0.4055831 
726   3.4872971  0.6476392  2.3305790  0.4150420 
727   3.5396950  0.6469696  2.3944950  0.4195313 
728   3.6105182  0.6650212  2.4101214  0.4146999 
729   3.5987062  0.6808621  2.4071484  0.4547199 
730   3.6082006  0.6539033  2.3850064  0.4362483 
731   3.6264775  0.6440175  2.4385078  0.4392652 
732   3.5601492  0.6535942  2.3545332  0.4150549 
733   3.6456318  0.6343201  2.4235306  0.3850564 
734   3.5985708  0.6470172  2.4242404  0.4247153 
735   3.5944538  0.6539534  2.4331644  0.4341675 
736   3.5897481  0.6826101  2.4256592  0.4575269 
737   3.5621054  0.6472676  2.4157431  0.4357042 
738   3.5529664  0.6444611  2.3711989  0.4703985 
739   3.5668514  0.6421790  2.3468621  0.4452602 
740   3.5600030  0.6292221  2.3925192  0.4226830 
741   3.5504560  0.6412231  2.3412945  0.4671495 
742   3.6243753  0.6381742  2.4045815  0.4925659 
743   3.5727494  0.6484348  2.3823047  0.4598724 
744   3.6430135  0.6587248  2.4152341  0.4391607 
745   3.5767965  0.6546931  2.3804569  0.4695935 
746   3.5481203  0.6466444  2.3375628  0.4140453 
747   3.6158991  0.6672311  2.3466096  0.4381506 
748   3.5796859  0.6621535  2.3709059  0.4456519 
749   3.6092560  0.6645423  2.3865602  0.4502248 
750   3.6880119  0.6681840  2.4845874  0.4267304 
751   3.6055491  0.6829268  2.4504652  0.4596189 
752   3.7425156  0.7117494  2.5407512  0.4479513 
753   3.6831088  0.6752440  2.4800005  0.4585146 
754   3.6105256  0.6704496  2.4406550  0.4597705 
755   3.5639780  0.6629034  2.4091859  0.4366156 
756   3.6172712  0.6640672  2.4426174  0.4285595 
757   3.6346810  0.6591946  2.4258952  0.4500681 
758   3.6415761  0.6828300  2.4318633  0.4651009 
759   3.6447341  0.6827750  2.4397388  0.4053046 
760   3.5709972  0.6904010  2.3893681  0.4549813 
761   3.6380491  0.6949842  2.4909265  0.4766029 
762   3.6571398  0.7003903  2.4273553  0.4366434 
763   3.6408906  0.7224597  2.4747355  0.4661478 
764   3.6495159  0.6952561  2.4829807  0.4387500 
765   3.6163692  0.6899368  2.4680662  0.4422923 
766   3.6743896  0.6851022  2.4709609  0.4550852 
767   3.6786652  0.6759013  2.4852409  0.4460993 
768   3.7444794  0.6867241  2.5495026  0.4615820 
769   3.6601546  0.6969450  2.4522974  0.4686782 
770   3.6380441  0.6856945  2.3784211  0.4202541 
771   3.6464038  0.6898130  2.4145014  0.4638915 
772   3.6455338  0.6789932  2.3986731  0.4378694 
773   3.7533886  0.6731075  2.4903648  0.4445962 
774   3.7516661  0.6886353  2.4817851  0.4612617 
775   3.6366208  0.6854659  2.4144769  0.4543183 
776   3.6056314  0.6778197  2.3931465  0.4158456 
777   3.5726614  0.6821930  2.3677273  0.4528612 
778   3.5689425  0.6628302  2.3926980  0.5027646 
779   3.5765817  0.6708360  2.4038932  0.4452902 
780   3.5347760  0.6763828  2.3629413  0.4286074 
781   3.6292448  0.6852095  2.4604304  0.4559824 
782   3.6589932  0.6880034  2.5234506  0.4472187 
783   3.5865052  0.6668428  2.4558229  0.4397258 
784   3.5587976  0.6724809  2.4357231  0.4827444 
785   3.6176906  0.6797181  2.4898067  0.4534149 
786   3.5986056  0.6747309  2.4559543  0.4408528 
787   3.7705595  0.7044452  2.6117840  0.4569179 
788   3.7186201  0.6945518  2.6016214  0.4516981 
789   3.6244864  0.6841439  2.5019057  0.4604242 
790   3.6462491  0.6937420  2.5056930  0.4610031 
791   3.6678360  0.6850316  2.4976842  0.4533835 
792   3.6886735  0.6772748  2.5125270  0.4701199 
793   3.6355836  0.6726208  2.4884605  0.4518004 
794   3.5720046  0.6928394  2.4501395  0.5163904 
795   3.6188886  0.6746196  2.4410224  0.4729763 
796   3.6350961  0.6746219  2.4561703  0.5085245 
797   3.6905997  0.6766160  2.5389557  0.5084308 
798   3.5510190  0.6780294  2.4517014  0.5168426 
799   3.5040178  0.6626859  2.4104240  0.5156567 
800   3.4899392  0.6715155  2.3870003  0.5524032 
801   3.5497825  0.6760740  2.4399939  0.5204674 
802   3.5459218  0.6622847  2.4016271  0.4752550 
803   3.6086586  0.6659818  2.4599590  0.4928589 
804   3.6167970  0.6629170  2.4613750  0.5120344 
805   3.5639772  0.6715478  2.4752884  0.5057085 
806   3.5900788  0.6566479  2.4626367  0.5008780 
807   3.6180649  0.6728899  2.5139327  0.4924961 
808   3.6537297  0.6624859  2.5422475  0.4907175 
809   3.6979675  0.6509393  2.5287132  0.5107977 
810   3.6819465  0.6734464  2.5637605  0.5456567 
811   3.7598200  0.6630528  2.5854547  0.5334387 
812   3.6575434  0.6546023  2.5201726  0.5118746 
813   3.6930881  0.6605242  2.5357511  0.4985344 
814   3.6185825  0.6639658  2.5096412  0.5100653 
815   3.7006938  0.6654863  2.5583534  0.4526742 
816   3.6836860  0.6535965  2.5405841  0.4615006 
817   3.6894681  0.6600060  2.4998052  0.4639002 
818   3.6451600  0.6667371  2.4614165  0.4607608 
819   3.6461253  0.6707611  2.4586389  0.5157698 
820   3.6713500  0.6676663  2.4646986  0.4991679 
821   3.6183276  0.6610088  2.4043999  0.4693103 
822   3.6999805  0.6764331  2.4936397  0.4469041 
823   3.6686196  0.6561909  2.4601226  0.4374246 
824   3.6695831  0.6508316  2.4794748  0.4489438 
825   3.7607749  0.6691598  2.5398951  0.4254930 
826   3.7487214  0.6792976  2.5265462  0.4356518 
827   3.6813252  0.6778202  2.5111084  0.4238957 
828   3.5591583  0.6511387  2.4317799  0.4628859 
829   3.6144395  0.6574624  2.4437933  0.4581571 
830   3.6214190  0.6600495  2.4746733  0.4550746 
831   3.5636091  0.6682587  2.4498651  0.4281135 
832   3.6268642  0.6602699  2.4529028  0.4341681 
833   3.6397064  0.6547900  2.4769530  0.4357362 
834   3.6607330  0.6381128  2.4902925  0.4301604 
835   3.6432598  0.6492608  2.4549267  0.4215709 
836   3.5574949  0.6441657  2.3453648  0.3914936 
837   3.6442111  0.6411794  2.4189949  0.4346345 
838   3.6945467  0.6573532  2.4682033  0.4348421 
839   3.6826417  0.6545429  2.4360502  0.3996238 
840   3.6725221  0.6390820  2.4567349  0.4051950 
841   3.7171142  0.6415260  2.4270205  0.4117794 
842   3.7917578  0.6394436  2.4744051  0.3925947 
843   3.7091393  0.6511764  2.4379389  0.4316595 
844   3.6869795  0.6491429  2.4188037  0.4446708 
845   3.7075598  0.6637075  2.4479544  0.4268263 
846   3.7548628  0.6682398  2.4650319  0.4161367 
847   3.7297225  0.6523042  2.4434638  0.4085695 
848   3.6397521  0.6452010  2.3311989  0.3986581 
849   3.7510881  0.6702511  2.4438214  0.4384888 
850   3.8194506  0.6560862  2.5087059  0.4184913 
851   3.7692208  0.6685783  2.4663625  0.4057029 
852   3.7447946  0.6652330  2.4659612  0.4547974 
853   3.7190354  0.6695637  2.4759405  0.4731344 
854   3.7328348  0.6699030  2.4741998  0.4619365 
855   3.6960518  0.6563940  2.4627972  0.4579741 
856   3.6816158  0.6734275  2.4750979  0.4289027 
857   3.8603697  0.6855607  2.5881314  0.4303612 
858   3.7954242  0.6774466  2.5629406  0.4234420 
859   3.8238409  0.6814449  2.5643055  0.4363331 
860   3.7278273  0.6862059  2.4975197  0.4368650 
861   3.7537019  0.6990897  2.4835937  0.4176917 
862   3.7193851  0.6943653  2.4627256  0.4787073 
863   3.7887120  0.6920459  2.5340164  0.4579758 
864   3.7413018  0.7019215  2.4990637  0.4520660 
865   3.6647861  0.6833528  2.4234605  0.4444318 
866   3.6660917  0.6754874  2.4552450  0.4540227 
867   3.7756531  0.6758633  2.4934390  0.4518704 
868   3.7637100  0.6937781  2.5075374  0.4545033 
869   3.6949711  0.6919981  2.4525194  0.4396986 
870   3.6543221  0.6770795  2.3933318  0.4303809 
871   3.6254799  0.6802227  2.3600936  0.4393601 
872   3.6771591  0.6716381  2.3720458  0.4787644 
873   3.6924291  0.6870711  2.3817227  0.4839032 
874   3.6580622  0.6639180  2.3868802  0.4710484 
875   3.6649570  0.6828377  2.4535263  0.4883056 
876   3.6892166  0.6765289  2.4480224  0.4783341 
877   3.7995756  0.6955152  2.5361922  0.4775110 
878   3.7548542  0.6874046  2.4805169  0.4639680 
879   3.6753454  0.6810761  2.4402056  0.4508521 
880   3.6609571  0.6906416  2.4068813  0.4780691 
881   3.6669877  0.6873972  2.4274340  0.4467904 
882   3.7134669  0.6948512  2.4560213  0.4629444 
883   3.6623361  0.6634789  2.4450257  0.4482364 
884   3.6464660  0.6903805  2.3817747  0.4554895 
885   3.6685126  0.6806594  2.3616955  0.4623121 
886   3.7742150  0.6783220  2.4869642  0.4638100 
887   3.7242506  0.6774474  2.4458518  0.4615149 
888   3.7811899  0.6822145  2.4510264  0.4642831 
889   3.8261800  0.6844561  2.4893000  0.4253068 
890   3.7652652  0.6879609  2.4678431  0.4255122 
891   3.7700310  0.6894560  2.5044019  0.4614196 
892   3.6995466  0.6898516  2.4481332  0.4288799 
893   3.7223794  0.7012635  2.4802880  0.4351905 
894   3.6477420  0.6808383  2.4063880  0.4210492 
895   3.6665564  0.6786544  2.4253941  0.4337549 
896   3.6526368  0.6799466  2.4414153  0.4413471 
897   3.6777544  0.6625816  2.4459937  0.4387476 
898   3.6531184  0.6844673  2.4442766  0.4456447 
899   3.6355128  0.6797544  2.4424536  0.4693826 
900   3.6618094  0.6899826  2.4460618  0.4380208 
901   3.6793668  0.7037372  2.4457979  0.4752866 
902   3.6918178  0.6775031  2.4497991  0.4838199 
903   3.7088480  0.6941884  2.5127192  0.4747939 
904   3.6979315  0.6728725  2.4555895  0.4632080 
905   3.6824245  0.6784862  2.4750314  0.4854623 
906   3.6939852  0.6739172  2.4799025  0.4729203 
907   3.6610665  0.6818336  2.4130614  0.4456902 
908   3.6422131  0.6673231  2.4291227  0.4515483 
909   3.6945994  0.6806054  2.3942220  0.4476819 
910   3.6865830  0.6693017  2.3869183  0.4266042 
911   3.6725457  0.6738008  2.3618925  0.4213433 
912   3.6623192  0.6781448  2.3967218  0.4461247 
913   3.6376853  0.6843552  2.4143949  0.4729851 
914   3.6915340  0.6846397  2.4928136  0.5226245 
915   3.6547225  0.7028951  2.4171276  0.5281647 
916   3.6617861  0.7009661  2.4337752  0.4974697 
917   3.6592321  0.6844889  2.4102056  0.4751659 
918   3.6439843  0.6746907  2.3997912  0.4841627 
919   3.6746216  0.6668457  2.4620287  0.4370569 
920   3.7200141  0.6524901  2.4387009  0.4424745 
921   3.7318749  0.6671976  2.4506035  0.4579587 
922   3.7319372  0.6626146  2.4870017  0.5015571 
923   3.6939230  0.6844047  2.4672887  0.4734417 
924   3.7377715  0.6668853  2.4496298  0.4799083 
925   3.7512281  0.6974245  2.4734859  0.5097635 
926   3.8038318  0.6703234  2.4987679  0.4616812 
927   3.7320831  0.6821370  2.4370191  0.4884407 
928   3.7175810  0.6730755  2.4497344  0.4733793 
929   3.7696540  0.6775147  2.4808481  0.4828810 
930   3.8526282  0.6786543  2.5202398  0.4768421 
931   3.8472471  0.6618215  2.5305934  0.4718354 
932   3.7971802  0.6657637  2.5019073  0.4882195 
933   3.8225505  0.6828132  2.5214303  0.5089800 
934   3.8693144  0.6846732  2.5525289  0.4791578 
935   3.9138658  0.6912361  2.6065416  0.4949976 
936   3.7977405  0.6756585  2.5212870  0.4616564 
937   3.8061090  0.6785109  2.5144622  0.4919292 
938   3.7394569  0.6729527  2.5013354  0.4234512 
939   3.7828629  0.6627328  2.5093315  0.4496571 
940   3.7112968  0.6677128  2.4784594  0.4673979 
941   3.6405151  0.6703215  2.4307990  0.4303727 
942   3.6560202  0.6556556  2.4287519  0.4551467 
943   3.6451578  0.6677611  2.3974581  0.4797872 
944   3.6778078  0.6740427  2.4040189  0.4731008 
945   3.7395611  0.6709134  2.4321551  0.4340156 
946   3.7459958  0.6954085  2.4379129  0.4813532 
947   3.7711847  0.6642231  2.4792044  0.4998654 
