#time, global, repeatA-F, pore, tm38
0     0.1565243  0.1523033  0.1559155  0.1107745 
1     0.4750273  0.2145296  0.3249502  0.1081137 
2     0.6949488  0.2181990  0.4206049  0.1284029 
3     0.8160178  0.2247321  0.4928658  0.1048411 
4     0.9929305  0.2414817  0.6341892  0.1263929 
5     1.0043862  0.2492474  0.6282187  0.1194521 
6     1.1267387  0.2587912  0.6603158  0.1276013 
7     1.1799959  0.2509218  0.7378137  0.1189681 
8     1.1432176  0.2522505  0.6891747  0.1149493 
9     1.1953526  0.2459797  0.7101381  0.1280773 
10    1.3570842  0.2815206  0.8360577  0.1245996 
11    1.3608866  0.2646439  0.8698152  0.1204696 
12    1.3953511  0.2750281  0.8566211  0.1370605 
13    1.4211044  0.2967825  0.8767550  0.1301694 
14    1.4309572  0.2966502  0.8485016  0.1269552 
15    1.4849794  0.2998675  0.8939269  0.1454716 
16    1.5408337  0.3101782  0.8988643  0.1381683 
17    1.5152018  0.2911296  0.8626078  0.1275720 
18    1.5363710  0.3020411  0.9236408  0.1148069 
19    1.5847842  0.2971660  0.9116502  0.1306596 
20    1.6619118  0.3164554  1.0045311  0.1542234 
21    1.6294833  0.3162890  0.9461389  0.1588948 
22    1.6742040  0.3273095  1.0081388  0.1689923 
23    1.7497635  0.3299948  1.0071317  0.1737455 
24    1.6623058  0.3109287  0.9821493  0.1546738 
25    1.6886115  0.3398505  1.0226395  0.1687213 
26    1.6651524  0.3408930  0.9873436  0.1493266 
27    1.7558134  0.3474270  1.0423280  0.1513992 
28    1.6889195  0.3329479  0.9970850  0.1272792 
29    1.6180933  0.3193179  0.9417299  0.1357791 
30    1.6734681  0.3376558  1.0319533  0.1242484 
31    1.6659019  0.3452083  1.0119686  0.1355677 
32    1.7720534  0.3591906  1.0841998  0.1365136 
33    1.7866582  0.3501560  1.0996332  0.1685155 
34    1.7660724  0.3638475  1.1360918  0.1741479 
35    1.7462130  0.3365224  1.0900129  0.1471492 
36    1.7619507  0.3502964  1.0901753  0.1678101 
37    1.8292239  0.3631473  1.1569145  0.1702971 
38    1.7860929  0.3555037  1.0940971  0.1772427 
39    1.9442887  0.3830386  1.2530310  0.1822505 
40    1.9455940  0.3637487  1.2591122  0.1631701 
41    1.8910819  0.3660702  1.1903601  0.1845047 
42    1.9391952  0.3875016  1.2905037  0.1818453 
43    1.9653656  0.3794407  1.2925572  0.1960180 
44    1.9634719  0.3864342  1.2889758  0.1934727 
45    1.9716454  0.3863622  1.2705660  0.2121401 
46    2.0616474  0.3940219  1.3561879  0.2120196 
47    2.0443525  0.3822188  1.2838720  0.1915136 
48    2.0665631  0.3783377  1.3251302  0.2064464 
49    2.0709298  0.3981735  1.3578897  0.2163064 
50    2.1783659  0.3937891  1.4216701  0.2208697 
51    2.0514696  0.3851245  1.3474462  0.2546021 
52    2.0910277  0.3719200  1.3643318  0.2443503 
53    2.0445039  0.3789653  1.3333081  0.2327684 
54    2.0647566  0.3666182  1.3756227  0.2027089 
55    2.0698109  0.3924112  1.3729057  0.2165170 
56    2.0524974  0.3870259  1.3787280  0.2218598 
57    2.0562787  0.4046509  1.3393296  0.2045472 
58    2.0697410  0.3734103  1.3632128  0.1844639 
59    2.0608394  0.3933111  1.3721634  0.1675419 
60    2.0861793  0.3947066  1.3737830  0.1882610 
61    2.1359291  0.4092427  1.4626487  0.1850956 
62    2.0631795  0.4018060  1.3957827  0.1831309 
63    2.0209360  0.3913310  1.3268328  0.1604001 
64    2.0744345  0.3957640  1.3635619  0.1705096 
65    2.0311334  0.4257625  1.3573678  0.1877457 
66    2.1510890  0.4040191  1.4297714  0.1789611 
67    2.0696430  0.4053777  1.3845714  0.1598317 
68    2.0749562  0.4002101  1.3791786  0.1739089 
69    2.1039546  0.4017587  1.4013469  0.1723008 
70    2.0163929  0.4047172  1.3500690  0.1598988 
71    2.1643066  0.3989715  1.4596347  0.1593595 
72    2.0896280  0.3964807  1.4207330  0.1763911 
73    2.1650224  0.4093201  1.4524897  0.1565876 
74    2.0381753  0.4197880  1.3892506  0.1762550 
75    2.1090291  0.4205887  1.4196962  0.1796512 
76    2.1883841  0.4191493  1.4527392  0.1805248 
77    2.1853456  0.4066403  1.4425685  0.1908194 
78    2.1854768  0.3943904  1.4535147  0.1572262 
79    2.2219679  0.3885131  1.4618146  0.1670609 
80    2.2450078  0.4153056  1.4956298  0.2006540 
81    2.2318513  0.4113823  1.5267427  0.1897673 
82    2.2067485  0.4162528  1.5234681  0.1790773 
83    2.3192520  0.4119219  1.6161814  0.1834043 
84    2.2669053  0.4163595  1.5558919  0.1712454 
85    2.2548473  0.4075754  1.5324715  0.1628371 
86    2.2746263  0.4146754  1.5835742  0.1653765 
87    2.2756493  0.4205714  1.6240618  0.2116617 
88    2.3070850  0.4196893  1.5649327  0.1866733 
89    2.3028812  0.4351242  1.5833300  0.1779302 
90    2.3132167  0.4227215  1.5966195  0.1723365 
91    2.3370314  0.4167278  1.5847254  0.1563451 
92    2.3812850  0.4223124  1.5960732  0.1762897 
93    2.2913144  0.4137069  1.5214754  0.1775779 
94    2.2703421  0.4178813  1.4812070  0.1676229 
95    2.2205055  0.4456709  1.4900713  0.1759930 
96    2.2765768  0.4266320  1.5128033  0.1523223 
97    2.3076103  0.4308106  1.5273052  0.1661738 
98    2.3641629  0.4534531  1.5672684  0.1706726 
99    2.3612535  0.4632273  1.6152716  0.1773726 
100   2.3700392  0.4495897  1.6080161  0.1806911 
101   2.3191390  0.4702780  1.5704813  0.1740112 
102   2.4758537  0.4583480  1.6747884  0.1885886 
103   2.3780363  0.4538124  1.6133630  0.1580005 
104   2.3849807  0.4322609  1.6274103  0.1923440 
105   2.5158777  0.4539312  1.7373055  0.1644807 
106   2.4066975  0.4432100  1.6303709  0.1663229 
107   2.4653928  0.4527611  1.7008888  0.2025429 
108   2.4407766  0.4603821  1.7259271  0.1831123 
109   2.4424953  0.4626570  1.7680384  0.1813525 
110   2.4368439  0.4227124  1.6608636  0.1901084 
111   2.3924835  0.4534935  1.6607541  0.1826458 
112   2.4009256  0.4517125  1.6840851  0.1965759 
113   2.4376299  0.4597475  1.7232106  0.1958020 
114   2.4513943  0.4629149  1.7067739  0.2090988 
115   2.4683542  0.4662414  1.7131574  0.1959852 
116   2.4467311  0.4529438  1.7049245  0.1952579 
117   2.4591334  0.4532790  1.6952412  0.2025948 
118   2.4799454  0.4516255  1.7110417  0.1893510 
119   2.4638727  0.4593884  1.7164378  0.1848834 
120   2.3992460  0.4581305  1.6514714  0.1796465 
121   2.4027627  0.4547428  1.6828096  0.1900229 
122   2.3814013  0.4488396  1.5972074  0.2090108 
123   2.4820673  0.4428854  1.6681664  0.1800294 
124   2.4442706  0.4702667  1.6407216  0.1972265 
125   2.4981158  0.4562876  1.6603153  0.1891478 
126   2.5017323  0.4664003  1.6721382  0.1870839 
127   2.4277279  0.4548280  1.6396767  0.1880498 
128   2.5096903  0.4520359  1.7301642  0.1732820 
129   2.5419390  0.4635409  1.7157768  0.1842298 
130   2.4484529  0.4526041  1.6616225  0.1922715 
131   2.5202816  0.4410917  1.7061599  0.2199758 
132   2.5050592  0.4542237  1.6945301  0.2198728 
133   2.4719057  0.4629534  1.6515062  0.1947297 
134   2.5150476  0.4794846  1.6761600  0.2139761 
135   2.4317372  0.4597234  1.6531487  0.1952820 
136   2.4358799  0.4561569  1.6895117  0.2167471 
137   2.3825014  0.4356123  1.6342471  0.2065742 
138   2.3257136  0.4505989  1.5698676  0.1901855 
139   2.4289379  0.4647678  1.6509792  0.2242556 
140   2.4224117  0.4719884  1.6853790  0.1868453 
141   2.3951347  0.4568287  1.6129746  0.1792350 
142   2.4314096  0.4393972  1.6575531  0.1898423 
143   2.4240324  0.4546225  1.6418313  0.1764311 
144   2.5344973  0.4607627  1.7374839  0.1838228 
145   2.4255044  0.4457512  1.6482472  0.1950324 
146   2.4699671  0.4650746  1.6807650  0.2035203 
147   2.4140995  0.4558672  1.6589710  0.1861724 
148   2.4489317  0.4828197  1.6649712  0.2067357 
149   2.4736204  0.4886253  1.6810367  0.2122871 
150   2.4977548  0.4845309  1.7078420  0.1959866 
151   2.5873201  0.4810337  1.7057354  0.1935716 
152   2.5400095  0.4763611  1.6920881  0.1847503 
153   2.4708970  0.5003948  1.6504765  0.1891677 
154   2.5523512  0.5138343  1.7105238  0.1874786 
155   2.4478705  0.4845584  1.6174395  0.1784113 
156   2.6015954  0.5127782  1.7594804  0.1866987 
157   2.5658584  0.5145021  1.6844678  0.1675258 
158   2.5696418  0.5417961  1.6645510  0.1907194 
159   2.5666676  0.5337996  1.6689856  0.1947224 
160   2.5751410  0.5070850  1.6693283  0.1815149 
161   2.6159258  0.5060269  1.7221978  0.2001064 
162   2.6170566  0.5437017  1.7464092  0.2191716 
163   2.6312153  0.5185603  1.7496722  0.2280374 
164   2.5033662  0.5046433  1.6504741  0.2038583 
165   2.5441420  0.4893068  1.6627035  0.2008688 
166   2.5613823  0.5123076  1.7254122  0.1949612 
167   2.5628603  0.5241657  1.6831001  0.1949420 
168   2.5756345  0.4999101  1.6839099  0.1591754 
169   2.5900679  0.5197178  1.6970687  0.1632148 
170   2.5138052  0.4998223  1.6794746  0.1620244 
171   2.5048249  0.4928715  1.6361753  0.1698177 
172   2.4704874  0.5188813  1.6752188  0.1517416 
173   2.5146320  0.5079722  1.6428138  0.1659202 
174   2.5058768  0.5135247  1.6697975  0.1942602 
175   2.5645928  0.5165291  1.7111045  0.1822330 
176   2.5990171  0.5045076  1.7457788  0.1716613 
177   2.5397115  0.5176979  1.6926498  0.1501425 
178   2.4862363  0.5257948  1.6828912  0.1808119 
179   2.4431291  0.5299483  1.6245271  0.1555748 
180   2.5037911  0.5073780  1.6696905  0.1505987 
181   2.5293322  0.5339876  1.7346010  0.1624335 
182   2.5257335  0.5215496  1.7311268  0.1596144 
183   2.4764819  0.5146576  1.6735137  0.1666140 
184   2.4850030  0.5410085  1.7166857  0.1764099 
185   2.4522939  0.5382447  1.6845297  0.1796324 
186   2.4491391  0.5222237  1.6895269  0.1638249 
187   2.4490838  0.5465190  1.6670283  0.1672964 
188   2.5171738  0.5268626  1.7200841  0.1774609 
189   2.4898155  0.5261987  1.7186955  0.1645712 
190   2.5263417  0.5262700  1.7233747  0.1829129 
191   2.6185908  0.5267606  1.7974240  0.1784506 
192   2.5414820  0.5288337  1.7629726  0.1684621 
193   2.5714417  0.5091411  1.7414966  0.1803582 
194   2.5181558  0.5367453  1.6953588  0.1978089 
195   2.5292957  0.5290870  1.6986587  0.1558588 
196   2.5274198  0.5510890  1.7454039  0.1790133 
197   2.4734783  0.5434980  1.6526165  0.1638160 
198   2.5426323  0.5169197  1.6963141  0.1695117 
199   2.5685089  0.5321167  1.7148967  0.1762314 
200   2.5279667  0.5134165  1.7157979  0.1719283 
201   2.5595598  0.5135106  1.7397949  0.1716656 
202   2.6528831  0.5207373  1.8004049  0.1918010 
203   2.6812603  0.5283183  1.8392551  0.1757620 
204   2.7007756  0.5078186  1.8253535  0.1926408 
205   2.6786447  0.5138196  1.8372438  0.2013235 
206   2.7137136  0.5292928  1.8471830  0.2035858 
207   2.7158206  0.5177526  1.8375490  0.2068973 
208   2.7645855  0.5183988  1.8297155  0.1874588 
209   2.7182543  0.4972989  1.8241054  0.1747946 
210   2.8149843  0.5085811  1.9187685  0.1959284 
211   2.8635340  0.5130035  1.9737910  0.1802337 
212   2.8416407  0.5131288  1.9560812  0.1895992 
213   2.9098835  0.5441823  1.9756850  0.1837704 
214   2.7908182  0.5250381  1.8614343  0.1825473 
215   2.8036137  0.5374047  1.8822726  0.1938716 
216   2.8242311  0.5196876  1.9292272  0.1703301 
217   2.8992665  0.5323381  1.9812509  0.1713533 
218   2.8594964  0.5238363  1.9726132  0.1808648 
219   2.9219372  0.4961794  1.9892352  0.1705168 
220   2.8268893  0.5243948  1.9399726  0.1760168 
221   2.9522867  0.5450755  2.0285914  0.2258213 
222   2.8884110  0.5403352  2.0039651  0.1922692 
223   3.0026312  0.5441328  2.1065006  0.1859185 
224   2.9373629  0.5737016  2.0542941  0.1935015 
225   2.9024978  0.5170009  2.0281460  0.1928551 
226   2.8607836  0.5362902  1.9717995  0.1683876 
227   2.8279459  0.5615668  1.9806073  0.1689121 
228   2.8934386  0.5418853  1.9882430  0.1955770 
229   2.8700385  0.5382764  1.9862695  0.1806529 
230   2.8364298  0.5178438  1.9348747  0.2049054 
231   2.8948002  0.5019990  2.0106988  0.1761269 
232   2.8583171  0.5249046  1.9636123  0.1761013 
233   2.9387350  0.5260521  1.9800298  0.1925199 
234   2.8666532  0.5261263  1.9904580  0.1669840 
235   2.8793876  0.5010571  2.0340500  0.1882214 
236   2.8511379  0.5237745  2.0118716  0.1686562 
237   2.8306911  0.5159811  1.9380703  0.1781423 
238   2.8109128  0.5100477  1.9144733  0.1773579 
239   2.7788858  0.5126315  1.9223775  0.1669625 
240   2.8866272  0.5263525  1.9654454  0.1858756 
241   2.9245770  0.4970239  1.9758495  0.1718320 
242   2.8607872  0.4913887  1.9462043  0.1546281 
243   2.9380474  0.5020581  2.0164285  0.1630794 
244   2.8922369  0.4975737  1.9944574  0.1667703 
245   2.9317613  0.5434735  2.0401683  0.2081662 
246   2.9157686  0.5065808  2.0215743  0.2038953 
247   2.8567650  0.5153674  1.9601754  0.2061086 
248   2.8205402  0.5457464  1.9242105  0.2576016 
249   2.8675265  0.5424293  1.9643850  0.2377779 
250   2.8634019  0.5420251  1.9489253  0.2166230 
251   2.7751441  0.5341246  1.8726368  0.2033452 
252   2.8576770  0.5762798  1.9289488  0.2024639 
253   2.8030798  0.5693973  1.9232589  0.2479633 
254   2.8276064  0.5379374  1.9168231  0.1806429 
255   2.8520105  0.5267246  1.9255819  0.2526507 
256   2.9219527  0.5327891  1.9745982  0.2650923 
257   2.8049421  0.5341042  1.9475197  0.2753891 
258   2.7805421  0.5557565  1.9189395  0.2547468 
259   2.8049147  0.5473297  1.9307061  0.2399401 
260   2.8892171  0.5533843  1.9801664  0.2382906 
261   2.9148035  0.5234727  1.9646726  0.2719662 
262   2.9410942  0.5421234  1.9569981  0.2377340 
263   2.9891748  0.5483361  2.0044951  0.2757266 
264   2.9114709  0.5132080  1.9552720  0.2648148 
265   3.0293157  0.5346168  2.0166640  0.2458361 
266   3.0057483  0.5376247  2.0261686  0.2457148 
267   2.9999864  0.5432396  2.0280647  0.2842313 
268   2.9554567  0.5299675  1.9876190  0.2768359 
269   2.9184163  0.6090654  1.9964236  0.3053507 
270   2.9196401  0.5706560  1.9947414  0.2941799 
271   2.9931359  0.5608063  2.0374861  0.2939239 
272   2.9780903  0.5524009  2.0273459  0.2869025 
273   3.0006456  0.5621576  2.0811391  0.2935243 
274   3.1089821  0.5515425  2.2020144  0.2860386 
275   3.0672987  0.5634485  2.1373396  0.2921436 
276   3.0754097  0.5510568  2.1826603  0.2932104 
277   3.0183811  0.5652617  2.1091886  0.2757494 
278   3.1006222  0.5646076  2.1692605  0.2983248 
279   3.0385878  0.5762838  2.1642447  0.2633640 
280   3.0697825  0.5902178  2.1893411  0.3372204 
281   3.1143882  0.5861886  2.2036321  0.3342904 
282   3.1160507  0.5708165  2.1964116  0.2917477 
283   3.0941644  0.5978295  2.1781025  0.3162940 
284   3.0502222  0.6126614  2.1619248  0.3272215 
285   3.0464118  0.5729570  2.1311746  0.3261822 
286   3.0739746  0.5867758  2.1509666  0.3357251 
287   3.0494132  0.5894165  2.1557267  0.3229470 
288   3.0629075  0.5863773  2.1448438  0.3146525 
289   3.0058584  0.5781368  2.0867536  0.3110211 
290   3.0690451  0.5755606  2.1311743  0.2958324 
291   3.0703411  0.5956634  2.1298304  0.3284825 
292   3.0575976  0.5840225  2.1250365  0.3254959 
293   3.0244627  0.5877087  2.1018953  0.3778710 
294   3.0635741  0.5941243  2.1318307  0.3306141 
295   2.9976118  0.6033117  2.0909107  0.3106366 
296   3.0299203  0.5966381  2.0742080  0.2890454 
297   3.1386664  0.5769713  2.1524386  0.3146471 
298   3.0534122  0.5836017  2.1047635  0.3106344 
299   3.1198521  0.5852466  2.1553044  0.2962087 
300   3.1890564  0.6137070  2.1771941  0.2987806 
301   3.1752741  0.6289200  2.1958156  0.2904282 
302   3.1554987  0.6240807  2.2069664  0.3287994 
303   3.1431770  0.6508286  2.1906614  0.2853772 
304   3.1635847  0.6017794  2.2438848  0.2766249 
305   3.2294366  0.6314051  2.2216516  0.2800809 
306   3.3182700  0.6592280  2.3073266  0.2963393 
307   3.3183312  0.6332846  2.2942643  0.2929421 
308   3.3020558  0.6110023  2.3078067  0.3041059 
309   3.2305222  0.6170188  2.2532349  0.2831832 
310   3.2020102  0.6527865  2.2417738  0.2934310 
311   3.2338953  0.6399637  2.2377598  0.3317951 
312   3.1540713  0.6319508  2.1702890  0.3002464 
313   3.2323918  0.6244528  2.2484105  0.3009048 
314   3.1823993  0.6168879  2.2107065  0.3169258 
315   3.2439740  0.6629401  2.2510068  0.3386853 
316   3.2551174  0.6455694  2.2619870  0.3050331 
317   3.3583007  0.6550249  2.3456872  0.3153379 
318   3.2675662  0.6730835  2.2438006  0.2959270 
319   3.3226292  0.6370332  2.3054605  0.3284663 
320   3.3845453  0.6200042  2.3102398  0.3380667 
321   3.3204927  0.6144699  2.2925696  0.3203305 
322   3.2430196  0.6250126  2.2707992  0.3284125 
323   3.2210650  0.6037439  2.2286267  0.3357796 
324   3.2466671  0.6048474  2.2559144  0.3400488 
325   3.2905488  0.6078754  2.2736306  0.3010761 
326   3.3120117  0.5980618  2.2924623  0.3345598 
327   3.3634601  0.6383707  2.3371038  0.3224201 
328   3.3870373  0.6135590  2.3487976  0.2881236 
329   3.3364608  0.6161272  2.2946076  0.3318850 
330   3.2962081  0.5922428  2.2939973  0.3018239 
331   3.4138103  0.5967748  2.3468838  0.2956819 
332   3.4752901  0.6175267  2.4069083  0.3082828 
333   3.5062804  0.6233791  2.3889036  0.3282266 
334   3.6161888  0.6099187  2.4354813  0.3063298 
335   3.5264490  0.6134654  2.4246018  0.3287830 
336   3.5244687  0.6174286  2.4300408  0.3069291 
337   3.5709689  0.6199105  2.4418557  0.3041479 
338   3.5470998  0.6136796  2.4277813  0.3426869 
339   3.5629673  0.6102423  2.4173958  0.3178995 
340   3.4921844  0.6187005  2.3320277  0.3491879 
341   3.4923136  0.5838790  2.3404374  0.3229034 
342   3.5121577  0.5811605  2.3491373  0.3189384 
343   3.5071006  0.6040967  2.3781097  0.3082445 
344   3.4869633  0.6184786  2.4152040  0.3235793 
345   3.4276750  0.6075987  2.3874676  0.3144011 
346   3.3488812  0.6214299  2.3190691  0.2969203 
347   3.4854379  0.6173247  2.4064271  0.3141654 
348   3.4792521  0.6205987  2.3975847  0.3043295 
349   3.4380195  0.6190186  2.3329666  0.3028986 
350   3.4572601  0.6348758  2.3492646  0.2976668 
351   3.5696089  0.5943917  2.4358025  0.3240619 
352   3.4852371  0.6147089  2.3860414  0.3157017 
353   3.5679474  0.6041545  2.4453814  0.2847611 
354   3.5357010  0.6188306  2.4080837  0.2884521 
355   3.5552988  0.6004273  2.4444242  0.2788070 
356   3.5003917  0.5853342  2.3956673  0.3222327 
357   3.4685824  0.5969731  2.3450544  0.3214096 
358   3.4309080  0.5894375  2.3201215  0.3425597 
359   3.5135524  0.5859720  2.3794007  0.3545546 
360   3.4546866  0.5892794  2.3647001  0.3357109 
361   3.5075366  0.5766444  2.4214661  0.3051383 
362   3.4514737  0.5692475  2.3626833  0.2999714 
363   3.3697112  0.5890716  2.3518207  0.3230815 
364   3.4077187  0.5941309  2.3862543  0.3160817 
365   3.3992269  0.5921350  2.3541713  0.3231544 
366   3.3573608  0.5907901  2.3468459  0.3277516 
367   3.3362944  0.5836700  2.3362815  0.3097091 
368   3.2572205  0.5791804  2.2819657  0.2748466 
369   3.2963912  0.5767682  2.2702086  0.2710266 
370   3.3382611  0.5556695  2.3283625  0.2862216 
371   3.3298547  0.5584979  2.3162141  0.2483190 
372   3.3148158  0.5574854  2.3123438  0.2718965 
373   3.3556948  0.5544602  2.3206725  0.2505893 
374   3.4055848  0.5695419  2.4167821  0.2464471 
375   3.3699853  0.5846006  2.3789299  0.2352710 
376   3.4282851  0.5605828  2.4227533  0.2446525 
377   3.4119210  0.5452583  2.3838222  0.2608567 
378   3.4800868  0.5837023  2.4533629  0.2430072 
379   3.5727596  0.5852191  2.4739931  0.2769244 
380   3.5367250  0.5732213  2.4433722  0.2496687 
381   3.4115114  0.5706094  2.3355155  0.2614343 
382   3.3399374  0.5759847  2.3205543  0.2753424 
383   3.4009485  0.6082447  2.3793592  0.2797557 
384   3.4096134  0.5913217  2.3799307  0.2932303 
385   3.5367057  0.6250151  2.4783847  0.2776541 
386   3.5641928  0.6232139  2.4842393  0.3120059 
387   3.5439711  0.6395428  2.5205917  0.3152278 
388   3.5465355  0.6186984  2.5122504  0.3026142 
389   3.5632930  0.6640942  2.5084150  0.3251334 
390   3.5706658  0.6643620  2.5472462  0.3632428 
391   3.5434225  0.6625095  2.5317221  0.3088041 
392   3.5391920  0.6525922  2.5345573  0.2814687 
393   3.4530060  0.6606799  2.5099695  0.3361658 
394   3.4690073  0.6473956  2.4635904  0.3063591 
395   3.4543443  0.6215038  2.3938119  0.2505988 
396   3.4986074  0.6289216  2.4431984  0.2754954 
397   3.5510597  0.6456088  2.4467440  0.3145889 
398   3.6225622  0.6614538  2.5420802  0.3142791 
399   3.5936115  0.6551777  2.5050831  0.3144650 
400   3.6620691  0.6946408  2.5971417  0.3250254 
401   3.7341728  0.6949420  2.6604879  0.3351415 
402   3.5604489  0.6530511  2.4632390  0.3366277 
403   3.6123118  0.6992751  2.5214953  0.3469889 
404   3.6242783  0.6789131  2.5315087  0.3499680 
405   3.6344287  0.6915452  2.5630555  0.3268368 
406   3.6125443  0.6738985  2.5726745  0.3229971 
407   3.6652107  0.7111053  2.5676656  0.3157566 
408   3.6003616  0.7021180  2.5149803  0.3166640 
409   3.6704922  0.7114719  2.6041982  0.3179571 
410   3.6382880  0.7025335  2.5467901  0.2389710 
411   3.5864391  0.6778762  2.4932668  0.2439803 
412   3.5834725  0.7016985  2.5604813  0.2898785 
413   3.5196309  0.6904522  2.5169592  0.2544984 
414   3.5634916  0.7046031  2.5373135  0.2600644 
415   3.5332704  0.7285902  2.4872184  0.2653563 
416   3.5222511  0.6986938  2.5200572  0.2358745 
417   3.6072109  0.6729115  2.5910425  0.2329084 
418   3.5372906  0.6516155  2.5080926  0.2342500 
419   3.5203409  0.6609365  2.4781806  0.2304664 
420   3.5318072  0.6307667  2.4902656  0.2379124 
421   3.4584301  0.6459458  2.4654291  0.2336834 
422   3.5093305  0.6759654  2.4949071  0.2443096 
423   3.4913006  0.6651109  2.4862707  0.2433072 
424   3.4553263  0.6598113  2.4316480  0.2373040 
425   3.4929237  0.6720051  2.5267794  0.2444379 
426   3.3693671  0.6678956  2.4218032  0.2493304 
427   3.3857713  0.6620765  2.4363246  0.2340372 
428   3.4674637  0.6583116  2.4271810  0.2490011 
429   3.3116374  0.6768891  2.3555396  0.2263040 
430   3.3428431  0.6602706  2.3848262  0.2353577 
431   3.3732343  0.6632021  2.3744195  0.2507273 
432   3.3407090  0.6668016  2.3877127  0.2387109 
433   3.3955152  0.6520563  2.4121413  0.2498408 
434   3.3249159  0.6607711  2.2755046  0.2343521 
435   3.4092178  0.6831647  2.3577933  0.2731575 
436   3.3941491  0.6537830  2.3313930  0.2670962 
437   3.3272536  0.6329390  2.2872760  0.2444175 
438   3.4312184  0.6662148  2.3868206  0.2572103 
439   3.3480828  0.6529273  2.2861304  0.2532637 
440   3.3569698  0.6818542  2.2856357  0.2435625 
441   3.4154675  0.6935185  2.3803439  0.2479360 
442   3.4010715  0.6824058  2.3561156  0.2594168 
443   3.4315724  0.6713796  2.3492389  0.2730499 
444   3.4831340  0.6592993  2.3618491  0.2514916 
445   3.3156929  0.6934382  2.3213139  0.2475674 
446   3.2719028  0.6801279  2.2397740  0.2291016 
447   3.3534374  0.6747833  2.3276041  0.2463744 
448   3.4149506  0.7015269  2.3636868  0.2651991 
449   3.4210415  0.7029660  2.3596499  0.2567955 
450   3.4392338  0.6935844  2.3780255  0.2604259 
451   3.4740431  0.6900038  2.4088027  0.2807320 
452   3.4930143  0.7064112  2.4374001  0.2893834 
453   3.4558761  0.6762087  2.3775451  0.2661220 
454   3.4562161  0.6682959  2.3663070  0.3093984 
455   3.3925030  0.6919507  2.3553607  0.2760586 
456   3.3820572  0.6881431  2.3519378  0.2413498 
457   3.4121497  0.6974795  2.3884251  0.2686762 
458   3.3587403  0.7305017  2.3593910  0.2845966 
459   3.3539240  0.7505019  2.3748038  0.2766625 
460   3.3564470  0.6950333  2.3504045  0.2710086 
461   3.3975413  0.7115831  2.3836989  0.2986268 
462   3.4427631  0.7013003  2.4302809  0.2896843 
463   3.4273508  0.7021137  2.4630518  0.2931758 
464   3.4689407  0.6941417  2.4481080  0.2981166 
465   3.4488757  0.6917716  2.4338336  0.3226725 
466   3.5253329  0.6839854  2.4314752  0.2689177 
467   3.5147998  0.6669104  2.3976212  0.2717516 
468   3.5107694  0.6925526  2.4342854  0.3116500 
469   3.4953938  0.6742726  2.4211974  0.2812433 
470   3.5126662  0.6800238  2.4668579  0.2949741 
471   3.5480356  0.7102162  2.4757800  0.3046891 
472   3.4570177  0.7003374  2.4260662  0.3010456 
473   3.4795346  0.6938248  2.4055648  0.3147900 
474   3.3920350  0.6895948  2.3658071  0.2884664 
475   3.5244613  0.7106085  2.4320927  0.2866402 
476   3.4851720  0.7003700  2.4107771  0.2714109 
477   3.5032213  0.7171370  2.4101470  0.2921599 
478   3.4777210  0.7008893  2.4060802  0.2686787 
479   3.4810998  0.6902474  2.3981621  0.2591839 
480   3.5878448  0.7237797  2.4955988  0.3036369 
481   3.5252547  0.7132105  2.4880698  0.2751629 
482   3.5263183  0.7330543  2.4805672  0.2897840 
483   3.4488864  0.7154343  2.4232075  0.2699529 
484   3.5007706  0.6899305  2.4838660  0.2568393 
485   3.4848685  0.7232261  2.4775481  0.2689443 
486   3.4819474  0.7065315  2.4522879  0.2594332 
487   3.4787922  0.7017549  2.4736619  0.2707142 
488   3.4555023  0.7198847  2.4321830  0.2504967 
489   3.4562130  0.7275270  2.4629591  0.2778666 
490   3.4980047  0.7240745  2.5302720  0.2704565 
491   3.4878674  0.7194305  2.4736817  0.2645440 
492   3.4668679  0.7277416  2.4793177  0.2537810 
493   3.5057511  0.7141252  2.5098341  0.2431227 
494   3.4956539  0.7365930  2.5222981  0.2537687 
495   3.4857957  0.7233561  2.4612911  0.2570634 
496   3.4872036  0.7184899  2.4919655  0.2534806 
497   3.5068955  0.7162911  2.4906633  0.2602457 
498   3.4912465  0.6884992  2.4790108  0.2527480 
499   3.4920292  0.7176871  2.5086408  0.2658204 
500   3.4802136  0.7258229  2.4464169  0.2746113 
501   3.5703232  0.7285817  2.4879801  0.2671877 
502   3.5756061  0.7391682  2.4968481  0.2725746 
503   3.5550883  0.7235388  2.4565299  0.2799422 
504   3.5483162  0.7248929  2.5133095  0.2658191 
505   3.6135283  0.7290298  2.5296252  0.2579310 
506   3.6067116  0.7086164  2.4923861  0.2479687 
507   3.6543651  0.7203628  2.4986634  0.2502826 
508   3.6347985  0.6915903  2.4982157  0.2568811 
509   3.7522125  0.6839945  2.6103840  0.2379997 
510   3.7507188  0.6952986  2.5780380  0.2686781 
511   3.6792910  0.7165521  2.5142174  0.2585845 
512   3.5892682  0.6779519  2.4147537  0.2262003 
513   3.6251795  0.7118855  2.4564691  0.2543510 
514   3.6277328  0.6977592  2.4205599  0.2532536 
515   3.6046550  0.6942184  2.4578266  0.2330600 
516   3.6938229  0.6856221  2.4972823  0.2390862 
517   3.6829066  0.6948923  2.4747441  0.2414068 
518   3.5899954  0.7074499  2.4227099  0.2269285 
519   3.6373284  0.6914821  2.4473038  0.2486813 
520   3.5768864  0.7061255  2.4091022  0.2419457 
521   3.6585052  0.6826855  2.4786222  0.2285241 
522   3.6230657  0.7052958  2.4787290  0.2360772 
523   3.6384375  0.7191194  2.5400410  0.2446616 
524   3.6019733  0.7015986  2.5241892  0.2342306 
525   3.7084687  0.7064739  2.5780356  0.2263240 
526   3.6614289  0.7087084  2.5396352  0.2276371 
527   3.6345637  0.7634248  2.5431769  0.2193476 
528   3.6226542  0.7039691  2.5366828  0.2278669 
529   3.6666350  0.7233682  2.5348430  0.2321166 
530   3.6169488  0.7156705  2.5378206  0.2422101 
531   3.7472353  0.7133757  2.6005502  0.2475666 
532   3.7396731  0.7434057  2.6311886  0.2506244 
533   3.7739501  0.7202601  2.6696849  0.2334131 
534   3.7185557  0.7086565  2.6120281  0.2600883 
535   3.7340510  0.6869289  2.5789871  0.2234115 
536   3.7503176  0.6982503  2.6097908  0.2525617 
537   3.6994874  0.7127073  2.5256798  0.2444118 
538   3.6675797  0.6995788  2.4941061  0.2562127 
539   3.6596119  0.6836801  2.4683640  0.2474229 
540   3.7580199  0.7201478  2.5501654  0.2383693 
541   3.8018072  0.7310560  2.5648301  0.2484961 
542   3.7910030  0.7062305  2.5506835  0.2855745 
543   3.8064241  0.7196119  2.5673997  0.2987869 
544   3.7264230  0.7039762  2.5164857  0.2997498 
545   3.6728570  0.7114969  2.4763508  0.2935986 
546   3.6046457  0.7090185  2.4687595  0.2889161 
547   3.5770676  0.7074086  2.4415982  0.2730845 
548   3.6741567  0.6962428  2.4894762  0.2795555 
549   3.7170157  0.7090534  2.5127678  0.2710109 
550   3.6029105  0.7213679  2.4507217  0.2747805 
551   3.6767924  0.7135821  2.5082691  0.2745241 
552   3.6064270  0.7149647  2.4361606  0.2696004 
553   3.6141431  0.7219468  2.4084041  0.2532298 
554   3.6466167  0.7078499  2.4164178  0.2664065 
555   3.6760869  0.7039412  2.5036397  0.2545151 
556   3.7201746  0.7131733  2.4822979  0.2775807 
557   3.7019858  0.7319766  2.4671535  0.2910483 
558   3.7087519  0.7449526  2.4830005  0.2964971 
559   3.7509255  0.7224336  2.4949856  0.2621223 
560   3.7784081  0.7171104  2.5302687  0.2524076 
561   3.8799701  0.7376264  2.6204708  0.2665323 
562   3.8619423  0.7312373  2.6378574  0.2845002 
563   3.7774844  0.7267848  2.5526071  0.2844466 
564   3.8138020  0.7239645  2.5767972  0.2492753 
565   3.7511265  0.7293680  2.4970062  0.2494992 
566   3.7052634  0.7509123  2.5190630  0.3566041 
567   3.7001462  0.7643457  2.4871912  0.3281054 
568   3.7657053  0.7667630  2.5549994  0.2866148 
569   3.7248402  0.7410209  2.5242870  0.2949410 
570   3.7871904  0.7365808  2.5680425  0.2833096 
571   3.6930130  0.7485199  2.5208168  0.3078941 
572   3.7009029  0.7375588  2.5047860  0.3131362 
573   3.6762688  0.7467292  2.4938126  0.2988327 
574   3.6884990  0.7558919  2.5325100  0.3070253 
575   3.6996288  0.7486749  2.5546153  0.2783385 
576   3.7089922  0.7608104  2.5319622  0.2773193 
577   3.7225003  0.7126240  2.5487764  0.2851117 
578   3.6911080  0.7220627  2.4946527  0.3125590 
579   3.6973109  0.7460195  2.5089493  0.3420111 
580   3.7589250  0.7568004  2.5614979  0.3368804 
581   3.8072352  0.7460083  2.5835416  0.3202171 
582   3.7972982  0.7349920  2.5410042  0.2975513 
583   3.7143679  0.7364073  2.5264027  0.3273531 
584   3.6563327  0.7569821  2.4704454  0.3212087 
585   3.6564050  0.7517427  2.4603298  0.3146776 
586   3.7139816  0.7721294  2.5127668  0.2924103 
587   3.7304478  0.7538234  2.4941099  0.2852017 
588   3.8009443  0.7456903  2.5482752  0.3143147 
589   3.8007402  0.7571682  2.5891347  0.3382113 
590   3.7474258  0.7535294  2.4579024  0.3294739 
591   3.7105703  0.7657338  2.4487510  0.3076968 
592   3.6873131  0.7448984  2.4572055  0.3126174 
593   3.6919816  0.7887214  2.4354599  0.3177845 
594   3.7321196  0.7562013  2.5114589  0.3099035 
595   3.7366500  0.7594686  2.4739316  0.3348944 
596   3.7161825  0.7443328  2.4871824  0.3132346 
597   3.7483573  0.7316239  2.4920385  0.3445987 
598   3.8728287  0.7419899  2.5841415  0.3062101 
599   3.8098707  0.7422450  2.5411463  0.3160595 
600   3.9102895  0.7354914  2.5994053  0.2824193 
601   3.8909738  0.7414687  2.5596585  0.3119332 
602   3.8510022  0.7425937  2.5092804  0.3134120 
603   3.9363799  0.7585951  2.6037381  0.2912708 
604   3.9120362  0.7581496  2.6230769  0.2806282 
605   3.9486747  0.7509571  2.6155093  0.2981737 
606   4.0249748  0.7474017  2.6650348  0.3319412 
607   3.9892771  0.7595634  2.6234484  0.3377545 
608   4.0233912  0.7775710  2.6591072  0.3433147 
609   3.9811327  0.7426944  2.6452076  0.3145252 
610   3.9879818  0.7380327  2.6197021  0.3224382 
611   3.9681861  0.7494267  2.5920205  0.3510436 
612   3.9316218  0.7404162  2.5175469  0.3461182 
613   3.9826667  0.7481382  2.5749176  0.3566630 
614   4.0475068  0.7711841  2.6724298  0.3660005 
615   4.0655780  0.7873992  2.6593270  0.3785029 
616   4.0594702  0.7925534  2.6385686  0.3765372 
617   4.0858960  0.7742822  2.6610923  0.3418761 
618   4.0968480  0.7620471  2.6550808  0.3661186 
619   4.1360188  0.7609242  2.6870472  0.3620513 
620   4.1362472  0.7722423  2.6871347  0.3465598 
621   4.1481180  0.7669770  2.7227299  0.3038285 
622   4.2204452  0.7991349  2.7005847  0.3160307 
623   4.1423483  0.8058054  2.6771848  0.3145864 
624   4.0804200  0.7889273  2.6340306  0.2924157 
625   4.0784936  0.7707464  2.6367590  0.3360742 
626   4.0983348  0.7809488  2.6261215  0.3649359 
627   4.0746508  0.7790912  2.6448975  0.3986398 
628   4.1387448  0.7599193  2.6777756  0.3870063 
629   4.1321077  0.7644318  2.6553073  0.3811150 
630   4.1600995  0.7433867  2.6647136  0.3714780 
631   4.2288818  0.7788205  2.7111139  0.3968441 
632   4.1669788  0.7806929  2.6546311  0.3850752 
633   4.2261882  0.7391296  2.6669526  0.4064522 
634   4.2588692  0.7272245  2.7181623  0.3898164 
635   4.1815705  0.7411784  2.7053332  0.3992792 
636   4.0923805  0.7387629  2.6576648  0.3666229 
637   4.0441909  0.7270464  2.6259499  0.3857540 
638   4.0571289  0.7279837  2.6178472  0.3447622 
639   3.9689002  0.7103347  2.5733714  0.3740024 
640   4.0741458  0.7608507  2.6733336  0.4106611 
641   3.9245372  0.7165063  2.5825517  0.3738527 
642   3.9887810  0.7104542  2.6308475  0.3931958 
643   3.9954436  0.7309566  2.6530156  0.4046640 
644   3.9851213  0.7449803  2.6768579  0.3767499 
645   3.9665828  0.7486368  2.6682153  0.3645391 
646   3.9546659  0.7429389  2.6203799  0.4006268 
647   4.0688729  0.7616122  2.6726773  0.3972104 
648   4.0995502  0.7449903  2.7107935  0.4275466 
649   4.0815339  0.7193627  2.6829188  0.4261291 
650   4.1155386  0.7325646  2.7297921  0.3915295 
651   4.0550222  0.7304829  2.6653049  0.4140772 
652   3.9998581  0.7280469  2.6639922  0.4342981 
653   4.0137653  0.7674148  2.7326009  0.4400057 
654   4.0471678  0.7851971  2.7178347  0.4356122 
655   4.0352259  0.7911227  2.6776369  0.4408498 
656   4.0248079  0.7468913  2.6775854  0.4152881 
657   4.0525784  0.7874255  2.7236855  0.4935086 
658   4.0231185  0.7675505  2.6491380  0.5031730 
659   4.0080657  0.7705302  2.6382756  0.4756197 
660   4.0329561  0.7626748  2.6724894  0.4713476 
661   4.0508642  0.7701154  2.7347329  0.4856125 
662   4.0733490  0.7687628  2.7770422  0.4470029 
663   4.0633559  0.7909864  2.7447114  0.4445705 
664   3.9960802  0.7545734  2.6593130  0.4512150 
665   4.0105605  0.7672879  2.6749332  0.4423517 
666   3.9970653  0.7598648  2.6921773  0.4191715 
667   3.9132373  0.7570626  2.6497338  0.4493699 
668   3.9349036  0.7319644  2.6362338  0.4325759 
669   4.0082331  0.7517170  2.6713297  0.4424569 
670   3.9823024  0.7343522  2.6466732  0.4111914 
671   4.0639968  0.7511347  2.6470363  0.4283741 
672   4.0437603  0.7494819  2.6902466  0.4420314 
673   4.0049453  0.7229623  2.6448896  0.3804874 
674   3.9959440  0.7276182  2.6104319  0.3890853 
675   3.9938483  0.7296603  2.6212821  0.4321281 
676   4.0528846  0.7285294  2.6734395  0.3955643 
677   4.0670133  0.7483465  2.7039511  0.4219322 
678   4.1049623  0.7528502  2.6959162  0.4373059 
679   4.0146718  0.7382887  2.6735969  0.4358916 
680   4.0723591  0.7689000  2.6918526  0.4819887 
681   4.0981345  0.7602320  2.6960428  0.4745546 
682   4.0727367  0.7661629  2.7009189  0.4306637 
683   4.1005182  0.7650241  2.7361584  0.4060037 
684   4.1845765  0.7588067  2.8165498  0.4034942 
685   4.1373825  0.7662734  2.7587111  0.4265971 
686   4.0302992  0.7796401  2.7024024  0.4368658 
687   4.0428782  0.7672516  2.6876779  0.4595316 
688   4.0186067  0.7583010  2.6864882  0.4431936 
689   4.0464630  0.7460417  2.7274525  0.4081954 
690   4.0285773  0.7631955  2.6730609  0.4581052 
691   3.9810014  0.7620119  2.6564023  0.4565875 
692   4.0503087  0.7576490  2.7211709  0.4064380 
693   4.1113453  0.7823166  2.7546370  0.4040244 
694   4.0751891  0.7779582  2.7085211  0.4558003 
695   4.1144042  0.7770516  2.7462850  0.4362210 
696   4.1852698  0.7879580  2.7900326  0.4549032 
697   4.0990958  0.7846852  2.7562072  0.4184156 
698   3.9974234  0.7296803  2.6464705  0.4094495 
699   4.1095119  0.7580131  2.7418046  0.4237143 
700   4.0898700  0.7945535  2.7764099  0.4226898 
701   3.9633241  0.7374579  2.6553597  0.3923975 
702   3.9265087  0.7689505  2.6398296  0.4408875 
703   4.0856299  0.7971799  2.7522802  0.4325062 
704   4.0647731  0.7987424  2.7685990  0.4596166 
705   4.0696344  0.7714243  2.7575948  0.4300451 
706   4.0173059  0.7938198  2.7096024  0.4626143 
707   4.0743570  0.7834287  2.7468710  0.4339933 
708   3.9919553  0.8010148  2.7186275  0.4602655 
709   4.0009785  0.8224826  2.7305317  0.4700165 
710   3.9560473  0.8117185  2.7267587  0.4729468 
711   4.0314727  0.8241367  2.7867136  0.5068684 
712   4.1293330  0.8428268  2.8541780  0.4662147 
713   4.1847987  0.8355308  2.8419430  0.4845967 
714   4.0163422  0.8355944  2.7386372  0.4531002 
715   4.1462579  0.8298768  2.8547604  0.4531186 
716   4.2145705  0.8615848  2.9028490  0.4668587 
717   4.3084340  0.8730710  3.0074062  0.4861565 
718   4.2945919  0.8515250  2.9619100  0.5080808 
719   4.3236103  0.8726034  3.0218956  0.4793934 
720   4.3415489  0.8926101  3.0270295  0.5171357 
721   4.3269720  0.8658865  3.0292995  0.5164112 
722   4.4201007  0.8901682  3.1003139  0.5273404 
723   4.4208655  0.8578259  3.0561922  0.4806091 
724   4.3564701  0.8991761  3.0535920  0.5259801 
725   4.3668246  0.8689312  3.0602832  0.4886154 
726   4.3749719  0.8783510  3.0322864  0.5179123 
727   4.4242840  0.8983548  3.1202674  0.4930112 
728   4.3712802  0.8880858  3.0575891  0.4649707 
729   4.3069000  0.9303518  3.0322092  0.4820299 
730   4.2736912  0.8982936  2.9751122  0.4691519 
731   4.3086023  0.8853860  2.9990163  0.5013859 
732   4.2845039  0.8992244  2.9756217  0.4447156 
733   4.3557606  0.9039620  3.0711637  0.4407586 
734   4.2460098  0.9119607  3.0170486  0.4687169 
735   4.2025824  0.8904632  2.9741130  0.4742786 
736   4.2632246  0.9134662  3.0142157  0.4408917 
737   4.2411718  0.9039821  3.0378828  0.4284902 
738   4.2817259  0.9202838  3.0297983  0.3751810 
739   4.2285032  0.8935599  2.9929450  0.3897926 
740   4.1762400  0.8929667  2.9454505  0.3587795 
741   4.2358799  0.8916588  3.0117319  0.3408339 
742   4.2664585  0.9170622  2.9839523  0.3907342 
743   4.2428384  0.9235027  2.9862823  0.3847578 
744   4.2713332  0.9205629  3.0229967  0.3785360 
745   4.3587785  0.9216430  3.0485551  0.3824142 
746   4.4258265  0.9007289  3.0922410  0.4270369 
747   4.4055958  0.9211755  3.0922391  0.4131496 
748   4.4628339  0.9445269  3.1308937  0.4145342 
749   4.4627209  0.9470444  3.1096306  0.4537243 
750   4.4145970  0.9156478  3.0476713  0.4067405 
751   4.4174209  0.8970394  3.0855956  0.4089926 
752   4.4548531  0.9268382  3.1070461  0.4156201 
753   4.3698421  0.9105611  3.0587325  0.3854562 
754   4.4088101  0.9503219  3.0245132  0.3845310 
755   4.2299237  0.9036539  2.9271092  0.3829816 
756   4.3061914  0.9243940  3.0140679  0.3928486 
757   4.2665176  0.9093364  2.9889407  0.3751728 
758   4.3007374  0.9075302  3.0199080  0.3498966 
759   4.2284265  0.8606035  2.9900198  0.3626152 
760   4.3201790  0.8771402  3.0690067  0.3382564 
761   4.2639070  0.8890072  2.9588444  0.3460985 
762   4.3438463  0.9102181  3.0207183  0.3828546 
763   4.3643441  0.9155287  3.0628018  0.4005591 
764   4.2828727  0.9121885  2.9809837  0.3866725 
765   4.3393874  0.9597170  3.0423141  0.4096937 
766   4.3624506  0.9425271  3.0715184  0.4200823 
767   4.2996998  0.9303758  3.0389829  0.4124488 
768   4.3373456  0.9445553  3.0377824  0.4234580 
769   4.1900325  0.9528649  2.9115808  0.4193716 
770   4.1592155  0.9769254  2.9086230  0.3954427 
771   4.1494703  0.9483273  2.9191494  0.3707689 
772   4.1523232  0.9588358  2.9182069  0.3830994 
773   4.2523122  0.9620499  2.9954934  0.3632944 
774   4.2795668  0.9841949  3.0524437  0.3780931 
775   4.3252468  1.0091052  3.0731311  0.3608938 
776   4.3395791  0.9811443  3.0548260  0.3645004 
777   4.2775478  1.0271680  3.0091813  0.4013309 
778   4.3295078  0.9905543  3.0258279  0.3731810 
779   4.3937201  0.9771675  3.0748215  0.3876776 
780   4.3710551  0.9503639  3.0771291  0.3672591 
781   4.3652864  0.9825592  3.0274224  0.3988447 
782   4.3763413  0.9927534  3.0312715  0.4208165 
783   4.2309313  0.9577107  2.9666152  0.3997099 
784   4.3834391  0.9776073  3.0924385  0.3793407 
785   4.3785973  0.9639211  3.0773935  0.3993966 
786   4.3897262  0.9714587  3.0662260  0.3912874 
787   4.2827158  0.9300525  2.9866281  0.3889376 
788   4.3793001  0.9751058  3.0821660  0.3828373 
789   4.3308077  0.9607264  3.0187087  0.3915614 
790   4.2804451  0.9566533  3.0106316  0.3627456 
791   4.2510061  0.9572437  2.9521194  0.3841679 
792   4.3231049  0.9654714  3.0583417  0.3992180 
793   4.3806424  0.9818230  3.1025097  0.4066456 
794   4.3865476  0.9858070  3.1004426  0.4205801 
795   4.3819728  0.9604071  3.0912066  0.4287711 
796   4.3181944  0.9637577  3.0565009  0.4554452 
797   4.2885442  0.9604568  3.0371351  0.4362210 
798   4.3205585  0.9787116  3.0626216  0.4244615 
799   4.2448082  0.9560401  3.0050817  0.4010024 
800   4.2398171  0.9770902  3.0358558  0.4777439 
801   4.2136254  0.9897831  3.0171068  0.4529210 
802   4.2742052  1.0048795  3.1065412  0.4858030 
803   4.3308973  1.0024453  3.1355901  0.4604839 
804   4.2246213  0.9923013  3.0267603  0.4503821 
805   4.2526889  0.9983762  3.0298703  0.4829985 
806   4.2394814  0.9792634  2.9802740  0.4761592 
807   4.2696509  1.0156912  2.9722936  0.4659657 
808   4.3012638  0.9881782  2.9906938  0.4792035 
809   4.2531567  0.9907791  3.0103335  0.4959230 
810   4.2520142  0.9982888  3.0115411  0.4703950 
811   4.2172513  1.0440441  2.9689624  0.5222622 
812   4.2545867  1.0095625  2.9895523  0.4992462 
813   4.2204309  0.9832387  2.9251568  0.5194626 
814   4.1914034  0.9858897  2.9613252  0.5230393 
815   4.2769990  0.9917701  2.9699175  0.5257455 
816   4.2377682  0.9902377  2.9878650  0.5315230 
817   4.3013291  0.9927415  2.9943769  0.5680183 
818   4.2231545  0.9849651  2.9568830  0.5780616 
819   4.2035828  1.0057507  2.9658003  0.5798471 
820   4.1743498  0.9891749  2.9115765  0.5363090 
821   4.1924515  0.9937961  2.9129970  0.5717871 
822   4.1064868  0.9970582  2.8071947  0.5441764 
823   4.1642723  0.9991528  2.8301024  0.5259320 
824   4.2068872  1.0021795  2.8701756  0.5401836 
825   4.1951308  0.9719138  2.8665285  0.5186412 
826   4.2932329  0.9712676  2.9212332  0.5121712 
827   4.2883301  0.9898045  2.9113283  0.4846692 
828   4.2217689  0.9787748  2.8480439  0.4980162 
829   4.2836781  0.9950709  2.9292784  0.5005671 
830   4.2763495  0.9900648  2.9125612  0.5277221 
831   4.2726593  0.9657340  2.8845696  0.5588497 
832   4.3544993  0.9757380  2.9807854  0.4945191 
833   4.3035083  0.9878641  2.9556849  0.4848593 
834   4.3630824  0.9823544  2.9298882  0.4913117 
835   4.3522363  0.9780834  2.9632723  0.5081435 
836   4.4429612  1.0112442  3.0328257  0.5186703 
837   4.4471893  1.0012562  3.0576692  0.5061713 
838   4.4077668  0.9959738  2.9827240  0.5274818 
839   4.4984298  0.9986942  3.0645893  0.4615754 
840   4.4414406  1.0295990  3.0610754  0.4794674 
841   4.3982720  1.0387033  2.9943230  0.4938731 
842   4.3947401  1.0296328  2.9651420  0.5027021 
843   4.4516335  1.0343645  3.0164583  0.5345105 
844   4.3678198  0.9878628  2.9338000  0.5427612 
845   4.3312244  1.0243596  2.9331603  0.5674608 
846   4.2984452  1.0165651  2.9023535  0.5654672 
847   4.3034921  1.0086089  2.9506915  0.5770194 
848   4.3877845  0.9870474  2.9525597  0.5506070 
849   4.3225441  0.9816483  2.9088683  0.5725508 
850   4.2562022  0.9699149  2.8082595  0.5214329 
851   4.3419142  0.9599420  2.8887498  0.5215452 
852   4.3666763  0.9840495  2.8794620  0.5295793 
853   4.3919091  0.9716080  2.9111516  0.5270972 
854   4.3911915  0.9487982  2.9015431  0.5120806 
855   4.3824148  0.9734886  2.9071364  0.5417715 
856   4.4176769  0.9897733  2.9224827  0.5382552 
857   4.4040375  0.9896286  2.9364100  0.5547324 
858   4.3760290  0.9679780  2.9116352  0.5247293 
859   4.3532195  0.9531378  2.8846514  0.5425723 
860   4.3020296  0.9425241  2.8591802  0.5354394 
861   4.3174362  0.9353344  2.8577435  0.5170138 
862   4.2875757  0.9509216  2.8791308  0.5491327 
863   4.3843861  0.9391363  2.9379096  0.5684863 
864   4.3078852  0.9657121  2.9362066  0.5398497 
865   4.2458234  0.9260460  2.8716893  0.5243755 
866   4.2400141  0.9183846  2.8522055  0.5288721 
867   4.2367725  0.9262529  2.8158770  0.5248867 
868   4.2734523  0.9319099  2.8196366  0.5393901 
869   4.3218012  0.9173353  2.8365660  0.5081598 
870   4.2352095  0.9267939  2.7676697  0.5359352 
871   4.3279366  0.9257355  2.8650630  0.4837102 
872   4.3828063  0.9483402  2.9180162  0.5143623 
873   4.4395094  0.9427508  2.9740498  0.4982315 
874   4.4720802  0.9693174  3.0110137  0.5286573 
875   4.3350258  0.9392009  2.9015923  0.5505924 
876   4.3752069  0.9387174  2.9271531  0.5469217 
877   4.3628197  0.9756630  2.8992357  0.5563930 
878   4.3243155  0.9676321  2.8895450  0.5511622 
879   4.3029065  0.9411986  2.8841665  0.5456669 
880   4.3101358  0.9323136  2.8841610  0.5470132 
881   4.3787117  0.9494654  2.9059730  0.5583843 
882   4.4030190  0.9450953  2.9156623  0.5678717 
883   4.3778591  0.9153551  2.9449079  0.5197187 
884   4.3651495  0.9472634  2.9234769  0.5033463 
885   4.2851601  0.9349390  2.8771350  0.5294888 
886   4.1793094  0.9323420  2.8182647  0.5365979 
887   4.1981277  0.9195033  2.8441741  0.5280821 
888   4.2211604  0.9390706  2.8455200  0.5269517 
889   4.1780939  0.9302343  2.8560135  0.4903262 
890   4.1703176  0.9427946  2.7907741  0.5382401 
891   4.2094407  0.9387165  2.8272517  0.5335343 
892   4.1503816  0.9538595  2.7721155  0.5298796 
893   4.2039995  0.9340788  2.7855716  0.5484824 
894   4.3418303  0.9516609  2.8841217  0.5556329 
895   4.2864227  0.9554026  2.8156431  0.5417260 
896   4.3179612  0.9696638  2.8872221  0.5056827 
897   4.2680168  0.9602793  2.8766739  0.5341921 
898   4.2797961  0.9361269  2.9011748  0.5256643 
899   4.3510470  0.9510083  2.9091716  0.5179824 
900   4.4163957  0.9375004  2.9256959  0.4910103 
901   4.3417287  0.9137099  2.8790417  0.4691017 
902   4.3794065  0.9845443  2.9298115  0.4939601 
903   4.3219109  0.9700630  2.9145911  0.5000831 
904   4.4634690  0.9838723  3.0328951  0.5011395 
905   4.3930368  0.9482144  2.9645100  0.5061179 
906   4.3840055  0.9677812  2.9776592  0.4950602 
907   4.3244190  0.9834707  2.9256239  0.4893810 
908   4.3540349  0.9923372  2.9146035  0.4909279 
909   4.3715210  0.9663751  2.9450672  0.4675626 
910   4.4683170  0.9550775  2.9798331  0.4504650 
911   4.4734015  0.9759887  2.9847937  0.4460479 
912   4.5811315  0.9693398  3.0617023  0.4438298 
913   4.5321450  0.9732903  3.0137403  0.4572945 
914   4.5340867  0.9577539  3.0255477  0.4327537 
915   4.4726310  0.9745218  2.9896450  0.3979707 
916   4.4279699  0.9737400  2.9582620  0.4354428 
917   4.3955135  0.9545985  2.9292157  0.4468051 
918   4.5093484  0.9720653  2.9873805  0.4362032 
919   4.5360351  1.0007361  3.0492001  0.4491208 
920   4.5146289  1.0003512  3.0303717  0.4796296 
921   4.4605618  0.9807197  2.9634309  0.4583445 
922   4.4543819  0.9833233  2.9749639  0.4685598 
923   4.4560642  0.9858999  3.0161247  0.5335395 
924   4.5279889  0.9840589  3.0153661  0.5012603 
925   4.6183643  0.9754612  3.0851672  0.4828325 
926   4.6605277  0.9638849  3.1288106  0.5128207 
927   4.6998062  0.9698284  3.1484890  0.4799611 
928   4.7159696  0.9529223  3.1764400  0.4893835 
929   4.7273765  0.9658114  3.1416044  0.5114158 
930   4.6870441  0.9689699  3.1149032  0.5231598 
931   4.6728325  0.9612537  3.1129298  0.5295321 
932   4.6334910  0.9607959  3.0861866  0.5241163 
933   4.5443344  0.9667798  3.0372167  0.4868775 
934   4.5139461  0.9577296  2.9871330  0.4956199 
935   4.5597806  0.9606740  3.0313580  0.4858460 
936   4.5690837  0.9590591  3.0415003  0.4813868 
937   4.5586057  0.9569394  2.9904666  0.5107047 
938   4.5412836  0.9634275  2.9833906  0.4801262 
939   4.5677061  0.9553435  3.0185456  0.4626072 
940   4.5601234  0.9428250  3.0181429  0.4765431 
941   4.4819551  0.9535583  2.9560728  0.5104784 
942   4.4978600  0.9395152  2.9872310  0.4893130 
943   4.4596419  0.9260279  2.9401135  0.4612503 
944   4.4736304  0.9466535  2.9638786  0.4884259 
945   4.3737912  0.9360593  2.8912482  0.5242509 
946   4.4093695  0.9368542  2.9195979  0.4820457 
947   4.4496827  0.9524997  2.9652150  0.4599084 
948   4.4893394  0.9569065  2.9866617  0.4694647 
949   4.4536877  0.9494309  2.9812777  0.4844007 
950   4.5208936  0.9634060  3.0047324  0.4928460 
951   4.5706887  0.9486868  3.0346234  0.4904896 
952   4.4161258  0.9331030  2.9507866  0.4289604 
953   4.4811158  0.9209118  2.9893904  0.4681934 
954   4.3639383  0.9301380  2.8490593  0.4431037 
955   4.3920951  0.9745957  2.9305997  0.5087791 
956   4.4037371  0.9325975  2.9389021  0.4716713 
957   4.4074640  0.9373384  2.9680560  0.4671314 
958   4.2728863  0.9555583  2.8449757  0.4811373 
959   4.3528128  0.9598626  2.9240358  0.4918284 
960   4.3768778  0.9364257  2.9405348  0.4947227 
961   4.3090806  0.9633607  2.9154119  0.4672980 
962   4.3358769  0.9440829  2.9155998  0.4360329 
963   4.3199320  0.9238444  2.8354492  0.4429418 
964   4.2522197  0.9460615  2.8305774  0.4630701 
965   4.2575226  0.9502454  2.8720448  0.4958079 
966   4.2752571  0.9875922  2.8773446  0.4925596 
967   4.3513942  1.0074772  2.9236512  0.4989985 
968   4.3424435  1.0096350  2.9276638  0.4496550 
969   4.3022904  1.0076411  2.8626974  0.4685690 
970   4.2612228  0.9546666  2.8088408  0.4331119 
971   4.3161330  0.9647154  2.8807156  0.4215316 
972   4.3414016  0.9891031  2.8687706  0.4604906 
973   4.2600365  0.9338483  2.7807045  0.4696214 
974   4.3418169  0.9629119  2.8799758  0.4862549 
975   4.2547626  0.9784019  2.8250294  0.4650316 
976   4.3787837  0.9745351  2.8679452  0.4701630 
977   4.3272023  0.9508389  2.8162088  0.4780339 
978   4.2657995  0.9885224  2.8501956  0.4444198 
979   4.2759233  0.9554460  2.8460357  0.4603219 
980   4.1685309  0.9652727  2.7899277  0.4954802 
981   4.1342731  0.9748892  2.7403274  0.4792795 
982   4.2138782  0.9658834  2.7897332  0.4663265 
983   4.2610397  0.9631975  2.8070166  0.5321972 
984   4.2459655  0.9410697  2.8089306  0.4835621 
985   4.2660217  0.9328842  2.8117702  0.4511853 
986   4.2081242  0.9277077  2.7331870  0.4988706 
987   4.2561278  0.9311536  2.8009586  0.4925031 
988   4.1931238  0.9187118  2.7459188  0.4905900 
989   4.1413074  0.9056946  2.7205837  0.4665689 
990   4.1335506  0.9195296  2.6782475  0.5049499 
991   4.0421405  0.9043128  2.6174927  0.4762067 
992   4.0486541  0.9477348  2.6532495  0.4757654 
993   4.0403819  0.9285933  2.6469235  0.4617072 
994   4.0239224  0.9227486  2.6233366  0.4853252 
995   4.0841889  0.9466300  2.6561470  0.4788005 
996   4.0946307  0.9326646  2.6745491  0.4695055 
997   4.1169109  0.9445427  2.6708372  0.5003985 
998   4.1522613  0.9462577  2.6740203  0.4734660 
999   4.1721106  0.9245591  2.7041662  0.4274263 
1000  4.0929737  0.9259592  2.6530471  0.4860601 
1001  4.1505275  0.9296518  2.7156153  0.4943834 
1002  4.0863109  0.9198257  2.6147718  0.4801506 
1003  4.0875254  0.9150378  2.6237710  0.4584979 
1004  4.1974640  0.9311417  2.7559364  0.4815353 
1005  4.1758814  0.9258803  2.7219892  0.4848626 
1006  4.2502732  0.9608017  2.7907162  0.4677889 
1007  4.0619268  0.9399589  2.6776924  0.4807370 
1008  4.1367955  0.9338707  2.7386043  0.4634888 
1009  4.1364141  0.9137311  2.6589286  0.4662296 
