#time, global, repeatA-F, pore, tm38
0     0.0000029  0.0000030  0.0000028  0.0000023 
1     0.4220828  0.1737663  0.2639758  0.0785436 
2     0.6325270  0.2041294  0.4356971  0.1052056 
3     0.8991168  0.2485052  0.5737001  0.1109557 
4     1.0516057  0.2544565  0.6582760  0.1225905 
5     1.0252142  0.2597411  0.6572796  0.1097804 
6     1.2328185  0.2717079  0.7772360  0.1199365 
7     1.3405300  0.2912565  0.8369201  0.1152958 
8     1.3829932  0.2929144  0.8807526  0.1618828 
9     1.5395349  0.3009925  0.9628276  0.1546801 
10    1.5239214  0.2862889  0.9060711  0.1299928 
11    1.5540100  0.2852548  0.9348247  0.1548365 
12    1.5834761  0.2888825  0.9478142  0.1517662 
13    1.5643979  0.3078595  0.9803160  0.1926757 
14    1.5705482  0.3395903  0.9920045  0.1832526 
15    1.6358336  0.3124374  0.9997265  0.2188531 
16    1.6928110  0.3510219  1.0780514  0.2033069 
17    1.6759757  0.3950255  1.0904036  0.2038596 
18    1.6765420  0.3796166  1.0729978  0.2123673 
19    1.7936755  0.3808716  1.1794270  0.2114665 
20    1.7702099  0.4049834  1.1635243  0.2111733 
21    1.8623128  0.3811095  1.2449530  0.2183639 
22    1.8594085  0.3929455  1.2005645  0.2349373 
23    1.8799679  0.4017527  1.2579784  0.2888735 
24    1.9029601  0.3715144  1.2463676  0.2359063 
25    1.9101812  0.3939843  1.2714527  0.2347362 
26    1.9352504  0.3850792  1.2850906  0.2585065 
27    1.9875929  0.3880042  1.3298796  0.2647763 
28    1.9475836  0.3863847  1.2922153  0.2366694 
29    1.9416195  0.3834078  1.2630829  0.2290707 
30    1.9531950  0.3916707  1.2646021  0.2416964 
31    1.9647352  0.3923452  1.2789037  0.2383284 
32    1.9658382  0.3875940  1.2709286  0.2598457 
33    2.0423951  0.4324727  1.3644552  0.2550160 
34    1.9940220  0.4292378  1.2998258  0.2412105 
35    2.0649104  0.4216352  1.3577567  0.2397621 
36    2.1327524  0.4215738  1.4056225  0.2362421 
37    2.1346550  0.4153782  1.4174912  0.2159306 
38    2.2291963  0.4304435  1.4571908  0.2591641 
39    2.1588404  0.4487409  1.4105268  0.2321158 
40    2.1531944  0.4389003  1.4449770  0.2218104 
41    2.2272787  0.4517277  1.4857217  0.2538607 
42    2.1508741  0.4183500  1.4444920  0.2426945 
43    2.2415946  0.4295171  1.4890320  0.2266196 
44    2.1749966  0.4135673  1.4449742  0.2183423 
45    2.1867816  0.4271419  1.4757404  0.2637275 
46    2.2257891  0.4394019  1.4955659  0.2368837 
47    2.2066329  0.4337200  1.4826168  0.2492112 
48    2.0824959  0.4445858  1.3655207  0.2524353 
49    2.1538048  0.4437917  1.4594834  0.2426182 
50    2.2421510  0.4623756  1.5095543  0.2442309 
51    2.1586683  0.4620187  1.4009200  0.2288653 
52    2.1639230  0.4327685  1.3920846  0.2254502 
53    2.1312392  0.4593339  1.3848107  0.2169213 
54    2.1170042  0.4601447  1.4043952  0.2367435 
55    2.1419599  0.4660454  1.4380599  0.2294941 
56    2.2549403  0.4426860  1.5325745  0.2128842 
57    2.2433064  0.4434209  1.5476223  0.2377886 
58    2.3164546  0.4343410  1.6027284  0.2223946 
59    2.2955699  0.4595376  1.5595286  0.2330815 
60    2.3233690  0.4540239  1.5929018  0.2281000 
61    2.4118576  0.4605989  1.6981004  0.2400786 
62    2.3088927  0.4284484  1.5800437  0.2163195 
63    2.2932496  0.4312938  1.5848846  0.2411690 
64    2.2669346  0.4261442  1.5750023  0.2605334 
65    2.3249698  0.4550921  1.5962803  0.2452685 
66    2.2510543  0.4542601  1.5350817  0.2712672 
67    2.2366498  0.4331343  1.5616467  0.2756815 
68    2.2251880  0.4576278  1.5755841  0.2717499 
69    2.2829430  0.4622534  1.5853481  0.3156724 
70    2.3550246  0.4507157  1.6670388  0.3316474 
71    2.3851459  0.4556370  1.6509204  0.3123277 
72    2.3378770  0.4632420  1.6372148  0.3263826 
73    2.2678950  0.4735470  1.5447894  0.3103969 
74    2.3743246  0.4738357  1.6356940  0.3077246 
75    2.3042901  0.4918020  1.5631107  0.3218296 
76    2.2564681  0.4791409  1.4898498  0.3231035 
77    2.2242696  0.4654301  1.4684184  0.3254569 
78    2.3240223  0.4790327  1.5913599  0.2978666 
79    2.3701775  0.4803931  1.6221987  0.3158416 
80    2.2859080  0.4525991  1.5674319  0.3319865 
81    2.2970107  0.4780429  1.5647725  0.3336401 
82    2.2810049  0.4750100  1.5288730  0.3683327 
83    2.2688229  0.4661967  1.5331047  0.3395995 
84    2.3075094  0.4878828  1.5819080  0.4033043 
85    2.3059235  0.4696976  1.5695187  0.3528566 
86    2.3744347  0.4725599  1.6405674  0.3259708 
87    2.4050534  0.4776982  1.6484047  0.3642087 
88    2.3612206  0.4821387  1.5761374  0.3731119 
89    2.4638295  0.4937637  1.6976699  0.3617759 
90    2.3324900  0.4686011  1.5936490  0.3463491 
91    2.4524989  0.4701199  1.6838567  0.3674189 
92    2.4204254  0.4784269  1.6135482  0.3628898 
93    2.5431385  0.4705050  1.7329799  0.3438810 
94    2.5019650  0.4894336  1.7106596  0.3421355 
95    2.5313404  0.4847879  1.7047490  0.3486501 
96    2.4980421  0.5095590  1.6547996  0.3280982 
97    2.5527577  0.4857262  1.6902266  0.3437207 
98    2.4703627  0.4936675  1.6341236  0.3387465 
99    2.4907494  0.4948179  1.6234366  0.3349477 
100   2.5151536  0.4759895  1.6077815  0.3209793 
101   2.4920833  0.4749587  1.5560194  0.3516596 
102   2.5289407  0.4930966  1.6276467  0.3882647 
103   2.5653718  0.4682386  1.6634495  0.3520696 
104   2.5182667  0.5026007  1.5991811  0.3134076 
105   2.5409055  0.4890807  1.6590451  0.2969573 
106   2.5810444  0.5072075  1.6881407  0.3232015 
107   2.6329865  0.5059848  1.7075646  0.3189817 
108   2.6247716  0.5195444  1.7348410  0.3256931 
109   2.5287344  0.5068584  1.6557130  0.3303990 
110   2.4967489  0.5121933  1.6100245  0.3110974 
111   2.5667808  0.5133837  1.6935760  0.3538810 
112   2.5350511  0.5231051  1.6782517  0.3300952 
113   2.5357070  0.5117837  1.6754066  0.3339902 
114   2.5273170  0.4981905  1.6822317  0.3295096 
115   2.5642788  0.4800325  1.6878303  0.3213902 
116   2.5450947  0.4828614  1.6899474  0.3165183 
117   2.5165894  0.4719150  1.6118695  0.3256610 
118   2.4952078  0.4978639  1.6122425  0.3039128 
119   2.5233684  0.5018159  1.6483130  0.3035993 
120   2.6309006  0.5003964  1.7637078  0.3122261 
121   2.5273681  0.4832266  1.6589689  0.3609414 
122   2.5318959  0.4931500  1.6582452  0.3344749 
123   2.5279624  0.4635791  1.6409490  0.3000167 
124   2.5553193  0.4814435  1.6443896  0.3249572 
125   2.4814045  0.5009677  1.6019999  0.3107742 
126   2.4700108  0.5203485  1.6374363  0.3038903 
127   2.4572971  0.4944233  1.5731133  0.2973503 
128   2.4286954  0.4726369  1.5326749  0.3411365 
129   2.5256276  0.4767421  1.5910865  0.3315152 
130   2.5136003  0.4826658  1.6550459  0.2960288 
131   2.5390379  0.4773504  1.6547658  0.3223994 
132   2.4713535  0.4880378  1.6426535  0.3295721 
133   2.4041119  0.4927879  1.5713775  0.3221574 
134   2.4914792  0.4750934  1.6454796  0.3123396 
135   2.4790149  0.4839068  1.6628486  0.3141815 
136   2.5405755  0.4940922  1.7244231  0.2999022 
137   2.5244758  0.5045370  1.7070936  0.3167579 
138   2.5744753  0.5083771  1.7322013  0.3150398 
139   2.5654216  0.4887894  1.7393398  0.3459361 
140   2.6169877  0.4894706  1.7940081  0.3377302 
141   2.5700197  0.4852726  1.7629992  0.3350135 
142   2.5374351  0.5016091  1.6731308  0.3011031 
143   2.5122600  0.4940285  1.6482757  0.3113679 
144   2.5840039  0.5008171  1.7078117  0.3041926 
145   2.5815198  0.5098689  1.6739134  0.3157575 
146   2.6244359  0.5088395  1.7099656  0.3320040 
147   2.5949628  0.5157104  1.7164462  0.3216516 
148   2.5829587  0.5189916  1.7368693  0.3206166 
149   2.5287111  0.5207813  1.7370001  0.3186958 
150   2.5951204  0.5160772  1.7871488  0.3043072 
151   2.5913942  0.5135534  1.7714000  0.2939599 
152   2.5331464  0.5114406  1.7412242  0.2977861 
153   2.6337302  0.5022232  1.8356872  0.3405209 
154   2.6717658  0.4905654  1.8573854  0.3366929 
155   2.6344633  0.4969308  1.8029901  0.3266396 
156   2.6358047  0.4892730  1.8008523  0.3107304 
157   2.5636077  0.4831314  1.7064811  0.3457136 
158   2.5386677  0.4837055  1.7308166  0.3301149 
159   2.6284819  0.4717979  1.7300646  0.3589680 
160   2.6406543  0.4756170  1.7889469  0.3628547 
161   2.6404991  0.4810754  1.7615160  0.3369275 
162   2.6493530  0.4773416  1.7463137  0.3464676 
163   2.6898632  0.4825723  1.8047600  0.3779019 
164   2.6301720  0.4793350  1.7249357  0.3668237 
165   2.6838043  0.4732577  1.8011129  0.3636839 
166   2.6928163  0.4713621  1.7968578  0.3711028 
167   2.7615414  0.4549991  1.8288553  0.3508703 
168   2.8471394  0.4826709  1.8846769  0.3782424 
169   2.7660575  0.4720474  1.8203081  0.3616214 
170   2.8312631  0.4589427  1.8575428  0.3725347 
171   2.7710371  0.4809043  1.8696712  0.3716553 
172   2.7788904  0.4785425  1.8797125  0.3801278 
173   2.8131018  0.4857770  1.9007348  0.3852309 
174   2.8519807  0.4718735  1.9227405  0.3726583 
175   2.8629518  0.4849904  1.9146169  0.3646553 
176   2.8548901  0.4726163  1.9336396  0.3472616 
177   2.7483430  0.4721693  1.8666266  0.3654104 
178   2.8575323  0.4799875  1.9541512  0.3777199 
179   2.9293222  0.4988410  2.0013621  0.3877878 
180   2.9466901  0.4788581  1.9699986  0.3618126 
181   2.9535618  0.4706094  1.9636197  0.3474308 
182   2.9648185  0.4765728  1.9909031  0.4004634 
183   3.0355470  0.4919382  1.9939349  0.3768603 
184   2.8903778  0.4809857  1.8938531  0.3871214 
185   2.9398634  0.4852188  1.9482799  0.3873174 
186   2.8794045  0.4807029  1.9323703  0.3565338 
187   2.9252858  0.4872392  1.9379177  0.3782374 
188   2.9383502  0.4779735  1.9373076  0.3597749 
189   3.0099132  0.4961562  2.0070627  0.3761735 
190   3.0260046  0.4836770  2.0225372  0.3626882 
191   2.9610097  0.4956347  1.9494491  0.3876961 
192   2.9448929  0.4844973  1.9611596  0.3761990 
193   2.9929559  0.5173368  2.0227203  0.4134785 
194   2.9783180  0.5297514  2.0238740  0.4157078 
195   3.0350988  0.5126610  2.0922222  0.4072972 
196   2.9071484  0.5108488  1.9527912  0.3921287 
197   2.9178247  0.5058199  1.9543160  0.3815529 
198   3.0001037  0.4982660  1.9818292  0.3764861 
199   2.8732388  0.5009505  1.9221270  0.3879227 
200   2.8323245  0.4899952  1.8658770  0.3936905 
201   2.8519945  0.4920812  1.8843282  0.3946856 
202   2.8000731  0.4944393  1.8450558  0.3854294 
203   2.8416095  0.4872785  1.8816842  0.3658122 
204   2.9307876  0.4849454  1.9694462  0.3787453 
205   2.9423339  0.4747138  1.9334128  0.4000684 
206   2.9114647  0.4891874  1.9056813  0.3934826 
207   2.9492154  0.4844641  1.8792534  0.3926537 
208   2.9887621  0.5030254  1.9349257  0.3851000 
209   2.9818439  0.4880131  1.9083626  0.3869024 
210   2.9821846  0.4988630  1.9075630  0.3871497 
211   2.9131320  0.4829731  1.8906275  0.3825428 
212   3.0102978  0.4949155  2.0013347  0.3714573 
213   2.9341159  0.4766887  1.9135635  0.3879667 
214   2.9387140  0.4976676  1.9463120  0.4128069 
215   3.0304303  0.4943374  2.0499165  0.3998817 
216   2.9104671  0.4733331  1.8981745  0.3770055 
217   3.0394120  0.4978355  2.0611844  0.4268858 
218   2.9608781  0.4893273  1.9746599  0.4139598 
219   2.9963875  0.4950328  2.0551441  0.3807239 
220   3.0282714  0.4986326  2.0708745  0.3623045 
221   3.0490937  0.5004322  2.1010249  0.3806038 
222   2.9850323  0.5047774  2.0550871  0.3822069 
223   2.8266056  0.4910841  2.0035574  0.3787925 
224   2.9640718  0.4955382  2.1006868  0.3925951 
225   2.8400762  0.4955598  2.0250480  0.3894137 
226   2.9415622  0.4946256  2.1048954  0.3627537 
227   2.8657460  0.4981053  2.0011373  0.3808863 
228   2.8481004  0.4892947  2.0099187  0.3619238 
229   2.8556778  0.4921087  1.9892426  0.3691527 
230   2.8489749  0.4854008  2.0090632  0.3900208 
231   2.8308544  0.4998869  1.9690307  0.3960346 
232   2.9817770  0.5270381  2.1022794  0.4493661 
233   2.8997869  0.5082322  2.0424929  0.4096641 
234   2.8805826  0.5140908  2.0630364  0.4105005 
235   2.8570871  0.4898179  2.0064766  0.3988049 
236   2.9294403  0.5097108  2.0888162  0.4603962 
237   2.9271152  0.5108618  2.0754404  0.4249105 
238   2.9505007  0.5110463  2.0883846  0.4443237 
239   2.9281693  0.5012910  2.0848572  0.4138749 
240   2.9072351  0.4989036  2.0458870  0.4410938 
241   2.9920144  0.4937438  2.1071718  0.4865947 
242   2.9793873  0.4938701  2.0692852  0.4067044 
243   2.9485977  0.5025689  2.0320868  0.3957922 
244   2.9588580  0.4962436  2.0352554  0.3952715 
245   3.0744495  0.5123296  2.1255181  0.4159019 
246   3.0034873  0.4907889  2.1148722  0.4016279 
247   2.9189508  0.4817320  2.0420794  0.3866785 
248   3.0419464  0.4991096  2.1564839  0.3867103 
249   2.9976954  0.4974099  2.0931611  0.4022713 
250   2.9820335  0.4945901  2.0788298  0.4317597 
251   3.0165854  0.4813826  2.1076453  0.4369437 
252   3.0787721  0.5025140  2.1795313  0.4492209 
253   3.1328695  0.5073411  2.1973369  0.4359856 
254   3.1125560  0.5063023  2.1994638  0.4423333 
255   3.1480534  0.5132249  2.2235143  0.4598933 
256   3.1155555  0.4973290  2.1955535  0.4431090 
257   3.0813293  0.5083272  2.1875262  0.4243173 
258   3.1275377  0.5128609  2.2349524  0.4327824 
259   3.1595488  0.5185126  2.2378216  0.3940578 
260   3.1141710  0.5103055  2.2261131  0.4085393 
261   3.0420189  0.5066309  2.1515977  0.4218933 
262   3.0224006  0.5153497  2.1781163  0.4414969 
263   2.9817135  0.5264096  2.1342971  0.4272659 
264   3.0078366  0.5239843  2.1201339  0.4301108 
265   3.0834429  0.5143781  2.1852658  0.3717799 
266   2.9928868  0.4966314  2.0829694  0.3971306 
267   3.0043397  0.5052513  2.1149178  0.4067225 
268   3.0223336  0.5035440  2.1156411  0.4234231 
269   3.0613990  0.5190963  2.1396308  0.3885704 
270   2.9437807  0.5134420  2.0672984  0.3963821 
271   2.9258239  0.5165871  2.0839851  0.4342296 
272   2.9958024  0.5258614  2.1438715  0.4456252 
273   2.9527566  0.5287791  2.0489256  0.4525128 
274   2.9559581  0.5292628  2.0592027  0.4340221 
275   3.0001891  0.5387209  2.1256301  0.4521877 
276   3.0446403  0.5340176  2.1821208  0.4528061 
277   2.9233232  0.5163895  2.0896962  0.4399646 
278   2.8872442  0.5303892  2.0665262  0.4555752 
279   2.9475684  0.5220890  2.1066072  0.4370148 
280   2.9192708  0.5145559  2.0212979  0.4524519 
281   2.8746533  0.5143562  2.0310547  0.4596561 
282   2.9505990  0.5209665  2.0675163  0.4615965 
283   3.0423551  0.5250449  2.1308372  0.4435124 
284   3.0591116  0.5275140  2.1549284  0.4550187 
285   2.9401841  0.5172788  2.0836041  0.4503067 
286   3.0657225  0.5334721  2.1741433  0.4769610 
287   3.0595188  0.5357240  2.1573169  0.4489265 
288   3.1070173  0.5328814  2.1882639  0.4405577 
289   3.1512084  0.5431712  2.2198682  0.4469718 
290   3.1118679  0.5447799  2.2067418  0.4801997 
291   3.0526779  0.5302808  2.1310456  0.4569176 
292   2.9725795  0.5405126  2.1377892  0.4893396 
293   2.9813921  0.5388172  2.1637669  0.5018859 
294   3.0466731  0.5407032  2.1294456  0.4825155 
295   3.0894401  0.5282159  2.1557469  0.4747059 
296   2.9559438  0.5301122  2.0763886  0.4797980 
297   2.9382005  0.5220271  2.0484707  0.4410400 
298   2.9429963  0.5605024  2.1071413  0.5093678 
299   2.9023874  0.5388535  2.0440059  0.4844591 
300   2.9761081  0.5229506  2.1220872  0.4566615 
301   2.8413148  0.5213116  2.0370111  0.4975556 
302   2.9572291  0.5372195  2.0948567  0.4784280 
303   2.9054697  0.5451778  2.1027606  0.5086421 
304   2.9213448  0.5371770  2.0814390  0.4890239 
305   2.9453127  0.5293720  2.1224747  0.4532631 
306   2.9442916  0.5250688  2.1369743  0.4977920 
307   2.9668632  0.5315809  2.1388578  0.4582839 
308   3.0141649  0.5210616  2.1602104  0.4754049 
309   2.8595984  0.5215634  2.0463257  0.4645326 
310   2.9467385  0.5351948  2.1227741  0.4949537 
311   2.9595418  0.5210460  2.1313353  0.4696224 
312   2.9834986  0.5187239  2.1683981  0.4419456 
313   2.9300826  0.5297479  2.1232657  0.4005939 
314   2.8786917  0.5437601  2.0690780  0.4463527 
315   2.8040862  0.5161358  1.9421823  0.4173034 
316   2.7128725  0.5238619  1.9189022  0.4326892 
317   2.7474203  0.5242217  1.9221200  0.4679328 
318   2.7095494  0.5286764  1.8857293  0.4382762 
319   2.7756660  0.5450389  1.9873277  0.4212491 
320   2.7777326  0.5369468  1.9554739  0.4126725 
321   2.7624502  0.5474541  1.9819201  0.4249374 
322   2.7930732  0.5269600  1.9521594  0.4440423 
323   2.8356762  0.5304109  1.9819167  0.4258349 
324   2.8401189  0.5274119  2.0419579  0.4339899 
325   2.8933973  0.5249306  2.0669532  0.4397307 
326   2.9242132  0.5250942  2.0618570  0.4365351 
327   2.8336411  0.5166806  1.9844770  0.4034889 
328   2.8426776  0.5304574  2.0068002  0.4215633 
329   2.7969584  0.5284908  1.9965266  0.4122908 
330   2.7534311  0.5380922  1.9547132  0.4060466 
331   2.7540777  0.5252533  1.9138379  0.4213524 
332   2.8085876  0.5098462  1.9378996  0.4055544 
333   2.7430136  0.5310979  1.9037236  0.4328429 
334   2.7944980  0.5335726  1.9145468  0.4495020 
335   2.7983079  0.5220454  1.9460219  0.4256314 
336   2.7744753  0.5205545  1.9397789  0.4515517 
337   2.8354557  0.5379704  2.0478277  0.4269596 
338   2.8947170  0.5467706  2.0457332  0.4276052 
339   2.9212093  0.5501688  2.1179745  0.4491184 
340   2.8928037  0.5366196  2.0675523  0.4712179 
341   2.8114166  0.5309172  1.9950411  0.4503634 
342   2.8299060  0.5191123  1.9964383  0.4259901 
343   2.7951896  0.5359814  1.9143791  0.4323480 
344   2.8746216  0.5211654  1.9736621  0.4347343 
345   2.7188082  0.5350122  1.9338647  0.4608509 
346   2.7567794  0.5290313  1.9254987  0.4408713 
347   2.7103798  0.5377749  1.9253451  0.4653373 
348   2.6859541  0.5309972  1.9334419  0.4359787 
349   2.7493870  0.5392981  2.0118499  0.4478764 
350   2.6727476  0.5313658  1.9513258  0.4112777 
351   2.6821103  0.5321206  1.9525150  0.4148472 
352   2.6675780  0.5372520  1.9269744  0.4261498 
353   2.6475906  0.5381935  1.9010020  0.4243883 
354   2.7718360  0.5333768  1.9967883  0.4406336 
355   2.6861930  0.5509765  1.9360783  0.4326594 
356   2.7255952  0.5681879  1.9578034  0.4098000 
357   2.7469666  0.5864699  1.9801005  0.4548244 
358   2.7916112  0.5961156  2.0032623  0.4448424 
359   2.8573327  0.6209158  2.0654650  0.4548354 
360   2.8024011  0.6147041  2.0625544  0.4327035 
361   2.7455392  0.6171887  2.0021667  0.4553679 
362   2.7787127  0.6213149  2.0537689  0.4557637 
363   2.9513302  0.6338004  2.2203019  0.5043545 
364   2.7869873  0.6160030  2.0798464  0.4592032 
365   2.8397117  0.6079898  2.0665047  0.4413448 
366   2.7783906  0.6498995  2.0522525  0.4529130 
367   2.8760421  0.6197287  2.0532577  0.4284438 
368   2.8779352  0.6182851  2.1132903  0.4992638 
369   2.9185832  0.6324688  2.1331630  0.4792491 
370   2.8879743  0.6482646  2.1354389  0.4884435 
371   2.9150691  0.6228376  2.1059184  0.4940063 
372   2.9044743  0.6096999  2.1007550  0.4616354 
373   2.9062841  0.6385484  2.1038339  0.4458288 
374   2.9850793  0.6553767  2.1935213  0.4866007 
375   2.9338927  0.6297193  2.1571336  0.4765535 
376   2.9451268  0.6338801  2.1430237  0.4625102 
377   2.9801805  0.6461473  2.1947145  0.4859376 
378   2.9339635  0.6327363  2.1488976  0.4700018 
379   3.0252612  0.6278306  2.2031865  0.4643240 
380   3.0488393  0.6204346  2.2127059  0.4444798 
381   3.0054224  0.6186728  2.1640625  0.4810024 
382   3.0443680  0.6220635  2.1969752  0.4748021 
383   3.0655203  0.6370211  2.2318137  0.5174118 
384   3.0286465  0.6357497  2.2029662  0.4927947 
385   3.0716312  0.6436669  2.2630510  0.5064663 
386   3.0620360  0.6324235  2.2243567  0.4952305 
387   3.0746660  0.6347857  2.2235107  0.5054038 
388   2.9989004  0.6449521  2.2143250  0.5407917 
389   3.0197268  0.6264961  2.1801603  0.5012454 
390   2.9485457  0.6247129  2.1544654  0.5122938 
391   2.8682170  0.6062100  2.0788600  0.5069890 
392   3.0118108  0.6385948  2.1606851  0.5218206 
393   3.0097532  0.6241457  2.1440251  0.5122427 
394   3.0430646  0.6353211  2.1929352  0.5122929 
395   2.9895320  0.6341552  2.1508446  0.5349480 
396   2.9606051  0.6137801  2.1745999  0.4955602 
397   3.0164206  0.6182958  2.1814787  0.5249414 
398   3.0278516  0.6160554  2.1962335  0.5284248 
399   2.9902503  0.6312529  2.1554832  0.5628373 
400   2.9370711  0.6170998  2.1553388  0.5079771 
401   2.8967812  0.6199812  2.1127071  0.5075763 
402   2.8621640  0.6158375  2.1265576  0.5314794 
403   2.9285493  0.6224196  2.1759887  0.5186434 
404   2.9228504  0.6258533  2.1686966  0.5394075 
405   2.9829893  0.6286319  2.1976850  0.5118228 
406   2.9759130  0.6308407  2.1524081  0.5604979 
407   2.9485955  0.6463900  2.1651952  0.5544053 
408   2.9329181  0.6402597  2.1429951  0.5562550 
409   2.9130988  0.6339670  2.1432772  0.5367256 
410   3.0075483  0.6503161  2.2017729  0.5681717 
411   2.9839084  0.6517165  2.1731937  0.5846093 
412   3.0169330  0.6255686  2.1562026  0.5578672 
413   3.0223689  0.6432891  2.1650245  0.5558131 
414   3.0748591  0.6478679  2.1870494  0.5785473 
415   3.0575411  0.6523014  2.2460837  0.6126221 
416   2.9562516  0.6519989  2.1671977  0.6040507 
417   2.9730103  0.6547195  2.1658020  0.6152711 
418   2.9752252  0.6682736  2.1983094  0.6265073 
419   2.9782159  0.6679969  2.2017939  0.6312363 
420   2.9667118  0.6741718  2.2195315  0.6441793 
421   3.0033472  0.6678903  2.2153625  0.6234052 
422   3.0103829  0.6390522  2.1864452  0.6172224 
423   2.9698420  0.6450627  2.1852837  0.6497220 
424   3.0629835  0.6708615  2.2453454  0.6292021 
425   3.0519516  0.6738473  2.2477901  0.6495603 
426   3.0895615  0.6594321  2.2222414  0.6562006 
427   3.0744667  0.6626661  2.3050735  0.6653756 
428   3.1278203  0.6573445  2.3415346  0.6267466 
429   3.1957240  0.6759362  2.4050877  0.6328351 
430   3.1669641  0.6586748  2.3606448  0.6424187 
431   3.1658185  0.6671253  2.3540289  0.6182907 
432   3.1121187  0.6708186  2.3156602  0.6496037 
433   3.1617887  0.6615371  2.3735781  0.6140423 
434   3.1517627  0.6734151  2.4128933  0.6407400 
435   3.1489811  0.6632759  2.3608336  0.6367360 
436   3.1960137  0.6687655  2.4006448  0.6406277 
437   3.1454127  0.6727204  2.3577754  0.6147321 
438   3.0627623  0.6605822  2.2916257  0.6320419 
439   3.1442947  0.6467286  2.3534222  0.5999895 
440   3.1529400  0.6639412  2.3467689  0.6100549 
441   3.1513834  0.6820327  2.3218508  0.6660539 
442   3.1792591  0.6520554  2.2822170  0.5654697 
443   3.2546129  0.6620292  2.3539371  0.5851783 
444   3.1475806  0.6287646  2.2384257  0.5624220 
445   3.1645405  0.6359006  2.2644975  0.5599426 
446   3.1708755  0.6382650  2.2432675  0.5983588 
447   3.1982508  0.6342829  2.3237610  0.5680997 
448   3.2655058  0.6538767  2.3441086  0.5657601 
449   3.2979267  0.6438503  2.4012792  0.5473154 
450   3.2180095  0.6680719  2.3443387  0.6221464 
451   3.3411989  0.6608460  2.4045930  0.6153255 
452   3.2459865  0.6410848  2.3523595  0.5943390 
453   3.2518742  0.6660393  2.3831747  0.6435129 
454   3.2486506  0.6714773  2.4041662  0.6059394 
455   3.2557578  0.6828595  2.3951104  0.5939315 
456   3.2988429  0.6651937  2.4160392  0.5983582 
457   3.3366191  0.6642414  2.4257882  0.6024110 
458   3.2576897  0.6626324  2.3238304  0.5975188 
459   3.2667723  0.6673256  2.3120494  0.6127976 
460   3.1544940  0.6484764  2.2269440  0.6079624 
461   3.1560981  0.6390568  2.2527485  0.5828168 
462   3.1136162  0.6406922  2.2570384  0.6104452 
463   3.1608214  0.6497181  2.2824752  0.5798225 
464   3.1393781  0.6536659  2.2764246  0.6127773 
465   3.0625865  0.6450475  2.2122040  0.5907516 
466   3.1282167  0.6526879  2.2430899  0.6410572 
467   3.0362146  0.6287861  2.1443100  0.6128456 
468   3.0571945  0.6295272  2.1551068  0.5951572 
469   3.0257258  0.6520549  2.1366322  0.6168969 
470   3.1205311  0.6337579  2.2140994  0.5935048 
471   3.1719344  0.6400602  2.2111599  0.6123414 
472   3.1342645  0.6338944  2.1890042  0.5609046 
473   3.1634083  0.6226458  2.2469168  0.5705041 
474   3.1555874  0.6535643  2.2280080  0.5935166 
475   3.0963080  0.6392508  2.2287159  0.6181409 
476   3.0676341  0.6427027  2.1829448  0.6062233 
477   3.2277741  0.6442022  2.2601461  0.6042185 
478   3.2756879  0.6419536  2.3110163  0.5935752 
479   3.2186770  0.6335043  2.2599909  0.5882971 
480   3.2367513  0.6263712  2.3040433  0.6009911 
481   3.1862607  0.6398351  2.2631228  0.6016776 
482   3.1611142  0.6152418  2.2511284  0.6525456 
483   3.1586511  0.6148970  2.2563212  0.6280411 
484   3.1784830  0.6398882  2.2627738  0.6240925 
485   3.1118541  0.6195458  2.1818478  0.6057106 
486   3.1611929  0.6347138  2.1927695  0.6397427 
487   3.1154356  0.6190672  2.1458089  0.6352023 
488   3.1036685  0.6073657  2.1532578  0.5956118 
489   3.0209954  0.5972958  2.1187971  0.6145841 
490   3.0969317  0.6291857  2.1907306  0.6411539 
491   3.0764523  0.6260057  2.1936946  0.5948623 
492   3.1123552  0.6323006  2.2129948  0.6312382 
493   3.1198974  0.6213563  2.1997313  0.6051056 
494   3.1253211  0.6309197  2.1796119  0.6181297 
495   3.1645870  0.6165473  2.1939125  0.5884531 
496   3.1669543  0.6360574  2.1944253  0.5993248 
497   3.1828134  0.6217029  2.2356260  0.6404690 
498   3.1333876  0.6375418  2.2121809  0.6039792 
499   3.0676465  0.6224836  2.1478784  0.6194254 
500   3.1754947  0.6470388  2.2387476  0.6396715 
501   3.1818712  0.6346866  2.2554712  0.6260298 
502   3.1419082  0.6368532  2.1845479  0.6422001 
503   3.2097306  0.6485056  2.2467182  0.6290698 
504   3.2192280  0.6688977  2.3293250  0.6747100 
505   3.1990290  0.6396753  2.2876816  0.6354573 
506   3.1936309  0.6502879  2.2744870  0.6384872 
507   3.2613420  0.6457573  2.2931900  0.5932631 
508   3.2360888  0.6649420  2.3037043  0.6323655 
509   3.3121097  0.6749194  2.3841658  0.6427215 
510   3.2947423  0.6730644  2.3593137  0.6331275 
511   3.2598209  0.6508050  2.3312762  0.6382607 
512   3.3102372  0.6288327  2.3373561  0.6542153 
513   3.2609429  0.6356097  2.3329029  0.6744608 
514   3.1948435  0.6424887  2.3109505  0.6475093 
515   3.2034187  0.6434084  2.3128309  0.6665710 
516   3.0903072  0.6425869  2.2543328  0.6676919 
517   3.1280534  0.6203279  2.2849839  0.6352835 
518   3.0700526  0.6179020  2.2325664  0.6021345 
519   2.9970357  0.6084770  2.1901095  0.6298490 
520   3.0309963  0.6509301  2.2002244  0.6372355 
521   3.0326328  0.6287926  2.2109284  0.6320489 
522   3.1083961  0.6445863  2.2683337  0.6477170 
523   3.0836673  0.6357450  2.2104778  0.6279906 
524   3.0903370  0.6446400  2.2451873  0.6132722 
525   3.0631719  0.6390916  2.2356107  0.6435577 
526   3.0238447  0.6523551  2.2201049  0.6344090 
527   2.9364343  0.6350516  2.1521454  0.6233093 
528   2.9930725  0.6263959  2.1564703  0.6310220 
529   3.0275323  0.6138145  2.2046247  0.6123835 
530   3.0217357  0.6350933  2.1691144  0.6326580 
531   3.0861146  0.6431021  2.1787553  0.6447099 
532   3.0805917  0.6508002  2.1479144  0.6421772 
533   3.0315623  0.6464441  2.1131721  0.6396748 
534   3.1756256  0.6355311  2.2149777  0.6686094 
535   3.1652005  0.6417980  2.1838765  0.6617178 
536   3.1624131  0.6334207  2.1981680  0.6657450 
537   3.1130695  0.6192392  2.1529915  0.6154655 
538   3.1162529  0.6169200  2.1640761  0.6501585 
539   3.0924060  0.6497007  2.1976852  0.6482368 
540   3.0656226  0.6453567  2.1755700  0.6358112 
541   3.0708668  0.6313500  2.2297981  0.6458458 
542   3.0364711  0.6045467  2.1676819  0.6361502 
543   3.0143864  0.6226861  2.1876888  0.6743584 
544   3.0066576  0.6479318  2.1669741  0.6959385 
545   2.9934604  0.6230568  2.1341691  0.6891398 
546   3.0487058  0.6188374  2.1471710  0.6573235 
547   2.9726272  0.6539787  2.1149559  0.6535202 
548   3.0422595  0.6250029  2.1546609  0.6614888 
549   3.0257418  0.6134523  2.1923323  0.6662037 
550   3.0368962  0.6268513  2.1682377  0.6984304 
551   3.1442928  0.6241252  2.2433317  0.6791715 
552   3.1595249  0.6462262  2.2701294  0.6677493 
553   3.1908789  0.6402228  2.3012335  0.6435106 
554   3.1357963  0.6302590  2.2497928  0.6477575 
555   3.1386094  0.6128507  2.2250049  0.6310383 
556   3.2059488  0.6175037  2.2759981  0.6347696 
557   3.2462947  0.6440237  2.3185885  0.6339437 
558   3.1991489  0.6583633  2.2679861  0.6003244 
559   3.1013558  0.6333103  2.1759791  0.6185483 
560   3.1804559  0.6386645  2.2591441  0.6499932 
561   3.1167288  0.6526654  2.2072906  0.6361029 
562   3.0966034  0.6236788  2.1552079  0.5726143 
563   3.1385295  0.6152864  2.1692877  0.5871118 
564   3.2018106  0.6291057  2.2294421  0.5876752 
565   3.2681246  0.6285143  2.2592540  0.6052121 
566   3.2951746  0.6229612  2.3041096  0.5847219 
567   3.3000381  0.6307477  2.2816525  0.6156642 
568   3.3147471  0.6348342  2.2509437  0.6247994 
569   3.3734329  0.6542729  2.2871010  0.6168872 
570   3.4382663  0.6766160  2.3662136  0.6102885 
571   3.4838924  0.6761698  2.4089038  0.6322945 
572   3.4416776  0.6680999  2.3483717  0.6093390 
573   3.4762895  0.6610519  2.3581395  0.6165989 
574   3.4517927  0.6380850  2.3448822  0.6156928 
575   3.4259763  0.6229740  2.2877724  0.6033233 
576   3.4567587  0.6117250  2.3313522  0.6137211 
577   3.4578419  0.6162897  2.3504584  0.6485501 
578   3.3955240  0.5998136  2.2817318  0.5766188 
579   3.4038923  0.6078544  2.3380039  0.5684856 
580   3.4786110  0.6576176  2.3673542  0.6159593 
581   3.4413874  0.6393725  2.3459334  0.6564372 
582   3.4529495  0.6758762  2.4186401  0.6382680 
583   3.4101276  0.6874894  2.4165049  0.6524178 
584   3.3885162  0.6558119  2.3869255  0.5901221 
585   3.3910880  0.6715527  2.3976743  0.6549580 
586   3.5343254  0.6643816  2.4480357  0.6484199 
587   3.4779396  0.6749461  2.4392567  0.6394221 
588   3.4842277  0.6708413  2.4672415  0.6209959 
589   3.4410257  0.6420933  2.4340813  0.5935591 
590   3.4755151  0.6423712  2.4525082  0.6398708 
591   3.4442720  0.6376460  2.4239686  0.6200207 
592   3.4649591  0.6370657  2.4448409  0.6430425 
593   3.4769037  0.6467065  2.4539871  0.5926318 
594   3.4588804  0.6405360  2.4453573  0.6353137 
595   3.5123875  0.6244126  2.4103265  0.6223693 
596   3.5378902  0.6360484  2.4376390  0.6006247 
597   3.5556345  0.6260476  2.4632521  0.6236897 
598   3.5651846  0.6434615  2.4829471  0.6147725 
599   3.4277420  0.6286786  2.4007576  0.6145931 
600   3.5378909  0.6288296  2.4405894  0.6303203 
601   3.5302291  0.6286945  2.4847023  0.6047410 
602   3.4564497  0.6365945  2.4304905  0.6391893 
603   3.4969916  0.6422570  2.4599254  0.6273270 
604   3.5789659  0.6386406  2.4621634  0.6188307 
605   3.5788407  0.6512831  2.4232116  0.6169562 
606   3.5863035  0.6673259  2.4842794  0.6198218 
607   3.6073477  0.6691856  2.4965701  0.5925990 
608   3.7043087  0.6784834  2.5783830  0.6022235 
609   3.6694369  0.6784897  2.5893066  0.5992671 
610   3.6456997  0.6492013  2.5578218  0.5659584 
611   3.6497548  0.6767247  2.5488904  0.6287064 
612   3.6912084  0.6578572  2.5340772  0.6399436 
613   3.6267769  0.6636075  2.4883285  0.6584243 
614   3.6472657  0.6636332  2.4868500  0.6340450 
615   3.6986759  0.6790944  2.5437829  0.6419770 
616   3.6659470  0.6478878  2.5023680  0.5932902 
617   3.6880550  0.6521610  2.4946096  0.6289053 
618   3.7113113  0.6544944  2.5159717  0.5639060 
619   3.6254370  0.6568928  2.4811213  0.5811051 
620   3.7094159  0.6525931  2.4608388  0.5969278 
621   3.6731644  0.6481790  2.4667897  0.6218850 
622   3.6280134  0.6393493  2.3846667  0.6189433 
623   3.5051980  0.6478114  2.3448637  0.6445554 
624   3.5428514  0.6462545  2.3638060  0.6594566 
625   3.5403225  0.6243023  2.3480151  0.6338819 
626   3.5447013  0.6274787  2.3978326  0.6395653 
627   3.5833585  0.6295967  2.3610549  0.6080107 
628   3.6014168  0.6540785  2.4101963  0.6502248 
629   3.5776165  0.6336253  2.3887727  0.5853050 
630   3.5829096  0.6339915  2.3942029  0.6093266 
631   3.5434303  0.6231233  2.3676353  0.6077006 
632   3.4742079  0.6438230  2.3591926  0.6212320 
633   3.5411940  0.6510211  2.4074364  0.6288821 
634   3.4874017  0.6306964  2.3523829  0.6074887 
635   3.4977026  0.6395866  2.3677347  0.6465327 
636   3.5360026  0.6493773  2.4130566  0.6092151 
637   3.5076218  0.6671756  2.3566687  0.6386403 
638   3.4753761  0.6504225  2.3075163  0.6128866 
639   3.6064517  0.6620086  2.3899961  0.6504905 
640   3.5508785  0.6688272  2.4031034  0.6368615 
641   3.4645967  0.6564256  2.3332338  0.6484695 
642   3.5236208  0.6886257  2.4152632  0.6356834 
643   3.4017470  0.6780044  2.3346498  0.6430058 
644   3.3917713  0.6747528  2.3462868  0.6159530 
645   3.3497543  0.6704544  2.3100524  0.6145843 
646   3.4272974  0.6796315  2.3781579  0.5687489 
647   3.4332204  0.6681005  2.3789480  0.6463272 
648   3.4429114  0.6708173  2.3909533  0.5850378 
649   3.3684871  0.6511789  2.3093212  0.5813832 
650   3.3797281  0.6620019  2.3317032  0.6106496 
651   3.4212334  0.6644102  2.3340230  0.6191141 
652   3.4384556  0.6695716  2.3698382  0.5521492 
653   3.3832598  0.6828576  2.3488462  0.5819193 
654   3.3788364  0.6811405  2.3425300  0.6266865 
655   3.4721568  0.6916724  2.4032404  0.6375751 
656   3.4138887  0.6882120  2.3849044  0.6447192 
657   3.4635971  0.7106063  2.4340978  0.6662918 
658   3.4672222  0.7020263  2.4073298  0.6720534 
659   3.4347796  0.6892039  2.3756406  0.6108325 
660   3.4336121  0.6867998  2.3749392  0.5941637 
661   3.4563901  0.6753242  2.4003139  0.5897235 
662   3.4526401  0.6758198  2.3908160  0.6267672 
663   3.4677238  0.6850114  2.4323447  0.6037294 
664   3.4293919  0.6920131  2.3966630  0.5868949 
665   3.3689725  0.6810977  2.3431213  0.6032237 
666   3.3608615  0.6773806  2.3515475  0.5936960 
667   3.4532955  0.6724873  2.4014692  0.5639923 
668   3.4615407  0.6906306  2.4196200  0.5907432 
669   3.5130937  0.7017788  2.4393067  0.6040950 
670   3.4876306  0.7112739  2.4063110  0.5907967 
671   3.5001237  0.6845226  2.3991117  0.6156600 
672   3.4378214  0.6846615  2.3539062  0.6037558 
673   3.4176030  0.6913481  2.3679969  0.5948518 
674   3.4530733  0.6958973  2.3766401  0.5771832 
675   3.4760311  0.6947166  2.3954585  0.6360577 
676   3.4780474  0.6966897  2.3938880  0.6099136 
677   3.5726287  0.6978360  2.4637277  0.6054483 
678   3.5472734  0.6863669  2.4493885  0.6012202 
679   3.6081753  0.6901277  2.4789910  0.6278247 
680   3.6500103  0.6940454  2.4786592  0.6322981 
681   3.6094344  0.6732569  2.4133136  0.6020160 
682   3.5231175  0.6891385  2.3793993  0.5993093 
683   3.4756880  0.6770918  2.3942041  0.5676618 
684   3.4972565  0.6907830  2.3991096  0.5439414 
685   3.5494709  0.6976787  2.4331074  0.5935018 
686   3.5428786  0.6669692  2.4333327  0.5765556 
687   3.5813582  0.6912553  2.5123501  0.6142336 
688   3.5652993  0.6675040  2.4884541  0.5806210 
689   3.5098438  0.6984662  2.4732711  0.5975943 
690   3.4590085  0.7025021  2.4408066  0.6398441 
691   3.5074236  0.6756138  2.4342575  0.5940090 
692   3.4880221  0.6816559  2.4538748  0.6285072 
693   3.4083204  0.6656458  2.3817129  0.5791805 
694   3.4767935  0.6679604  2.4312665  0.5824518 
695   3.4275651  0.6845322  2.3828287  0.5917978 
696   3.4058890  0.6753396  2.3783422  0.6235454 
697   3.3989422  0.6781772  2.3490396  0.5977319 
698   3.3637059  0.6567433  2.3211579  0.6031949 
699   3.3589640  0.6649989  2.3440807  0.5903409 
700   3.3710306  0.6543625  2.3611233  0.5986702 
701   3.4259961  0.6514220  2.3403444  0.5846125 
702   3.4867961  0.6735966  2.4430194  0.6015325 
703   3.5825250  0.6700923  2.5018127  0.6034237 
704   3.6043077  0.6685314  2.5392287  0.6077341 
705   3.4705532  0.6846911  2.4503551  0.6127798 
706   3.4997866  0.6706382  2.4675384  0.5947009 
707   3.5383358  0.6525897  2.4762435  0.6087798 
708   3.5054328  0.6555028  2.4537160  0.5660061 
709   3.5171328  0.6846863  2.4424472  0.6046897 
710   3.5178339  0.6816267  2.4706900  0.5996560 
711   3.4190164  0.6885505  2.3457997  0.6066634 
712   3.5594909  0.6933848  2.4671278  0.6009087 
713   3.4875882  0.6760361  2.3980160  0.6210296 
714   3.4790976  0.7046873  2.4217093  0.5923436 
715   3.4707532  0.7206789  2.4114895  0.6303821 
716   3.4303203  0.6905088  2.3585801  0.6121737 
717   3.5334561  0.6665565  2.4334803  0.6295598 
718   3.5295260  0.6928044  2.4670570  0.6468533 
719   3.5795438  0.6906264  2.5165660  0.6486577 
720   3.5660570  0.7179922  2.5152817  0.6713717 
721   3.6703682  0.7436305  2.5838056  0.6742343 
722   3.6387551  0.7024071  2.5355351  0.6235506 
723   3.6966984  0.7088259  2.5496120  0.6187536 
724   3.5962610  0.6994794  2.4697783  0.6070856 
725   3.5921409  0.6973693  2.4728963  0.5908368 
726   3.6216471  0.7185162  2.5396245  0.6317853 
727   3.5502899  0.7087777  2.4903977  0.6214526 
728   3.5993586  0.6832409  2.5132430  0.5884817 
729   3.4946928  0.6830215  2.4376037  0.6079654 
730   3.4892867  0.6854398  2.4734855  0.6009357 
731   3.4796591  0.6927881  2.4412603  0.5840642 
732   3.4744530  0.7072333  2.4463480  0.6124082 
733   3.5118306  0.6865291  2.4832621  0.6012087 
734   3.5289302  0.7114552  2.5023012  0.5931386 
735   3.5266600  0.6800300  2.4612048  0.6233347 
736   3.5589833  0.6781956  2.4975164  0.5969252 
737   3.4765675  0.6761916  2.4555099  0.5755144 
738   3.4534535  0.6751451  2.4457209  0.6121880 
739   3.3999848  0.6942905  2.4335990  0.5688493 
740   3.4479036  0.6597613  2.4550493  0.5726308 
741   3.4914317  0.6876727  2.4756846  0.6055659 
742   3.5461521  0.6544123  2.4799418  0.5862046 
743   3.6132212  0.6738220  2.5600829  0.6024696 
744   3.6163712  0.6870180  2.5367250  0.5954807 
745   3.5728400  0.6609323  2.5019495  0.5598909 
746   3.5191095  0.6733848  2.5048482  0.5734401 
747   3.4572811  0.6785430  2.4663436  0.5353538 
748   3.3321123  0.6873064  2.3761015  0.5483413 
749   3.3672647  0.6969371  2.3866007  0.5489398 
750   3.4365897  0.6960662  2.4607925  0.5539429 
751   3.3666577  0.6843434  2.3989344  0.5726796 
752   3.4213495  0.6812024  2.4365077  0.5881369 
753   3.3925376  0.7043567  2.4125154  0.5946656 
754   3.4390442  0.7004881  2.4111562  0.6019385 
755   3.4020426  0.6900547  2.3704300  0.5958686 
756   3.4355743  0.6700943  2.4104383  0.6212077 
757   3.4721103  0.6738137  2.4406126  0.5820424 
758   3.4867105  0.6770598  2.4971530  0.5891504 
759   3.4782193  0.6908966  2.5019751  0.6168390 
760   3.4875267  0.7016504  2.4930718  0.5698521 
761   3.5610576  0.6878904  2.5020564  0.5971887 
762   3.3995790  0.6739608  2.4277058  0.6386110 
763   3.4501002  0.6679751  2.4636240  0.5819136 
764   3.4721787  0.6969328  2.4885752  0.6186492 
765   3.4933281  0.6851706  2.4692171  0.5893781 
766   3.5204813  0.6815695  2.4947505  0.6039036 
767   3.5353940  0.7011438  2.5603824  0.5930832 
768   3.4713643  0.6666408  2.4661894  0.5841848 
769   3.4470723  0.6695350  2.4531443  0.5520756 
770   3.3911948  0.6755603  2.4002459  0.5702211 
771   3.4496520  0.6645579  2.4745798  0.5699876 
772   3.5196364  0.6694637  2.4814007  0.5744573 
773   3.5664937  0.7019011  2.4820364  0.5931557 
774   3.4881084  0.6699432  2.4505019  0.5566653 
775   3.4850638  0.6834337  2.4425726  0.5897433 
776   3.4862754  0.7007532  2.4495668  0.5642488 
777   3.4695323  0.6936745  2.4544914  0.5978692 
778   3.5230360  0.6799641  2.4648807  0.5686637 
779   3.5923460  0.6788846  2.5540617  0.5814981 
780   3.6492202  0.6845524  2.5777631  0.6237837 
781   3.6067910  0.6908308  2.5678558  0.6298669 
782   3.6284783  0.6906213  2.5668464  0.6064296 
783   3.6599617  0.6908087  2.5832582  0.5905005 
784   3.5708179  0.6818299  2.5056930  0.5642325 
785   3.5052042  0.7023026  2.4778252  0.6078687 
786   3.5500424  0.6868591  2.4975984  0.5659307 
787   3.5206602  0.6855213  2.4866571  0.5619904 
788   3.5344508  0.6840587  2.5073318  0.5811377 
789   3.5962067  0.7050563  2.5364091  0.5795817 
790   3.6967583  0.6802518  2.5775867  0.6040928 
791   3.6895680  0.7023776  2.6158421  0.5749808 
792   3.6890430  0.7082939  2.5824687  0.6304581 
793   3.7741923  0.7189486  2.6439614  0.6309090 
794   3.7464614  0.7314351  2.6651657  0.6440914 
795   3.6798191  0.7303801  2.6479342  0.6311976 
796   3.5426896  0.6970489  2.5551751  0.5846205 
797   3.6637063  0.6985279  2.6105819  0.6415269 
798   3.6621807  0.7166731  2.6001201  0.6544781 
799   3.7151642  0.7013131  2.6688352  0.6059338 
800   3.7388275  0.7096235  2.6775427  0.5764530 
801   3.7639494  0.7244241  2.6854300  0.5898353 
802   3.7261415  0.7273609  2.6563268  0.6435774 
803   3.8024292  0.7288347  2.7330680  0.5972111 
804   3.6938229  0.6988798  2.6209681  0.6059769 
805   3.6608686  0.7014308  2.5981331  0.5923654 
806   3.6068141  0.7049848  2.5624537  0.5989627 
807   3.5587704  0.6900623  2.5171914  0.6219070 
808   3.5737889  0.7011124  2.5094907  0.5613732 
809   3.6082187  0.7078555  2.5640998  0.6076713 
810   3.5463877  0.7024487  2.5486636  0.5984029 
811   3.4995391  0.7117038  2.4750876  0.6068388 
812   3.4960754  0.6996138  2.4874310  0.5951507 
813   3.4065471  0.7188173  2.4222546  0.6378437 
814   3.4449792  0.7036601  2.4294379  0.6041837 
815   3.5368593  0.7118618  2.4893994  0.6300092 
816   3.4515266  0.7257919  2.4260194  0.5980764 
817   3.4610829  0.7176444  2.4376297  0.6380039 
818   3.4961221  0.6870489  2.4697680  0.5689277 
819   3.4059365  0.6891476  2.3833904  0.6163393 
820   3.5212355  0.6986977  2.5094216  0.6250972 
821   3.4506762  0.7178259  2.4453800  0.6235735 
822   3.5110176  0.7127576  2.4760008  0.6251636 
823   3.4049675  0.6905838  2.4300463  0.6310011 
824   3.4490747  0.6987398  2.4284213  0.6648386 
825   3.4117286  0.6857949  2.4550450  0.6430470 
826   3.3428206  0.6873047  2.3901417  0.6177378 
827   3.2816563  0.6791197  2.2725089  0.5643247 
828   3.3517034  0.6779289  2.3955173  0.5640140 
829   3.2941637  0.6848781  2.3645699  0.6318753 
830   3.3348126  0.6907067  2.4139292  0.5958939 
831   3.3331730  0.7007067  2.4001157  0.5674234 
832   3.3295157  0.6753573  2.4280620  0.5582705 
833   3.3917911  0.6990170  2.4628861  0.6001388 
834   3.3580401  0.7001889  2.4267101  0.5574186 
835   3.3970466  0.7027807  2.4502392  0.5904323 
836   3.4227035  0.6911800  2.4315085  0.5800979 
837   3.4675157  0.7205904  2.4496443  0.5768064 
838   3.5029516  0.7138543  2.4868355  0.5854263 
839   3.5020697  0.7301102  2.5226207  0.6120455 
840   3.4311194  0.7119972  2.4483149  0.5835301 
841   3.4647546  0.7257378  2.5087125  0.5953357 
842   3.5297744  0.7192940  2.5475833  0.6072769 
843   3.5191040  0.7070563  2.5355833  0.5827340 
844   3.5492833  0.7197312  2.5427759  0.5804260 
845   3.5299168  0.7218774  2.5867636  0.6207572 
846   3.5842683  0.7218678  2.6013885  0.6159678 
847   3.5504782  0.7168537  2.5394948  0.6113417 
848   3.5100946  0.7252826  2.4772356  0.6300364 
849   3.5411625  0.7449950  2.4628792  0.6148537 
850   3.5739818  0.7338899  2.5005715  0.5808604 
851   3.6111488  0.7601457  2.5534010  0.6184695 
852   3.5437672  0.7432432  2.5233357  0.6343961 
853   3.5331299  0.7605245  2.5050912  0.6409145 
854   3.5486951  0.7385677  2.5497203  0.6172805 
855   3.5078897  0.7425871  2.5006433  0.6010066 
856   3.5333591  0.7368122  2.5510113  0.6299345 
857   3.4481797  0.7407100  2.4635115  0.6462806 
858   3.4270189  0.7320862  2.4664075  0.6051912 
859   3.4731669  0.7353765  2.5328293  0.5847977 
860   3.5727460  0.7529360  2.5900009  0.5860671 
861   3.5625970  0.7373989  2.6322789  0.5862507 
862   3.5664318  0.7420167  2.6039670  0.5733501 
863   3.4834995  0.7548897  2.5431588  0.5853464 
864   3.4933565  0.7346377  2.5442126  0.6062821 
865   3.4687479  0.7398527  2.5353034  0.5760259 
866   3.4759784  0.7349608  2.5290203  0.5970336 
867   3.3991213  0.7423216  2.4967840  0.5876693 
868   3.4387827  0.7354811  2.5701659  0.5631704 
869   3.4407752  0.7201547  2.5491993  0.6257718 
870   3.3447096  0.7224791  2.4817834  0.6049880 
871   3.4199119  0.7381684  2.5345709  0.6290578 
872   3.4104841  0.7345923  2.5386453  0.6151863 
873   3.4036067  0.7413459  2.4878306  0.6164381 
874   3.3857732  0.7408494  2.4936714  0.6464438 
875   3.3205955  0.7204346  2.4696834  0.6205446 
876   3.4142132  0.7445254  2.5094342  0.6523724 
877   3.4386129  0.7462004  2.5158825  0.6242158 
878   3.3991470  0.7365930  2.4702947  0.6028979 
879   3.4116867  0.7234993  2.5035951  0.6219145 
880   3.4263053  0.7465760  2.5041151  0.5864214 
881   3.4596498  0.7458038  2.5330265  0.5807840 
882   3.4218171  0.7501896  2.4883311  0.5687753 
883   3.4836867  0.7453228  2.5382054  0.5948323 
884   3.4760904  0.7158442  2.5370667  0.5610118 
885   3.5425580  0.7226297  2.5992765  0.5179224 
886   3.5368989  0.7341693  2.5780759  0.5084763 
887   3.4733753  0.7309023  2.5514429  0.5706365 
888   3.4521244  0.7383546  2.5755243  0.5576280 
889   3.3992445  0.7362456  2.4998667  0.5604784 
890   3.3381252  0.7095270  2.4772241  0.5589848 
891   3.3857203  0.7231488  2.5183027  0.5281253 
892   3.4194787  0.7220959  2.5147786  0.5668120 
893   3.3764651  0.7404066  2.5069575  0.5658706 
894   3.4450011  0.7248788  2.5467949  0.5536180 
895   3.3639195  0.7129782  2.4814513  0.5697680 
896   3.3690996  0.7534532  2.4871242  0.6094903 
897   3.3981540  0.7305710  2.5308127  0.5835940 
898   3.4553261  0.7417789  2.5273769  0.6060942 
899   3.4430053  0.7308174  2.5445936  0.5848861 
900   3.4067714  0.7227764  2.5153847  0.5988953 
901   3.5457518  0.7152139  2.5906653  0.6020498 
902   3.4289351  0.7031115  2.5318134  0.5651979 
903   3.5292702  0.7407425  2.6115818  0.6267526 
904   3.5218837  0.7303190  2.5945542  0.6395395 
905   3.5503500  0.7166902  2.6238701  0.6114791 
906   3.4970779  0.7111412  2.5677862  0.5909677 
907   3.4292507  0.6953024  2.4761572  0.6210811 
908   3.4633982  0.7030812  2.5423865  0.5875704 
909   3.4379492  0.7082509  2.5065751  0.6009248 
910   3.4262445  0.7409081  2.5326579  0.6213782 
911   3.4515979  0.7147472  2.5139091  0.6137655 
912   3.3638940  0.7088805  2.4743440  0.6226039 
913   3.3222456  0.7191511  2.4822054  0.6449633 
914   3.3770795  0.7150571  2.5208127  0.6018443 
915   3.4646380  0.7324632  2.5329704  0.6402658 
916   3.4535058  0.7181646  2.5241413  0.6126521 
917   3.4956965  0.7287053  2.5595741  0.6245182 
918   3.4748387  0.7405353  2.5442910  0.6416819 
919   3.4509056  0.7314518  2.5509591  0.6552514 
920   3.4852982  0.7201088  2.5107286  0.6186945 
921   3.5010130  0.7270356  2.5669887  0.6412106 
922   3.5595336  0.7425147  2.6155989  0.6804646 
923   3.4921217  0.7531238  2.5712178  0.6406531 
924   3.5331957  0.7650784  2.5958912  0.6414805 
925   3.6156068  0.7735196  2.6724994  0.6659243 
926   3.5641561  0.7636960  2.6158354  0.6497111 
927   3.5852141  0.7641375  2.6537182  0.6249873 
928   3.4863379  0.7595872  2.5504959  0.6452000 
929   3.5351105  0.7862548  2.5924580  0.6461731 
930   3.4994037  0.7462730  2.5558660  0.6194458 
931   3.4662852  0.7483726  2.4677331  0.6100616 
932   3.5534728  0.7661611  2.5313592  0.6159872 
933   3.5494828  0.7638043  2.5560269  0.6369138 
934   3.3952963  0.7277043  2.4067225  0.5873781 
935   3.4432623  0.7334770  2.4595664  0.5780749 
936   3.4406936  0.7220489  2.4772584  0.5751836 
937   3.4101517  0.7281270  2.4446931  0.5559111 
938   3.4689345  0.7232777  2.4547400  0.5814544 
939   3.4881704  0.7148260  2.5282764  0.5696868 
940   3.6194553  0.7390995  2.6014061  0.6332201 
941   3.5610123  0.7320690  2.5712087  0.6321427 
942   3.4972436  0.7225674  2.4862795  0.6091946 
943   3.5105836  0.7581741  2.4919169  0.6486363 
944   3.4840579  0.7471840  2.4981551  0.6352044 
945   3.4801478  0.7375510  2.5081449  0.6333306 
946   3.5500107  0.7292238  2.5222607  0.6362113 
947   3.5576527  0.7295809  2.5619321  0.6371917 
948   3.6815305  0.7072455  2.6331017  0.5907775 
949   3.7046525  0.7307933  2.6235361  0.6161307 
950   3.7436657  0.7410058  2.6678755  0.6172745 
951   3.7410924  0.7408336  2.6782761  0.6355608 
952   3.6684625  0.7231184  2.6199222  0.5779862 
953   3.6140807  0.7622967  2.6492786  0.5747071 
954   3.5566010  0.7315926  2.5724938  0.6540772 
955   3.5561564  0.7179222  2.5691597  0.6002853 
956   3.5229039  0.7415605  2.5520406  0.5902916 
957   3.5749605  0.7316756  2.5931249  0.6219973 
958   3.5918729  0.7308085  2.5859313  0.6418056 
959   3.5504189  0.7364530  2.5894792  0.6719562 
960   3.5272388  0.7261054  2.5578029  0.5991338 
961   3.5827496  0.7439031  2.5633819  0.5972934 
962   3.5048330  0.7382069  2.5490067  0.6467258 
963   3.5620966  0.7260027  2.5931888  0.5816750 
964   3.6461153  0.7159355  2.6547859  0.6127560 
965   3.5067396  0.7259460  2.4967802  0.6197927 
966   3.4943438  0.7142341  2.5187240  0.5364168 
967   3.4977140  0.7201034  2.4702389  0.5888146 
968   3.4543569  0.7411002  2.5008547  0.6128260 
969   3.4626355  0.7343456  2.4983933  0.6251415 
970   3.4434557  0.7370390  2.4716444  0.6243119 
971   3.4308271  0.7198343  2.4008317  0.6021463 
972   3.5428135  0.7364865  2.4673040  0.5815151 
973   3.4683738  0.7444143  2.4643333  0.5989002 
974   3.5314388  0.7355944  2.5142703  0.6229717 
975   3.4729881  0.7439020  2.4728656  0.6402762 
976   3.6552389  0.7255487  2.5624013  0.6165037 
977   3.6208076  0.7276813  2.5138826  0.6147273 
978   3.6692202  0.7335982  2.5689101  0.6019177 
979   3.6123259  0.7366394  2.5038061  0.5626870 
980   3.6214921  0.7705328  2.5249586  0.6260973 
981   3.7286296  0.7784284  2.6077282  0.6352547 
982   3.7141871  0.7583612  2.6248569  0.6507607 
983   3.7619698  0.7545559  2.6337368  0.6685019 
984   3.7372873  0.7299754  2.6044507  0.6249549 
985   3.7253668  0.7190405  2.5685310  0.6089857 
986   3.8789461  0.7589328  2.6877544  0.6139333 
987   3.8149924  0.7399818  2.6359186  0.5720343 
988   3.7140248  0.7240869  2.5200152  0.5567766 
989   3.6812217  0.7112677  2.5065506  0.5127732 
990   3.6959963  0.7246492  2.5733852  0.5438244 
991   3.6274564  0.7127812  2.5322778  0.5599105 
992   3.5892305  0.7362224  2.5220268  0.6069897 
993   3.6251900  0.7509062  2.5219073  0.6445256 
994   3.6877747  0.7314169  2.5460880  0.6412435 
995   3.7200639  0.7453985  2.6322489  0.6170428 
996   3.7263863  0.7460513  2.5614634  0.6412550 
997   3.7589550  0.7705227  2.5991938  0.6941635 
998   3.7447517  0.7595248  2.6169598  0.6801001 
999   3.7271080  0.7301097  2.5639491  0.6483737 
1000  3.7931695  0.7510458  2.6049695  0.6619101 
1001  3.8682432  0.7507355  2.6752369  0.6335004 
1002  3.8278537  0.7527590  2.6464729  0.6509124 
1003  3.8008082  0.7587013  2.6506772  0.6568664 
1004  3.8134007  0.7601689  2.6972091  0.6323943 
1005  3.7957759  0.7547227  2.6532860  0.5921959 
1006  3.6951849  0.7533219  2.5986686  0.5773627 
1007  3.6847568  0.7589440  2.5716581  0.6323738 
1008  3.6009758  0.7319739  2.5132267  0.6086934 
1009  3.6292541  0.7423877  2.4902534  0.6335744 
1010  3.6057701  0.7382053  2.5114474  0.5943597 
1011  3.6634808  0.7413950  2.5861726  0.5664842 
1012  3.7507575  0.7438948  2.6422226  0.5853862 
1013  3.7627690  0.7338536  2.6260362  0.5751565 
1014  3.7329662  0.7539774  2.5777612  0.6355637 
1015  3.6676805  0.7349902  2.4806538  0.6429750 
1016  3.7212856  0.7418421  2.5086689  0.6098003 
1017  3.7626698  0.7298131  2.5876849  0.6006278 
1018  3.7210460  0.7241870  2.5720594  0.6067855 
1019  3.7841101  0.7228738  2.5936308  0.5897630 
1020  3.7652967  0.7362231  2.5942686  0.6011481 
1021  3.7073650  0.7303259  2.5389595  0.5540050 
1022  3.8832343  0.7541733  2.6604078  0.6065191 
1023  3.7880490  0.7296816  2.6020367  0.6008177 
1024  3.8358128  0.7536947  2.6021349  0.6272550 
1025  3.8795381  0.7656307  2.6333237  0.6187922 
