#time, global, repeatA-F, pore, tm38
0     0.1565243  0.1523033  0.1559155  0.1107745 
1     0.6439633  0.2124312  0.4285639  0.1034016 
2     0.8762767  0.2277829  0.6154879  0.1007542 
3     1.2467538  0.2484459  0.8119682  0.1223358 
4     1.3536381  0.2680157  0.8471338  0.1165972 
5     1.5164280  0.2664249  0.9371814  0.1112559 
6     1.6947576  0.2895433  1.0500506  0.1301797 
7     1.7426116  0.2856638  1.0772367  0.1410707 
8     1.7801765  0.2880634  1.0957010  0.1472790 
9     1.8080847  0.2878350  1.1163560  0.1424065 
10    1.8503081  0.3029304  1.1498401  0.1564497 
11    1.7921351  0.2907972  1.1061251  0.1478437 
12    1.8363645  0.3080177  1.1197200  0.1533245 
13    1.8150870  0.2960294  1.1297388  0.1567061 
14    1.8607367  0.3395600  1.1757708  0.1759850 
15    1.9013578  0.3423820  1.1987872  0.1557569 
16    1.9350361  0.3361486  1.2020434  0.1991320 
17    2.0257185  0.3445652  1.2884941  0.1706820 
18    1.9976134  0.3504861  1.2611367  0.1951847 
19    2.0699444  0.3447358  1.2786640  0.1908065 
20    2.1373036  0.3360479  1.3663592  0.1886685 
21    2.1947541  0.3379903  1.3785733  0.1964299 
22    2.1877391  0.3419225  1.3853356  0.2085641 
23    2.1877496  0.3556764  1.4765812  0.2067448 
24    2.3027136  0.3738202  1.5225791  0.2170541 
25    2.2131569  0.3509516  1.4328005  0.2275446 
26    2.2353137  0.3633496  1.4457234  0.2237187 
27    2.1615171  0.3555533  1.4082928  0.2940080 
28    2.2828550  0.3579366  1.5199580  0.2399693 
29    2.3828955  0.3560974  1.6300541  0.2541376 
30    2.4429948  0.3635843  1.6699750  0.2665682 
31    2.4091876  0.3698398  1.6356406  0.2534565 
32    2.3821523  0.3580132  1.5287025  0.2572515 
33    2.3774948  0.3644448  1.5801705  0.2514149 
34    2.3932083  0.3728770  1.6152736  0.2506026 
35    2.4170918  0.3687479  1.6179745  0.2211585 
36    2.4028001  0.3906077  1.6281289  0.2295364 
37    2.4993114  0.3873881  1.7221506  0.2297704 
38    2.6184618  0.3972867  1.7680819  0.2213854 
39    2.5534289  0.4010932  1.7651516  0.2224419 
40    2.4836721  0.4369128  1.7305369  0.2211662 
41    2.5710485  0.4113533  1.7642535  0.2430789 
42    2.5263548  0.4051043  1.7459251  0.2225233 
43    2.5257871  0.4189185  1.7682364  0.2371800 
44    2.6147335  0.4623725  1.8666599  0.2202670 
45    2.6353009  0.4860353  1.8801767  0.2554999 
46    2.6718011  0.4997328  1.9309998  0.2302688 
47    2.6561155  0.4590871  1.8937593  0.2692130 
48    2.6747985  0.4728365  1.9181474  0.2538472 
49    2.6516314  0.4850903  1.9650036  0.2410191 
50    2.6474047  0.4855530  1.9062759  0.2531691 
51    2.6194561  0.4596670  1.8926467  0.2201557 
52    2.6913245  0.4905286  1.9554856  0.2298838 
53    2.7112279  0.5309364  2.0047476  0.2453703 
54    2.7755463  0.5566180  2.0463011  0.2583090 
55    2.6306028  0.5123245  1.9541160  0.2407203 
56    2.6250205  0.5138470  1.9374838  0.2480434 
57    2.6699076  0.5170639  1.9953079  0.2463851 
58    2.7811005  0.5336715  2.0728087  0.2565128 
59    2.7256801  0.5085396  2.0356333  0.2676847 
60    2.8124619  0.5210385  2.0998139  0.2697511 
61    2.8408689  0.5550085  2.0994067  0.2636356 
62    2.8147531  0.5491936  2.0622721  0.2928044 
63    2.8753269  0.5727515  2.1458030  0.2636940 
64    2.9398708  0.5665771  2.1731284  0.2492000 
65    3.0090432  0.5547732  2.2489700  0.2765401 
66    2.9029880  0.5674483  2.1992047  0.2613935 
67    2.9321897  0.6082901  2.1837821  0.2863351 
68    2.9453731  0.5480331  2.1593657  0.2567344 
69    2.9394917  0.5469546  2.1573491  0.2696319 
70    2.8950515  0.5449065  2.1795545  0.2912601 
71    2.9237061  0.5919426  2.2275660  0.2991534 
72    2.9334791  0.5848983  2.1983838  0.3009064 
73    2.9925332  0.5959775  2.2669213  0.2923874 
74    2.8531985  0.5829334  2.1075945  0.3023413 
75    2.9126375  0.5708803  2.1518626  0.3121141 
76    2.9394143  0.5822844  2.1909182  0.3030434 
77    3.0431149  0.6316465  2.3034015  0.2784051 
78    3.0303280  0.5984934  2.2885151  0.2739946 
79    3.0338492  0.5930430  2.2837129  0.2670599 
80    3.0403988  0.6129223  2.3132584  0.3237143 
81    3.0318885  0.6012366  2.3112288  0.3106474 
82    3.0051441  0.6343153  2.3039227  0.3159386 
83    3.0511847  0.6260318  2.3446889  0.3181490 
84    3.0588839  0.6095467  2.3428526  0.2972142 
85    3.0699389  0.6437219  2.3613429  0.3142619 
86    3.0871530  0.6255868  2.3653085  0.3100465 
87    3.1843262  0.6244439  2.4231510  0.2958453 
88    3.0575006  0.6431676  2.3379450  0.3281324 
89    3.0691752  0.6492340  2.3633883  0.3441927 
90    3.0381060  0.6216384  2.3142266  0.3498194 
91    3.1148424  0.6073308  2.3718340  0.3194098 
92    3.0988591  0.6395244  2.3260691  0.3297048 
93    3.2549083  0.6431485  2.4447372  0.3170000 
94    3.1637378  0.6294767  2.3782873  0.3174330 
95    3.1405947  0.6378924  2.3624990  0.3108780 
96    3.1305971  0.6156420  2.3465443  0.3180269 
97    3.0899713  0.6278160  2.3468125  0.3088933 
98    3.0604603  0.6414041  2.3342049  0.3483177 
99    3.1370802  0.6353202  2.3925245  0.3059775 
100   3.0886273  0.6526855  2.3124564  0.3360499 
101   3.1277223  0.6405837  2.3528333  0.3432336 
102   3.0725987  0.6272252  2.3117146  0.3564682 
103   3.0961764  0.6296301  2.3321362  0.3525741 
104   3.1699004  0.6641322  2.3956563  0.3476179 
105   3.2352209  0.6594569  2.4371305  0.3477689 
106   3.2757285  0.6940774  2.4602635  0.3447166 
107   3.1910138  0.6273991  2.3566341  0.3516192 
108   3.1814969  0.6538281  2.3603230  0.3476363 
109   3.1259937  0.6252416  2.3296607  0.3179653 
110   3.2318339  0.6582659  2.4051108  0.3090487 
111   3.2674921  0.6439934  2.4767451  0.3364093 
112   3.1591721  0.6425660  2.3784051  0.3385973 
113   3.2591517  0.6733713  2.4891417  0.2987214 
114   3.3182471  0.6830457  2.5258880  0.3910908 
115   3.2007222  0.6513489  2.4284422  0.3674970 
116   3.3272295  0.6585261  2.5018957  0.3714298 
117   3.1658947  0.6958393  2.3772490  0.3773388 
118   3.2327812  0.6642898  2.3896065  0.3823318 
119   3.3055084  0.6618415  2.4744391  0.4043918 
120   3.2023757  0.6944029  2.3807921  0.3619520 
121   3.1518159  0.6483352  2.3542500  0.3568902 
122   3.2388520  0.6169642  2.4041865  0.3350198 
123   3.2401493  0.6439124  2.4016640  0.3377082 
124   3.2132199  0.6416481  2.4604571  0.3505177 
125   3.2692523  0.6366400  2.4962590  0.3468872 
126   3.3427813  0.6599699  2.5454900  0.3699639 
127   3.3007598  0.6638963  2.5149605  0.3508182 
128   3.2882245  0.6929039  2.5138540  0.3278157 
129   3.2656057  0.6682150  2.5121200  0.3710706 
130   3.2995331  0.6853721  2.5361695  0.3652052 
131   3.2193232  0.7056652  2.4254284  0.3522595 
132   3.2550893  0.7203257  2.4634399  0.3404763 
133   3.2691200  0.7340188  2.4746029  0.3901060 
134   3.3813090  0.6929884  2.5870905  0.3846560 
135   3.2632625  0.7536488  2.4912419  0.3865735 
136   3.2964969  0.7736535  2.5011706  0.3596888 
137   3.3329129  0.7489774  2.5204108  0.3332459 
138   3.2597215  0.7571472  2.4714403  0.3261016 
139   3.1855104  0.7754877  2.3947756  0.3307828 
140   3.2874055  0.7609827  2.5074725  0.3528853 
141   3.2813361  0.7476326  2.4752696  0.3603446 
142   3.3070252  0.6995413  2.4843209  0.3518289 
143   3.3926220  0.7256855  2.5777786  0.3690454 
144   3.3594825  0.6817436  2.5733671  0.3680598 
145   3.3454697  0.7045516  2.5329976  0.3650418 
146   3.3893867  0.7243577  2.5665169  0.3610902 
147   3.4440277  0.7076935  2.5998681  0.3709830 
148   3.3361101  0.7301927  2.4779396  0.3564915 
149   3.3335736  0.7817020  2.5285170  0.3873908 
150   3.4013331  0.7813675  2.5817170  0.3772433 
151   3.3877439  0.8011267  2.5305629  0.3779510 
152   3.3815198  0.7958335  2.5561216  0.3903240 
153   3.3335788  0.7530651  2.5312681  0.3562228 
154   3.2753448  0.7742691  2.4337091  0.4011486 
155   3.2159002  0.7813218  2.4798629  0.4267387 
156   3.3599672  0.7434361  2.5822120  0.3784416 
157   3.3594053  0.7534133  2.5787988  0.3612763 
158   3.2933221  0.7261166  2.5232553  0.3915470 
159   3.2294345  0.7350008  2.5011408  0.3459502 
160   3.2617087  0.7428938  2.4688063  0.3970981 
161   3.2566092  0.7518596  2.4615614  0.3485157 
162   3.2841918  0.7477167  2.4703679  0.3558469 
163   3.1917386  0.7337455  2.4887195  0.3815666 
164   3.2060032  0.7621556  2.4834151  0.3436652 
165   3.0771160  0.7521896  2.3775673  0.3631182 
166   3.1422482  0.7838969  2.4471643  0.3541793 
167   3.2022033  0.7760398  2.4885416  0.3424116 
168   3.2067356  0.7707550  2.4932008  0.3599071 
169   3.2841320  0.7936934  2.5852334  0.3502792 
170   3.2212622  0.7886549  2.5269177  0.3812585 
171   3.2273335  0.7513370  2.4999204  0.3455009 
172   3.1757131  0.7769200  2.4792302  0.3559360 
173   3.2243712  0.7380978  2.5313096  0.4024398 
174   3.2722859  0.7558823  2.5544565  0.3961883 
175   3.2482901  0.7620742  2.4990177  0.3911403 
176   3.2900002  0.7319493  2.5522346  0.3711473 
177   3.3435180  0.7351784  2.5764031  0.3901109 
178   3.2941630  0.7889950  2.5280702  0.3367283 
179   3.3113067  0.7930040  2.5685992  0.3879778 
180   3.3256001  0.8007614  2.5832942  0.3658342 
181   3.2339869  0.7692919  2.5619819  0.3653142 
182   3.2962997  0.7841274  2.5798900  0.3554752 
183   3.2974319  0.7628675  2.5750597  0.3724447 
184   3.3313973  0.7287987  2.5626612  0.3741498 
185   3.3386199  0.7126365  2.5690687  0.3775854 
186   3.3210485  0.7211807  2.5280554  0.3715233 
187   3.3810680  0.7468457  2.5941105  0.3684067 
188   3.3361664  0.7252529  2.5526428  0.3504173 
189   3.3512444  0.7474263  2.6319461  0.3868128 
190   3.2483981  0.7514865  2.5247834  0.3610762 
191   3.3011787  0.7343995  2.5574012  0.3421319 
192   3.3871932  0.7151089  2.6295593  0.3452083 
193   3.3963449  0.7188698  2.6125257  0.3580503 
194   3.3508272  0.7171787  2.6242526  0.3692754 
195   3.3877633  0.6753247  2.6603184  0.3380483 
196   3.2942123  0.6634251  2.5758352  0.3513713 
197   3.3336165  0.6623651  2.5860543  0.3859084 
198   3.4155729  0.6853869  2.6510656  0.3751142 
199   3.3967040  0.6687832  2.6321352  0.3571781 
200   3.3929858  0.6570263  2.6619337  0.3493857 
201   3.3548145  0.6480319  2.6517186  0.3291480 
202   3.4078150  0.6720389  2.6663835  0.3465391 
203   3.3694887  0.6859909  2.6567385  0.3513917 
204   3.4169016  0.6736084  2.6291668  0.3052335 
205   3.4487112  0.6708748  2.6661193  0.3360256 
206   3.4957623  0.6680784  2.7146297  0.3465436 
207   3.4706469  0.6485414  2.6852667  0.3555188 
208   3.4359753  0.6473771  2.6469438  0.3546107 
209   3.4639163  0.6584399  2.6853189  0.3427737 
210   3.3675148  0.6431649  2.6459856  0.3318036 
211   3.4431608  0.6605866  2.7361715  0.3654101 
212   3.3777268  0.6765378  2.6484175  0.4045162 
213   3.3066418  0.6780833  2.6074355  0.3739073 
214   3.3244159  0.6726663  2.5735693  0.3955227 
215   3.3063169  0.6992861  2.5786169  0.3608059 
216   3.3195946  0.7182600  2.5805418  0.3737124 
217   3.3921814  0.7317891  2.6173918  0.3829814 
218   3.4149411  0.7240177  2.6535733  0.4055103 
219   3.3567250  0.7103778  2.6043277  0.3684511 
220   3.5033028  0.7299846  2.7555439  0.3905768 
221   3.5283842  0.7276400  2.7720394  0.4346439 
222   3.5372286  0.7114567  2.7743034  0.3905979 
223   3.4718528  0.7158160  2.7520072  0.4084348 
224   3.5554755  0.7321838  2.8245761  0.4070235 
225   3.5684621  0.7285198  2.8251579  0.4400462 
226   3.4873285  0.7156383  2.7492349  0.4525790 
227   3.5879614  0.7385278  2.8407555  0.4644910 
228   3.5001917  0.7195673  2.7642760  0.4575263 
229   3.4850085  0.7347724  2.7576652  0.4398860 
230   3.5376601  0.7243679  2.7971101  0.4474803 
231   3.5630419  0.7437963  2.8627744  0.5144966 
232   3.5874667  0.7236038  2.8654284  0.4570848 
233   3.5399644  0.7146275  2.7976460  0.4572273 
234   3.5492039  0.7268246  2.8213477  0.4903835 
235   3.5340126  0.7520533  2.8227892  0.4716666 
236   3.5780373  0.7102202  2.8033409  0.4324794 
237   3.5445163  0.7111388  2.7478635  0.4241074 
238   3.5465672  0.6531002  2.7963986  0.4414594 
239   3.5119762  0.7033607  2.7398455  0.4055350 
240   3.5425332  0.6875666  2.7000916  0.4004785 
241   3.4674556  0.6572057  2.6892455  0.3902357 
242   3.4910128  0.6831436  2.7317564  0.4296218 
243   3.4407568  0.6603680  2.7057800  0.3868088 
244   3.4008155  0.7009068  2.6773961  0.4167911 
245   3.5276334  0.6852649  2.7955480  0.4303686 
246   3.5844915  0.7260843  2.8173072  0.4155709 
247   3.5369055  0.7129139  2.7827218  0.4176163 
248   3.5503929  0.7097199  2.8079169  0.3642096 
249   3.5307987  0.7004004  2.7551565  0.4022773 
250   3.5038857  0.7183374  2.7982810  0.4237883 
251   3.5057459  0.7436964  2.7843807  0.4488496 
252   3.5101407  0.7057871  2.8027940  0.4466646 
253   3.4370258  0.7000086  2.7170377  0.4309137 
254   3.5229537  0.7389690  2.7863066  0.4548402 
255   3.5298104  0.7252985  2.8257036  0.4049253 
256   3.5060885  0.7345956  2.7588449  0.4294463 
257   3.5650992  0.7326018  2.8166065  0.4058050 
258   3.4054172  0.7393075  2.6809456  0.4260948 
259   3.3858814  0.7505892  2.6534328  0.4437147 
260   3.4353354  0.7269530  2.6463456  0.4170278 
261   3.4336061  0.7491073  2.6489491  0.4515267 
262   3.4803278  0.7324836  2.7350385  0.4145951 
263   3.4606175  0.6975397  2.6979778  0.4177624 
264   3.5633976  0.7003229  2.8123195  0.4398867 
265   3.4374239  0.6933441  2.6778109  0.4680100 
266   3.5272062  0.6906996  2.7127028  0.4383422 
267   3.5521102  0.6723760  2.7423501  0.4406625 
268   3.5730991  0.6860741  2.7272308  0.4503966 
269   3.5767787  0.6966957  2.7665691  0.4399001 
270   3.6679180  0.6844409  2.7774348  0.4507675 
271   3.5499098  0.6790490  2.6675763  0.4858120 
272   3.6155748  0.6760736  2.7431042  0.4625984 
273   3.6643906  0.6919749  2.7618556  0.4846212 
274   3.6926966  0.6818323  2.8081594  0.5028643 
275   3.6119444  0.6861161  2.7416534  0.4829732 
276   3.5966797  0.7057672  2.7184551  0.4616096 
277   3.5344057  0.6781530  2.6752484  0.4716695 
278   3.6651847  0.6985705  2.8043957  0.4564145 
279   3.6009026  0.7180961  2.7298238  0.4545110 
280   3.6757038  0.7241255  2.7627151  0.4563610 
281   3.5260091  0.7064355  2.6512218  0.4631266 
282   3.6190588  0.7060085  2.7576494  0.5156072 
283   3.6160996  0.6917658  2.7423036  0.4789184 
284   3.5560863  0.6946687  2.6894557  0.5039399 
285   3.5768344  0.7230529  2.6844153  0.4902763 
286   3.5793521  0.7068849  2.7407017  0.5043954 
287   3.7104104  0.7157958  2.7983649  0.4657404 
288   3.6431518  0.7013373  2.7678785  0.4470344 
289   3.6536331  0.7155131  2.7995262  0.5051819 
290   3.6130018  0.6983428  2.7647667  0.4614109 
291   3.6106246  0.7009879  2.7596803  0.4427836 
292   3.6169405  0.7334756  2.7411084  0.4244577 
293   3.5936368  0.7282294  2.7576561  0.4397564 
294   3.6325078  0.7262723  2.7661772  0.4348993 
295   3.6567693  0.7034156  2.7353203  0.4405337 
296   3.6615913  0.7182546  2.7534993  0.4312657 
297   3.5866063  0.7246168  2.6958609  0.4348063 
298   3.5738475  0.7488855  2.7144320  0.4627819 
299   3.5530572  0.7566395  2.6815910  0.4368226 
300   3.5159030  0.7742836  2.6382346  0.4484689 
301   3.6197860  0.7909950  2.7102377  0.4649563 
302   3.7103620  0.7936143  2.8000009  0.4500207 
303   3.6430912  0.7523326  2.7447488  0.4361089 
304   3.5971031  0.8076409  2.7220454  0.4501592 
305   3.6906559  0.7801082  2.7660336  0.4624107 
306   3.6723866  0.7331207  2.7721612  0.4102813 
307   3.6311750  0.7366701  2.7254004  0.3890920 
308   3.5620890  0.7256906  2.6531899  0.4087005 
309   3.5880494  0.7621688  2.6844826  0.3824415 
310   3.6574280  0.7742178  2.7274811  0.3888644 
311   3.6062646  0.8336022  2.6766384  0.3886657 
312   3.5745592  0.7995007  2.6466846  0.3733209 
313   3.6557748  0.8665001  2.7054892  0.4033334 
314   3.5972455  0.8249924  2.6395857  0.3735203 
315   3.6693349  0.7848527  2.7154815  0.3846922 
316   3.6521459  0.8365604  2.7099805  0.4129037 
317   3.5762842  0.8661065  2.6622975  0.3912509 
318   3.6378825  0.8322996  2.7137649  0.4324902 
319   3.6843388  0.8221554  2.7618363  0.4215683 
320   3.6679914  0.8102612  2.7498596  0.3706165 
321   3.6340058  0.7996230  2.7438147  0.4065320 
322   3.5760565  0.7759384  2.6948979  0.3838224 
323   3.6926253  0.8068715  2.7724113  0.3738354 
324   3.6868634  0.8017272  2.7453868  0.3846158 
325   3.7031398  0.7837236  2.7282801  0.3748876 
326   3.6145613  0.7877848  2.6998301  0.3782071 
327   3.6883111  0.8275639  2.7511747  0.3645284 
328   3.5616879  0.8201777  2.6719508  0.3440100 
329   3.6578803  0.7939525  2.7448192  0.3494640 
330   3.6904700  0.8087044  2.8040464  0.3617525 
331   3.5945470  0.7954440  2.7058420  0.3487178 
332   3.6550732  0.8372515  2.7853699  0.3465684 
333   3.7093303  0.8887265  2.8247750  0.3398593 
334   3.6411848  0.8791099  2.7772620  0.3436758 
335   3.6754835  0.8459070  2.8061078  0.3437029 
336   3.5618479  0.8807096  2.7133565  0.3518548 
337   3.6592669  0.8665414  2.8028262  0.3333932 
338   3.6875346  0.8946020  2.8048329  0.3474124 
339   3.7013216  0.8725131  2.8240652  0.3404802 
340   3.7014666  0.8605615  2.8236933  0.3049951 
341   3.7560890  0.8322666  2.8730664  0.3395355 
342   3.6810050  0.8596786  2.7629740  0.3430908 
343   3.7299898  0.8732501  2.7512350  0.3675840 
344   3.7108638  0.8572852  2.7424302  0.3433402 
345   3.7126796  0.8822815  2.7280684  0.3435217 
346   3.8105173  0.8589366  2.8354213  0.3411018 
347   3.7589874  0.9155040  2.8103039  0.3319727 
348   3.7399333  0.8949008  2.8140001  0.3342723 
349   3.7404814  0.8951397  2.8051107  0.3421356 
350   3.7520313  0.8789789  2.8031890  0.3139061 
351   3.6910450  0.8793972  2.7468073  0.3469984 
352   3.6403778  0.9527392  2.7226827  0.3334924 
353   3.6679907  0.9617642  2.7401650  0.3701610 
354   3.7522140  0.8977321  2.7878458  0.3686718 
355   3.7031782  0.8678864  2.7417166  0.3291173 
356   3.7735322  0.8452182  2.8059685  0.3480160 
357   3.6728184  0.8175161  2.7479720  0.3296206 
358   3.7286799  0.8506548  2.8043189  0.3582074 
359   3.7457328  0.8483272  2.8095691  0.3401932 
360   3.6829913  0.8624161  2.7413599  0.3355548 
361   3.7400446  0.8484622  2.8196788  0.3525335 
362   3.6283436  0.8664568  2.7241552  0.3767010 
363   3.7006719  0.8012174  2.7530622  0.3503054 
364   3.7361777  0.8120300  2.8396883  0.3645966 
365   3.7067790  0.8105706  2.8108556  0.3488082 
366   3.7459190  0.8573090  2.8662975  0.3722893 
367   3.8140993  0.8991967  2.8872588  0.3844400 
368   3.7412965  0.8889348  2.7922981  0.3981901 
369   3.7693684  0.8929585  2.7977035  0.3500885 
370   3.7643805  0.8993707  2.8048790  0.3961142 
371   3.7742465  0.8358385  2.7990353  0.3674471 
372   3.7150085  0.8673387  2.8106327  0.3527547 
373   3.7988176  0.8614503  2.8636508  0.3690973 
374   3.8342586  0.8773887  2.9011710  0.3626921 
375   3.8620374  0.8221892  2.9323995  0.3787614 
376   3.9154241  0.8433760  2.9835143  0.3706518 
377   3.8488400  0.8521976  2.9180062  0.3749077 
378   3.8367758  0.8214999  2.9131160  0.3576418 
379   3.8269868  0.7726195  2.8690524  0.3493093 
380   3.8400311  0.7913150  2.8842027  0.3663470 
381   3.8400419  0.7518294  2.8916206  0.3467034 
382   3.8981609  0.8226455  2.9172020  0.3575518 
383   3.9688334  0.8011450  2.9731956  0.3646516 
384   3.8442433  0.8138612  2.9031823  0.3758653 
385   3.8414614  0.7930782  2.8712132  0.3846325 
386   3.7766440  0.7820737  2.8476589  0.4084596 
387   3.8344691  0.8171265  2.8744335  0.3991692 
388   3.8171959  0.7938219  2.8860118  0.4259606 
389   3.8584881  0.8202253  2.8870504  0.3917754 
390   3.8897147  0.7818802  2.9008684  0.3967046 
391   3.8169367  0.8123823  2.8335145  0.3790078 
392   3.8471723  0.8143758  2.8882430  0.3737513 
393   3.8493767  0.8949108  2.8867044  0.3768263 
394   3.8353107  0.8525882  2.9086852  0.3925808 
395   3.8858202  0.8078551  2.9124179  0.4070751 
396   3.9654877  0.8022695  2.9429848  0.3725665 
397   3.9950743  0.8267506  2.9529531  0.3803972 
398   3.9089425  0.7858624  2.8933077  0.3594242 
399   3.9980345  0.7757570  2.9653518  0.3650728 
400   3.9628100  0.7663229  2.9449806  0.3792296 
401   3.8088157  0.7732286  2.8379097  0.3564403 
402   3.8766055  0.7879192  2.8886173  0.3974856 
403   3.8889048  0.7598397  2.9326048  0.4393320 
404   3.8360858  0.8134205  2.8783584  0.4431367 
405   3.8307414  0.8257843  2.8666248  0.4452095 
406   3.8921325  0.8079932  2.8952756  0.3950632 
407   4.1030045  0.8163741  3.0226281  0.4078840 
408   3.9418485  0.8063611  2.8912785  0.4487563 
409   3.9109118  0.8223307  2.8402092  0.4479811 
410   3.9667211  0.8024766  2.9139969  0.4972398 
411   4.0405421  0.7631978  2.9278903  0.4380674 
412   4.0138569  0.7857297  2.9519372  0.4433849 
413   3.9326229  0.7694000  2.8497348  0.4511874 
414   3.9358249  0.7958496  2.8497605  0.4263042 
415   3.9813190  0.8009010  2.9184577  0.4410631 
416   4.0482464  0.8443148  2.9731205  0.4575113 
417   3.9778373  0.8333580  2.8837876  0.4260714 
418   4.0719080  0.8173152  2.9305420  0.4293044 
419   4.1188726  0.8212717  3.0086079  0.4333711 
420   4.1546168  0.7746177  3.0072446  0.4860219 
421   4.1117368  0.8095571  3.0030088  0.4354250 
422   4.0669847  0.8020886  3.0206304  0.4987561 
423   3.9932137  0.8223016  2.9702933  0.4850758 
424   3.9641583  0.8216250  2.9255412  0.5055088 
425   3.9595370  0.8268011  2.9683132  0.4834775 
426   4.0171213  0.8159637  2.9843230  0.4824021 
427   3.9924793  0.7842966  2.9959908  0.4931389 
428   3.9548621  0.8218244  2.9435143  0.4533154 
429   3.9152298  0.8028347  2.9032393  0.4517392 
430   3.9675820  0.8067005  2.9053156  0.4574469 
431   3.8935812  0.8185911  2.8373215  0.4418222 
432   3.8778071  0.7518083  2.8425140  0.4540815 
433   3.8796208  0.7790057  2.8276350  0.4403950 
434   3.8912525  0.7722060  2.8478453  0.4488951 
435   3.9394381  0.8054546  2.9116652  0.4580727 
436   3.8685577  0.8100808  2.8260629  0.4706314 
437   3.9955122  0.7834614  2.9705908  0.4945339 
438   4.0120525  0.7662319  2.9690051  0.4808483 
439   4.0340028  0.7735783  3.0307562  0.4861587 
440   4.0332360  0.7712789  3.0539420  0.4547009 
441   4.0187297  0.7528861  3.0408199  0.4667423 
442   3.9881928  0.7829458  3.0019197  0.4213353 
443   3.9452739  0.7925440  2.9502442  0.4101823 
444   4.0091405  0.7515898  2.9705794  0.4406824 
445   3.9722703  0.7713642  2.9788287  0.4563787 
446   3.9636683  0.7813266  2.9558215  0.4784767 
447   3.9816654  0.7807173  2.9926128  0.4146591 
448   3.9751947  0.7875495  3.0036395  0.4268121 
449   4.0059795  0.7441697  3.0265296  0.4062247 
450   3.9906383  0.7778335  3.0286520  0.4246901 
451   4.0620637  0.7624424  3.0718315  0.4092341 
452   4.0550246  0.7851293  3.0441682  0.4531928 
453   4.0057716  0.7589480  3.0432074  0.4348846 
454   3.9813557  0.7591569  3.0527921  0.4115632 
455   4.0275416  0.7894796  3.0977752  0.4236446 
456   4.0142236  0.7447684  3.0809636  0.4461002 
457   4.0236773  0.7383883  3.0854168  0.4289032 
458   3.9565668  0.7836588  3.0242989  0.4360877 
459   4.0103068  0.7877623  3.0179164  0.4283807 
460   3.9443812  0.7610369  2.9779506  0.4207959 
461   3.9867647  0.7868174  3.0136721  0.4427829 
462   3.9049807  0.7431810  2.9640768  0.4414568 
463   4.0381622  0.7668604  3.0164380  0.4283603 
464   3.9877431  0.7498682  3.0193071  0.4286461 
465   4.0043631  0.7482147  3.0198443  0.4172494 
466   3.9312727  0.7435080  2.9863391  0.4069034 
467   3.9025409  0.7598259  2.9603133  0.3886779 
468   3.9933634  0.7616289  2.9939272  0.3981071 
469   3.9740195  0.7718238  2.9750087  0.4104650 
470   3.9758968  0.7512516  3.0080645  0.4049461 
471   4.0203257  0.7695870  3.0423110  0.4372003 
472   4.1388025  0.7442822  3.1345372  0.4319676 
473   4.1597943  0.7604480  3.1128654  0.4026765 
474   4.0786753  0.7350929  3.0866976  0.3982627 
475   4.0474434  0.7140937  3.0748274  0.4242972 
476   4.1557679  0.7144054  3.1469722  0.4075162 
477   4.0606742  0.6925635  3.0907326  0.4478588 
478   4.1054597  0.7110170  3.1300564  0.4580658 
479   4.0720220  0.7144213  3.0767214  0.4970849 
480   4.0824838  0.7327464  3.1009240  0.4562642 
481   4.0485978  0.7311476  3.0393157  0.4699413 
482   4.1335359  0.7249339  3.0964475  0.4841118 
483   4.1223693  0.7158263  3.1282578  0.4543442 
484   4.1051702  0.7455307  3.0922239  0.4592564 
485   4.0387640  0.7432846  3.0306740  0.4594599 
486   3.9775920  0.7327548  3.0137327  0.4687460 
487   4.1122985  0.7467492  3.0866799  0.4544179 
488   4.1629405  0.7557840  3.1115899  0.4814495 
489   4.1257634  0.7591506  3.1014955  0.4867224 
490   3.9920487  0.7681172  3.0391164  0.5216610 
491   4.0354061  0.7522674  3.0138977  0.5002113 
492   4.0210385  0.7509595  3.0259225  0.4680856 
493   4.0617156  0.7402093  3.0833123  0.5098161 
494   3.9800794  0.7628755  2.9939175  0.4846121 
495   3.9710860  0.7406939  2.9570355  0.4855778 
496   4.0306950  0.7358082  3.0291090  0.4972513 
497   3.9946861  0.7135438  3.0164442  0.4713089 
498   3.9594033  0.7156907  3.0249608  0.4815069 
499   3.9675102  0.7201189  3.0157113  0.4692236 
500   3.9766164  0.7269184  3.0009856  0.4634454 
501   4.0409141  0.7360462  3.0608175  0.5139692 
502   4.0475206  0.7248868  3.0658245  0.4635982 
503   4.0820608  0.7303849  3.0903015  0.4671804 
504   4.1179986  0.7229904  3.0879049  0.4544484 
505   4.1382737  0.7527426  3.0704703  0.4468081 
506   4.2129812  0.7520548  3.1448729  0.4500994 
507   4.2580419  0.7616858  3.1795557  0.4808895 
508   4.1984439  0.7482898  3.1503506  0.4833860 
509   4.2135081  0.7631306  3.1814411  0.4605686 
510   4.2166514  0.7499492  3.1794100  0.4749134 
511   4.1577139  0.7293913  3.1129394  0.4411359 
512   4.2023997  0.7495758  3.1337845  0.4461441 
513   4.1809411  0.7219611  3.0859482  0.4509731 
514   4.1467352  0.6954606  3.0619285  0.4517623 
515   4.0946269  0.7327910  3.0108535  0.4582227 
516   4.1526380  0.7275648  3.0802119  0.4176364 
517   4.2188029  0.7167284  3.1121173  0.4395527 
518   4.1534977  0.7278975  3.0410857  0.4693144 
519   4.2502232  0.7289916  3.1608267  0.4843911 
520   4.2289457  0.7619005  3.1255527  0.4750196 
521   4.2832952  0.7499740  3.1794176  0.4588887 
522   4.2910538  0.7504024  3.1604500  0.4993148 
523   4.3568716  0.7725393  3.1956668  0.5456935 
524   4.3876281  0.7405650  3.1649387  0.5471348 
525   4.3290911  0.7417762  3.1092429  0.5102435 
526   4.3646393  0.7560852  3.1773305  0.5159168 
527   4.3173285  0.7841924  3.1768808  0.5025608 
528   4.2750106  0.7735139  3.1212678  0.4793166 
529   4.2901301  0.7931960  3.1267011  0.4308690 
530   4.2938399  0.7570065  3.1633949  0.4876715 
531   4.3042235  0.7940742  3.1373556  0.5572745 
532   4.2109351  0.7711161  3.1054237  0.5090383 
533   4.1283374  0.8131355  3.0524180  0.5784693 
534   4.1433330  0.7807136  3.0554681  0.5389490 
535   4.1962881  0.7785534  3.0773163  0.5647858 
536   4.2869225  0.7691885  3.1483762  0.5529428 
537   4.2706532  0.7627717  3.1165683  0.5696186 
538   4.3676367  0.7707219  3.1750546  0.5515155 
539   4.4194274  0.7748552  3.1991801  0.5895321 
540   4.3814812  0.7932611  3.1943462  0.5495954 
541   4.4134583  0.7809265  3.2493858  0.5353321 
542   4.3730469  0.7767193  3.2452035  0.5410305 
543   4.4277515  0.7842281  3.2854462  0.5411628 
544   4.5034146  0.7949773  3.3080227  0.5215885 
545   4.4574738  0.7778761  3.3038361  0.5260628 
546   4.3454165  0.8017663  3.2717147  0.5249036 
547   4.3610134  0.7808049  3.2520587  0.5280133 
548   4.2731586  0.7722134  3.1371460  0.5054746 
549   4.3677583  0.7715777  3.2022545  0.4849582 
550   4.4651322  0.7816557  3.2787919  0.5081227 
551   4.5081615  0.8206181  3.3094106  0.5600244 
552   4.4157553  0.8011950  3.2129855  0.5559111 
553   4.4527521  0.8288139  3.2790310  0.5680974 
554   4.4435210  0.7980376  3.2368639  0.5703818 
555   4.4484863  0.8164132  3.2219067  0.5824262 
556   4.3635011  0.8117963  3.1889222  0.5841738 
557   4.3616605  0.8267071  3.1962671  0.5895888 
558   4.4105935  0.8520825  3.2538409  0.5847102 
559   4.3050623  0.8111137  3.1956768  0.5705658 
560   4.3778853  0.8280764  3.2560694  0.5997877 
561   4.4562931  0.8213629  3.3430312  0.6441153 
562   4.4280992  0.8252499  3.2905953  0.6154209 
563   4.4894390  0.8234202  3.3309813  0.5861284 
564   4.5191135  0.8298616  3.3990808  0.5940152 
565   4.3963933  0.8106570  3.2529907  0.5630680 
566   4.4750533  0.8340811  3.3821113  0.6048833 
567   4.4543943  0.8119277  3.3176022  0.6365096 
568   4.4874644  0.8538020  3.3783543  0.6623157 
569   4.4488382  0.8269355  3.3131671  0.6274398 
570   4.5125122  0.8198310  3.4123316  0.6172793 
571   4.3838067  0.8216509  3.2894878  0.6220803 
572   4.3768497  0.8426502  3.3070502  0.6316602 
573   4.4522552  0.8630857  3.3227482  0.6829302 
574   4.4508228  0.8219298  3.2837701  0.6544693 
575   4.3628559  0.7988527  3.2198243  0.6381823 
576   4.4821296  0.8020789  3.3297994  0.6314812 
577   4.4163222  0.7967670  3.2457514  0.5866117 
578   4.4927011  0.8155969  3.3222456  0.6259622 
579   4.4417472  0.8086103  3.2949352  0.6069573 
580   4.4496918  0.8147193  3.2956910  0.6275070 
581   4.5281286  0.8051835  3.3282962  0.6110529 
582   4.4753337  0.7812800  3.2800717  0.6113376 
583   4.5295630  0.7919548  3.3375211  0.6287144 
584   4.5504756  0.8294802  3.3191495  0.6603451 
585   4.5411901  0.8551506  3.3135986  0.6801993 
586   4.5893073  0.8524055  3.3482988  0.6978004 
587   4.5504580  0.8305418  3.3248861  0.6299906 
588   4.4846849  0.8875928  3.2837059  0.6567124 
589   4.4836712  0.8483443  3.3049605  0.6757028 
590   4.5510502  0.8620945  3.3253803  0.7029720 
591   4.5030503  0.8252763  3.2932923  0.6481399 
592   4.6455488  0.8423410  3.3661950  0.6352339 
593   4.5485363  0.8566583  3.3011897  0.6814516 
594   4.6145811  0.8904886  3.3721924  0.6711518 
595   4.6076307  0.8790399  3.3495586  0.6676984 
596   4.6016731  0.8613495  3.3361931  0.6729776 
597   4.5840778  0.8595247  3.3159070  0.6200431 
598   4.6388154  0.8194618  3.3296247  0.6330246 
599   4.5376239  0.8626750  3.2836969  0.6220967 
600   4.5808191  0.8894927  3.3150125  0.6198945 
601   4.6326761  0.8360710  3.3399191  0.6065396 
602   4.7084599  0.8836087  3.4296856  0.6490549 
603   4.6034665  0.8697288  3.3605604  0.5934438 
604   4.5847430  0.8754640  3.3578086  0.6306035 
605   4.6336679  0.8797126  3.3875532  0.6503445 
606   4.6177311  0.8609933  3.3674440  0.6477266 
607   4.5835938  0.9131705  3.3909738  0.6342153 
608   4.7067890  0.8962269  3.4673600  0.6226408 
609   4.6440554  0.9243326  3.3981459  0.6751909 
610   4.6217008  0.9444590  3.3918896  0.6903059 
611   4.7020931  0.9218546  3.4339149  0.6219081 
612   4.7307920  0.9803892  3.4643075  0.6958005 
613   4.7031221  0.9726051  3.4217219  0.7294530 
614   4.7755122  0.9578142  3.4382553  0.7251652 
615   4.7788963  0.9422052  3.4942110  0.6991745 
616   4.7410355  0.9397027  3.4684911  0.6869868 
617   4.8585711  0.9434659  3.5441492  0.6789042 
618   4.7890315  0.9305941  3.5045402  0.6758139 
619   4.7238665  0.9333841  3.4325368  0.6567130 
620   4.7039552  0.9367437  3.4115958  0.6576470 
621   4.7232256  0.9959555  3.4491553  0.6994712 
622   4.7228723  0.9481260  3.4647839  0.7300009 
623   4.6752677  0.8999252  3.4181573  0.6449051 
624   4.7069540  0.9426740  3.4660571  0.6627343 
625   4.6188240  0.9235770  3.3515928  0.6453230 
626   4.6222086  0.9356196  3.3247299  0.6447777 
627   4.5553360  0.9269435  3.2975948  0.6324729 
628   4.5928898  0.9826028  3.4247172  0.6742116 
629   4.5436349  0.9179937  3.3642738  0.6478670 
630   4.4581528  0.9630366  3.2850702  0.6233853 
631   4.5191417  0.9404157  3.2803328  0.6068976 
632   4.5760803  0.9394113  3.3248408  0.6435877 
633   4.5577974  0.9511193  3.3031723  0.6783847 
634   4.5404820  0.9406083  3.3237615  0.6950575 
635   4.4673953  0.9541253  3.2599547  0.7066571 
636   4.4639759  0.9382665  3.3032224  0.7062243 
637   4.5001950  0.9146546  3.3090329  0.6554044 
638   4.5225778  0.9378114  3.3589532  0.7090011 
639   4.3933401  0.9397268  3.3012500  0.6760653 
640   4.3786459  0.9825605  3.3171861  0.6838042 
641   4.4453182  0.9594836  3.3627160  0.7080202 
642   4.4466157  0.9530375  3.3849010  0.7135460 
643   4.4584718  0.9446439  3.3806055  0.7349191 
644   4.4140334  0.9476253  3.3440692  0.7233646 
645   4.3127813  0.9135585  3.2700412  0.7074570 
646   4.3432388  0.8964373  3.2915320  0.7340651 
647   4.3114424  0.9149109  3.2801526  0.7501743 
648   4.3307595  0.9273332  3.2985647  0.7357743 
649   4.3736529  0.9236493  3.3194370  0.7605993 
650   4.4157572  0.9415059  3.3609455  0.7446529 
651   4.3174615  0.9182506  3.2740109  0.7488339 
652   4.4690804  0.9337636  3.3998125  0.7770271 
653   4.4380155  0.9134946  3.3156784  0.7497357 
654   4.4635577  0.8980213  3.3519468  0.7390979 
655   4.3945236  0.9111055  3.2681465  0.7547778 
656   4.4726253  0.9596114  3.3049552  0.7683290 
657   4.4747205  0.9343672  3.3433497  0.7220060 
658   4.4018097  0.9383852  3.2519271  0.7212504 
659   4.4494605  0.9527642  3.3048799  0.7118034 
660   4.5869341  0.9793134  3.3887005  0.7333179 
661   4.4580536  0.9772410  3.2804379  0.7190851 
662   4.3944182  0.9190540  3.1987090  0.6915345 
663   4.3781781  0.9166763  3.1751137  0.7487417 
664   4.4125032  0.9419000  3.2181573  0.7234764 
665   4.4305911  0.8842451  3.2142439  0.7063810 
666   4.4374294  0.8767908  3.2159402  0.6621676 
667   4.4985638  0.8711447  3.2869866  0.7071333 
668   4.4685597  0.8800749  3.2495706  0.6266805 
669   4.5151539  0.9502218  3.2841258  0.7375794 
670   4.4608574  0.9078709  3.2403588  0.7336959 
671   4.5050697  0.9128509  3.2484970  0.7106779 
672   4.4000430  0.9439018  3.2385349  0.7260928 
673   4.3885431  0.9057258  3.2009990  0.6751324 
674   4.4370341  0.8892416  3.2265046  0.7147471 
675   4.5175543  0.8926154  3.2537074  0.7139545 
676   4.3647885  0.8953502  3.1659968  0.7418634 
677   4.3774214  0.9075295  3.2506273  0.7182023 
678   4.3872986  0.8817438  3.2267365  0.7378543 
679   4.3276753  0.8682920  3.1716502  0.7437331 
680   4.3689418  0.9146465  3.2142050  0.7541842 
681   4.3544250  0.8932515  3.2184007  0.7369241 
682   4.3386045  0.9091792  3.2072432  0.6937616 
683   4.2986922  0.8919170  3.1837010  0.7216013 
684   4.3692789  0.8912159  3.2502787  0.7154456 
685   4.3180294  0.8633485  3.1583169  0.7261440 
686   4.3629756  0.8863279  3.2030911  0.7158571 
687   4.3356876  0.9038251  3.1907964  0.6983234 
688   4.3279524  0.9012133  3.2356036  0.7207038 
689   4.3767395  0.8938732  3.2694988  0.7586153 
690   4.2196612  0.8910767  3.1791666  0.7282936 
691   4.2417574  0.9011703  3.1671300  0.7156195 
692   4.2239213  0.8663571  3.1901333  0.6925680 
693   4.1921949  0.9085060  3.1743226  0.7203859 
694   4.1849203  0.9070062  3.1877539  0.7269143 
695   4.2742572  0.9324223  3.2742307  0.7212856 
696   4.2615070  0.8955329  3.2359715  0.7374564 
697   4.2291980  0.8760245  3.2060521  0.6643710 
698   4.1680932  0.9051635  3.2037821  0.7146317 
699   4.1602097  0.9098585  3.1794055  0.7162305 
700   4.2373071  0.9124830  3.2409058  0.7241133 
701   4.2071066  0.9367445  3.2149596  0.7468323 
702   4.1877513  0.9153911  3.2058110  0.7350945 
703   4.1659036  0.9239519  3.2182794  0.7437287 
704   4.1145506  0.9330031  3.1294591  0.7271367 
705   4.1609654  0.9183249  3.1730318  0.7340677 
706   4.1248627  0.9244542  3.2014413  0.7436138 
707   4.1762767  0.9483851  3.2395778  0.7508124 
708   4.2499628  0.9674751  3.2695339  0.7608030 
709   4.2420859  0.9536636  3.2660425  0.7368954 
710   4.2359810  0.9663678  3.2239659  0.7681950 
711   4.2954068  0.9518592  3.2434762  0.7944164 
712   4.3289766  0.9621175  3.2603674  0.8146467 
713   4.4505105  0.9909973  3.2951474  0.7848649 
714   4.3552918  0.9365284  3.2289948  0.7585428 
715   4.4133697  0.9964878  3.2653241  0.7915899 
716   4.4238381  0.9748471  3.2865505  0.7522356 
717   4.4028311  0.9256417  3.2846708  0.7469829 
718   4.5089107  0.9430188  3.3828471  0.7977777 
719   4.4242549  0.9191948  3.2831976  0.7564638 
720   4.5168905  0.9244993  3.3594062  0.7611545 
721   4.4820685  0.9166849  3.2886529  0.7501521 
722   4.4821568  0.9378254  3.2883630  0.7684762 
723   4.5647373  0.9301521  3.3339424  0.7390529 
724   4.5034428  0.9013076  3.3311338  0.7490319 
725   4.5219135  0.9223874  3.2768073  0.7259638 
726   4.5914488  0.9250519  3.3180823  0.7451715 
727   4.6185102  0.9486193  3.3123479  0.7520639 
728   4.5425577  0.9046709  3.2403502  0.7847481 
729   4.5241203  0.9195443  3.2400596  0.7912527 
730   4.5742025  0.9617823  3.3035743  0.7755057 
731   4.5027890  0.9640427  3.2706769  0.7344742 
732   4.4876447  0.9848629  3.2094586  0.7782331 
733   4.4171185  0.9510486  3.1418307  0.7369582 
734   4.4537787  0.9537149  3.2102289  0.7349131 
735   4.4216962  0.9382299  3.1402247  0.7337493 
736   4.4337535  0.9254053  3.1961722  0.7090011 
737   4.3855033  0.9356401  3.1552558  0.7017189 
738   4.3789797  0.9097875  3.1354485  0.6540840 
739   4.4343343  0.8758758  3.1546490  0.6776756 
740   4.4875603  0.9075176  3.1955757  0.6626164 
741   4.5091834  0.9607449  3.2168736  0.6809242 
742   4.4723549  0.9077404  3.2050796  0.7124575 
743   4.5663748  0.9101074  3.2590787  0.6941497 
744   4.4987354  0.9206035  3.2590814  0.6716281 
745   4.3810992  0.9078051  3.1282136  0.6836963 
746   4.4143782  0.8819982  3.1375580  0.7069368 
747   4.3674603  0.8732387  3.1200571  0.6948403 
748   4.3820629  0.8559993  3.0886831  0.6782758 
749   4.3590708  0.9303764  3.1026993  0.7320598 
750   4.3311243  0.8820893  3.0545044  0.7276261 
751   4.3643637  0.9141151  3.0984111  0.7251260 
752   4.4524345  0.9045152  3.1674912  0.7129930 
753   4.5342450  0.8972781  3.2001152  0.7647950 
754   4.4268098  0.8722384  3.1150849  0.6750287 
755   4.5183330  0.9178572  3.1993103  0.7024505 
756   4.4221878  0.8982694  3.1383982  0.6718512 
757   4.4267569  0.9040114  3.1093674  0.6866310 
758   4.5409808  0.8453872  3.1892111  0.7122368 
759   4.5461893  0.8779778  3.2010558  0.6932735 
760   4.5302935  0.8653595  3.1726496  0.6694073 
761   4.5170393  0.8619167  3.1438129  0.6520404 
762   4.5540013  0.9204937  3.1868367  0.6861428 
763   4.5713196  0.8881227  3.1897907  0.7074198 
764   4.6158671  0.8891171  3.2059839  0.7096561 
765   4.6387768  0.8810248  3.2317638  0.7034583 
766   4.6235127  0.9330546  3.2229168  0.7456943 
767   4.6804156  0.9018450  3.2784996  0.7178890 
768   4.6898904  0.9593761  3.2585430  0.7295173 
769   4.7345700  0.9053923  3.2970564  0.7439012 
770   4.7136817  0.8899100  3.2526951  0.7359390 
771   4.7048278  0.9257534  3.2534115  0.7451009 
772   4.7234945  0.9337133  3.2760134  0.7901036 
773   4.7231812  0.9247260  3.2790594  0.7365644 
774   4.5899549  0.9466453  3.2056623  0.7436899 
775   4.7379146  0.9406294  3.2902012  0.7597141 
776   4.7174168  0.8735058  3.2750461  0.6922984 
777   4.6888318  0.9183375  3.2789514  0.6860811 
778   4.6843371  0.9037405  3.2846694  0.7110728 
779   4.7183485  0.9412780  3.2910609  0.6599890 
780   4.6027331  0.9156754  3.2028763  0.6869708 
781   4.7104449  0.9338323  3.2674949  0.6556853 
782   4.6675792  0.9064376  3.2462685  0.6849622 
783   4.6464090  0.9265158  3.2618306  0.6468628 
784   4.6888666  0.9206514  3.2907438  0.6423379 
785   4.5685120  0.9231237  3.1827302  0.6718739 
786   4.6247239  0.9086699  3.2364295  0.6375269 
787   4.5908751  0.8769587  3.1603315  0.5899478 
788   4.4994850  0.8794192  3.1189947  0.6146458 
789   4.5056028  0.9312206  3.1096895  0.6812858 
790   4.5946026  0.9490914  3.2289376  0.6633578 
791   4.5568042  0.9523025  3.2288561  0.6730884 
792   4.5061584  0.9434869  3.2040193  0.6631005 
793   4.5836816  0.9237420  3.2565331  0.6669694 
794   4.5219374  0.9556382  3.1855490  0.6697701 
795   4.5456285  0.9390853  3.1661189  0.6301208 
796   4.6099219  0.9441684  3.1790895  0.6650207 
797   4.6197810  0.9490499  3.2315438  0.6744596 
798   4.5979586  0.9746341  3.2033081  0.6945431 
799   4.6456127  0.9389815  3.2447677  0.7136548 
800   4.6739264  0.9265233  3.2534642  0.7004794 
801   4.7004380  0.9354731  3.2872341  0.6884676 
802   4.6983199  0.9338104  3.2933002  0.7000031 
803   4.7134600  0.9391285  3.2743840  0.7139437 
804   4.6994805  0.9484784  3.2682540  0.6949888 
805   4.7170954  0.9572355  3.3269484  0.7262126 
806   4.7117381  0.9415112  3.2979653  0.7078488 
807   4.7221704  0.9377475  3.2854540  0.7281879 
808   4.7768593  0.9434582  3.3164546  0.7724073 
809   4.7479429  0.9208919  3.2741103  0.7517989 
810   4.6515369  0.9474124  3.2337470  0.7986353 
811   4.6043873  0.9332407  3.1728046  0.7599980 
812   4.6694422  0.9187214  3.1924713  0.7133743 
813   4.7378874  0.9129995  3.2190146  0.7068337 
814   4.7954650  0.9322180  3.2714598  0.7526702 
815   4.7905974  0.9084336  3.2961664  0.7469875 
816   4.7568808  0.9396327  3.2762690  0.7346173 
817   4.6811996  0.8909721  3.2078397  0.7365808 
818   4.6570721  0.9293566  3.2052643  0.7170714 
819   4.7472506  0.9251886  3.2715876  0.7752704 
820   4.7032218  0.8959173  3.2155361  0.7330222 
821   4.6587749  0.8858886  3.1796250  0.7214862 
822   4.6840472  0.9080063  3.2144556  0.7561642 
823   4.6507478  0.8761476  3.1804466  0.6969311 
824   4.7536230  0.8923818  3.2607820  0.7363799 
825   4.7073717  0.9379550  3.2072132  0.7381412 
826   4.7079706  0.8885649  3.1733050  0.7109792 
827   4.7365417  0.8989747  3.1732814  0.7415948 
828   4.7505369  0.8746328  3.1744514  0.7021754 
829   4.7407856  0.9419532  3.2030709  0.7399929 
830   4.8220005  0.8967420  3.1906319  0.6999583 
831   4.7641897  0.8825604  3.1231236  0.6759184 
832   4.7387347  0.8718578  3.1843483  0.6887733 
833   4.8124094  0.8997627  3.2471189  0.7720617 
834   4.8334956  0.9018792  3.3049026  0.7464885 
835   4.9030957  0.8946222  3.3042066  0.7638416 
836   4.8642368  0.8980768  3.2762253  0.7288857 
837   4.8507562  0.9240193  3.2858360  0.7618234 
838   4.8556213  0.9032853  3.2673650  0.7613713 
839   4.8764668  0.8869460  3.3076451  0.7478364 
840   4.8447618  0.8639154  3.2217329  0.6962124 
841   4.8294168  0.8730277  3.2413676  0.7119658 
842   4.8788486  0.8654646  3.2561486  0.7499456 
843   4.7908030  0.8663154  3.2101614  0.7232108 
844   4.8461394  0.9015309  3.2450049  0.7657558 
845   4.9300761  0.8965265  3.3449566  0.7160468 
846   4.9181151  0.9161300  3.2822802  0.7640929 
847   5.0402560  0.9482989  3.4150443  0.8010865 
848   5.0291090  0.9312006  3.3915203  0.7759166 
849   5.1309056  0.9428313  3.4528210  0.7976333 
850   5.1518011  0.9268996  3.4633904  0.7823213 
851   5.0909948  0.9121330  3.4051702  0.8153327 
852   5.0571513  0.9155456  3.3717494  0.8112969 
853   5.0200925  0.8999352  3.3467989  0.7392540 
854   4.9714656  0.9395949  3.2847614  0.7995847 
855   5.0119376  0.9141188  3.3458421  0.7997692 
856   5.0218668  0.9448294  3.4113338  0.7137843 
857   5.0455642  0.9284144  3.4300661  0.7603218 
858   5.1956549  0.9511156  3.5100639  0.8081654 
859   5.1636171  0.9613563  3.4138503  0.7852041 
860   5.0733914  0.9685870  3.4490490  0.8237025 
861   5.0693803  0.9646628  3.4669132  0.7769721 
862   5.0158052  0.9657575  3.4219844  0.7659321 
863   4.9060163  0.9589905  3.3767929  0.7717668 
864   4.9251919  1.0022731  3.4174836  0.7366855 
865   4.9603243  0.9474027  3.4094515  0.7614334 
866   4.9955716  0.9389618  3.3539522  0.7359076 
867   4.9286251  0.9280178  3.3187096  0.7193307 
868   4.9556022  0.9465721  3.3475816  0.7105360 
869   4.9702792  0.9507331  3.3920052  0.7478527 
870   4.9349928  0.9507432  3.3629460  0.7463711 
871   4.9707317  0.9756855  3.3969870  0.7906468 
872   4.9910359  0.9498753  3.4243834  0.7575876 
873   4.9335189  0.9748908  3.4080222  0.7566341 
874   4.9291377  0.9716393  3.3801479  0.7659231 
875   4.9438720  0.9824972  3.3629277  0.7432073 
876   4.8749552  0.9663295  3.3271835  0.7357849 
877   4.9230866  0.9615638  3.3451674  0.7204712 
878   4.8452430  0.9475656  3.2672513  0.6822135 
879   4.9383492  0.9771933  3.3386700  0.7812657 
880   4.9602666  0.9422581  3.3762519  0.7652019 
881   4.9699068  0.9571395  3.3703058  0.8004007 
882   4.9979749  0.9700433  3.4301631  0.8123769 
883   5.0223327  0.9545171  3.3819304  0.7794693 
884   4.9455085  0.9675990  3.3291025  0.7428697 
885   4.9783196  1.0242044  3.3659635  0.7434734 
886   4.9486370  1.0426159  3.3963699  0.7632301 
887   5.0412803  1.0388122  3.4538441  0.7665605 
888   5.0292745  0.9605152  3.4203548  0.7477099 
889   5.0366735  0.9282690  3.3874288  0.7594152 
890   4.9197955  0.9213907  3.3438907  0.7869517 
891   5.0106735  0.9113695  3.3493099  0.7695339 
892   5.0023499  0.9183249  3.3765247  0.7450725 
893   4.9857841  0.9087260  3.3960891  0.7775076 
894   4.9334221  0.9174089  3.3467960  0.7239202 
895   4.9400315  0.8916631  3.3578148  0.7705505 
896   4.9483604  0.9128551  3.3630283  0.7649915 
897   4.9121680  0.8974707  3.3704064  0.7637931 
898   4.8888574  0.9319586  3.3743129  0.7940611 
899   4.9284673  0.9414659  3.3802667  0.8746218 
900   4.9079061  0.9347416  3.3998551  0.7818549 
901   4.8566918  0.9047077  3.3457146  0.7589701 
902   4.9725757  0.9142680  3.4375706  0.8028704 
903   4.9690719  0.9236687  3.4579492  0.7877792 
904   4.8642826  0.8913385  3.3207543  0.7721071 
905   4.8286028  0.8875234  3.2992897  0.7549669 
906   4.7998018  0.8864631  3.2804763  0.7376505 
907   4.8728957  0.8691167  3.3299809  0.7510955 
908   4.8503814  0.9255890  3.3549314  0.7928855 
909   4.8295641  0.9355401  3.3455703  0.8208020 
910   4.7829084  0.9158794  3.2949007  0.8061132 
911   4.8153858  0.9194044  3.3358493  0.7941149 
912   4.8212252  0.8969434  3.2850935  0.7502847 
913   4.7974253  0.9129212  3.2623360  0.7611116 
914   4.8227401  0.9088512  3.3251319  0.7734145 
915   4.8108969  0.8899198  3.2832823  0.7314807 
916   4.8168645  0.8636281  3.3077919  0.7570860 
917   4.8766408  0.8566616  3.3446791  0.7425026 
918   4.8477764  0.8668619  3.3005819  0.7626976 
919   4.8727694  0.8637174  3.3206947  0.7742981 
920   4.7951698  0.8583708  3.2737727  0.7506835 
921   4.8255258  0.9246172  3.3384733  0.7952204 
922   4.8855910  0.8852009  3.3567305  0.8130997 
923   4.7537556  0.8549498  3.2597349  0.7616975 
924   4.7653084  0.8560717  3.2685490  0.7642076 
925   4.9084215  0.8918164  3.3648455  0.7718516 
926   4.8226190  0.8636409  3.2851546  0.8008537 
927   4.8664651  0.9016081  3.3364108  0.8390374 
928   4.9507446  0.8848770  3.3166831  0.8083361 
929   5.0036612  0.8976787  3.3806672  0.8158556 
930   4.9741616  0.9580903  3.3998284  0.8327430 
931   4.9124742  0.9365202  3.3492661  0.8564511 
932   4.9841628  0.9280178  3.3744383  0.8585923 
933   4.9454780  0.9409764  3.3686233  0.8287577 
934   4.9226370  0.9740601  3.3990254  0.8682632 
935   4.9724813  0.8827505  3.3854413  0.7628893 
936   4.9371881  0.9287046  3.3777850  0.7785485 
937   4.9748583  0.9456574  3.4042861  0.7798058 
938   4.9570541  0.9064583  3.3570249  0.7618954 
939   4.9370346  0.9078941  3.3173347  0.7523345 
940   4.9854422  0.9090934  3.3546619  0.7596685 
941   4.9503756  0.9094158  3.3195162  0.7734925 
942   4.9786410  0.9044125  3.3779483  0.7597205 
943   5.0019608  0.9281830  3.3456395  0.7956823 
944   4.9581552  0.9135200  3.2770832  0.7667801 
945   4.9143081  0.9154992  3.2833319  0.8022738 
946   4.9883795  0.9007590  3.3444149  0.7872916 
947   5.0634012  0.9175131  3.4151421  0.8226555 
948   5.0208950  0.9320540  3.3936355  0.8323033 
949   4.9993029  0.9589635  3.3782752  0.8333573 
950   4.9949932  0.9278930  3.3490198  0.8021588 
951   5.0384297  0.9212416  3.4063804  0.8075556 
952   5.0359602  0.9216359  3.4241860  0.8357624 
953   5.1457338  0.9522443  3.4744546  0.8616310 
954   5.1110539  0.9081146  3.4570792  0.8003619 
955   5.2030320  0.9103751  3.5155303  0.7766305 
956   5.0944939  0.9378228  3.4690111  0.7983494 
957   5.1511302  0.9226330  3.5113306  0.7833608 
958   5.0615106  0.8699100  3.3886051  0.7619372 
959   5.1045933  0.9040732  3.4134369  0.7405766 
960   5.1459327  0.9213747  3.4291596  0.7933619 
961   5.1425571  0.8856145  3.3613155  0.7607490 
962   5.1640506  0.9337576  3.4551806  0.7573100 
963   5.1501479  0.8867363  3.4378545  0.7158753 
964   5.0743146  0.9008042  3.4021380  0.7897723 
965   5.0590286  0.9043044  3.4010110  0.8147161 
966   5.0384789  0.9163964  3.4035597  0.7895791 
967   5.0732160  0.9085243  3.4103076  0.7733645 
968   5.1638927  0.9145927  3.4479229  0.8365218 
969   5.1434999  0.9275147  3.4083958  0.7768767 
970   5.1057086  0.9630076  3.4116790  0.8021019 
971   5.1495023  0.9855086  3.3972604  0.7853075 
972   5.0893621  0.9615671  3.3737054  0.8078481 
973   5.0650349  0.9351451  3.3542976  0.7530944 
974   4.9850554  0.9033849  3.2516043  0.7894773 
975   5.0022044  0.8786268  3.3127544  0.7622356 
976   5.0028377  0.8993832  3.3308482  0.7952358 
977   5.0000582  0.8722427  3.3529301  0.7724086 
978   5.0995150  0.8988157  3.4430063  0.7624101 
979   5.0869732  0.9064703  3.4081028  0.7963732 
980   5.1320658  0.8982093  3.4251652  0.7759121 
981   5.0692253  0.8772365  3.3920112  0.7921650 
982   5.0461130  0.8836327  3.3874979  0.8141914 
983   5.1434274  0.9014672  3.4733171  0.8165255 
984   5.1368394  0.9097781  3.4746463  0.8053304 
985   5.0863857  0.8746603  3.4055655  0.7683181 
986   5.1012230  0.8941869  3.4582882  0.8181114 
987   5.0943136  0.8816206  3.4271252  0.7739628 
988   5.0809436  0.8638403  3.3894715  0.7177278 
989   5.0915270  0.8978863  3.4045544  0.7846611 
990   5.0491180  0.8918124  3.3444448  0.7477737 
991   5.0541930  0.8948352  3.3795090  0.7702801 
992   4.9876385  0.8916887  3.3310266  0.7171462 
993   4.9657059  0.9002727  3.3416672  0.7331181 
994   5.0196567  0.9113759  3.3499701  0.7148243 
995   4.9056478  0.9120508  3.3085279  0.7343747 
996   4.9309072  0.9385445  3.3421209  0.7788207 
997   4.8919082  0.9452797  3.3352022  0.7963770 
998   4.8511796  0.9252153  3.3046274  0.8155320 
999   4.8627119  0.9441822  3.3027127  0.7789915 
1000  4.9389791  0.9199117  3.3630092  0.7745379 
1001  5.0766029  0.9525568  3.4781723  0.7915168 
1002  5.0413494  0.9216595  3.4149261  0.8378563 
1003  4.9568338  0.9133754  3.3758931  0.8079064 
1004  4.9570017  0.9171027  3.3659956  0.7592273 
1005  4.8774595  0.9401795  3.3586974  0.7990242 
1006  4.8882113  0.8969313  3.3361361  0.7492069 
1007  4.8884048  0.8898079  3.3586149  0.8051657 
1008  4.8818007  0.8913680  3.3579199  0.7678361 
1009  4.9103417  0.8829328  3.3467333  0.7516487 
1010  4.9524245  0.9016936  3.4091737  0.7835504 
1011  4.8965178  0.9115370  3.3612301  0.7501316 
1012  4.8839545  0.9360304  3.3798277  0.7435162 
1013  4.8459835  0.9410172  3.3532615  0.7525929 
1014  4.8007193  0.9304834  3.3349257  0.7198263 
1015  4.7957473  0.9597528  3.3266873  0.7560371 
1016  4.7712140  0.9549364  3.3227544  0.7750175 
1017  4.7175007  0.9502270  3.2702384  0.7922919 
1018  4.8362513  0.9442967  3.3341801  0.7922853 
1019  4.8263898  0.9380384  3.2931209  0.7732360 
1020  4.7539921  0.9119336  3.2657504  0.7672428 
1021  4.8222976  0.9036006  3.2840807  0.7558208 
1022  4.8577251  0.9365043  3.2941713  0.7633203 
1023  4.8665929  0.9487838  3.3135471  0.7991352 
1024  4.8597698  0.9130169  3.3099244  0.7501863 
1025  4.9094248  0.9584616  3.3447909  0.7741497 
1026  4.9925108  0.9577312  3.3961816  0.7474600 
1027  5.0199900  0.9535323  3.4270504  0.7909836 
1028  5.0663743  0.9591609  3.4718506  0.7886884 
1029  5.0581927  0.9786120  3.4536231  0.8173109 
1030  4.9927120  0.9643005  3.4042137  0.7898549 
1031  5.0166893  0.9428494  3.4090421  0.7635206 
1032  4.9682503  0.9476323  3.3859141  0.7387276 
1033  5.0152664  0.9876194  3.4541597  0.7959002 
1034  4.9330063  0.9321247  3.4207253  0.7847129 
1035  4.8974733  0.9425067  3.3328633  0.7944180 
1036  4.9859200  0.9401081  3.3911510  0.7860389 
1037  4.9184847  0.9290048  3.3667862  0.8217329 
1038  4.9652987  0.9561799  3.3899980  0.7944000 
1039  4.9755230  0.9268243  3.3423417  0.7728921 
1040  5.0415926  0.9256495  3.3850887  0.7856100 
1041  5.0453215  0.9330482  3.3891871  0.7713826 
1042  5.0123801  0.8958655  3.3910079  0.7496203 
1043  5.1716228  0.9058129  3.4765625  0.7460682 
1044  5.1216660  0.8980551  3.4471123  0.7328633 
1045  5.1187291  0.9080940  3.4332576  0.7750748 
1046  5.1542740  0.8748807  3.4496801  0.7508271 
1047  5.1273355  0.9168392  3.4679410  0.8071342 
1048  5.0766902  0.9114321  3.4144390  0.8039370 
1049  5.0581527  0.9184576  3.4052773  0.8374786 
1050  5.0951133  0.8942072  3.4676933  0.8137562 
1051  5.0906520  0.9513956  3.4974780  0.8205508 
1052  5.0395298  0.9252462  3.4121680  0.7987993 
1053  4.9976039  0.8820484  3.3630025  0.8115919 
1054  5.0766954  0.9042693  3.4690902  0.8267183 
1055  5.1369834  0.9099687  3.5011466  0.8088427 
1056  5.0377507  0.8950574  3.4376037  0.8084002 
1057  5.0138483  0.8861808  3.4197571  0.7799277 
1058  4.9627213  0.8590728  3.4111149  0.7657866 
1059  4.9015656  0.8571497  3.3715863  0.7689359 
1060  4.9786301  0.8906934  3.4531927  0.7950578 
1061  4.8686376  0.8678516  3.3395133  0.7403746 
1062  4.8852921  0.9122381  3.3519702  0.8037739 
1063  4.8209934  0.9054865  3.2993078  0.8112584 
1064  4.7479935  0.9134541  3.2542620  0.7803761 
1065  4.7334590  0.8986142  3.2749031  0.7625591 
1066  4.8690853  0.8932292  3.3274324  0.7404628 
1067  4.8092403  0.8923869  3.3289523  0.7810639 
1068  4.7446952  0.9517663  3.3122327  0.7818236 
1069  4.7539091  0.9454881  3.3186491  0.7971392 
1070  4.7830329  0.9404098  3.3695078  0.7940468 
1071  4.8109479  0.9364976  3.3494976  0.8104768 
1072  4.8356352  0.9229338  3.3682027  0.7772102 
1073  4.8184094  0.9259876  3.3790305  0.7974346 
1074  4.7386818  0.9029908  3.2730393  0.8098214 
1075  4.7293096  0.8915929  3.2847879  0.7806092 
1076  4.8155169  0.9330397  3.3619244  0.8260896 
1077  4.7832775  0.9188038  3.3603654  0.8150095 
1078  4.7559285  0.8912488  3.3385708  0.7858739 
1079  4.8226051  0.8861606  3.3593597  0.8061964 
1080  4.8215714  0.9163009  3.3863997  0.7958255 
1081  4.8637748  0.9050661  3.3883593  0.7704510 
1082  4.9180179  0.9102207  3.4503882  0.7602334 
1083  4.9088688  0.9007437  3.4605601  0.7433964 
1084  4.7691951  0.8656682  3.3359218  0.7921720 
1085  4.7555623  0.9106383  3.3448954  0.8442244 
1086  4.6984825  0.9029645  3.3062248  0.7890274 
1087  4.6939497  0.9010606  3.2759902  0.7667955 
1088  4.6386085  0.9054258  3.2561178  0.7797228 
1089  4.6720834  0.8770745  3.2444098  0.7734727 
1090  4.5930953  0.8747898  3.1776786  0.7493451 
1091  4.6662235  0.8808185  3.2359662  0.8017161 
1092  4.6654677  0.8636156  3.2340379  0.7607641 
1093  4.6692257  0.8718122  3.2513890  0.7742089 
1094  4.6554909  0.8824298  3.2318726  0.7879068 
1095  4.6548996  0.8937508  3.2445264  0.8251012 
1096  4.6873589  0.9243923  3.3260105  0.8236372 
1097  4.7175050  0.8975556  3.3410516  0.7766494 
1098  4.7679682  0.8983057  3.3584912  0.8025725 
1099  4.7144675  0.8988213  3.2784448  0.7365563 
1100  4.7726541  0.8942090  3.3330047  0.7767083 
1101  4.7454672  0.8924656  3.2903264  0.7656625 
1102  4.6628742  0.8930767  3.2632623  0.7310066 
1103  4.7812095  0.8935272  3.3214140  0.7235480 
1104  4.8099027  0.8967179  3.3491867  0.7743303 
1105  4.8655176  0.9207120  3.3654168  0.7445173 
1106  4.7670708  0.8992106  3.3438740  0.7609777 
1107  4.8315291  0.9142208  3.3556018  0.7816212 
1108  4.7026515  0.9281729  3.2879708  0.8047083 
1109  4.8441372  0.9299034  3.3832619  0.7788674 
1110  4.8253446  0.9309359  3.3621140  0.7470797 
1111  4.7706089  0.9131439  3.3070185  0.7740485 
1112  4.8098369  0.8796276  3.3471127  0.7527520 
1113  4.7281275  0.9111460  3.2659512  0.7801776 
1114  4.7919364  0.9069589  3.3097737  0.7680525 
1115  4.8905029  0.9067859  3.3964293  0.7774766 
1116  4.8566990  0.8942031  3.3324695  0.7921290 
1117  4.8603292  0.9221588  3.3410606  0.8106622 
1118  4.8787374  0.9013727  3.3756115  0.8215304 
1119  4.8570957  0.8963567  3.3573167  0.8324594 
1120  4.9551587  0.9031466  3.4187477  0.8384035 
1121  5.0177002  0.9169301  3.4274068  0.8323643 
1122  4.9116311  0.8884806  3.3816571  0.7641487 
1123  4.9676900  0.8969038  3.3735578  0.7416797 
1124  4.8629456  0.9041008  3.3268087  0.7698738 
1125  4.9158592  0.9295163  3.3685753  0.7916182 
1126  4.8578815  0.8605694  3.3167052  0.7658582 
1127  4.9229579  0.8754172  3.4163690  0.7867664 
1128  4.7989235  0.8621843  3.3045080  0.7182035 
1129  4.7813993  0.8929202  3.2902880  0.7640500 
1130  4.8163385  0.8732809  3.3196671  0.6921408 
1131  4.8093815  0.8989225  3.3211892  0.8018773 
1132  4.8082514  0.9234042  3.3141572  0.7995225 
1133  4.8852096  0.8845646  3.3512115  0.7860357 
1134  4.8633485  0.9309607  3.3482561  0.8276528 
1135  4.8342991  0.8929905  3.3418067  0.7922536 
1136  4.9416952  0.8847566  3.4450386  0.7839350 
1137  4.8620129  0.8922281  3.3755014  0.7429341 
1138  4.8786168  0.8926351  3.3595147  0.7714281 
1139  4.9563599  0.9007342  3.4175575  0.7789201 
