#time, global, repeatA-F, pore, tm38
0     0.1565243  0.1523033  0.1559155  0.1107745 
1     0.6183528  0.2024879  0.3912969  0.0981515 
2     0.8722298  0.2144138  0.5487528  0.1173985 
3     1.1323336  0.2439707  0.7003805  0.1341951 
4     1.3134303  0.2348120  0.8090836  0.1361309 
5     1.4658668  0.2420415  0.9146580  0.1309362 
6     1.6031165  0.2698645  1.0069482  0.1193584 
7     1.5465648  0.3153890  0.9932285  0.1425163 
8     1.7082739  0.3070455  1.1023606  0.1476254 
9     1.6664090  0.3040826  1.0766071  0.1553879 
10    1.7564836  0.3286486  1.1274381  0.1752363 
11    1.9511839  0.3461208  1.2717037  0.1427618 
12    1.9093841  0.3423386  1.2236797  0.1677155 
13    1.8500035  0.3359216  1.1403100  0.1736001 
14    1.8820287  0.3542176  1.1603408  0.1988600 
15    1.8921258  0.3877320  1.1743017  0.2010227 
16    1.9754215  0.3650078  1.2193382  0.1716650 
17    2.0567505  0.4055088  1.2639277  0.1789103 
18    2.0171487  0.3958515  1.3039360  0.1487602 
19    2.0624816  0.3850997  1.3316368  0.1573474 
20    2.0882723  0.4145761  1.3675812  0.1681753 
21    2.0298567  0.3863056  1.3215661  0.1523563 
22    2.0619259  0.3996675  1.3574055  0.1620178 
23    2.1440735  0.4075252  1.4182189  0.1637994 
24    2.1046858  0.4077604  1.3863033  0.1885827 
25    2.1015506  0.4043468  1.3058110  0.1744782 
26    2.1436777  0.4272592  1.3432473  0.1898864 
27    2.1141834  0.4191493  1.3289241  0.1325808 
28    2.1861329  0.4312240  1.4084440  0.2004162 
29    2.3205636  0.4545569  1.4745568  0.2172139 
30    2.0974987  0.4474854  1.3727573  0.1992480 
31    2.2771943  0.4609455  1.4786507  0.2165115 
32    2.2085800  0.4625032  1.4086863  0.2172389 
33    2.2094429  0.4759704  1.4052151  0.2440912 
34    2.1931813  0.4637335  1.4357512  0.2048647 
35    2.2484620  0.4654669  1.4911668  0.2491737 
36    2.2720520  0.4665066  1.4810829  0.2141061 
37    2.2200956  0.4769937  1.4881124  0.2135835 
38    2.2961204  0.4784427  1.5267748  0.2864929 
39    2.2013187  0.4648368  1.4213582  0.2622796 
40    2.2787175  0.4750511  1.4709742  0.2591650 
41    2.3008325  0.4736031  1.5510235  0.2315611 
42    2.3136840  0.4582870  1.5231476  0.2426957 
43    2.2889476  0.4622039  1.5612007  0.2422214 
44    2.2841990  0.4539003  1.4983252  0.2717628 
45    2.3164060  0.4845890  1.5797784  0.2820565 
46    2.3773575  0.4684106  1.6041914  0.2651325 
47    2.4172752  0.4761811  1.6327302  0.2937788 
48    2.4214268  0.4780608  1.6353854  0.3011764 
49    2.3612633  0.5120208  1.6120955  0.2940956 
50    2.4385896  0.4935552  1.6552314  0.3010666 
51    2.4435115  0.4813607  1.6035351  0.2340820 
52    2.5297105  0.5086566  1.7202804  0.2559887 
53    2.5429292  0.5092256  1.7188365  0.2549067 
54    2.4768460  0.4981566  1.7099217  0.2655843 
55    2.4261096  0.4587622  1.6160151  0.2580503 
56    2.5886676  0.4834722  1.7132560  0.2831344 
57    2.5553555  0.5114762  1.7113599  0.2704890 
58    2.5440228  0.5048273  1.6997875  0.2533968 
59    2.5219090  0.5058998  1.6776185  0.2525423 
60    2.6335397  0.4923890  1.7635109  0.2441028 
61    2.6225629  0.4703704  1.7805507  0.2305616 
62    2.6006348  0.4770790  1.7778587  0.2456482 
63    2.6253743  0.4934835  1.7727340  0.2184155 
64    2.5057924  0.4977502  1.6992927  0.2334803 
65    2.5709352  0.4749869  1.7772028  0.2047875 
66    2.5326564  0.4567986  1.7432770  0.2199604 
67    2.6394153  0.4883550  1.7649796  0.2107828 
68    2.6735625  0.4846596  1.8545724  0.2308713 
69    2.6984081  0.4616784  1.8463920  0.2265550 
70    2.5912235  0.4767069  1.7738543  0.2277911 
71    2.6705489  0.4714415  1.8485830  0.2594159 
72    2.6472871  0.4894960  1.8504665  0.2422720 
73    2.7072275  0.4987698  1.8828211  0.2423438 
74    2.7264829  0.5198761  1.8843592  0.2674013 
75    2.7150888  0.5026809  1.8853059  0.2847108 
76    2.7373598  0.5000204  1.8963090  0.2810161 
77    2.7803779  0.5109915  1.8950832  0.2773772 
78    2.7476521  0.4880175  1.9137778  0.2682666 
79    2.7281766  0.4841749  1.9364572  0.2577548 
80    2.7112262  0.4735876  1.8945669  0.2457911 
81    2.7116244  0.4886432  1.8839364  0.2816575 
82    2.7022929  0.4781204  1.8492975  0.2469832 
83    2.7500904  0.4862598  1.8839333  0.2555588 
84    2.7531109  0.4868723  1.9107413  0.2682101 
85    2.7018626  0.4831782  1.8675609  0.2605317 
86    2.8316762  0.4898039  1.9483165  0.2720314 
87    2.8336055  0.4865772  1.9696335  0.2662278 
88    2.8679969  0.4879790  1.9662684  0.2553630 
89    2.8803451  0.4908620  1.9828562  0.2578918 
90    2.8582532  0.4962982  1.9821104  0.2621980 
91    2.9159961  0.5103862  2.0579438  0.2454994 
92    2.8323569  0.5020680  2.0418594  0.2462566 
93    2.8384848  0.5365282  2.0208445  0.2359733 
94    2.9622428  0.5087876  2.0758297  0.2371749 
95    2.9654632  0.5211559  2.0774629  0.2384467 
96    2.9362879  0.5026111  2.0918925  0.2386517 
97    2.9142370  0.5083582  2.0680618  0.2362638 
98    2.9176416  0.4995571  2.0364454  0.2408277 
99    2.9945040  0.5101117  2.1335528  0.2447125 
100   2.9117019  0.4975989  2.0226219  0.2638763 
101   2.8997366  0.5112414  2.0108218  0.2486683 
102   2.9045258  0.5242866  2.0070634  0.2487899 
103   2.8620443  0.4956471  2.0183733  0.2525341 
104   2.8237238  0.4982268  1.9688979  0.2388102 
105   2.9005599  0.5045391  2.0450292  0.2403743 
106   2.8822088  0.5037065  2.0603430  0.2415769 
107   2.8985822  0.5064818  2.0565464  0.2424839 
108   2.9000454  0.5067297  2.0721300  0.2661251 
109   2.9409637  0.5143325  2.0931931  0.2538669 
110   2.9442909  0.4884984  2.0776603  0.2309125 
111   2.9301500  0.5019238  2.1062117  0.2327168 
112   2.9763391  0.5039883  2.1391773  0.2467842 
113   3.0267377  0.5065851  2.1776946  0.2556788 
114   2.9766662  0.4998741  2.1043401  0.2417027 
115   3.0010054  0.5121613  2.1205256  0.2668662 
116   2.9447334  0.5323172  2.1000869  0.2310554 
117   2.9433601  0.5121118  2.1066384  0.2450725 
118   2.9571371  0.5198604  2.1422617  0.2412896 
119   2.9125245  0.5101975  2.1189632  0.2261595 
120   2.9007127  0.5159494  2.1119437  0.2059383 
121   2.9890132  0.5029323  2.1532111  0.2007825 
122   2.9665866  0.5020712  2.1379890  0.2186596 
123   2.9505703  0.5026453  2.0965619  0.2367231 
124   3.0182796  0.5173227  2.1742914  0.2162888 
125   2.9612474  0.5203276  2.1123314  0.2562397 
126   2.9631000  0.4991140  2.0952187  0.2369233 
127   2.9193523  0.5267140  2.0632615  0.2254533 
128   2.9627705  0.5099932  2.0651469  0.2302015 
129   3.0212014  0.5076451  2.1457689  0.2308038 
130   2.9629796  0.5103084  2.1421194  0.2391203 
131   2.9703050  0.5253016  2.1659625  0.2472727 
132   2.8874705  0.5118100  2.0834270  0.2208086 
133   2.8917668  0.5190701  2.0922749  0.2376460 
134   2.9497631  0.5299789  2.1218741  0.2592721 
135   3.0389016  0.5216165  2.1490026  0.2372620 
136   2.9905632  0.5315427  2.1246355  0.2486605 
137   2.9576442  0.5368024  2.0980346  0.2606371 
138   2.9398606  0.5384334  2.0904677  0.2266513 
139   2.9455438  0.5048791  2.0807486  0.2510565 
140   2.9158590  0.5215581  2.0835884  0.2504274 
141   2.9203944  0.5161437  2.1032398  0.2331075 
142   3.0046344  0.5219976  2.1293380  0.2240807 
143   3.0233161  0.5039120  2.1504695  0.2459997 
144   3.0254657  0.5163792  2.1615493  0.2017347 
145   2.9921033  0.5141809  2.1500859  0.2112553 
146   2.9976327  0.5147808  2.1646297  0.2035511 
147   2.9959211  0.5239944  2.1484537  0.1843723 
148   2.9329112  0.5417085  2.1456935  0.1908205 
149   3.0214572  0.5472725  2.1919584  0.2579744 
150   2.9372745  0.5346538  2.0938897  0.2452487 
151   3.0160539  0.5639505  2.1257832  0.2334268 
152   2.9598842  0.5491645  2.1339421  0.2191442 
153   3.0256910  0.5631306  2.1837294  0.2214094 
154   3.0158653  0.5719038  2.1823542  0.2253498 
155   3.0455453  0.5781152  2.1461051  0.2250311 
156   2.9737589  0.5620629  2.1148951  0.2176261 
157   3.0181479  0.5596473  2.1471176  0.2263993 
158   3.1267469  0.5616669  2.2327454  0.2235600 
159   3.1011417  0.5432763  2.2244437  0.2326473 
160   3.1333282  0.5356520  2.2045026  0.2383343 
161   3.0335398  0.5451086  2.1479669  0.2544651 
162   3.0391793  0.5457356  2.1503875  0.2440960 
163   3.0266647  0.5184573  2.1328919  0.2259381 
164   3.0319772  0.5242598  2.1233048  0.2201339 
165   3.0821407  0.5271752  2.1682892  0.2384303 
166   3.0228934  0.5280278  2.1041403  0.2439279 
167   3.0327039  0.5163880  2.1396620  0.2362451 
168   3.0154755  0.5322928  2.1024034  0.2367099 
169   2.9991071  0.5199186  2.0945413  0.2469016 
170   2.9915903  0.5252925  2.0819681  0.2473461 
171   2.8713634  0.5275661  2.0157149  0.2241599 
172   2.9845335  0.5248776  2.1022322  0.2646334 
173   3.0714691  0.5310508  2.1432471  0.2581034 
174   2.9712625  0.5322607  2.0830026  0.2485264 
175   3.0253415  0.5320379  2.0945594  0.2562163 
176   2.9627607  0.5281317  2.0420942  0.2557720 
177   2.9529014  0.5422885  2.0854938  0.2233298 
178   3.0133705  0.5291355  2.1383820  0.2217262 
179   2.9983063  0.5511144  2.1277382  0.2599204 
180   2.9249377  0.5430326  2.0730851  0.2522049 
181   3.0071321  0.5395657  2.1133058  0.2521743 
182   3.0686355  0.5653430  2.1649599  0.2465532 
183   3.0134959  0.5771090  2.1752343  0.2620865 
184   2.9822993  0.5691729  2.1396689  0.2722789 
185   2.9460218  0.5648623  2.1379840  0.2692000 
186   2.9160237  0.5812914  2.1270103  0.2745417 
187   2.9556956  0.5768516  2.1163354  0.2691601 
188   2.9884422  0.5880117  2.1826336  0.2775596 
189   3.0100157  0.5751223  2.1802082  0.2577905 
190   2.9239373  0.5777392  2.1225648  0.2916739 
191   2.9433622  0.5794504  2.1217871  0.2524781 
192   2.9763479  0.5704939  2.1184494  0.2698333 
193   3.0122461  0.5859210  2.1831048  0.2896335 
194   2.9785943  0.5770128  2.1930890  0.2589484 
195   3.0645630  0.5949519  2.2672281  0.2764869 
196   3.1447241  0.6080661  2.3005888  0.2821850 
197   3.0314119  0.5960342  2.1932952  0.3008528 
198   3.0482521  0.5956166  2.2091310  0.2741090 
199   2.9123793  0.6040701  2.0921929  0.2537752 
200   3.0007412  0.6320339  2.1462893  0.2424509 
201   3.0106142  0.6244134  2.1311743  0.2353384 
202   3.0155282  0.6241015  2.1428418  0.2179200 
203   3.0151029  0.6489521  2.1861789  0.2240388 
204   3.0015230  0.6472177  2.1459103  0.1904951 
205   3.0667105  0.6347302  2.2282879  0.2153758 
206   2.9716818  0.6310092  2.1180611  0.2319266 
207   3.0050848  0.6104343  2.1604502  0.2303895 
208   3.0555799  0.6119834  2.1930311  0.2707796 
209   3.0947053  0.6328420  2.2139623  0.2675467 
210   3.1159332  0.6242644  2.2171869  0.2806634 
211   3.0129783  0.6026664  2.1644018  0.2198571 
212   3.0715716  0.6213284  2.1584120  0.2184093 
213   3.1260848  0.6331720  2.2057674  0.2136381 
214   3.0829132  0.6416664  2.1964536  0.2142077 
215   3.0742052  0.6337329  2.1985962  0.2294511 
216   3.0468667  0.6195349  2.2064235  0.2450070 
217   3.1154153  0.6420155  2.2547629  0.2333434 
218   3.1407428  0.6300746  2.2183440  0.2823015 
219   3.1361413  0.6192555  2.2352786  0.2333012 
220   3.0904934  0.6269729  2.2091334  0.2432461 
221   3.0292711  0.6257457  2.1786301  0.2422796 
222   3.1601980  0.6124147  2.2451143  0.2787532 
223   3.0665700  0.6174765  2.2064481  0.2601746 
224   3.0646782  0.6309926  2.2057152  0.2601991 
225   2.9883983  0.6300159  2.1530581  0.2350640 
226   2.9972136  0.6375147  2.1739643  0.2254322 
227   3.0842977  0.5858109  2.2319198  0.2197417 
228   3.0495164  0.5866901  2.1991487  0.2135792 
229   3.0792234  0.5858613  2.2160323  0.2081394 
230   3.0248764  0.5983498  2.1617160  0.2078929 
231   3.0728407  0.6111471  2.2218235  0.2129205 
232   3.0706294  0.6162490  2.2061238  0.2353748 
233   3.0638783  0.6317762  2.2116950  0.2507060 
234   3.0128946  0.6099901  2.1714144  0.2396824 
235   2.9487386  0.5868842  2.1490974  0.2392823 
236   2.9494476  0.6098461  2.0996299  0.2078406 
237   3.0030742  0.5651503  2.1323528  0.2129382 
238   3.0815730  0.5878469  2.1810863  0.2214611 
239   3.0821812  0.6184436  2.1636651  0.2883890 
240   3.1138737  0.6025293  2.2054439  0.2591798 
241   3.0769863  0.6109274  2.1994908  0.2477206 
242   3.1305261  0.5928137  2.2265892  0.2630934 
243   3.1066425  0.6126771  2.2012424  0.2869634 
244   3.0844166  0.6544126  2.1889660  0.2736817 
245   3.1475093  0.6630986  2.2476015  0.2986836 
246   3.0577371  0.6611757  2.1658163  0.3091177 
247   3.0665736  0.6578027  2.2024720  0.3245027 
248   3.0305300  0.6491570  2.1490996  0.3216280 
249   3.0738394  0.6514142  2.2025254  0.3412689 
250   3.1068487  0.6427794  2.2117567  0.3540562 
251   2.9757478  0.6237693  2.1198053  0.3303967 
252   3.0765996  0.6462497  2.1778746  0.3086641 
253   3.0387161  0.6540764  2.1660523  0.3423108 
254   3.0898387  0.7165070  2.2170417  0.3520018 
255   3.1055992  0.6971425  2.2430565  0.3588237 
256   3.0462892  0.6798322  2.1747968  0.3458824 
257   3.1769114  0.7103296  2.2886970  0.3522199 
258   3.1845744  0.7056072  2.2834141  0.3453663 
259   3.1477463  0.7525915  2.2172909  0.3529942 
260   3.0837326  0.7090740  2.1882689  0.3683172 
261   3.2050591  0.7075183  2.2897558  0.3671803 
262   3.2392282  0.7265358  2.3015246  0.3526227 
263   3.2282171  0.7200799  2.3078611  0.3448613 
264   3.2689359  0.7061453  2.3378839  0.3599614 
265   3.3106930  0.7308843  2.3655758  0.3679568 
266   3.2342701  0.7107987  2.3434525  0.3375867 
267   3.2171626  0.7193681  2.3518252  0.3296948 
268   3.2170286  0.7569810  2.3368027  0.3257464 
269   3.2648079  0.7502139  2.3481276  0.3418581 
270   3.2083073  0.6874245  2.3031783  0.3325403 
271   3.2592533  0.6867895  2.3024223  0.3413006 
272   3.2780821  0.6811833  2.2846127  0.2929780 
273   3.2980275  0.6660753  2.3120267  0.3070199 
274   3.2688811  0.6912146  2.3238366  0.3305998 
275   3.2626014  0.6825759  2.3096929  0.3381149 
276   3.2853775  0.6923910  2.3538110  0.3130327 
277   3.3144572  0.7089923  2.3683517  0.3085000 
278   3.2880976  0.6909146  2.3450885  0.3041018 
279   3.3363242  0.7139098  2.3711977  0.3126549 
280   3.3164999  0.7041200  2.3955827  0.3006591 
281   3.3173852  0.6887605  2.3488257  0.3370807 
282   3.3259251  0.7031377  2.3940151  0.3198059 
283   3.3236744  0.7094767  2.3760471  0.3375206 
284   3.3125720  0.6790771  2.3755181  0.3509181 
285   3.3131151  0.7150946  2.3556616  0.3320016 
286   3.2544234  0.7213745  2.3074579  0.3173517 
287   3.1986849  0.7358897  2.2761269  0.3435915 
288   3.2338719  0.7047135  2.3332164  0.3652370 
289   3.2058642  0.6942123  2.3179421  0.3470837 
290   3.2048252  0.7268230  2.2732694  0.3515265 
291   3.1584096  0.6795929  2.2544570  0.3757928 
292   3.1621084  0.6688926  2.2333965  0.3420782 
293   3.2238379  0.7199739  2.2793686  0.3557813 
294   3.2663527  0.7128289  2.2980242  0.3563364 
295   3.2658446  0.7408161  2.3181520  0.3617381 
296   3.2794533  0.7248049  2.3202024  0.3831070 
297   3.3648312  0.7250046  2.3704743  0.3742317 
298   3.2274463  0.7012204  2.2683618  0.3686932 
299   3.2686749  0.7331712  2.2829258  0.4070587 
300   3.2414458  0.7292155  2.2537899  0.3940203 
301   3.2729774  0.7305242  2.3077552  0.4064437 
302   3.3028769  0.7302898  2.3113956  0.4791721 
303   3.2418747  0.7367446  2.2775121  0.4194357 
304   3.2789037  0.7419229  2.2866535  0.4115353 
305   3.2991109  0.7080206  2.2966433  0.4388619 
306   3.3183005  0.7113664  2.2946894  0.4314797 
307   3.2761786  0.6928773  2.2619300  0.4009657 
308   3.3890414  0.7036772  2.3256893  0.4196281 
309   3.3286591  0.7001865  2.3070421  0.3945870 
310   3.3844442  0.7150226  2.3327184  0.4417474 
311   3.3661716  0.7219532  2.3717370  0.4228709 
312   3.4038417  0.7402921  2.4191346  0.4122633 
313   3.3858736  0.7333074  2.4084034  0.4568400 
314   3.4314244  0.7271155  2.4476733  0.4067636 
315   3.4309032  0.7470264  2.4226904  0.4477028 
316   3.3139067  0.7293910  2.3210552  0.4227079 
317   3.2074225  0.7265699  2.2627053  0.3771441 
318   3.2946084  0.7240626  2.3044734  0.4024439 
319   3.3432662  0.7489044  2.3608236  0.4248019 
320   3.3665121  0.7335424  2.3795774  0.3959620 
321   3.3642735  0.7458056  2.3862877  0.3646396 
322   3.4345829  0.7363615  2.4144981  0.3618813 
323   3.3144948  0.7323211  2.3256888  0.3707041 
324   3.3969941  0.7071446  2.3929815  0.3665328 
325   3.4788461  0.7754783  2.4817994  0.3981916 
326   3.4401891  0.7628594  2.4561419  0.4500885 
327   3.3753164  0.7285414  2.4009280  0.4150916 
328   3.5095208  0.7361404  2.5053864  0.4314989 
329   3.4038899  0.7208380  2.4430270  0.4592181 
330   3.4321256  0.7092608  2.4433749  0.4402217 
331   3.4195085  0.6976603  2.4010999  0.4149094 
332   3.4724119  0.7125328  2.4634671  0.4315380 
333   3.4799566  0.7124522  2.4809623  0.4029494 
334   3.5272574  0.7229515  2.4965947  0.3675390 
335   3.4238694  0.7085245  2.4627280  0.3763265 
336   3.3834751  0.7343693  2.4800031  0.4164255 
337   3.4854758  0.7379265  2.5354505  0.4150525 
338   3.4421258  0.7247274  2.5181401  0.4022346 
339   3.5106492  0.7293755  2.5580299  0.3985339 
340   3.4790900  0.7458910  2.5262504  0.4184518 
341   3.4825962  0.7311751  2.5293124  0.4255933 
342   3.4165916  0.7203638  2.4926372  0.4098780 
343   3.4866970  0.7391376  2.5769775  0.4536616 
344   3.4488106  0.7183422  2.5173655  0.3859016 
345   3.4555953  0.7380158  2.5514355  0.4175884 
346   3.4655159  0.7251184  2.5669730  0.4052209 
347   3.5174692  0.7213912  2.5695903  0.4428817 
348   3.4688087  0.7342958  2.5274389  0.4608454 
349   3.5390458  0.7385836  2.5688546  0.4471899 
350   3.6088624  0.7437402  2.5929241  0.4368380 
351   3.5955641  0.7294142  2.6147420  0.4253518 
352   3.5650716  0.7476744  2.5596652  0.4384905 
353   3.6181207  0.7517882  2.6106844  0.4606929 
354   3.5973184  0.7600943  2.5708718  0.4852643 
355   3.6575663  0.7433668  2.6210477  0.4629628 
356   3.6418369  0.7719965  2.5963173  0.4624860 
357   3.5525825  0.7429768  2.5253062  0.4652417 
358   3.6198537  0.7579330  2.5638521  0.4896273 
359   3.6294677  0.7691146  2.5973797  0.4504228 
360   3.6139486  0.7869611  2.6296356  0.5189549 
361   3.5520682  0.7659968  2.5902028  0.5162730 
362   3.5843465  0.7441962  2.6186738  0.4618967 
363   3.6767714  0.7594840  2.7042842  0.4848830 
364   3.6237876  0.7614529  2.6273105  0.5060673 
365   3.6422217  0.7658387  2.6869807  0.5065537 
366   3.5966151  0.7683607  2.6159148  0.5328420 
367   3.6660538  0.7599947  2.6507044  0.4830717 
368   3.6083689  0.7599969  2.6408095  0.4406889 
369   3.5824621  0.7628080  2.6377587  0.4639496 
370   3.6229920  0.7514434  2.6260145  0.4634760 
371   3.6359804  0.7626409  2.6620300  0.4695093 
372   3.6106350  0.7728699  2.6686029  0.4529456 
373   3.6254227  0.7561318  2.6326442  0.4874830 
374   3.5768330  0.7660164  2.5890322  0.4910336 
375   3.5823324  0.7850543  2.6217935  0.5037086 
376   3.5230005  0.7909063  2.5849195  0.5081993 
377   3.6148229  0.7786584  2.6471927  0.5059471 
378   3.5723221  0.7750499  2.6207428  0.5119641 
379   3.5501070  0.7776681  2.5622311  0.5314956 
380   3.6383164  0.7658876  2.6205244  0.4968013 
381   3.5407960  0.7751831  2.5479186  0.4974859 
382   3.5738466  0.7868572  2.5829849  0.5104723 
383   3.6129696  0.8013745  2.6321063  0.5038193 
384   3.6098139  0.7889366  2.6228275  0.4834448 
385   3.5457025  0.7880394  2.5834701  0.4275430 
386   3.6896346  0.7993293  2.6210954  0.4531492 
387   3.6334321  0.7701967  2.5995269  0.4253817 
388   3.6758237  0.8304773  2.6319990  0.4955150 
389   3.6070783  0.8307110  2.5806739  0.4795789 
390   3.6265631  0.7758039  2.5555739  0.4492562 
391   3.6747735  0.7905971  2.5844979  0.5046254 
392   3.6372805  0.8011633  2.5787160  0.5372763 
393   3.6865783  0.7709323  2.5951669  0.4953356 
394   3.8444057  0.7761552  2.7037961  0.4995323 
395   3.8672485  0.7648724  2.7788475  0.4781997 
396   3.8869703  0.7708616  2.7338536  0.4519270 
397   3.8811216  0.8018278  2.7554250  0.4955648 
398   3.8989379  0.7938498  2.7351577  0.4643321 
399   3.8565550  0.7792537  2.7164435  0.4497392 
400   3.7421539  0.7552243  2.6224201  0.4912594 
401   3.8439984  0.7489390  2.6935363  0.4705568 
402   3.8514364  0.7579128  2.6676226  0.4772413 
403   3.8224864  0.7629821  2.6403885  0.4573112 
404   3.8405387  0.7787428  2.6908710  0.5096721 
405   3.8411984  0.7623308  2.6473703  0.4499704 
406   3.8340836  0.7715417  2.6356020  0.4838749 
407   3.8005919  0.7493230  2.6222787  0.4277609 
408   3.8458877  0.7635658  2.6735303  0.5237614 
409   3.9312303  0.7621676  2.7032225  0.4926009 
410   3.9371245  0.7519289  2.7558954  0.4727774 
411   3.9002769  0.7653044  2.6508043  0.4800049 
412   3.8743763  0.7302669  2.6273384  0.4169959 
413   4.0162373  0.7787349  2.7419026  0.4829246 
414   4.0133753  0.7461540  2.7377346  0.4692342 
415   4.0504832  0.7410159  2.7681334  0.4527056 
416   3.9849153  0.7513832  2.7162840  0.5185667 
417   3.9989302  0.7293584  2.7152538  0.4566260 
418   4.0121918  0.7295580  2.7244990  0.4643337 
419   4.0874729  0.7522119  2.7730682  0.4813326 
420   4.0381193  0.7380909  2.7201085  0.4400720 
421   3.9330714  0.7306924  2.6598392  0.4557709 
422   3.9311492  0.7549540  2.6831188  0.4383871 
423   4.0573626  0.7530079  2.7482469  0.4383637 
424   3.9629395  0.7698079  2.6858582  0.4732876 
425   3.9889896  0.7572545  2.6993546  0.4828514 
426   3.9213507  0.7181404  2.6735430  0.4461367 
427   4.0062337  0.7774658  2.7652493  0.4880008 
428   4.0878701  0.7759260  2.7939994  0.4806777 
429   4.0024924  0.7474536  2.7535489  0.4585163 
430   4.0556402  0.7432382  2.7686677  0.4611886 
431   4.0216708  0.7667758  2.7418559  0.4716412 
432   3.9353745  0.7695222  2.7219462  0.4692050 
433   3.9283504  0.7719606  2.6632907  0.4752347 
434   3.9616971  0.7564669  2.7074051  0.4779686 
435   3.9714520  0.7707961  2.7338223  0.4505346 
436   4.0053706  0.7800908  2.8154576  0.4804923 
437   4.0050802  0.7579775  2.7933350  0.4582513 
438   4.0685730  0.7836656  2.8524914  0.4609784 
439   3.9897344  0.7643571  2.8338726  0.4846133 
440   4.0347056  0.7457758  2.8387513  0.4862520 
441   3.9914024  0.7370429  2.8069582  0.4601568 
442   4.0670638  0.7518667  2.8208196  0.4678549 
443   3.9910703  0.7364158  2.7547622  0.4692127 
444   4.0261521  0.7450581  2.7803011  0.4758651 
445   3.9924071  0.7583838  2.7558942  0.4244848 
446   3.9572022  0.7515752  2.7371511  0.4509438 
447   4.0358276  0.7543290  2.7905865  0.4368419 
448   4.0967126  0.7538710  2.7998898  0.4460323 
449   4.0559363  0.7390964  2.7889154  0.4224661 
450   4.1203756  0.7492653  2.7993789  0.4725831 
451   4.0404344  0.7537272  2.7519510  0.4856496 
452   4.0833535  0.7364043  2.7228744  0.4556449 
453   4.1905441  0.7702569  2.7984850  0.4391280 
454   4.1807837  0.7476315  2.8025234  0.4506273 
455   4.0647202  0.7702765  2.7667022  0.4754035 
456   4.0834384  0.7947040  2.7881644  0.4594661 
457   4.1068029  0.7562483  2.7654684  0.4714201 
458   4.0629148  0.7635490  2.7680161  0.4607643 
459   4.1462955  0.7650398  2.8530033  0.4556096 
460   4.0999627  0.7680937  2.8163621  0.4719424 
461   4.0911865  0.7583736  2.8209682  0.4613246 
462   4.0839977  0.7618547  2.7869022  0.4620558 
463   4.2010078  0.7734168  2.8753607  0.4870064 
464   4.1313367  0.7980061  2.8442485  0.5081400 
465   4.0745082  0.7684150  2.7758892  0.4831732 
466   4.1869798  0.8097031  2.8982108  0.4906279 
467   4.0293908  0.8006930  2.7405696  0.4758360 
468   4.0825119  0.7869313  2.7917883  0.4672610 
469   4.0584841  0.7705889  2.7780550  0.4356441 
470   4.1636829  0.7840660  2.8228090  0.4230056 
471   4.0710864  0.7814664  2.7683547  0.4489573 
472   4.0617795  0.7730265  2.7838159  0.4498416 
473   4.0753798  0.8300185  2.7776077  0.5071855 
474   4.0077252  0.8090471  2.7318194  0.4691564 
475   4.0042830  0.7875615  2.7231667  0.4509853 
476   4.0763998  0.7811103  2.7831206  0.4519019 
477   4.1365433  0.8023694  2.8196278  0.4621704 
478   4.1299748  0.7799364  2.8099098  0.4606207 
479   4.0076742  0.7799905  2.6966610  0.4222348 
480   4.0848875  0.7800100  2.8067596  0.4310127 
481   4.0359626  0.7769700  2.7546978  0.4166123 
482   4.0194321  0.7518407  2.7352326  0.4021674 
483   4.0574517  0.7465226  2.7524185  0.3971528 
484   4.0199008  0.7528456  2.7172847  0.4083456 
485   4.0685372  0.7581531  2.7258966  0.4020365 
486   4.0323467  0.7611579  2.7153702  0.3616584 
487   3.9963927  0.7677575  2.7022479  0.3952585 
488   4.1053286  0.7741933  2.8406277  0.3554561 
489   3.9969263  0.7683927  2.7574096  0.4079064 
490   4.0886245  0.7631604  2.8187377  0.3711073 
491   4.0989614  0.7443984  2.8179545  0.3884272 
492   4.0583711  0.7459837  2.8062899  0.3716836 
493   4.0371962  0.7421558  2.8116186  0.3748861 
494   4.0116491  0.7868754  2.8076270  0.3653398 
495   4.0066967  0.7489560  2.7788467  0.3741213 
496   3.9957430  0.7431936  2.7487326  0.3797197 
497   3.9243841  0.7629540  2.6942434  0.3603465 
498   3.9617858  0.7877916  2.6875679  0.3537101 
499   3.9769208  0.8015999  2.7006602  0.3726524 
500   3.9277716  0.7807611  2.7039144  0.3620180 
501   3.9226489  0.7958933  2.7076735  0.3337847 
502   4.0050073  0.7912021  2.7671254  0.3783888 
503   4.0234280  0.7740551  2.7407062  0.3816689 
504   3.9940386  0.8045860  2.7108023  0.3645803 
505   3.9759507  0.7526639  2.6749523  0.3809529 
506   4.1374125  0.7615615  2.8111289  0.3694091 
507   4.0791454  0.7626014  2.7962482  0.3988514 
508   3.9456315  0.7961068  2.6877282  0.3858338 
509   3.9601858  0.7906004  2.7307081  0.4071489 
510   3.9846549  0.7936158  2.6971109  0.3812279 
511   4.0159411  0.8043388  2.7269821  0.3914597 
512   3.9014709  0.7849059  2.6725392  0.4089557 
513   3.8038619  0.7921793  2.6246872  0.3738574 
514   3.7743280  0.7878903  2.6117768  0.4145086 
515   3.8775287  0.7905538  2.6790733  0.3617340 
516   3.7279501  0.8069720  2.5762389  0.4237057 
517   3.8445957  0.8346781  2.6682289  0.4049193 
518   3.7935550  0.7911596  2.6251082  0.3752283 
519   3.8232319  0.7925870  2.6549804  0.4236839 
520   3.9747434  0.7666130  2.7468400  0.3988590 
521   3.9046102  0.7929006  2.7252276  0.3816019 
522   3.8181252  0.7693437  2.6400256  0.3388034 
523   3.8261364  0.7996457  2.6450722  0.4022979 
524   3.7821171  0.7688901  2.6426046  0.3330068 
525   3.7869871  0.7585164  2.6575916  0.3603579 
526   3.8342097  0.7404612  2.6787572  0.3607488 
527   3.8969381  0.7748824  2.7218664  0.3664508 
528   3.8696399  0.7355114  2.6769106  0.3386186 
529   3.8416848  0.7399000  2.6293156  0.3877337 
530   3.8330638  0.7334584  2.5966864  0.3544377 
531   3.8535340  0.7194404  2.6196790  0.3221241 
532   3.8334260  0.7183793  2.6119237  0.3919694 
533   3.8776882  0.7518762  2.6080189  0.3363585 
534   3.9556203  0.7576423  2.6566906  0.3650295 
535   3.8862779  0.7448082  2.6366427  0.3360445 
536   3.7719417  0.7479724  2.5512688  0.3567322 
537   3.8079677  0.7829496  2.5961323  0.3739088 
538   3.8077722  0.7425128  2.5143952  0.4041442 
539   3.8692131  0.7263786  2.5934219  0.3742370 
540   4.0145249  0.7505990  2.7250698  0.3878372 
541   3.9977696  0.7518504  2.7405293  0.3912039 
542   4.0765185  0.7686279  2.7824974  0.4128079 
543   3.9244568  0.7796487  2.6740875  0.4251853 
544   3.9522128  0.7786417  2.7439945  0.4466899 
545   3.9535813  0.7657275  2.7263837  0.4167717 
546   3.9972975  0.8245746  2.7983801  0.4199667 
547   3.9990993  0.8159775  2.7566278  0.4351806 
548   3.9698980  0.8264796  2.7469983  0.4806587 
549   4.0011764  0.8121928  2.7853069  0.4627602 
550   4.1319318  0.8092375  2.8730547  0.4481429 
551   4.0366488  0.8502613  2.8081930  0.4704254 
552   3.9753978  0.8652507  2.7792995  0.4594377 
553   3.8991365  0.8244225  2.7252862  0.4512887 
554   3.9394429  0.8386690  2.7302432  0.4107705 
555   3.9622095  0.8483828  2.7541845  0.4560723 
556   4.0168529  0.8623739  2.8136084  0.5043323 
557   3.9518709  0.8251919  2.7456434  0.4496702 
558   4.0570197  0.8332176  2.8219063  0.4711388 
559   4.0802121  0.8549830  2.8467793  0.4769263 
560   4.0431447  0.8261778  2.8028772  0.4731062 
561   3.9792502  0.8229230  2.7723491  0.4234785 
562   4.0183487  0.8300681  2.8026524  0.4532295 
563   4.0353403  0.8363854  2.7755849  0.4618815 
564   3.9800801  0.8407521  2.7328515  0.4632340 
565   3.9496391  0.8281197  2.7049131  0.5050424 
566   3.9350758  0.8576736  2.7391670  0.4487889 
567   3.9985421  0.8124382  2.7619765  0.4498975 
568   3.9917200  0.8222303  2.7493174  0.4745553 
569   4.0319295  0.8370593  2.7671897  0.4601463 
570   4.0952563  0.8236529  2.7988176  0.4731274 
571   3.9867470  0.8086457  2.7136307  0.4026553 
572   4.0434113  0.8266826  2.7355752  0.4197250 
573   4.0273271  0.8190312  2.6988618  0.4500149 
574   4.0360303  0.8097857  2.7204940  0.4518760 
575   4.0424681  0.8119479  2.7091699  0.4637567 
576   3.8937871  0.8413290  2.6050720  0.5125676 
577   3.9747591  0.8441042  2.6767695  0.4715936 
578   4.0493250  0.8642271  2.7069428  0.5264814 
579   4.1878157  0.8855813  2.7835605  0.5583968 
580   4.1049128  0.8568908  2.7560101  0.5611494 
581   4.1380801  0.8485250  2.7339749  0.5340373 
582   4.2777190  0.8834009  2.8923786  0.5424711 
583   4.1635890  0.8596652  2.7731221  0.5202737 
584   4.1390109  0.8367178  2.7014937  0.4541901 
585   4.0699186  0.8116547  2.6738310  0.4937980 
586   4.1269708  0.8207979  2.7026262  0.5571904 
587   4.1246262  0.8103797  2.7652640  0.4898783 
588   4.0264177  0.7990618  2.6699877  0.4768627 
589   4.0543494  0.7941579  2.6778059  0.4469787 
590   4.0115972  0.8192804  2.6884370  0.4734057 
591   4.0977736  0.7928492  2.7530866  0.4471346 
592   4.1229844  0.8490180  2.7794986  0.4718343 
593   4.1446605  0.8478234  2.7876005  0.4369633 
594   4.1791930  0.8481774  2.8285825  0.4876566 
595   4.1681271  0.8633561  2.8089712  0.5329871 
596   4.1932807  0.8612169  2.8603623  0.5120564 
597   4.3289943  0.8469008  2.8986349  0.4748522 
598   4.3994455  0.8845959  2.9250603  0.5210998 
599   4.3025508  0.9081346  2.9010568  0.5168117 
600   4.2821684  0.8718954  2.8645337  0.5023805 
601   4.3507290  0.8771178  2.9545805  0.4811544 
602   4.2612109  0.8570773  2.9024534  0.4900557 
603   4.2693028  0.8580091  2.9364901  0.5131692 
604   4.2563772  0.8793284  2.8837018  0.4485319 
605   4.2385941  0.8895953  2.8827162  0.5035506 
606   4.2041583  0.8858171  2.8850408  0.5144486 
607   4.3190904  0.9041422  2.9374855  0.5353136 
608   4.2882633  0.8560950  2.9000912  0.4736588 
609   4.1918316  0.8550789  2.8501863  0.5002646 
610   4.1708565  0.8687683  2.8206446  0.4696531 
611   4.1060462  0.8671450  2.7587581  0.4512646 
612   4.0529890  0.8398471  2.7315831  0.4860519 
613   4.1292076  0.8579171  2.7570882  0.4650784 
614   4.1666713  0.8656628  2.7914062  0.4881581 
615   4.1894894  0.8581609  2.8321085  0.4731541 
616   4.2096238  0.8722126  2.8825328  0.5509683 
617   4.1692743  0.8664697  2.8258634  0.4810424 
618   4.2011967  0.8319727  2.8556960  0.4754824 
619   4.1828799  0.8429386  2.8341286  0.4925129 
620   4.2484784  0.8291947  2.9202118  0.4950589 
621   4.2518044  0.8515849  2.9390368  0.4619953 
622   4.2477150  0.8493491  2.9566064  0.5033361 
623   4.2318254  0.8548800  2.9391437  0.5034643 
624   4.2029123  0.8223146  2.8749497  0.4711735 
625   4.0553207  0.8443508  2.7793186  0.4875637 
626   4.0372863  0.8575767  2.7771044  0.4830051 
627   4.0907068  0.8404332  2.7854943  0.4794864 
628   4.1305099  0.8432240  2.7897406  0.4821344 
629   4.0569153  0.8522620  2.7855046  0.5000421 
630   4.1005960  0.8311207  2.8235979  0.4374346 
631   4.1325903  0.8244650  2.8211477  0.4509614 
632   4.2137151  0.8316538  2.8805251  0.4695485 
633   4.2301040  0.8420714  2.8872991  0.4579918 
634   4.2087574  0.8268579  2.8718245  0.4333731 
635   4.1940455  0.8456825  2.9034879  0.4646967 
636   4.2415543  0.8521843  2.9453714  0.4594699 
637   4.1621065  0.8366767  2.8568461  0.4421831 
638   4.1534939  0.8408801  2.7876320  0.3996025 
639   4.2866726  0.8315243  2.9271977  0.4350645 
640   4.2052555  0.8299202  2.8037846  0.4319469 
641   4.2932262  0.8485107  2.8985376  0.4300025 
642   4.2803817  0.8125454  2.8765283  0.3832380 
643   4.2343502  0.8177773  2.8525341  0.3907726 
644   4.2735047  0.8261999  2.8751016  0.4105914 
645   4.2571583  0.8364920  2.8621082  0.4155993 
646   4.2267609  0.8468959  2.8412752  0.4492478 
647   4.1575794  0.8550349  2.8548045  0.4451331 
648   4.1014967  0.8503132  2.7807419  0.4465776 
649   4.1744542  0.8564727  2.8089015  0.4478323 
650   4.2327614  0.8580574  2.8520465  0.4380974 
651   4.2804222  0.8447420  2.8736069  0.4769382 
652   4.3478689  0.8551175  2.9448686  0.4777091 
653   4.2562542  0.8502676  2.8932648  0.5348606 
654   4.3020988  0.8206316  2.9266875  0.5104707 
655   4.2249780  0.8273742  2.8644900  0.4592088 
656   4.2849455  0.8194230  2.8636291  0.4575602 
657   4.2731676  0.8345227  2.8666718  0.4968528 
658   4.2524700  0.8101783  2.8466976  0.4540796 
659   4.3083525  0.8033129  2.8613427  0.4555112 
660   4.4012136  0.8167402  2.9148190  0.4504663 
661   4.2982111  0.8182279  2.8702126  0.4160540 
662   4.2807112  0.7993365  2.8584321  0.4326303 
663   4.3991904  0.8154823  2.9455287  0.4450617 
664   4.3308716  0.8169087  2.8817258  0.4535143 
665   4.2480125  0.8125071  2.8378153  0.4684847 
666   4.2244205  0.8112350  2.8263643  0.4499630 
667   4.2069197  0.7940053  2.8079803  0.4366449 
668   4.2827530  0.8182076  2.8209643  0.4466158 
669   4.2975745  0.8206617  2.8358135  0.4769778 
670   4.2993746  0.8408607  2.8206673  0.4737974 
671   4.4143410  0.8501519  2.9375830  0.4497610 
672   4.4542584  0.8285390  2.9343710  0.4355334 
673   4.4641185  0.8087904  2.9746263  0.4096946 
674   4.3479843  0.8138303  2.9190171  0.4165927 
675   4.4111996  0.8236468  2.9525101  0.4342754 
676   4.4558339  0.8340113  3.0018697  0.4749792 
677   4.3706203  0.8211452  2.9644036  0.4288096 
678   4.4137149  0.8305894  2.9542158  0.4378689 
679   4.4670558  0.8394222  3.0357883  0.4358943 
680   4.4736886  0.8680991  3.0399907  0.4128672 
681   4.4743643  0.8477733  3.0271363  0.4644893 
682   4.4056363  0.8499146  2.9722338  0.4723799 
683   4.4351225  0.8075403  2.9694357  0.4445525 
684   4.4569669  0.8256452  2.9900656  0.4705373 
685   4.4051356  0.8454232  2.9576299  0.4476928 
686   4.4208846  0.8384082  3.0070579  0.4628653 
687   4.3248549  0.8234430  2.9327707  0.4140353 
688   4.3766794  0.8295103  3.0063739  0.4209127 
689   4.3869381  0.8256761  3.0173523  0.4588925 
690   4.3297453  0.8142807  2.9261618  0.4439293 
691   4.3212805  0.8314553  2.9233313  0.4571069 
692   4.3483739  0.8184133  2.9380622  0.4413907 
693   4.4746847  0.8186915  2.9960716  0.4400278 
694   4.4192262  0.8377920  2.9433300  0.4596044 
695   4.5403624  0.8169615  3.0488646  0.4519600 
696   4.5021710  0.8267242  3.0316038  0.4403914 
697   4.4274988  0.8319155  2.9766545  0.4586764 
698   4.4335370  0.8441417  2.9665184  0.4596041 
699   4.4673252  0.8397539  3.0208523  0.4684011 
700   4.5273066  0.8652621  3.0389271  0.4720646 
701   4.4624753  0.8266860  2.9921775  0.5062761 
702   4.3578506  0.8413231  2.9157705  0.4941707 
703   4.4688096  0.8585377  2.9953029  0.4939740 
704   4.3843141  0.8603639  2.9043243  0.4948758 
705   4.3273082  0.8277363  2.8920295  0.4578589 
706   4.4364591  0.8515153  2.9358652  0.5018023 
707   4.4509287  0.8473849  2.9826071  0.5117348 
708   4.3359213  0.8462167  2.9650764  0.5105172 
709   4.3700299  0.8096174  2.9572465  0.4605983 
710   4.2981529  0.8199409  2.9701467  0.4571400 
711   4.3621974  0.8143859  2.9887693  0.4706300 
712   4.3607702  0.8067089  2.9321816  0.4530792 
713   4.3269744  0.8073090  2.9420815  0.5134660 
714   4.4045277  0.8092611  3.0028400  0.4879791 
715   4.3473706  0.8228727  2.9574788  0.5022224 
716   4.4453039  0.8061989  2.9979324  0.4871501 
717   4.4211822  0.7790438  2.9750741  0.4639944 
718   4.4199061  0.8018615  2.9838598  0.4594982 
719   4.3828368  0.8393639  2.9943240  0.5110933 
720   4.3816438  0.8233337  2.9695477  0.4795958 
721   4.4234886  0.8182833  2.9964561  0.4482926 
722   4.4261065  0.8015829  2.9651377  0.4616102 
723   4.5660353  0.8312086  3.0461156  0.4662156 
724   4.5021501  0.8316548  3.0084584  0.4836408 
725   4.4687562  0.8270153  2.9906743  0.4716803 
726   4.4068332  0.8202242  2.9239633  0.4722832 
727   4.3582506  0.8022395  2.9604259  0.4192317 
728   4.4754386  0.8252720  3.0234096  0.4679568 
729   4.3678145  0.8174220  2.8752105  0.4642528 
730   4.4649272  0.8222065  2.9529388  0.4800176 
731   4.5178709  0.8341294  2.9842470  0.4383948 
732   4.3757958  0.8155698  2.8720031  0.4424250 
733   4.3769975  0.8245948  2.8924706  0.4404508 
734   4.4070148  0.8243818  2.9056792  0.4532082 
735   4.2851377  0.8292147  2.8321197  0.4352914 
736   4.2847023  0.8367380  2.8204410  0.4462890 
737   4.3555708  0.8355376  2.9136426  0.4424423 
738   4.3514433  0.8454456  2.9101167  0.4976050 
739   4.3484101  0.8067356  2.8975544  0.4714150 
740   4.3821769  0.8229204  2.9300268  0.4660097 
741   4.4968348  0.7995881  3.0255063  0.4653544 
742   4.4123807  0.7778455  2.9446790  0.4326816 
743   4.3425107  0.7908257  2.9487910  0.4509137 
744   4.2812018  0.7875275  2.8765717  0.4510382 
745   4.2590790  0.7750077  2.8491151  0.4386246 
746   4.2286959  0.7808862  2.8823016  0.4831735 
747   4.2866106  0.7817912  2.9063892  0.4526160 
748   4.2903085  0.8054760  2.8948498  0.4614831 
749   4.3247385  0.8025521  2.9470968  0.4773401 
750   4.3628240  0.8041304  2.9056661  0.4662884 
751   4.3137579  0.7897429  2.9203620  0.4387203 
752   4.3260603  0.8031141  2.9033267  0.4600423 
753   4.3446345  0.7756897  2.9381952  0.4256534 
754   4.3663192  0.7954978  2.9359887  0.4834535 
755   4.3217802  0.7981550  2.9243331  0.4596350 
756   4.2626224  0.7911269  2.8568478  0.4732175 
757   4.1739135  0.8030288  2.7572067  0.4642637 
758   4.1731310  0.8006089  2.7828174  0.4939736 
759   4.1490722  0.8048008  2.7489381  0.4386849 
760   4.1836305  0.7976474  2.7952592  0.4649051 
761   4.1678286  0.7864618  2.7572987  0.4575797 
762   4.1697369  0.8036250  2.7731490  0.4728931 
763   4.0941358  0.8019084  2.7572696  0.5181977 
764   4.1599455  0.7895671  2.8454089  0.4908040 
765   4.1563458  0.8078671  2.8452168  0.4866536 
766   4.2458367  0.7924804  2.9069715  0.4663166 
767   4.1274042  0.7853163  2.7830982  0.4648231 
768   4.2432628  0.7573760  2.8547740  0.4228037 
769   4.2319827  0.7714475  2.8273578  0.4401886 
770   4.0816202  0.7518282  2.7550168  0.4056109 
771   4.0415573  0.7841297  2.7348166  0.4206434 
772   4.0966978  0.7641023  2.7442992  0.4214794 
773   4.1316347  0.7437338  2.8027766  0.4328389 
774   4.0901690  0.7588645  2.7469933  0.4317024 
775   4.1024275  0.7675426  2.7619429  0.4127939 
776   4.1523042  0.7539207  2.8328831  0.4034488 
777   4.1933684  0.7682889  2.8124576  0.4085207 
778   4.2736173  0.7693588  2.8838682  0.4869080 
779   4.2592373  0.7943316  2.8618934  0.4550153 
780   4.1995907  0.7873258  2.8026984  0.4594846 
781   4.1348476  0.7809896  2.7826531  0.5009456 
782   4.1402888  0.7965100  2.7659020  0.5234634 
783   4.1385679  0.7696655  2.7989495  0.4791239 
784   4.1455159  0.7946818  2.7828164  0.4855738 
785   4.1483111  0.7726890  2.7923846  0.4061455 
786   4.1494255  0.7897492  2.8173976  0.4116366 
787   4.1788192  0.8065139  2.8227117  0.4138552 
788   4.2182207  0.7790042  2.8599572  0.4049225 
789   4.1727133  0.7857457  2.8195431  0.3806503 
790   4.1277857  0.7848412  2.8284023  0.3664023 
791   4.1826992  0.7881552  2.8437510  0.3732129 
792   4.1925950  0.7861245  2.8787341  0.4008020 
793   4.1265955  0.7870805  2.8460846  0.3796813 
794   4.0489826  0.7627800  2.7697568  0.3768523 
795   4.0528898  0.7801287  2.7872295  0.4098054 
796   4.1067762  0.7655299  2.7378449  0.3691500 
797   4.1494207  0.7726784  2.7429616  0.4038836 
798   4.1590343  0.7858869  2.8384058  0.3571440 
799   4.1958055  0.7657372  2.8738227  0.3701892 
800   4.2246528  0.7884706  2.8738148  0.3734021 
801   4.1794596  0.8099771  2.8038797  0.4237957 
802   4.3401413  0.8192146  2.9440665  0.4513260 
803   4.3291306  0.8051462  2.9402754  0.4346513 
804   4.2619643  0.8005470  2.8745401  0.4116178 
805   4.1476240  0.8079699  2.8205678  0.3871193 
806   4.2048821  0.8118741  2.8780723  0.3915497 
807   4.1840596  0.8234739  2.8374941  0.3813009 
808   4.2075272  0.8167282  2.8830571  0.4205148 
809   4.1343465  0.8401132  2.8300915  0.4462718 
810   4.1585884  0.8394553  2.8650455  0.4286728 
811   4.1969399  0.8432812  2.8840525  0.4495000 
812   4.2645421  0.8017515  2.9447689  0.3764282 
813   4.2756729  0.8130515  2.9726326  0.4175773 
814   4.2272272  0.8099947  2.9307330  0.3968607 
815   4.1584296  0.8181985  2.8626153  0.4377120 
816   4.2443209  0.8064500  2.9140255  0.4194294 
817   4.2820120  0.8031304  2.8844292  0.4178104 
818   4.2932677  0.8029611  2.9080858  0.4118030 
819   4.2391353  0.7943651  2.9169738  0.4335624 
820   4.2135630  0.7915127  2.8563702  0.3988988 
821   4.2363815  0.7482983  2.8574164  0.3546208 
822   4.2090287  0.7877951  2.8214619  0.3969483 
823   4.2507877  0.7742938  2.8662477  0.3908849 
824   4.1938348  0.7710901  2.8187337  0.3779012 
825   4.2434263  0.7865090  2.8638647  0.3724767 
826   4.2959542  0.7835315  2.9057004  0.4165121 
827   4.3589640  0.7777010  2.9165509  0.4219303 
828   4.3142662  0.7844983  2.8715854  0.4475161 
829   4.2730069  0.7815989  2.8750827  0.4171229 
830   4.3551760  0.7725719  2.9183097  0.4031430 
831   4.3169942  0.7771921  2.8944337  0.4276264 
832   4.4090819  0.7741989  2.9323785  0.4105341 
833   4.3518958  0.7473223  2.9089632  0.3851563 
834   4.4083405  0.7517822  2.9053190  0.3945850 
835   4.3292127  0.7447236  2.8728795  0.3731612 
836   4.3980665  0.7485706  2.8860703  0.3772973 
837   4.4294105  0.7387417  2.8930974  0.3995101 
838   4.4197106  0.7549240  2.9122758  0.3666751 
839   4.4501882  0.7184859  2.9306011  0.3619859 
840   4.3586011  0.7302042  2.8463163  0.3750537 
841   4.3415174  0.7449666  2.8553729  0.3827515 
842   4.3039341  0.7536095  2.7989562  0.3883728 
843   4.3020740  0.7542889  2.8441799  0.3461455 
844   4.3699636  0.7793182  2.9216299  0.3741329 
845   4.4432735  0.7780371  2.9457619  0.3884548 
846   4.3396449  0.7617226  2.8612561  0.3790403 
847   4.4422593  0.7643682  2.9265075  0.3955271 
848   4.4233999  0.7746719  2.8746252  0.3746625 
849   4.4054751  0.7492592  2.8700039  0.3581151 
850   4.3716664  0.7508869  2.8944471  0.3585826 
851   4.4473243  0.7749490  2.9361036  0.3888389 
852   4.4361982  0.7646593  2.9124317  0.3932926 
853   4.4333849  0.8037270  2.9401772  0.4417873 
854   4.3844867  0.7839916  2.9524598  0.3998785 
855   4.2908778  0.7708177  2.8424468  0.4014877 
856   4.3366013  0.7791720  2.9079354  0.3978896 
857   4.2726755  0.7738929  2.8690207  0.3856779 
858   4.3186364  0.7702841  2.8910763  0.3729897 
859   4.3245010  0.7695622  2.8823872  0.3907078 
860   4.3284421  0.7663473  2.8765948  0.3669708 
861   4.2591076  0.7802889  2.8708014  0.3576907 
862   4.2886724  0.7939452  2.9151523  0.3618469 
863   4.2290192  0.7693282  2.8408046  0.3741959 
864   4.2898417  0.7937953  2.8868475  0.3660523 
865   4.2428112  0.7939483  2.9197593  0.3995129 
866   4.2819123  0.7901625  2.9378965  0.4097435 
867   4.3729563  0.8011225  2.9701364  0.4053369 
868   4.2881107  0.8045154  2.8620551  0.3963871 
869   4.3272238  0.8029401  2.8905547  0.4164770 
870   4.2484217  0.7950177  2.8744347  0.4300320 
871   4.2659311  0.7819768  2.8468368  0.4055533 
872   4.1996675  0.7995360  2.8062162  0.4187874 
873   4.2272172  0.7834588  2.8385653  0.4008164 
874   4.2597432  0.7920154  2.8666053  0.4437061 
875   4.2785583  0.8089122  2.8881452  0.4506622 
876   4.2376165  0.8170799  2.8914061  0.4538402 
877   4.2697840  0.8084266  2.9212031  0.4237929 
878   4.2800322  0.8109955  2.9413400  0.4270550 
879   4.3095217  0.8556284  3.0097561  0.4184364 
880   4.2887430  0.8186918  2.9591043  0.3986535 
881   4.3042264  0.8168634  2.9786501  0.3891369 
882   4.3245091  0.8375056  2.9938784  0.4337716 
883   4.3186026  0.8433131  2.9831946  0.4511639 
884   4.3097520  0.8293978  2.9981740  0.4514548 
885   4.2811265  0.8012758  2.9607718  0.4473386 
886   4.3158059  0.8060778  2.9552021  0.4349400 
887   4.3085842  0.8105073  2.9219441  0.4244874 
888   4.2923651  0.8123384  2.9041417  0.4782791 
889   4.2419443  0.8202622  2.8864353  0.4659261 
890   4.2416162  0.8130581  2.9190252  0.4522732 
891   4.3645811  0.8260425  3.0258582  0.4598182 
892   4.3041334  0.8041334  2.9746308  0.4413459 
893   4.2763648  0.7956548  2.9686248  0.4404979 
894   4.3831897  0.8202705  3.0140138  0.4255621 
895   4.4345446  0.8019203  3.0853803  0.4570290 
896   4.3307486  0.8116397  2.9875889  0.4068534 
897   4.4247999  0.8053694  3.0547152  0.4007010 
898   4.3586106  0.8131179  2.9590490  0.4482393 
899   4.4729261  0.8033305  3.0643272  0.4232807 
900   4.3444819  0.8072494  2.9550261  0.4149145 
901   4.2944951  0.8074132  2.9339983  0.4476793 
902   4.3771706  0.8077284  2.9878032  0.3955081 
903   4.3476591  0.8000553  2.9740345  0.4114733 
904   4.3446641  0.7726375  2.9492903  0.3373755 
905   4.3750296  0.7812225  3.0084796  0.3859080 
906   4.3613267  0.8066388  2.9813671  0.3911118 
907   4.2978659  0.8053105  2.9264531  0.3933904 
908   4.2860470  0.8005205  2.9469054  0.3954541 
909   4.3278956  0.7909808  2.9784212  0.4223207 
910   4.2414432  0.7914448  2.8906929  0.3914422 
911   4.2124777  0.7934937  2.8845444  0.4045680 
912   4.2960320  0.7845038  2.9426041  0.4315556 
913   4.2530522  0.7936244  2.8806858  0.4257460 
914   4.2490454  0.8013119  2.8828363  0.4339176 
915   4.3169384  0.7839827  2.9471867  0.4248765 
916   4.2251611  0.8041634  2.9196217  0.4195049 
917   4.2934418  0.8203893  3.0260811  0.4315085 
918   4.3015151  0.8183139  2.9966717  0.4100669 
919   4.2777824  0.7888005  2.9906409  0.3581819 
920   4.3260880  0.7961827  3.0118401  0.3718443 
921   4.2939019  0.7868799  3.0040879  0.3752677 
922   4.3289809  0.8158765  3.0435491  0.3701065 
923   4.3097277  0.8096317  3.0492389  0.4076304 
924   4.2406354  0.8004723  2.9865246  0.4036857 
925   4.1808686  0.8033852  2.9322042  0.4011250 
926   4.3084526  0.7946441  3.0077603  0.4133474 
927   4.1931744  0.8068378  2.9396486  0.4234601 
928   4.0968809  0.8118963  2.8932111  0.4169612 
929   4.2944117  0.8049607  2.9920259  0.4159225 
930   4.3096952  0.8194246  3.0109575  0.4072684 
931   4.3198414  0.8159866  3.0552919  0.3743733 
932   4.2098455  0.8284203  2.9848819  0.3792962 
933   4.2708225  0.8121079  3.0453892  0.3957421 
934   4.2794771  0.8428469  3.0756204  0.3991933 
935   4.2254658  0.8252112  3.0674827  0.4013138 
936   4.1815453  0.8007473  3.0416176  0.3759840 
937   4.0321045  0.8073128  2.9068210  0.3691979 
938   4.0722489  0.8161094  2.9327612  0.3959909 
939   4.1457896  0.8230813  2.9561138  0.4113835 
940   4.1680870  0.8081893  2.9908261  0.3746782 
941   4.0963640  0.8083742  2.9401906  0.3744585 
942   4.0900607  0.7950495  2.8959234  0.3952810 
943   4.0509300  0.7930359  2.8891182  0.3641551 
944   4.0624461  0.7969736  2.9096000  0.3427024 
945   3.9565001  0.8110790  2.8589275  0.3798093 
946   4.0032949  0.8325604  2.9046896  0.4302856 
947   3.9914393  0.7865171  2.8486173  0.4075402 
948   3.9808681  0.7810511  2.8872766  0.4353513 
949   3.9329028  0.8143585  2.8245387  0.4697110 
950   3.9262092  0.7897776  2.8189070  0.4166578 
951   3.9581647  0.7894233  2.8339465  0.4026954 
952   3.8813686  0.8146407  2.8043935  0.4451475 
953   4.0024395  0.8106002  2.8808846  0.4698808 
954   3.8503530  0.8165149  2.7899384  0.4921750 
955   3.9536288  0.8100073  2.8442304  0.4430000 
956   4.1028056  0.8153222  2.9042103  0.4314273 
957   4.0392771  0.8166214  2.8482120  0.3900617 
958   4.1080966  0.8293962  2.9612589  0.4580237 
959   4.0804839  0.8194223  2.9436812  0.4247475 
960   4.0535994  0.8058915  2.8786037  0.4555329 
961   4.0355463  0.8155144  2.8726206  0.4536087 
962   4.0722160  0.8002534  2.8966613  0.4281866 
963   4.0049171  0.7919993  2.7986398  0.4316984 
964   4.0027709  0.7876230  2.8095737  0.4415340 
965   4.0942874  0.7828134  2.8855808  0.4029678 
966   4.1443496  0.7817832  2.9339576  0.3781418 
967   4.1347966  0.8092685  2.9176433  0.4330605 
968   4.1238365  0.8093596  2.8811672  0.4817569 
969   4.1241317  0.7865143  2.8702419  0.4106054 
970   4.1433468  0.7977258  2.8819005  0.3879567 
971   4.1715975  0.8022141  2.8591161  0.3932902 
972   4.1493416  0.7758982  2.8603370  0.3911829 
973   4.1721568  0.7734235  2.8827095  0.4576893 
974   4.1544962  0.7663609  2.8617544  0.4392236 
975   4.2501059  0.7713003  2.9348073  0.4353414 
976   4.2403078  0.7947934  2.9213693  0.4777543 
977   4.2283735  0.7698529  2.9441075  0.4094451 
978   4.1865478  0.7820348  2.9373081  0.4235215 
979   4.1106529  0.7714044  2.8657928  0.3671199 
980   4.2172694  0.7783950  2.9569960  0.4186339 
981   4.2219400  0.7640896  2.9249995  0.3992716 
982   4.1964388  0.7733931  2.9039276  0.4086037 
983   4.1547050  0.7644398  2.8546870  0.3852688 
984   4.1085243  0.7772264  2.8391681  0.4051924 
985   4.1170731  0.7790800  2.8385985  0.3952088 
986   4.0634475  0.7657302  2.7932072  0.3971867 
987   4.1081758  0.7729402  2.8586252  0.3635533 
988   3.9863443  0.7516727  2.7625771  0.3765134 
989   3.9979250  0.7663196  2.7772624  0.3621339 
990   4.0235133  0.7587723  2.7949560  0.3668850 
991   4.0616989  0.7572856  2.7900770  0.3587458 
992   4.0460281  0.7724975  2.7898176  0.3835180 
993   4.0632091  0.7558828  2.8182914  0.3985737 
994   4.1631465  0.7692884  2.9199061  0.3785533 
995   4.1114726  0.7935269  2.8835297  0.4364036 
996   4.0924129  0.8012221  2.8718529  0.4105058 
997   4.0608506  0.7643447  2.8340983  0.3902725 
998   4.1356945  0.7554670  2.8633323  0.3985847 
999   4.1116762  0.7694844  2.8380358  0.3796495 
1000  4.0832911  0.7692017  2.8326929  0.4171666 
1001  4.0624824  0.7841055  2.8193996  0.3985086 
1002  4.0260186  0.7759557  2.7972922  0.3811119 
1003  4.0455432  0.8035979  2.8087754  0.4272488 
1004  4.0167532  0.7931695  2.7511690  0.4279127 
1005  4.0941200  0.7986675  2.8472281  0.4152204 
1006  4.1228566  0.7670091  2.8162999  0.3989627 
1007  4.1874094  0.7992860  2.8651383  0.4085084 
1008  4.2235594  0.8010393  2.9041536  0.3935384 
1009  4.1748452  0.7973166  2.9007175  0.3895081 
1010  4.2473426  0.7847496  2.9140179  0.3766469 
1011  4.3587799  0.8084721  2.9698870  0.3691039 
1012  4.3125639  0.7909871  2.9339352  0.3771062 
1013  4.3101535  0.7847459  2.9381757  0.4367442 
1014  4.3002963  0.7806604  2.9328485  0.3841215 
1015  4.2883792  0.8069509  2.9436328  0.3390708 
1016  4.3194213  0.7714379  2.9499795  0.3398759 
1017  4.3053823  0.7709005  2.9342198  0.3676748 
1018  4.3797708  0.7771310  2.9685705  0.3446634 
1019  4.3484001  0.7988444  2.9569447  0.3458805 
1020  4.3393269  0.7626165  2.9533684  0.3234268 
1021  4.3725119  0.7712327  2.9710689  0.3370771 
1022  4.2822466  0.7844115  2.9195478  0.3440334 
1023  4.2432733  0.7911260  2.9015446  0.3332148 
1024  4.3388743  0.8059788  3.0113466  0.3620653 
1025  4.3747544  0.8083941  3.0596395  0.3430052 
1026  4.2316947  0.7845561  2.9456317  0.3397516 
1027  4.2480545  0.8025423  2.9212391  0.3441209 
1028  4.1725674  0.8074447  2.8913755  0.3585045 
1029  4.1542287  0.7855271  2.8247693  0.3586383 
1030  4.1071606  0.8066881  2.8301790  0.3726013 
1031  4.1403193  0.7875547  2.8299053  0.3564702 
1032  4.1529598  0.8062595  2.8530917  0.3807625 
1033  4.1660352  0.7807705  2.8464844  0.3642925 
1034  4.0998678  0.7702214  2.8350887  0.3691187 
1035  4.2079277  0.7890717  2.8881304  0.3533552 
1036  4.1687841  0.7783705  2.8387687  0.3489924 
1037  4.1785531  0.8063128  2.8736472  0.3675094 
1038  4.2279902  0.8002558  2.9060225  0.3574143 
1039  4.2984562  0.8041313  2.9670100  0.3582858 
1040  4.2096090  0.7942951  2.9008024  0.3845454 
1041  4.2491264  0.7761559  2.8963313  0.3418718 
1042  4.2278018  0.8015919  2.8689206  0.3702249 
1043  4.2823029  0.7581788  2.9577649  0.3041654 
1044  4.3053689  0.7653789  2.9987397  0.3663193 
1045  4.3219285  0.8076177  3.0207250  0.3653171 
1046  4.3057013  0.8256102  3.0035694  0.3443801 
1047  4.3506355  0.8164117  3.0057387  0.3699002 
1048  4.3407264  0.8140761  2.9638491  0.3558531 
1049  4.2822180  0.8305211  2.8856792  0.3384625 
1050  4.2609410  0.8071433  2.8859546  0.3742136 
1051  4.2055287  0.8011215  2.8888290  0.3589003 
1052  4.2182441  0.8095936  2.9197447  0.3786838 
1053  4.2390828  0.8048298  2.9425869  0.3698222 
1054  4.1778688  0.7911282  2.9116735  0.3803619 
1055  4.2347050  0.8163406  2.9457338  0.3787565 
1056  4.2818012  0.8083385  2.9890788  0.3297245 
1057  4.1650891  0.8210692  2.8892653  0.3470433 
1058  4.1997886  0.8254275  2.8984988  0.3516562 
1059  4.2043514  0.8211951  2.8998897  0.3615227 
1060  4.2163215  0.8162255  2.9225023  0.3334095 
1061  4.2242732  0.8305716  2.9519525  0.4081452 
1062  4.2051339  0.8352464  2.9399769  0.3893378 
1063  4.2688894  0.8350606  3.0160210  0.3882702 
1064  4.2840924  0.8209574  3.0190551  0.3858991 
1065  4.2442279  0.8581353  2.9688900  0.3632077 
1066  4.2205496  0.8376530  2.9286532  0.3657245 
1067  4.2704854  0.8207840  3.0107346  0.4002450 
1068  4.2320404  0.8315158  2.9978495  0.3920870 
1069  4.1764474  0.8213779  2.9662869  0.3923326 
1070  4.1446433  0.8099568  2.9168966  0.3660451 
1071  4.2108960  0.8335419  2.9766231  0.3787874 
1072  4.1855068  0.8207939  2.9763508  0.3635732 
1073  4.1945343  0.8128661  2.9653668  0.3842364 
1074  4.2451653  0.8125381  2.9197013  0.3934467 
1075  4.1774259  0.8124040  2.9145324  0.3897071 
1076  4.0386968  0.8243350  2.8502679  0.3985026 
1077  4.0507922  0.7966878  2.8128009  0.3670713 
1078  4.0921469  0.8104941  2.8882217  0.3982495 
1079  4.1649027  0.8289262  2.9771674  0.4016397 
1080  4.1252542  0.8116616  2.8963640  0.4058065 
1081  4.2479053  0.8301288  2.9656923  0.4027388 
1082  4.1827126  0.8273680  2.9338350  0.4080526 
1083  4.2301021  0.8212804  2.9558952  0.3728874 
1084  4.1285753  0.7898961  2.8826573  0.3512881 
1085  4.0521889  0.7779245  2.8382366  0.3368015 
1086  4.1532612  0.7864239  2.8863056  0.3768584 
1087  4.1098313  0.7719932  2.8875999  0.3945922 
1088  4.1188421  0.7976745  2.9007928  0.4177722 
1089  4.1769552  0.8098152  2.9212358  0.3659734 
1090  4.1777163  0.8033123  2.9345734  0.4319206 
1091  4.1738138  0.8021262  2.9215310  0.3666156 
1092  4.1964984  0.8160766  2.9682660  0.3543029 
1093  4.2135739  0.8059235  2.9685504  0.3636910 
1094  4.2151074  0.8241131  2.9937785  0.3966882 
1095  4.1838217  0.8143012  2.9426391  0.3911500 
1096  4.1564960  0.8500268  2.9389653  0.4351230 
1097  4.1536589  0.8210659  2.9493074  0.4129546 
1098  4.0727177  0.8139388  2.8554182  0.4049005 
1099  4.0183687  0.8139429  2.8646216  0.4031263 
1100  4.0953965  0.8160309  2.8918447  0.3804411 
1101  4.0869584  0.8341290  2.9213426  0.4115779 
1102  4.0418968  0.8241816  2.8370268  0.4068896 
1103  4.1353951  0.8323218  2.9106448  0.4154786 
1104  4.0551114  0.8283753  2.8704731  0.3860200 
1105  4.1058502  0.8189011  2.9451880  0.3544355 
1106  4.0933628  0.8139924  2.9074905  0.3651811 
1107  4.1486597  0.8038492  2.9626775  0.3394369 
1108  4.1946521  0.8043674  3.0172751  0.3966430 
1109  4.0866423  0.8122767  2.8986948  0.3625920 
1110  4.0811753  0.8010344  2.8861678  0.3681832 
1111  4.0632391  0.8056859  2.9076653  0.3588171 
1112  4.0535760  0.8149075  2.8778167  0.4237901 
1113  4.0321507  0.8259931  2.8640854  0.4036950 
1114  4.0902839  0.8339290  2.9197907  0.4334095 
1115  4.0624933  0.8310465  2.8938904  0.3964626 
1116  4.0978904  0.8443596  2.9153395  0.4223132 
1117  4.1457372  0.8128940  2.9135132  0.4071368 
1118  4.1215382  0.8485386  2.8949339  0.3955997 
1119  4.2084079  0.8452563  2.9317322  0.4151477 
1120  4.1853747  0.8505271  2.9397023  0.3995709 
1121  4.1545429  0.8495041  2.9005337  0.3756380 
1122  4.2602940  0.8537002  2.9795184  0.4036494 
1123  4.1727333  0.8559029  2.9022441  0.3759347 
1124  4.1738734  0.8332055  2.8826571  0.4111952 
1125  4.1765661  0.8350406  2.8931847  0.4002841 
1126  4.1822224  0.8723855  2.8963795  0.3907739 
1127  4.1661305  0.8667408  2.8382227  0.4052797 
1128  4.2566237  0.8585660  2.9794939  0.3897841 
1129  4.1451225  0.8616194  2.8898735  0.4117703 
1130  4.2099233  0.8493255  2.8914688  0.4278279 
1131  4.1896219  0.8620912  2.8927376  0.3901569 
1132  4.2257261  0.8394773  2.9213369  0.3866720 
1133  4.2073965  0.8289470  2.8998740  0.3376707 
1134  4.1866488  0.8157716  2.8900661  0.4139060 
1135  4.2509675  0.8545800  2.9947374  0.4228829 
1136  4.1609550  0.8600226  2.8915675  0.4020664 
1137  4.1076026  0.8548403  2.8756700  0.4208798 
1138  4.0830827  0.8524615  2.8649888  0.4140234 
1139  4.1450686  0.8352146  2.8626838  0.3753311 
1140  4.1849737  0.8306832  2.9066031  0.3768914 
1141  4.1582694  0.8372782  2.8991830  0.3885425 
1142  4.2207136  0.8200858  2.9163721  0.3833432 
1143  4.2708116  0.8041397  2.9271080  0.3986753 
1144  4.0722618  0.7988033  2.8285143  0.3792808 
1145  4.0773869  0.7981554  2.8259797  0.4111052 
1146  4.1084623  0.8278068  2.8349452  0.3987894 
1147  4.2277222  0.8205413  2.9089770  0.3907571 
1148  4.2227464  0.8483850  2.9431584  0.3954158 
1149  4.2482791  0.8369471  2.9762633  0.4230096 
1150  4.2266302  0.8531795  2.9485984  0.3986833 
1151  4.1469741  0.8432820  2.8789995  0.4150078 
1152  4.0698190  0.8395559  2.8270113  0.4270976 
1153  4.1315017  0.8361461  2.8541903  0.4489574 
1154  4.1078458  0.8364002  2.8424525  0.4440561 
1155  4.1793923  0.8358088  2.9184573  0.4186204 
1156  4.2753668  0.8418742  2.9445715  0.4235295 
1157  4.2882762  0.8221638  2.9158077  0.4017410 
1158  4.3457031  0.8509836  3.0102172  0.4157604 
1159  4.2932134  0.8378120  2.9631543  0.4321578 
1160  4.2160873  0.8281527  2.9344916  0.4212217 
1161  4.1749868  0.8141699  2.9179664  0.4427550 
1162  4.2170262  0.8407924  2.9452724  0.4684862 
1163  4.2137208  0.8290090  2.9194126  0.4409400 
1164  4.1598711  0.8022347  2.8553970  0.3884014 
1165  4.1767087  0.8140005  2.8746440  0.4623217 
1166  4.2081780  0.8192462  2.8916814  0.4513865 
1167  4.1466355  0.8060042  2.8854549  0.4362611 
1168  4.2038980  0.8238244  2.9506605  0.4468986 
1169  4.1660757  0.8614935  2.9458754  0.4538530 
