#time, global, repeatA-F, pore, tm38
0     0.0000029  0.0000030  0.0000028  0.0000023 
1     0.5958055  0.1696868  0.3433373  0.0960206 
2     0.9057363  0.1921602  0.4879640  0.0902479 
3     1.2126167  0.2184468  0.6755996  0.1052160 
4     1.4152542  0.2506843  0.8055777  0.1445841 
5     1.4934167  0.2556730  0.8716825  0.1357297 
6     1.6084647  0.2622901  0.9476337  0.1424778 
7     1.6325688  0.2692920  1.0036626  0.1556852 
8     1.7552972  0.2970714  1.0654138  0.1520433 
9     1.8303968  0.2885782  1.1094254  0.1324889 
10    1.9400678  0.2883850  1.2084740  0.1283759 
11    2.0486813  0.2938241  1.2830307  0.1555541 
12    2.0839884  0.3032122  1.3219423  0.1550429 
13    2.1066601  0.3078207  1.3580163  0.1443975 
14    2.2147012  0.3125605  1.4585751  0.1654572 
15    2.2483776  0.3485830  1.4600171  0.1529934 
16    2.2596674  0.3358615  1.4586525  0.1548377 
17    2.2017376  0.3698404  1.4329292  0.1902197 
18    2.2000093  0.3707407  1.4297205  0.1708895 
19    2.3048871  0.3635570  1.4563396  0.1845536 
20    2.3714888  0.3371775  1.4956666  0.1729683 
21    2.4499292  0.3627228  1.5711855  0.1989922 
22    2.4999762  0.4079213  1.6368276  0.1995772 
23    2.5237901  0.3772931  1.6453099  0.2310610 
24    2.5137289  0.3999618  1.6125811  0.2651277 
25    2.6427050  0.4164635  1.7214493  0.2450857 
26    2.6621609  0.4317533  1.7012382  0.2307069 
27    2.5734789  0.4317752  1.6591263  0.2265055 
28    2.7131128  0.4800831  1.7712806  0.2434918 
29    2.7541220  0.4693617  1.8073177  0.2668374 
30    2.6683221  0.4889958  1.7609327  0.2538842 
31    2.7169139  0.4764704  1.8195353  0.2527028 
32    2.7735202  0.4941211  1.8797476  0.2695371 
33    2.7178581  0.4957374  1.8591263  0.2853668 
34    2.8015015  0.5312945  1.8776940  0.2576526 
35    2.8632681  0.5373289  1.9680369  0.2699122 
36    2.8093276  0.5125569  1.8964118  0.2962663 
37    2.8864505  0.5729826  1.9457684  0.2983231 
38    2.8978579  0.5186324  1.9754639  0.2864935 
39    2.8561554  0.5342696  1.9631176  0.2996734 
40    2.9377117  0.5183993  2.0775361  0.3104720 
41    2.9604025  0.5098097  2.0534468  0.3240228 
42    2.9085593  0.5356182  2.0141084  0.3360362 
43    2.9759824  0.5534728  2.0605497  0.3386164 
44    3.0285120  0.5641660  2.0707452  0.3250426 
45    2.9699781  0.5447537  2.0488584  0.2955579 
46    2.9996886  0.5689186  2.0791135  0.2976101 
47    3.0330596  0.5542343  2.1033850  0.3057706 
48    2.9940600  0.5406774  2.0757959  0.3273118 
49    3.0025184  0.5340200  2.0712779  0.3442464 
50    3.0136726  0.5155118  2.0605721  0.3215483 
51    3.1084723  0.5369897  2.1563444  0.3134499 
52    3.1492319  0.5539877  2.1781483  0.3438668 
53    3.0951397  0.5653972  2.1713569  0.3309901 
54    3.1553471  0.5747979  2.1880450  0.3424841 
55    3.0895898  0.5504253  2.1831007  0.2920538 
56    3.1763330  0.5599681  2.2418180  0.3038998 
57    3.1286919  0.5527968  2.2001395  0.3636770 
58    3.1837881  0.5557686  2.2344656  0.3657106 
59    3.2277770  0.5737683  2.2397833  0.3590581 
60    3.1068382  0.5784833  2.2049305  0.3842601 
61    2.9727252  0.5895903  2.1483066  0.3610983 
62    3.0633504  0.5601622  2.1851413  0.3687874 
63    3.0065780  0.5505852  2.1244504  0.3779456 
64    3.0306399  0.5488531  2.1293268  0.3526091 
65    3.0493259  0.5307994  2.1442931  0.3471985 
66    3.0416098  0.5472862  2.1230834  0.3634946 
67    3.1229031  0.5592439  2.2096672  0.4020807 
68    3.1141045  0.5658461  2.2181985  0.3678662 
69    3.1355400  0.5445927  2.2321072  0.3832434 
70    3.2262661  0.5885112  2.3470652  0.3545349 
71    3.1959326  0.5714251  2.3407829  0.4061732 
72    3.2736974  0.5761238  2.3392801  0.4168544 
73    3.2852933  0.5782982  2.3480415  0.3760138 
74    3.2345026  0.5808052  2.3067701  0.3833148 
75    3.2711315  0.5854347  2.3374202  0.3905773 
76    3.2945306  0.5615289  2.3288245  0.3900341 
77    3.2674682  0.5447587  2.3113949  0.3820839 
78    3.2536461  0.5462795  2.2733870  0.3633671 
79    3.3417275  0.5852149  2.3697538  0.3599636 
80    3.3909225  0.5816308  2.4080210  0.3676765 
81    3.2499635  0.5342752  2.3027749  0.3550657 
82    3.2968049  0.5247364  2.3159029  0.3396088 
83    3.3139739  0.5391865  2.3333147  0.3425302 
84    3.3550949  0.5454521  2.3701990  0.3363264 
85    3.3725297  0.5503982  2.3953543  0.3342257 
86    3.4097247  0.5610948  2.3757749  0.3338935 
87    3.3993492  0.5431749  2.3501923  0.3356134 
88    3.3661067  0.5707632  2.3208070  0.3519138 
89    3.3620012  0.5825576  2.2958097  0.3192822 
90    3.2503848  0.5739682  2.2058704  0.3232619 
91    3.2540207  0.5823167  2.2375174  0.3567204 
92    3.3396542  0.5705194  2.3033972  0.3220630 
93    3.3840499  0.5870790  2.3560019  0.3345772 
94    3.3807111  0.5952657  2.3716719  0.2992862 
95    3.3511112  0.5882396  2.3444672  0.3578406 
96    3.3564854  0.5593322  2.3464103  0.3460801 
97    3.4221110  0.5690942  2.3717537  0.3132189 
98    3.3692031  0.5585868  2.3117042  0.3104130 
99    3.3701968  0.5585837  2.2978244  0.3156322 
100   3.3827629  0.5707759  2.3249686  0.3131715 
101   3.3110399  0.5738903  2.2623167  0.3285223 
102   3.3163712  0.5844756  2.2964301  0.3326429 
103   3.3000040  0.5769266  2.2349133  0.3055782 
104   3.3605638  0.6105451  2.2917297  0.3257681 
105   3.3487897  0.6059464  2.2955308  0.3101636 
106   3.3647637  0.5995860  2.2847199  0.2996866 
107   3.3509567  0.6191419  2.3323095  0.2930045 
108   3.3781672  0.6191685  2.3380413  0.3450684 
109   3.3199069  0.6019706  2.3237989  0.3616417 
110   3.4098701  0.6133846  2.3947892  0.3455760 
111   3.4006085  0.6015364  2.4006715  0.3610039 
112   3.3436463  0.5708650  2.3761358  0.3501559 
113   3.3181736  0.6000782  2.3094542  0.3642864 
114   3.4816649  0.6119016  2.4294956  0.3690809 
115   3.5394182  0.5862350  2.4313104  0.3770930 
116   3.5045483  0.5845731  2.4502604  0.3901739 
117   3.3970957  0.5705610  2.3349898  0.3599783 
118   3.4313679  0.5740299  2.3830311  0.4155813 
119   3.4465766  0.5685914  2.3554761  0.3994522 
120   3.5223773  0.5882800  2.3905628  0.3810457 
121   3.5314698  0.6065264  2.3989701  0.4076164 
122   3.5687773  0.6061516  2.4264243  0.3995982 
123   3.5562813  0.5959618  2.4489205  0.3852155 
124   3.4638214  0.6090962  2.4350059  0.3760434 
125   3.4238291  0.6151027  2.3767936  0.3785196 
126   3.5075107  0.6130028  2.4541681  0.4044245 
127   3.5801098  0.6407765  2.5334344  0.4268274 
128   3.4418719  0.6071956  2.4246311  0.3838238 
129   3.5117135  0.6420427  2.4930253  0.4242036 
130   3.5594192  0.6458888  2.5296247  0.4452187 
131   3.5828733  0.6466846  2.5599158  0.4502241 
132   3.6241927  0.6428301  2.5922499  0.4177185 
133   3.6293468  0.6304893  2.5800548  0.4470424 
134   3.6190786  0.6562054  2.5904772  0.4759611 
135   3.5127094  0.6420164  2.5519946  0.4695155 
136   3.5365222  0.6233335  2.4798522  0.4725411 
137   3.5820050  0.6271359  2.5034423  0.4528760 
138   3.5865853  0.6013120  2.4645000  0.4203906 
139   3.6169317  0.6322901  2.4877076  0.4523776 
140   3.5587227  0.6141936  2.4581442  0.4358742 
141   3.5880182  0.6351214  2.5001891  0.4137744 
142   3.5220120  0.6108999  2.4891522  0.4316562 
143   3.5323310  0.6402931  2.4903560  0.4212844 
144   3.4967880  0.6369640  2.4793000  0.4291936 
145   3.5469646  0.6579032  2.5178225  0.4159816 
146   3.4930034  0.6382475  2.4827435  0.4008277 
147   3.5163879  0.6593928  2.4809201  0.4076144 
148   3.4454448  0.6267341  2.4210176  0.3945228 
149   3.4898198  0.6421360  2.4460082  0.4259267 
150   3.5256512  0.6241878  2.4493320  0.3988007 
151   3.5574841  0.6256237  2.4702344  0.4301516 
152   3.5647902  0.6381543  2.5090311  0.4294792 
153   3.5722344  0.6364271  2.5381949  0.4095395 
154   3.6650755  0.6212003  2.5809455  0.3783751 
155   3.6307528  0.6376939  2.5068309  0.3921435 
156   3.6474016  0.6386127  2.5125842  0.3961876 
157   3.5669596  0.6118436  2.4611244  0.4081576 
158   3.5510793  0.6187438  2.4803352  0.4006217 
159   3.5466983  0.6284610  2.4352231  0.4321956 
160   3.6088290  0.6234774  2.5197682  0.4102795 
161   3.6042473  0.6357338  2.5149407  0.4194811 
162   3.4808974  0.6482399  2.4521143  0.3617481 
163   3.5122623  0.6048394  2.4869680  0.3963055 
164   3.5956824  0.6147617  2.5375884  0.3841167 
165   3.6023545  0.6019573  2.5501935  0.3792273 
166   3.6085160  0.6177729  2.5542700  0.4140234 
167   3.5696659  0.5918862  2.5359063  0.4010740 
168   3.6069336  0.6409571  2.5366271  0.4172595 
169   3.6927736  0.6195699  2.5888627  0.3797328 
170   3.6353934  0.6132098  2.5586085  0.4019890 
171   3.6406827  0.6258729  2.5442414  0.4124052 
172   3.7584469  0.6273908  2.5907159  0.4272508 
173   3.7805507  0.6222720  2.6216567  0.4271856 
174   3.7279088  0.6265735  2.5775628  0.4331860 
175   3.6764441  0.6253913  2.5682797  0.4201323 
176   3.7279942  0.6381213  2.5999382  0.4382719 
177   3.7042944  0.6270921  2.6342680  0.4258845 
178   3.6702919  0.6561608  2.6365287  0.4445835 
179   3.6674662  0.6536724  2.6334455  0.4428605 
180   3.7298298  0.6345952  2.6590009  0.4182286 
181   3.6843190  0.6317475  2.6589568  0.4018956 
182   3.6316488  0.6440670  2.6245584  0.4170044 
183   3.7018447  0.6478186  2.6652379  0.4354990 
184   3.7515593  0.6453732  2.7301035  0.4521809 
185   3.7623944  0.6356121  2.6855783  0.4519540 
186   3.7845705  0.6474913  2.6958137  0.4449975 
187   3.7322023  0.6639751  2.7129533  0.4194421 
188   3.7045469  0.6467922  2.6456702  0.4462555 
189   3.8197663  0.6458024  2.7727823  0.4933100 
190   3.7289233  0.6446065  2.6985219  0.4665289 
191   3.6575186  0.6374176  2.6283605  0.4535470 
192   3.7413981  0.6319478  2.6832533  0.4676560 
193   3.7545614  0.6141381  2.7076266  0.4534878 
194   3.8185651  0.6627986  2.7627752  0.4680131 
195   3.8771350  0.6667109  2.7677116  0.4445429 
196   3.7107871  0.6501619  2.6422808  0.4395276 
197   3.8669224  0.7052765  2.7759721  0.4449956 
198   3.8137219  0.6484863  2.7367003  0.4537272 
199   3.8397779  0.6395686  2.8029771  0.4428715 
200   3.7794960  0.6304451  2.7402916  0.4323879 
201   3.8125899  0.6315065  2.7283916  0.4523605 
202   3.7851417  0.6224961  2.7301972  0.3906330 
203   3.8505042  0.6253391  2.7816095  0.4138466 
204   3.8625596  0.6262396  2.7807915  0.4426943 
205   3.8185074  0.6207917  2.7341757  0.4020307 
206   3.8635719  0.6330927  2.7883265  0.4144283 
207   3.8740792  0.6342753  2.8088841  0.4165305 
208   3.8231719  0.6231730  2.7432048  0.4223819 
209   3.8175092  0.6345991  2.7526705  0.4339608 
210   3.7991810  0.6717957  2.7567105  0.4595051 
211   3.8094025  0.6868274  2.7300143  0.5023987 
212   3.8791230  0.6661715  2.7680454  0.4437990 
213   3.8245535  0.6528704  2.7194822  0.4426438 
214   3.8200431  0.6228231  2.7162318  0.4450037 
215   3.8512280  0.6434843  2.7357328  0.4660064 
216   3.8331487  0.6390340  2.7232099  0.4756530 
217   3.7427058  0.6494207  2.6902418  0.4566033 
218   3.7944934  0.6327478  2.7055280  0.4839854 
219   3.7744648  0.6535796  2.6957464  0.4611021 
220   3.7361722  0.6579418  2.6742682  0.4780449 
221   3.7794764  0.6848537  2.7497678  0.5071380 
222   3.8938890  0.7049134  2.8387127  0.4882226 
223   3.9606962  0.6998312  2.8428395  0.5272729 
224   3.9608226  0.6924734  2.8566282  0.4630901 
225   3.9125566  0.6768482  2.8211067  0.4864503 
226   3.8987987  0.6677621  2.8076460  0.4762175 
227   3.8757350  0.6501898  2.7953508  0.4743863 
228   3.8275115  0.6793531  2.7856996  0.4725937 
229   3.9039314  0.6632947  2.8160808  0.4629070 
230   3.9723868  0.6802744  2.8572114  0.4768932 
231   3.9500220  0.6675476  2.8312175  0.4952701 
232   4.0484281  0.6991040  2.8751118  0.5023730 
233   4.0752501  0.6897184  2.8997374  0.5026138 
234   4.0816283  0.6717492  2.8782682  0.5125220 
235   4.0009298  0.6731821  2.8640599  0.5411136 
236   3.9103765  0.6701405  2.8421490  0.5025749 
237   4.0367765  0.6945372  2.9456940  0.5134983 
238   4.0153828  0.7090726  2.9256661  0.5521898 
239   3.9999886  0.6910090  2.8862247  0.5403479 
240   3.9767544  0.6690878  2.8460822  0.5413880 
241   4.0769734  0.6705300  2.9075055  0.5156604 
242   4.0489841  0.6655152  2.8795035  0.5187188 
243   4.0742788  0.6506279  2.9104788  0.5145821 
244   4.0995154  0.6392540  2.8706102  0.5348013 
245   4.0488605  0.6627808  2.8798208  0.5267559 
246   3.9534409  0.6504871  2.8462665  0.5515323 
247   4.0726275  0.6753054  2.9050248  0.5453255 
248   4.0208368  0.6627130  2.9141512  0.5299613 
249   3.9849408  0.6828763  2.8839400  0.5365883 
250   4.0056987  0.6953433  2.9250309  0.5614264 
251   4.0886579  0.6964439  3.0004776  0.5209045 
252   4.1005249  0.6728904  2.9784734  0.5060052 
253   4.1441002  0.6732618  2.9917498  0.5184717 
254   4.1387124  0.6612344  3.0114579  0.5237216 
255   4.0535393  0.6582218  2.9324095  0.5214511 
256   4.1043506  0.6730009  2.9752524  0.5214227 
257   4.1323733  0.6781139  2.9522042  0.5126805 
258   4.0958381  0.6631259  2.9524186  0.4797466 
259   4.1838927  0.6602682  3.0409329  0.4611432 
260   4.1060286  0.6616371  2.9502296  0.4669059 
261   4.1387835  0.6814913  2.9877927  0.5084908 
262   4.2014427  0.6786195  3.0516160  0.5192333 
263   4.1736393  0.6872861  3.0530407  0.5133030 
264   4.1285367  0.6750758  2.9854412  0.5243033 
265   4.1288614  0.6815863  2.9917777  0.5169964 
266   4.1413822  0.6764991  3.0093248  0.4930132 
267   4.0243173  0.6571950  2.9108989  0.4503475 
268   4.0951290  0.6818213  2.9716010  0.4968650 
269   4.1341643  0.6497074  3.0291665  0.4840656 
270   4.0690198  0.6586751  2.9904854  0.4768201 
271   4.0109468  0.6483732  2.9243748  0.4390222 
272   4.0402598  0.6737683  3.0040023  0.4567094 
273   4.0343666  0.7004037  3.0088115  0.4413320 
274   4.0160470  0.7167972  3.0030379  0.4694294 
275   4.0499887  0.6859304  3.0296063  0.4938083 
276   3.9598532  0.6584330  2.9059641  0.4717799 
277   3.9462929  0.6559047  2.9005578  0.4589233 
278   3.9275548  0.6857767  2.8695481  0.4594007 
279   4.0438328  0.7175333  2.9499648  0.4872193 
280   4.0589180  0.6845596  2.9238544  0.4702953 
281   4.1136246  0.6741286  3.0006130  0.4792208 
282   4.0825071  0.6798554  2.9705703  0.4587137 
283   3.9612675  0.7135603  2.9066906  0.4590261 
284   3.9725463  0.6803795  2.9936817  0.4603551 
285   3.9951534  0.6854014  2.9837461  0.4531564 
286   4.0323348  0.6827343  2.9783835  0.4385764 
287   4.0906882  0.6722603  2.9825597  0.4622133 
288   3.9963787  0.6858872  2.9414315  0.4399442 
289   4.1086402  0.6947285  2.9564977  0.4695774 
290   4.0673528  0.6600187  2.9491687  0.4418705 
291   4.0231218  0.6871213  2.9264019  0.4841224 
292   4.0306997  0.6644161  2.9131410  0.4527750 
293   4.0011516  0.6799647  2.9390748  0.4295739 
294   4.0494308  0.6738333  2.9269905  0.4474921 
295   4.0326457  0.6858543  2.8930228  0.4704622 
296   4.0039897  0.6836955  2.8320739  0.4607771 
297   4.1010218  0.7116529  2.8927977  0.5050197 
298   4.0587425  0.7268059  2.8848977  0.5099793 
299   4.0873208  0.7092468  2.8779361  0.5167249 
300   4.0793457  0.7426090  2.9118273  0.5597923 
301   4.2094173  0.7275372  3.0237615  0.5015386 
302   4.0928874  0.7430931  2.9796228  0.5503323 
303   4.1243272  0.7322172  3.0314140  0.5513037 
304   4.0774755  0.7516227  2.9855204  0.5678535 
305   3.9496770  0.7476760  2.9197907  0.5373095 
306   3.8831434  0.7177532  2.8443942  0.4859934 
307   3.9849439  0.7343577  2.9138491  0.4873727 
308   3.9498219  0.7486090  2.9130971  0.5297201 
309   3.9610837  0.7557858  2.8873410  0.5450295 
310   4.0370493  0.7107097  2.9485967  0.5010511 
311   4.0107307  0.7299303  2.9543264  0.5053138 
312   4.0912685  0.6880589  2.9356043  0.4722747 
313   4.1131625  0.7157602  2.9689999  0.5047548 
314   4.0934496  0.7022532  2.9101884  0.4719336 
315   4.1379070  0.6868839  2.9816852  0.4530236 
316   4.1704884  0.6865841  2.9681714  0.4893795 
317   4.1813035  0.6886359  3.0042331  0.4834619 
318   4.1459746  0.7247588  2.9611101  0.4847681 
319   4.1706166  0.7235793  2.9903138  0.4705473 
320   4.1169343  0.7079716  2.9853983  0.4774341 
321   4.2167010  0.7187582  3.0617256  0.5054209 
322   4.1401067  0.7151284  2.9995036  0.4812161 
323   4.1868963  0.7340069  3.0265081  0.5188634 
324   4.0911608  0.6973835  2.9681475  0.5131091 
325   4.1107159  0.6967894  2.9782703  0.4755378 
326   4.1355696  0.7165990  2.9616420  0.4885094 
327   4.1430955  0.7236555  2.9979496  0.5124079 
328   4.2041287  0.7396103  3.0370502  0.5092561 
329   4.2198935  0.7031938  3.0718794  0.4899799 
330   4.2323737  0.7258270  3.0442533  0.4792432 
331   4.2427535  0.7023988  3.0066168  0.4852823 
332   4.2007890  0.6908832  2.9882641  0.4872245 
333   4.1385922  0.6935545  2.9325507  0.4694532 
334   4.1666903  0.7158977  2.9831510  0.5053133 
335   4.1621757  0.7082043  2.9081018  0.5148893 
336   4.0609851  0.7016371  2.8468039  0.4971283 
337   4.1715040  0.7072636  2.9570696  0.4971598 
338   4.1450520  0.7306744  2.9658616  0.4955743 
339   4.1564436  0.6884912  2.9472382  0.4972870 
340   4.1501770  0.6937049  2.9707243  0.4810858 
341   4.1901660  0.7039013  2.9951730  0.4485569 
342   4.1587677  0.7081257  2.9686542  0.4724101 
343   4.1964254  0.7427520  3.0244658  0.4995633 
344   4.2310400  0.7105876  3.0307040  0.5092731 
345   4.1468968  0.7100945  3.0162292  0.5246327 
346   4.1677485  0.7438270  3.0287845  0.4945132 
347   4.1899505  0.7299764  3.0330210  0.4833536 
348   4.1396642  0.7437850  2.9911890  0.5025804 
349   4.1960397  0.7570823  2.9887478  0.4917917 
350   4.1963191  0.7479812  2.9929857  0.5070761 
351   4.1705494  0.7383453  2.9759395  0.5067755 
352   4.1892362  0.7522424  3.0216377  0.4999440 
353   4.1386747  0.7402686  2.9971199  0.4984967 
354   4.2253489  0.7390370  3.1223652  0.4849560 
355   4.1852012  0.7470307  3.0329392  0.4838381 
356   4.2255025  0.7364302  3.1104312  0.4854985 
357   4.2142339  0.7415723  3.1105158  0.4783542 
358   4.1990795  0.7699689  3.0454245  0.5102959 
359   4.2041121  0.7480771  3.0561707  0.5012321 
360   4.1987634  0.7484983  3.0514112  0.4959735 
361   4.2411308  0.7635093  3.0550964  0.4890505 
362   4.1520672  0.7925237  3.0450344  0.4938318 
363   4.2235551  0.7663413  3.0742042  0.5047308 
364   4.2717886  0.7629898  3.1369152  0.4757596 
365   4.1522732  0.7747588  3.0683823  0.4731768 
366   4.1052732  0.7677636  2.9895036  0.5043383 
367   4.0708704  0.7260796  2.9366384  0.4829317 
368   4.0532084  0.7311543  2.8861692  0.4617892 
369   4.0317135  0.7244131  2.9040809  0.4815264 
370   4.0945768  0.7189312  2.9692376  0.4608221 
371   4.0024076  0.7223924  2.9293344  0.4607692 
372   4.0094500  0.6707144  2.8947248  0.4567572 
373   4.0335636  0.6590864  2.9220381  0.4337908 
374   4.0404649  0.6696440  2.9383359  0.4543554 
375   4.0357699  0.6486356  2.8874784  0.4514509 
376   4.0040078  0.6567730  2.8842158  0.4683282 
377   4.0818253  0.6822344  2.9080186  0.4477837 
378   4.0783529  0.7167341  2.9294512  0.4595490 
379   4.1049500  0.7168533  2.9734800  0.4578268 
380   4.2219133  0.7524628  3.0529556  0.4594781 
381   4.2666526  0.7111190  3.0762455  0.4690375 
382   4.3008795  0.6960770  3.1282713  0.4584654 
383   4.2611537  0.7173938  3.0711207  0.4615231 
384   4.3260369  0.7143916  3.0856197  0.4684633 
385   4.3062325  0.7048596  3.0414958  0.4624363 
386   4.2898974  0.7200752  3.0680981  0.4970905 
387   4.2866440  0.7288156  3.0906670  0.4694126 
388   4.2232370  0.7304496  3.0669599  0.4780974 
389   4.3656416  0.7531938  3.1804965  0.4822587 
390   4.2717133  0.7544723  3.1323743  0.4958489 
391   4.2854247  0.7499058  3.1114926  0.4653882 
392   4.2439666  0.7526868  3.0703933  0.4622625 
393   4.2811022  0.7901452  3.1094577  0.4689156 
394   4.1738315  0.7733500  3.0675063  0.4750726 
395   4.2521172  0.7671927  3.1633945  0.4839219 
396   4.2689543  0.7546328  3.1385021  0.4837606 
397   4.2650461  0.7299051  3.1359103  0.5009906 
398   4.3176475  0.7227003  3.1840615  0.5310262 
399   4.2975950  0.7532395  3.1697164  0.5067128 
400   4.2607336  0.7438872  3.1674979  0.5107977 
401   4.2617869  0.7547758  3.1403286  0.5190358 
402   4.3653188  0.7158924  3.1771619  0.5102248 
403   4.3836122  0.7492759  3.1782310  0.5692059 
404   4.4536095  0.7276080  3.2519565  0.5815747 
405   4.5566883  0.7563591  3.3417280  0.5821429 
406   4.4344354  0.7347922  3.2724807  0.5686961 
407   4.4650302  0.7293530  3.2948279  0.5460957 
408   4.3898830  0.7313682  3.2017710  0.5702191 
409   4.3420978  0.7199235  3.1638749  0.5446993 
410   4.3886623  0.7227117  3.1843092  0.5351007 
411   4.4060249  0.7315906  3.2165189  0.5189585 
412   4.3585219  0.7714611  3.2068937  0.5150535 
413   4.3987627  0.7612938  3.2093549  0.5370696 
414   4.3232770  0.7351491  3.1556215  0.5128281 
415   4.2642317  0.7513823  3.1403334  0.5262831 
416   4.2856574  0.7587869  3.1591277  0.5209904 
417   4.3501320  0.7597579  3.2162559  0.5705583 
418   4.2289767  0.7227342  3.1080270  0.4929803 
419   4.3797083  0.7468971  3.2544379  0.5197981 
420   4.3329573  0.7334234  3.1913383  0.5173166 
421   4.2614331  0.7561623  3.1510496  0.5378765 
422   4.3323894  0.7199601  3.1458662  0.5158479 
423   4.2603784  0.7615248  3.1404803  0.5407640 
424   4.3177257  0.7758375  3.2195411  0.5552990 
425   4.2890949  0.7649391  3.1384161  0.5565218 
426   4.2190113  0.7564384  3.0943301  0.5113960 
427   4.1556807  0.7474404  3.0398147  0.4983338 
428   4.2190747  0.7616591  3.0672488  0.5107525 
429   4.1904454  0.7610661  3.0229139  0.5136762 
430   4.2366934  0.7748876  3.0030200  0.5118510 
431   4.1974182  0.7613236  3.0119555  0.5342193 
432   4.2309303  0.7510646  3.0454679  0.5397097 
433   4.3129063  0.8003088  3.1146905  0.5079677 
434   4.2344747  0.7638900  3.0417974  0.5126670 
435   4.3186588  0.7450985  3.0795507  0.5087739 
436   4.2682080  0.7488694  3.0217917  0.5065389 
437   4.3788352  0.7687604  3.1356077  0.5248194 
438   4.3180747  0.8073404  3.1216669  0.5294847 
439   4.2709074  0.7897133  3.0924993  0.5402361 
440   4.2641201  0.7977651  3.0428481  0.5267999 
441   4.3226633  0.7488599  3.0799596  0.5145054 
442   4.3234320  0.7469485  3.0885537  0.5278450 
443   4.3588810  0.7716959  3.1568406  0.5149910 
444   4.3928185  0.7457162  3.1232085  0.5505358 
445   4.4772229  0.7652558  3.1644623  0.4992782 
446   4.4813242  0.7222452  3.1571476  0.5066152 
447   4.4774380  0.7608922  3.1501305  0.5042908 
448   4.5389547  0.7692872  3.2196977  0.5099627 
449   4.5370083  0.7667667  3.2323055  0.5146465 
450   4.5835533  0.7948512  3.2711298  0.5537102 
451   4.5532193  0.7808259  3.2778642  0.5199143 
452   4.4949579  0.7771350  3.2244942  0.5239383 
453   4.5637927  0.7997547  3.2738051  0.5387566 
454   4.5538368  0.7590056  3.2812922  0.5407984 
455   4.5686817  0.7843183  3.2545679  0.4852083 
456   4.4814777  0.7802431  3.2371933  0.5517466 
457   4.3989005  0.7888650  3.2416024  0.5522652 
458   4.4384170  0.7890783  3.2597280  0.5032734 
459   4.3802366  0.7802566  3.2528462  0.4991858 
460   4.3891726  0.7621270  3.1861815  0.4968426 
461   4.3658500  0.7689813  3.2350247  0.5574725 
462   4.3602943  0.7344256  3.2592080  0.5329000 
463   4.2993569  0.7524974  3.1526558  0.5189504 
464   4.3018394  0.7963241  3.1944773  0.5392113 
465   4.4279585  0.7846123  3.2780306  0.5207180 
466   4.4040523  0.7782562  3.2344551  0.5173188 
467   4.3435349  0.7393479  3.2091072  0.5081439 
468   4.3751035  0.7556646  3.1964667  0.5579835 
469   4.4402776  0.7391633  3.2543485  0.5311604 
470   4.3916101  0.7245662  3.2518938  0.5377908 
471   4.4466786  0.7436059  3.2694039  0.5036771 
472   4.4188914  0.7263461  3.2233322  0.5209161 
473   4.3456402  0.7305706  3.1971240  0.4643938 
474   4.4391441  0.7401884  3.2183323  0.4873368 
475   4.4064879  0.7869014  3.2135582  0.4984378 
476   4.3395052  0.7658108  3.2149110  0.4938141 
477   4.2362165  0.7376394  3.1284297  0.5152429 
478   4.4367619  0.7606741  3.2786543  0.5016062 
479   4.4501915  0.7642550  3.2879536  0.5024686 
480   4.4957271  0.7462430  3.2669127  0.5089801 
481   4.5657063  0.7302946  3.2703490  0.5001876 
482   4.5455098  0.7331473  3.2262268  0.5160850 
483   4.5247355  0.7229434  3.2515476  0.5015019 
484   4.5359216  0.7501031  3.2906592  0.5483849 
485   4.5725522  0.7285776  3.3390818  0.5169805 
486   4.6665239  0.7633188  3.4181685  0.5087441 
487   4.5264778  0.7145160  3.2820995  0.5096403 
488   4.5590458  0.6847897  3.3138537  0.5245218 
489   4.4146900  0.6907445  3.2124281  0.5120919 
490   4.4882169  0.6926038  3.2523501  0.5607303 
491   4.5251307  0.7065862  3.2558656  0.5924901 
492   4.4680505  0.7121564  3.2625408  0.5699017 
493   4.4400830  0.6921108  3.2176638  0.5658407 
494   4.3834372  0.6710206  3.1631076  0.5365865 
495   4.4028487  0.6893513  3.1905727  0.5525213 
496   4.3333340  0.6894017  3.1493392  0.5354435 
497   4.2528973  0.7034464  3.1445196  0.5858335 
498   4.4088001  0.6809717  3.2568467  0.5710348 
499   4.4224977  0.6978567  3.2951500  0.5454043 
500   4.3789320  0.6714396  3.2136540  0.5489284 
501   4.3801570  0.6808431  3.2146966  0.5698066 
502   4.4058208  0.6922747  3.2257020  0.5862083 
503   4.3621850  0.7080786  3.2222741  0.5886300 
504   4.3256817  0.6886643  3.1897149  0.5866081 
505   4.2710714  0.6850842  3.1860309  0.6030988 
506   4.3022051  0.6768612  3.2070038  0.5768580 
507   4.2882452  0.6888298  3.2031024  0.5617786 
508   4.2793140  0.6780547  3.1802068  0.5932888 
509   4.2952762  0.7014608  3.2317514  0.5947393 
510   4.3536716  0.6794059  3.2658083  0.5852782 
511   4.4345088  0.6921908  3.3604414  0.5871028 
512   4.2925920  0.6947257  3.1943984  0.5726498 
513   4.3610497  0.6967534  3.2511694  0.6003358 
514   4.4070506  0.6912423  3.2523503  0.6120482 
515   4.2879901  0.6853710  3.1664312  0.5771055 
516   4.2912850  0.7238662  3.2211990  0.6334258 
517   4.3479013  0.7241658  3.2980678  0.6214148 
518   4.4067745  0.7108154  3.3347738  0.5893496 
519   4.3229728  0.7165598  3.2446220  0.6360750 
520   4.4045558  0.7163514  3.2794552  0.5891760 
521   4.3582616  0.7082054  3.2396412  0.5984186 
522   4.4221663  0.7260761  3.3096669  0.6034375 
523   4.4381943  0.7317044  3.3140891  0.6201102 
524   4.3410997  0.7192754  3.2373440  0.6428261 
525   4.3815522  0.7486511  3.2712870  0.6662325 
526   4.4380422  0.7373208  3.3185947  0.6534286 
527   4.3812289  0.7434207  3.2424946  0.6377879 
528   4.4222422  0.7774927  3.3134916  0.6626564 
529   4.3999448  0.7800558  3.2813611  0.7026263 
530   4.4527860  0.7773288  3.2996140  0.6535270 
531   4.3974023  0.7660326  3.2860785  0.6577942 
532   4.3928986  0.7650981  3.2911189  0.6704676 
533   4.3577476  0.7514904  3.2537799  0.6562108 
534   4.3534126  0.7314266  3.2708607  0.6695415 
535   4.3626561  0.7519220  3.2662010  0.6346041 
536   4.3535557  0.7412993  3.2448206  0.6313707 
537   4.3836269  0.7137190  3.2293749  0.6234778 
538   4.3613577  0.7246619  3.1874771  0.5784205 
539   4.3907619  0.7510832  3.2236712  0.6252977 
540   4.3283277  0.7371486  3.2132175  0.5610111 
541   4.2455702  0.7354235  3.1362000  0.5689141 
542   4.3388157  0.7230588  3.2118630  0.6015517 
543   4.3534293  0.7286180  3.2558072  0.5643466 
544   4.2406449  0.7244970  3.1700406  0.6105105 
545   4.2866049  0.7294477  3.2012348  0.6143483 
546   4.2050409  0.7374067  3.0957458  0.5955538 
547   4.1248350  0.7176791  3.0415661  0.5653700 
548   4.1903019  0.7382594  3.0798829  0.5729909 
549   4.1646647  0.7186655  3.0934942  0.5816314 
550   4.2285881  0.7154651  3.1181006  0.5872102 
551   4.2850728  0.7214552  3.1925633  0.6138511 
552   4.2692657  0.7450261  3.2175930  0.5644485 
553   4.2252102  0.7279917  3.1868515  0.5818610 
554   4.2124968  0.7319751  3.1390712  0.5659280 
555   4.2676439  0.7026635  3.1535299  0.5322145 
556   4.2858334  0.7167060  3.1817920  0.5443378 
557   4.2976418  0.7032121  3.1515203  0.5508384 
558   4.2661033  0.7074009  3.1796815  0.5823473 
559   4.3390841  0.7179951  3.2321606  0.5753298 
560   4.3497963  0.7254058  3.2315481  0.5612043 
561   4.3345089  0.7368588  3.2633276  0.5877956 
562   4.2476606  0.7293236  3.1885026  0.5721978 
563   4.2268085  0.7221762  3.2022147  0.5420274 
564   4.2138062  0.7305239  3.2056732  0.6207293 
565   4.1941972  0.7172281  3.1596951  0.5650968 
566   4.1566691  0.7303356  3.1128128  0.5809623 
567   4.1474552  0.7109494  3.0894134  0.5834329 
568   4.1673670  0.7321435  3.1176689  0.6056615 
569   4.1064672  0.7449885  3.0567398  0.6174403 
570   4.1719894  0.7219114  3.1169579  0.5712529 
571   4.2250991  0.7449661  3.1764948  0.5855093 
572   4.2848539  0.7367395  3.1847672  0.6185957 
573   4.2305698  0.7283760  3.1698756  0.6129661 
574   4.3205934  0.7366051  3.2148373  0.5924033 
575   4.2126369  0.7345588  3.1229775  0.5963355 
576   4.2768483  0.7189378  3.2126207  0.5733591 
577   4.2525105  0.7344341  3.2025943  0.5756399 
578   4.2571087  0.7241158  3.2222178  0.5497859 
579   4.2554789  0.7127514  3.1928394  0.5560589 
580   4.2143340  0.7265051  3.1529431  0.5772480 
581   4.2064738  0.7460786  3.1239655  0.5955560 
582   4.1245341  0.7537274  3.0815907  0.5698847 
583   4.0898843  0.7331626  3.0423303  0.5726677 
584   4.1810689  0.7564611  3.1262252  0.5929148 
585   4.1568890  0.7261558  3.0864286  0.5752767 
586   4.0874949  0.7322304  3.0397468  0.5763506 
587   4.1382895  0.7788289  3.1285160  0.5753099 
588   4.1422920  0.8082863  3.1606851  0.5561897 
589   4.2942533  0.7869298  3.2324147  0.5841131 
590   4.2268662  0.7651392  3.1744184  0.5450739 
591   4.1968918  0.7859972  3.1529131  0.5435796 
592   4.2627029  0.7855323  3.1658089  0.5480486 
593   4.2494402  0.7630319  3.2116272  0.5555074 
594   4.2423429  0.7508171  3.1638706  0.5353289 
595   4.1761642  0.7406074  3.1841991  0.5338828 
596   4.2426448  0.7462076  3.2216909  0.5523685 
597   4.1989160  0.7190220  3.1389909  0.5232846 
598   4.3262596  0.7504568  3.2828090  0.5778010 
599   4.2420044  0.7649198  3.1917953  0.5444017 
600   4.2830334  0.7694460  3.2482648  0.6004555 
601   4.2630310  0.7384064  3.1855001  0.5682255 
602   4.3009224  0.7516408  3.1873674  0.5526929 
603   4.2227530  0.7494148  3.1466560  0.5670432 
604   4.3203983  0.7360251  3.2357781  0.5462249 
605   4.2033863  0.7287768  3.1482480  0.5512844 
606   4.2132907  0.7240446  3.1734061  0.5188640 
607   4.1039062  0.7132242  3.0769126  0.5424671 
608   4.1862855  0.7475580  3.1517036  0.5716412 
609   4.2410874  0.7378505  3.2176185  0.5646569 
610   4.0794501  0.7296576  3.0895524  0.5868728 
611   4.1223679  0.6933719  3.0968852  0.5302120 
612   4.1856136  0.7100273  3.1752756  0.5277658 
613   4.2388396  0.6797456  3.1963031  0.5202276 
614   4.2282982  0.7021121  3.2212389  0.5302897 
615   4.2192388  0.7079920  3.2043595  0.5828475 
616   4.3018923  0.7164741  3.3027699  0.5807019 
617   4.1525025  0.7429150  3.1744192  0.5660532 
618   4.1924958  0.7245145  3.2215855  0.5699956 
619   4.2182965  0.6908938  3.1654558  0.5393403 
620   4.2263107  0.7122024  3.1725233  0.5676915 
621   4.1524119  0.7185550  3.1402326  0.5748751 
622   4.2177587  0.7405200  3.1933787  0.5942724 
623   4.2174177  0.7268977  3.1772285  0.5592671 
624   4.2323461  0.7266178  3.1893675  0.5434163 
625   4.1817255  0.7190551  3.2039003  0.5551006 
626   4.2209210  0.7432544  3.2070875  0.5478317 
627   4.2562370  0.7429451  3.2802792  0.5507955 
628   4.1827307  0.7318422  3.2283018  0.5605491 
629   4.2287750  0.7273471  3.2461431  0.5548407 
630   4.1231341  0.6939782  3.1468189  0.5508039 
631   4.1145029  0.7372764  3.1850309  0.5637468 
632   4.2222252  0.7531725  3.2576835  0.5940485 
633   4.2192941  0.7465278  3.2364380  0.5660024 
634   4.1953239  0.7323985  3.1947963  0.5828598 
635   4.1148229  0.6973774  3.1310117  0.5307536 
636   4.1370101  0.7182212  3.1919127  0.5552570 
637   4.1077895  0.7158323  3.1555362  0.5368286 
638   4.0189843  0.7200732  3.0823026  0.5450427 
639   4.0666208  0.7589161  3.1029129  0.6128054 
640   4.0719109  0.7038221  3.0846822  0.5931644 
641   4.0577469  0.7227950  3.0725141  0.5480558 
642   4.0215387  0.7299340  3.0620019  0.5436116 
643   4.1302567  0.7429640  3.1439204  0.5679036 
644   4.1138611  0.7341703  3.1007521  0.5466364 
645   4.1221504  0.7132562  3.1174738  0.5831454 
646   4.1206408  0.7330980  3.1454611  0.5570658 
647   4.0737143  0.7365721  3.1083763  0.5861700 
648   4.0770764  0.7378925  3.1062572  0.5660104 
649   4.1398664  0.7578409  3.1144879  0.5949919 
650   4.1433382  0.7258052  3.1382897  0.5538428 
651   4.1863947  0.7131135  3.2008181  0.5499504 
652   4.1766462  0.7593318  3.1481812  0.5639251 
653   4.1740389  0.7347962  3.1412227  0.5334798 
654   4.1924129  0.7540065  3.1626618  0.5699477 
655   4.1782117  0.7490833  3.1722581  0.5803871 
656   4.1660867  0.7327029  3.1441455  0.5612231 
657   4.2061105  0.7267555  3.1808679  0.5496435 
658   4.2865233  0.7163885  3.2320061  0.5345604 
659   4.1206594  0.7306637  3.1574507  0.5560992 
660   4.1462774  0.7505784  3.1992354  0.5778531 
661   4.1102476  0.7179626  3.1294091  0.5397822 
662   4.1975565  0.7214612  3.2155094  0.5449968 
663   4.1313434  0.7393447  3.1915879  0.5823171 
664   4.1668625  0.7672048  3.2216568  0.5606849 
665   4.1623030  0.7357981  3.2487061  0.5541882 
666   4.2043009  0.7352058  3.2655423  0.5436009 
667   4.1945000  0.7778245  3.2480748  0.5241646 
668   4.1791925  0.7508065  3.2378385  0.5547711 
669   4.2442040  0.7368724  3.2485497  0.5443116 
670   4.2166653  0.7548619  3.2565827  0.5392933 
671   4.1295538  0.7755026  3.1950710  0.5780522 
672   4.1139627  0.7555292  3.1513662  0.5665748 
673   4.1339355  0.7718387  3.1669891  0.5642080 
674   4.1361456  0.7634878  3.1458490  0.5560200 
675   4.1708312  0.7358068  3.1624942  0.5289123 
676   4.2304769  0.7310841  3.2679582  0.5265623 
677   4.2989941  0.7522835  3.3023500  0.5474428 
678   4.3050327  0.7212290  3.3099525  0.5446742 
679   4.2455363  0.7147409  3.2447879  0.5156860 
680   4.2835646  0.7628059  3.3183961  0.6277637 
681   4.1942301  0.7341761  3.2513404  0.5521739 
682   4.2404575  0.7409447  3.2619658  0.5593219 
683   4.1955314  0.7321779  3.1813991  0.5627519 
684   4.2420468  0.6926039  3.2244985  0.5187072 
685   4.1952319  0.7053604  3.1573405  0.5231176 
686   4.1859074  0.6733248  3.1626308  0.5279082 
687   4.1764436  0.6696885  3.1351075  0.5282944 
688   4.2162824  0.6812145  3.2007616  0.5220639 
689   4.2359524  0.7028627  3.2475419  0.5051963 
690   4.1381774  0.6991109  3.1169319  0.5097825 
691   4.0907340  0.6971325  3.0310142  0.5129300 
692   4.0963254  0.7147129  3.1493599  0.5106262 
693   4.1938906  0.6820145  3.2231412  0.4971530 
694   4.0804911  0.6912932  3.0987902  0.5230500 
695   4.2192483  0.7060801  3.2470524  0.5539051 
696   4.2539186  0.7247624  3.2994838  0.5479998 
697   4.2500029  0.7270824  3.2774832  0.5344240 
698   4.1833940  0.7283303  3.1989117  0.5290054 
699   4.1616244  0.7538282  3.1934991  0.5590855 
700   4.1360755  0.7179447  3.1459880  0.5607876 
701   4.0292587  0.7508972  3.0807474  0.5395017 
702   4.1142702  0.7349457  3.1477706  0.5413479 
703   4.1846881  0.7760543  3.2294872  0.5553101 
704   4.1357260  0.7417894  3.1502700  0.5669485 
705   4.2029676  0.7244609  3.2039199  0.5523353 
706   4.2867393  0.7346625  3.3062775  0.5712212 
707   4.2090187  0.7242757  3.2671709  0.5385361 
708   4.1747751  0.7160888  3.2132001  0.5351143 
709   4.1371317  0.7369333  3.1826952  0.5402038 
710   4.1022015  0.7480655  3.1624694  0.5608044 
711   4.1654024  0.7295994  3.1981213  0.5451332 
712   4.1967120  0.7459510  3.2168660  0.5360961 
713   4.2273588  0.7212779  3.2603710  0.5564283 
714   4.1919923  0.7219407  3.2419326  0.5444412 
715   4.2706237  0.7227932  3.3280451  0.5747358 
716   4.1890187  0.7035459  3.2351549  0.5884905 
717   4.2475300  0.7406153  3.2744098  0.5521953 
718   4.2504759  0.7725411  3.2680640  0.5583023 
719   4.2957654  0.7458274  3.3019247  0.5592231 
720   4.3336902  0.7573844  3.3217297  0.5443717 
721   4.3106451  0.7270296  3.2622437  0.5660265 
722   4.3110981  0.7560846  3.2433867  0.5690030 
723   4.2907953  0.7477528  3.2331398  0.6241285 
724   4.3602962  0.7369084  3.3076620  0.5972074 
725   4.3499351  0.7401273  3.3078325  0.5381597 
726   4.4140372  0.7326047  3.3708928  0.5574660 
727   4.3948288  0.7459140  3.3509972  0.5643725 
728   4.4841933  0.7482500  3.3884966  0.5679286 
729   4.4597006  0.7444764  3.3336935  0.5813274 
730   4.5176468  0.7417326  3.3806202  0.6019792 
731   4.4632430  0.7729837  3.4038925  0.6291138 
732   4.4586105  0.7396120  3.3793867  0.5995886 
733   4.5012097  0.7429553  3.4156799  0.5918713 
734   4.4715471  0.7705747  3.4239845  0.5932378 
735   4.4566817  0.7786037  3.4418311  0.5978512 
736   4.5171008  0.7860776  3.4490626  0.5709221 
737   4.4955983  0.7440262  3.4286175  0.6186391 
738   4.5462766  0.7499176  3.4673097  0.6044210 
739   4.5177512  0.7350979  3.4597306  0.5780662 
740   4.4733887  0.7199917  3.4123192  0.5527200 
741   4.4576383  0.7399564  3.3671060  0.5836368 
742   4.4658909  0.7568473  3.3917274  0.5490974 
743   4.4195042  0.7683250  3.3247287  0.6123716 
744   4.4706817  0.7765222  3.3674097  0.5504451 
745   4.4030733  0.7846913  3.3400724  0.5353161 
746   4.4500604  0.7561879  3.3501704  0.5661659 
747   4.4101958  0.7591318  3.3298309  0.5553433 
748   4.3260846  0.7645985  3.2758815  0.5249742 
749   4.3252211  0.7672128  3.2491450  0.5004174 
750   4.3310666  0.7799029  3.2993963  0.6047069 
751   4.4687753  0.8091628  3.3749132  0.5785457 
752   4.5036888  0.8305597  3.4250917  0.6137042 
753   4.5180869  0.8256628  3.4309721  0.6006250 
754   4.5493507  0.8484857  3.4445179  0.6495404 
755   4.5546980  0.8234599  3.4444597  0.5948553 
756   4.5546608  0.8356734  3.4427052  0.5799146 
757   4.5198441  0.8272254  3.3669357  0.5807744 
758   4.4351549  0.8355588  3.3041553  0.5831842 
759   4.4892397  0.8848674  3.3596473  0.6233025 
760   4.5681214  0.8698825  3.3989406  0.5574808 
761   4.5446610  0.8798370  3.4251416  0.6053903 
762   4.4990396  0.8415598  3.4127474  0.5984636 
763   4.5230618  0.8676935  3.4285951  0.6201165 
764   4.5812092  0.8404067  3.4361222  0.5766197 
765   4.5591536  0.8467522  3.3905489  0.5742965 
766   4.5268793  0.8273190  3.4012594  0.5671981 
767   4.5370736  0.8119435  3.4228759  0.5792805 
768   4.4917645  0.8296351  3.4038599  0.6226297 
769   4.4968247  0.8413925  3.4087002  0.5658130 
770   4.4751711  0.8383302  3.4047163  0.6289733 
771   4.4749637  0.8318394  3.4399199  0.6171180 
772   4.3870015  0.8269817  3.3188875  0.5856959 
773   4.3499694  0.8197858  3.3000698  0.5691469 
774   4.3426542  0.8421533  3.2872360  0.6007389 
775   4.3310633  0.8104334  3.3002152  0.6081784 
776   4.3446112  0.7832018  3.2727470  0.6214816 
777   4.3623719  0.8073049  3.2644551  0.6008871 
778   4.3776078  0.7984627  3.3123963  0.5915570 
779   4.3980227  0.7567536  3.3165882  0.5693390 
780   4.3434787  0.7752059  3.2609227  0.5805429 
781   4.4025197  0.7683189  3.2615221  0.5556044 
782   4.4299479  0.7761394  3.2777445  0.5942057 
783   4.4046502  0.7758463  3.2824066  0.5605010 
784   4.4188709  0.7255195  3.3342726  0.5196155 
785   4.4294333  0.7750112  3.3542552  0.5696308 
786   4.3325601  0.7631537  3.2550519  0.5760490 
787   4.4305201  0.7818071  3.3174613  0.5666609 
788   4.3890452  0.7417011  3.2791708  0.5407236 
789   4.3990808  0.7949308  3.2481108  0.5591680 
790   4.3998766  0.7806720  3.2713118  0.5307871 
791   4.3731804  0.8113276  3.2519357  0.5725718 
792   4.4104609  0.8077199  3.3098083  0.6062648 
793   4.4082460  0.8375508  3.2698269  0.6000004 
794   4.4500217  0.8293944  3.3243294  0.6266362 
795   4.4748583  0.8239785  3.3563540  0.5901297 
796   4.5108294  0.7807534  3.3677626  0.5958403 
797   4.5246220  0.7942068  3.3572862  0.5910376 
798   4.3812962  0.8198862  3.2776978  0.5912510 
799   4.4073286  0.8454944  3.3487666  0.6032386 
800   4.4593830  0.8431337  3.3505504  0.5665706 
801   4.3644242  0.8386808  3.2442410  0.5935765 
802   4.4033084  0.8799771  3.2680886  0.5702154 
803   4.3453345  0.8772960  3.2127180  0.5928214 
804   4.4211917  0.8517701  3.2852905  0.5858986 
805   4.4944024  0.8564885  3.3105443  0.5751867 
806   4.4583244  0.8486073  3.3159800  0.6077942 
807   4.4435730  0.8540502  3.3232832  0.5611188 
808   4.4624228  0.8324878  3.3358476  0.6001100 
809   4.4232798  0.8845268  3.3169446  0.6354182 
810   4.4879770  0.8601073  3.3372803  0.6139112 
811   4.5038943  0.8391520  3.3495538  0.6296844 
812   4.5559082  0.8647454  3.3650403  0.5999516 
813   4.5844049  0.8824490  3.3397114  0.6290460 
814   4.5900126  0.8455059  3.3091123  0.6314688 
815   4.5952659  0.8734070  3.3697808  0.6643363 
816   4.5997114  0.8164926  3.4010339  0.6514508 
817   4.6817579  0.8230118  3.4719985  0.6475685 
818   4.6533260  0.8621451  3.4430103  0.6328241 
819   4.5875154  0.8647593  3.3872230  0.6487700 
820   4.7027569  0.8173086  3.4310484  0.6002172 
821   4.6193743  0.8189657  3.3992884  0.6450436 
822   4.5938401  0.8065666  3.3884523  0.6323845 
823   4.6727672  0.8265558  3.4330039  0.6560201 
824   4.5704846  0.8659281  3.3715677  0.6814803 
825   4.5743766  0.8205296  3.3807163  0.6243501 
826   4.5127711  0.8470184  3.3498769  0.6420600 
827   4.4575839  0.8312867  3.2918863  0.6669383 
828   4.4411197  0.8105544  3.3013580  0.6640010 
829   4.5699697  0.8113464  3.3946855  0.6485558 
830   4.5262556  0.8199681  3.3260245  0.6567522 
831   4.4344840  0.8171839  3.2732680  0.6693805 
832   4.5965624  0.8654552  3.4036732  0.6534980 
833   4.6588745  0.8248345  3.4091690  0.6392085 
834   4.6225057  0.7846742  3.3890245  0.6087105 
835   4.6224060  0.7956460  3.4140589  0.6568610 
836   4.6003027  0.7882889  3.3981733  0.6371527 
837   4.5434532  0.7891357  3.3645847  0.6213731 
838   4.5316401  0.8146021  3.3522518  0.6403773 
839   4.5459571  0.8401133  3.3664529  0.6665469 
840   4.5357571  0.8146114  3.3227777  0.6993294 
841   4.5583444  0.7999719  3.3396976  0.6544922 
842   4.5683365  0.7952968  3.3779030  0.6281713 
843   4.4425225  0.7999573  3.2733388  0.6275372 
844   4.5008149  0.7677447  3.3296585  0.5768889 
845   4.4754353  0.7694324  3.3221598  0.6157348 
846   4.4522710  0.7871215  3.3014286  0.6449737 
847   4.3572083  0.8251674  3.2210710  0.6144108 
848   4.3811202  0.7980026  3.2426367  0.6568351 
849   4.3302512  0.8315936  3.2228842  0.6370871 
850   4.3404689  0.8120696  3.2003710  0.6325100 
851   4.4805551  0.8059821  3.3320663  0.6513486 
852   4.4913163  0.8431408  3.3162379  0.6598530 
853   4.5443082  0.8442079  3.3664017  0.7345820 
854   4.5269890  0.8172259  3.3281457  0.6594425 
855   4.4934721  0.8094503  3.3137298  0.6974744 
856   4.5092258  0.8097378  3.3367851  0.6973938 
857   4.4346590  0.8166555  3.2753577  0.6795313 
858   4.4910121  0.8284317  3.3497798  0.7238923 
859   4.4589906  0.8351401  3.3181233  0.6981208 
860   4.4499884  0.8357660  3.2877471  0.7156559 
861   4.5127149  0.8449749  3.3077483  0.7553613 
862   4.5750933  0.8454686  3.3807352  0.7558216 
863   4.5866780  0.8832999  3.3815470  0.7735449 
864   4.6343641  0.8434405  3.4169967  0.7781015 
865   4.6567249  0.8688537  3.4719090  0.7960855 
866   4.7075586  0.8469468  3.4990056  0.7616234 
867   4.7195253  0.8324658  3.5060172  0.6970161 
868   4.6781144  0.8229715  3.4606090  0.7143817 
869   4.6954756  0.8401013  3.4809248  0.6958036 
870   4.7825880  0.8331437  3.5416322  0.7130786 
871   4.6654854  0.8338932  3.4657586  0.7566773 
872   4.6685581  0.8087691  3.4588912  0.6949287 
873   4.6883316  0.8314137  3.4630151  0.7416526 
874   4.6631212  0.7909537  3.4502358  0.6933515 
875   4.6162872  0.8148029  3.4098561  0.7015723 
876   4.7020679  0.8232769  3.4550130  0.6919010 
877   4.7558308  0.8098420  3.5221500  0.7186661 
878   4.7254305  0.8308654  3.5421863  0.7403491 
879   4.6902065  0.8307641  3.4942138  0.7198710 
880   4.6133528  0.8179915  3.4562678  0.7272170 
881   4.6616497  0.8104796  3.4858718  0.7312872 
882   4.5709801  0.7925378  3.4513819  0.7382258 
883   4.5627661  0.8129478  3.4477115  0.7326303 
884   4.5174179  0.8119392  3.3877666  0.7754200 
885   4.5655651  0.8036677  3.4401801  0.7751295 
886   4.6220803  0.8311988  3.4295547  0.7460261 
887   4.6468177  0.8153699  3.5097589  0.7666607 
888   4.6678433  0.8061075  3.5027883  0.7389465 
889   4.6478252  0.7950583  3.4411464  0.7259548 
890   4.7203712  0.7895183  3.5409977  0.7101786 
891   4.6998501  0.7998860  3.5130992  0.6890167 
892   4.6586442  0.7630899  3.4528868  0.6424957 
893   4.7399454  0.8035177  3.5249200  0.7214949 
894   4.7306027  0.7862535  3.4796290  0.7476973 
895   4.7349253  0.7953647  3.4827802  0.7664936 
896   4.9278111  0.8233699  3.5664563  0.8060321 
897   4.8379216  0.7983652  3.4785085  0.7915422 
898   4.8434520  0.8061098  3.5466690  0.8168694 
899   4.8143601  0.7847295  3.5009224  0.7578828 
900   4.8108997  0.7880486  3.5119479  0.7983082 
901   4.7666445  0.7926878  3.4801528  0.7722180 
902   4.8343797  0.7896872  3.5095668  0.7647550 
903   4.7953887  0.8082406  3.5123293  0.8032497 
904   4.8698545  0.8039516  3.5349834  0.8183634 
905   4.7327595  0.8197728  3.4580944  0.8159216 
906   4.6589041  0.7934631  3.4114807  0.7428713 
907   4.7360172  0.7906302  3.4741788  0.7850823 
908   4.6885438  0.7646105  3.4172423  0.7388470 
909   4.6703210  0.7746633  3.4361444  0.7549462 
910   4.7119122  0.7897471  3.4513488  0.7549482 
911   4.7522893  0.8062104  3.4623640  0.7843527 
912   4.8566751  0.7934393  3.4696767  0.7644860 
913   4.8153496  0.7770681  3.4799342  0.7671154 
914   4.8806791  0.7858093  3.5164442  0.7480356 
915   4.7806687  0.7829528  3.4253407  0.7999738 
916   4.8331413  0.7719135  3.4938979  0.7527310 
917   4.8041906  0.7591455  3.4293325  0.7517359 
918   4.7633419  0.7634888  3.4812000  0.7434360 
919   4.7419882  0.7877465  3.4290476  0.7451612 
920   4.7108212  0.7748983  3.4045796  0.7338532 
921   4.8159232  0.7840167  3.4348850  0.7516029 
922   4.6780229  0.7651542  3.3462574  0.7320630 
923   4.7683740  0.7688563  3.4360664  0.7430232 
924   4.7618680  0.7770295  3.4411426  0.7979893 
925   4.8733563  0.7825519  3.5736139  0.7308029 
926   4.7741442  0.7648641  3.4899013  0.7172191 
927   4.7854881  0.7643346  3.4768407  0.7432237 
928   4.6525254  0.7737929  3.3606219  0.7612724 
929   4.6974649  0.7641309  3.3834033  0.7415283 
930   4.6567593  0.7731354  3.4041100  0.7321947 
931   4.6985788  0.7998316  3.4623070  0.7348737 
932   4.7533345  0.7920377  3.4702766  0.7162764 
933   4.7164445  0.8134252  3.5081313  0.7380610 
934   4.8062162  0.7986549  3.5146794  0.7369984 
935   4.7517147  0.7638526  3.4584615  0.6869258 
936   4.7315354  0.7465341  3.4556551  0.6753228 
937   4.7214017  0.7657258  3.4035714  0.7095897 
938   4.6489930  0.7684693  3.3654041  0.6883438 
939   4.7243495  0.7603155  3.3826149  0.6916052 
940   4.7622719  0.7766261  3.4673641  0.7045666 
941   4.8800712  0.7922326  3.5562434  0.7208028 
942   4.7547040  0.7957349  3.4516389  0.6747853 
943   4.7455297  0.8133235  3.4151647  0.7477421 
944   4.8307509  0.7941985  3.4882333  0.7542547 
945   4.8382726  0.8087904  3.4974344  0.7442706 
946   4.7732587  0.7792261  3.4696720  0.7237689 
947   4.8253975  0.7716821  3.5189118  0.7133306 
948   4.6521826  0.7826191  3.3707271  0.7066552 
949   4.7545061  0.7905411  3.4844255  0.7562434 
950   4.7241797  0.7760908  3.4589934  0.6752926 
951   4.7303095  0.7724034  3.4275997  0.6960778 
952   4.7189422  0.8173299  3.5400739  0.7461976 
953   4.7265592  0.7977808  3.5058899  0.7241060 
954   4.6722641  0.8155437  3.5067463  0.7305178 
955   4.6988301  0.7890802  3.5891230  0.7372304 
956   4.6412673  0.7645896  3.4952998  0.7207493 
957   4.7165084  0.8182079  3.5656579  0.7347466 
958   4.7381039  0.8008350  3.5754476  0.7058854 
959   4.6335254  0.8101683  3.5144341  0.7019581 
960   4.6616554  0.8327243  3.4928024  0.7511503 
961   4.6852069  0.7825959  3.5045354  0.6970886 
962   4.6625896  0.7795352  3.4870634  0.6829189 
963   4.6961875  0.8081954  3.4581869  0.7177967 
964   4.6605749  0.8035077  3.4516046  0.7026778 
965   4.6444535  0.7964120  3.4814937  0.6880208 
966   4.6821785  0.7883117  3.4967184  0.7517925 
967   4.6839662  0.8190965  3.5060573  0.7468649 
968   4.6275702  0.7978937  3.4148624  0.7215287 
969   4.6807990  0.7860536  3.4393854  0.7196879 
970   4.7031465  0.7725323  3.4463100  0.7208692 
971   4.8233643  0.7732586  3.5706265  0.6928442 
972   4.8285856  0.7501380  3.5423751  0.6713501 
973   4.8666482  0.7873785  3.5889432  0.7010522 
974   4.8502326  0.7990759  3.5925045  0.7373246 
975   4.8864155  0.7851035  3.6088953  0.7517145 
976   4.8768463  0.7972602  3.5991104  0.7339246 
977   4.8537335  0.7947392  3.5724072  0.7185186 
978   4.8406353  0.8038707  3.5631142  0.7308046 
979   4.8065524  0.7811618  3.5406470  0.7117806 
980   4.8053255  0.8003929  3.5144930  0.7324064 
981   4.8320756  0.8074588  3.5423245  0.7313846 
982   4.8026171  0.7775902  3.5226014  0.7396149 
983   4.7506700  0.7967947  3.4700992  0.7518237 
984   4.6788573  0.7795515  3.3761232  0.6899522 
985   4.7441239  0.7954699  3.4367895  0.7106388 
986   4.7036672  0.7751691  3.4036193  0.6803390 
987   4.7832408  0.7541075  3.4349346  0.6957827 
988   4.7378540  0.7786991  3.4858935  0.6895462 
989   4.8100009  0.7558306  3.5095849  0.6827357 
990   4.7906075  0.7767811  3.5151565  0.6914279 
991   4.8338799  0.7683616  3.5536442  0.7345495 
992   4.7524362  0.7628235  3.4583859  0.7306926 
993   4.8926916  0.7583019  3.5606990  0.7032120 
994   4.9007797  0.7872540  3.5825469  0.7155063 
995   4.8269730  0.7992510  3.5660608  0.7604467 
996   4.8011642  0.7789620  3.5112259  0.7589312 
997   4.8355689  0.7831374  3.5153594  0.7921383 
998   4.8035321  0.7766118  3.5036674  0.7204052 
999   4.8764768  0.7848328  3.5771267  0.7523340 
1000  4.8142328  0.8001044  3.5069983  0.7355822 
1001  4.8508205  0.7899384  3.5153356  0.7289941 
1002  4.8442316  0.7974029  3.5034635  0.7095949 
1003  4.7954726  0.8027976  3.5116425  0.6753073 
1004  4.8600178  0.7940254  3.5861583  0.7008210 
1005  4.7483592  0.8054410  3.4749076  0.7337155 
1006  4.7827220  0.7950456  3.4983487  0.7009026 
1007  4.7940445  0.8274383  3.5488279  0.7360012 
1008  4.8277121  0.7966551  3.5303304  0.7144909 
1009  4.8902850  0.8257042  3.5741277  0.7233341 
1010  4.8798547  0.8120860  3.5576007  0.7122566 
1011  4.8292294  0.8342236  3.5577667  0.7412674 
1012  4.8013620  0.8349563  3.5529366  0.7087253 
1013  4.7951040  0.8149243  3.5427151  0.7448000 
1014  4.8097668  0.8291260  3.5432835  0.7700093 
1015  4.7840633  0.8037085  3.5461724  0.6882596 
1016  4.7795286  0.8167551  3.5296285  0.6798776 
1017  4.8363099  0.8032438  3.5600202  0.7125195 
1018  4.8974891  0.8303146  3.6049261  0.7492289 
1019  4.8478794  0.8130622  3.5819690  0.7288136 
1020  4.8838539  0.8322842  3.6000254  0.7554986 
1021  4.8236780  0.7839683  3.5243254  0.6901135 
1022  4.8814058  0.7817491  3.5707493  0.6964954 
1023  4.8432546  0.7930237  3.5617030  0.6753702 
1024  4.8993688  0.8055809  3.5892506  0.6823473 
1025  4.8092637  0.8027510  3.5718684  0.6975043 
1026  4.8764033  0.8074543  3.5801182  0.6756747 
1027  4.8435159  0.8048903  3.5537169  0.6511916 
1028  4.7700138  0.7988953  3.4946687  0.7055430 
1029  4.8305697  0.7998144  3.5136988  0.6977526 
1030  4.8066454  0.7866693  3.5367906  0.6930339 
1031  4.8882051  0.8011359  3.5985026  0.7029359 
1032  4.8808889  0.8070657  3.5847156  0.7210147 
1033  4.8393302  0.7839875  3.5278885  0.6823274 
1034  4.9356995  0.7960281  3.6368506  0.6800542 
1035  4.9186158  0.8022132  3.6331449  0.6794221 
1036  4.8704967  0.7919292  3.5387609  0.6554381 
1037  4.8795929  0.7886459  3.5384674  0.6349466 
1038  4.8640332  0.8066837  3.5554690  0.6900516 
1039  4.8752837  0.8133598  3.5988982  0.6689814 
1040  4.8477764  0.7841601  3.6019120  0.6500632 
1041  4.8652091  0.7918168  3.5949135  0.6713566 
1042  4.8492446  0.8210463  3.5787272  0.6779882 
1043  4.7990627  0.7862439  3.5374105  0.6807455 
1044  4.8890505  0.7955567  3.6256363  0.6507026 
1045  4.9665718  0.7853772  3.7054608  0.6336661 
1046  4.9396186  0.8123945  3.6866791  0.7175998 
1047  4.9431686  0.8021681  3.7168696  0.6957480 
1048  4.9675040  0.7909399  3.7070396  0.7099385 
1049  4.9419932  0.7816475  3.6593606  0.6795212 
1050  4.9234138  0.7900596  3.6647828  0.7042437 
1051  4.9092999  0.8013368  3.6040967  0.6856195 
1052  4.9192896  0.8303851  3.6594541  0.7074159 
1053  4.8820496  0.8159395  3.6117311  0.7240512 
1054  4.9089408  0.8179083  3.6495776  0.7042279 
1055  4.8962154  0.7992779  3.6963401  0.6791434 
1056  4.7950087  0.7955483  3.5656328  0.7150356 
1057  4.7694011  0.7649299  3.5506525  0.6689364 
1058  4.7988853  0.7890708  3.5850418  0.7026720 
1059  4.7763128  0.7826380  3.5910177  0.7066187 
1060  4.8013015  0.7813146  3.5739207  0.7267241 
1061  4.7884827  0.7686422  3.5725949  0.7211013 
1062  4.7636242  0.8054075  3.5464723  0.7347676 
1063  4.7562227  0.8052830  3.5482974  0.7463062 
1064  4.7313337  0.8086190  3.5340538  0.7208766 
1065  4.8304086  0.8101764  3.6039457  0.7504004 
1066  4.8362789  0.8046365  3.5909626  0.7336976 
1067  4.7156944  0.7691450  3.4808066  0.6993406 
1068  4.7631450  0.7738041  3.4749632  0.7009446 
1069  4.7748947  0.7639854  3.5240929  0.6847962 
1070  4.8629961  0.7801694  3.5372815  0.7014155 
1071  4.8507476  0.7899758  3.5102456  0.7061386 
1072  4.8125405  0.7876087  3.5010314  0.7168857 
1073  4.8726397  0.7918361  3.5411448  0.7353495 
1074  4.7953305  0.8377239  3.5317137  0.7669955 
1075  4.7473383  0.8219276  3.4951785  0.7412235 
1076  4.7875943  0.8194169  3.5367949  0.7715240 
1077  4.8139153  0.8203007  3.5710249  0.7747815 
1078  4.8600512  0.8140785  3.6088669  0.7640317 
1079  4.8473592  0.8175123  3.6032214  0.7752391 
1080  4.7837853  0.8099555  3.4938285  0.8021540 
1081  4.7454548  0.8182945  3.5449879  0.7783172 
1082  4.7791781  0.7945678  3.5426638  0.7349151 
1083  4.7176757  0.7908307  3.4881923  0.7266185 
1084  4.6757879  0.7797301  3.4301624  0.7111150 
1085  4.5760384  0.7669008  3.3672929  0.7240335 
1086  4.6767116  0.7831483  3.4492137  0.7176818 
1087  4.7220411  0.7930672  3.5283864  0.7718881 
1088  4.6870341  0.8047744  3.4854932  0.7756249 
1089  4.6687312  0.7782204  3.4679916  0.7552637 
1090  4.7647424  0.8037484  3.5573640  0.7311872 
1091  4.7021942  0.8171071  3.5225189  0.7696549 
1092  4.7256880  0.8018395  3.5358000  0.7756366 
1093  4.7403002  0.7946395  3.5776544  0.7636629 
1094  4.7067513  0.7782304  3.5228894  0.7654048 
1095  4.6818509  0.7882602  3.5534859  0.7726814 
1096  4.6823049  0.7946518  3.5423594  0.7690696 
1097  4.6852255  0.8010262  3.5318775  0.7687357 
1098  4.6037664  0.8165598  3.5151873  0.7733707 
1099  4.7145586  0.8305542  3.5836821  0.7703858 
1100  4.6498332  0.8278961  3.5292039  0.7082091 
1101  4.6460400  0.7807837  3.5089638  0.7139538 
1102  4.6241922  0.8093183  3.5013528  0.7531730 
1103  4.6654725  0.8239351  3.5322773  0.7687135 
1104  4.6534734  0.8398169  3.4944770  0.8066571 
1105  4.6279526  0.8212433  3.4790561  0.7706702 
1106  4.7128153  0.8240981  3.5552609  0.7790409 
1107  4.7301292  0.8244697  3.5475562  0.7799318 
1108  4.7232337  0.8383558  3.5638695  0.7718869 
1109  4.6772332  0.8321475  3.5720019  0.7526056 
1110  4.6463156  0.8370427  3.5103147  0.7490387 
1111  4.7264071  0.8377448  3.5919642  0.7402805 
1112  4.7734985  0.8410213  3.5979884  0.7839550 
1113  4.7821879  0.8430232  3.6139998  0.7492604 
1114  4.7714553  0.8323083  3.6088254  0.7521186 
1115  4.8402247  0.8396400  3.6704116  0.7730383 
1116  4.7101064  0.8725798  3.6185462  0.7601600 
1117  4.6718998  0.8585802  3.5392990  0.7485608 
1118  4.7359610  0.8792070  3.5714216  0.7600622 
1119  4.6874475  0.8422502  3.5327690  0.7370538 
1120  4.6742883  0.8374701  3.5154335  0.7378999 
1121  4.7658505  0.8503090  3.5516496  0.7390670 
1122  4.6522079  0.8315326  3.4750650  0.7116457 
1123  4.7480006  0.8606497  3.5916376  0.7082704 
1124  4.6531205  0.8677503  3.5421712  0.7328134 
1125  4.6885729  0.8641831  3.5489421  0.7650251 
1126  4.6849647  0.8518054  3.5109022  0.7145762 
1127  4.6415391  0.8611864  3.4603727  0.7249978 
1128  4.6562743  0.8863016  3.4994426  0.7289270 
1129  4.7541175  0.8947182  3.6103313  0.7152741 
1130  4.7251782  0.8839775  3.5842810  0.7397432 
1131  4.6931334  0.8651923  3.5179768  0.7457913 
1132  4.6846938  0.8879819  3.5082719  0.7176112 
1133  4.6626339  0.8682075  3.5253770  0.7077887 
1134  4.6394262  0.8646988  3.5163841  0.6870334 
1135  4.6333733  0.8691801  3.5340495  0.7252012 
1136  4.6583881  0.8540596  3.5270987  0.7023282 
1137  4.5944381  0.8766129  3.5216634  0.7447611 
1138  4.5779767  0.8528644  3.5008748  0.7408299 
1139  4.6055188  0.8447251  3.5429962  0.7457648 
1140  4.6329451  0.8510361  3.5973771  0.7312542 
1141  4.4928727  0.8276479  3.4184453  0.6865473 
1142  4.5733809  0.8515288  3.5241296  0.7019470 
1143  4.6919618  0.8719215  3.6794169  0.7236271 
1144  4.5822268  0.8619152  3.5635211  0.7641495 
1145  4.5513277  0.8501810  3.5310078  0.7572356 
1146  4.5503588  0.8191858  3.5026176  0.7486587 
1147  4.5646772  0.8231415  3.5183604  0.7399732 
1148  4.6822767  0.8120199  3.6251092  0.7359884 
1149  4.6595144  0.7940271  3.5890396  0.7340425 
1150  4.7016721  0.7947376  3.5847247  0.7088701 
1151  4.7164841  0.7901544  3.6107066  0.7136561 
1152  4.7415562  0.8037131  3.6150827  0.7076622 
1153  4.7394252  0.8092443  3.6328535  0.7144586 
1154  4.6516771  0.8097757  3.5467377  0.7143017 
1155  4.6183119  0.8261387  3.5107281  0.7754415 
1156  4.7237287  0.8526472  3.5908878  0.7500570 
1157  4.6685424  0.8460613  3.5851851  0.7785900 
1158  4.7920899  0.8186404  3.6416340  0.7468084 
1159  4.7769914  0.8085696  3.6213312  0.7356784 
1160  4.8593192  0.8173966  3.7297173  0.6739787 
1161  4.8060894  0.8004364  3.7119482  0.6817366 
1162  4.8942199  0.8215432  3.7876718  0.6984822 
1163  4.8436980  0.7802336  3.7554104  0.6523774 
1164  4.7992358  0.8211067  3.7028849  0.7177810 
1165  4.7973742  0.8547434  3.7609425  0.7367533 
1166  4.7575035  0.8339335  3.7200198  0.7223451 
1167  4.7623034  0.8404400  3.7462678  0.7325926 
1168  4.6516986  0.8438314  3.6571546  0.7451738 
1169  4.8097739  0.8327857  3.7964678  0.7322358 
1170  4.6575484  0.8577380  3.6623836  0.7310448 
1171  4.7095661  0.8548803  3.7303495  0.7128565 
1172  4.8160286  0.8590313  3.8007739  0.6905903 
1173  4.8287373  0.8479891  3.7796762  0.6939408 
1174  4.7963166  0.8473794  3.7571609  0.7406051 
1175  4.7497191  0.8275735  3.6727521  0.7080471 
1176  4.7870083  0.8358525  3.7435603  0.7339832 
1177  4.7749281  0.8468529  3.7613516  0.7076014 
1178  4.8481917  0.8801952  3.7885525  0.7536190 
1179  4.7707515  0.8735684  3.6794899  0.7080344 
1180  4.6541653  0.8974587  3.6116304  0.7140395 
1181  4.7191029  0.8544142  3.6576025  0.7139879 
1182  4.7043462  0.8563645  3.6420000  0.7248704 
1183  4.8485999  0.8911021  3.8086565  0.7804354 
1184  4.8919106  0.8633199  3.8915994  0.7364275 
1185  4.8967476  0.9029398  3.8779621  0.7843773 
1186  4.9659286  0.8735463  3.8598142  0.7236466 
1187  4.9686413  0.8829373  3.8599610  0.7464142 
1188  4.9312844  0.8910346  3.8624167  0.7800202 
1189  4.9602885  0.8848206  3.9067588  0.7758555 
1190  4.9227710  0.8611967  3.8452706  0.7328610 
1191  4.9311347  0.8554200  3.8624213  0.7154898 
1192  4.9098911  0.8700917  3.8297563  0.7562947 
1193  4.8494625  0.8756483  3.8168240  0.7389966 
1194  4.8213682  0.9078854  3.7916248  0.8069763 
1195  4.8527994  0.9191219  3.7300189  0.7899096 
1196  4.8275642  0.8983047  3.7449124  0.7500891 
1197  4.7831850  0.9236895  3.7148261  0.7178088 
