#time, global, repeatA-F, pore, tm38
0     0.0000029  0.0000030  0.0000028  0.0000023 
1     0.6488981  0.1809966  0.3897872  0.0899915 
2     0.8657565  0.2078961  0.5263231  0.0939069 
3     1.2186468  0.2427055  0.7878703  0.1276527 
4     1.3691802  0.2808056  0.8480501  0.1483692 
5     1.4531804  0.2832106  0.8894218  0.1335942 
6     1.6262269  0.2880739  0.9687036  0.1200704 
7     1.7580224  0.3323107  1.0742151  0.1335245 
8     1.8765007  0.3160645  1.1396955  0.1372856 
9     1.9068811  0.3362561  1.1495147  0.1655385 
10    1.9639679  0.3422916  1.2266701  0.1342671 
11    1.9459631  0.3482579  1.2563406  0.1633154 
12    2.1047227  0.3477899  1.3796002  0.1332709 
13    2.1003382  0.3631390  1.3943850  0.1238557 
14    2.0398700  0.3521935  1.3557386  0.1276136 
15    2.1278811  0.3480464  1.3734494  0.1363706 
16    2.0714912  0.3609656  1.3599234  0.1258691 
17    2.2042329  0.3627588  1.4675173  0.1251174 
18    2.2891648  0.3828341  1.4927652  0.1294154 
19    2.2773070  0.3595559  1.4924617  0.1427391 
20    2.2721841  0.3697797  1.4725599  0.1394297 
21    2.2658405  0.3504483  1.4850979  0.1434938 
22    2.1752269  0.3585882  1.4236134  0.1352605 
23    2.2493577  0.3636658  1.4713672  0.1667022 
24    2.3539541  0.3636013  1.5354502  0.1810669 
25    2.3014770  0.3629400  1.5329747  0.1822307 
26    2.3267336  0.3712229  1.5171005  0.1560263 
27    2.3611116  0.3702545  1.5077610  0.1554086 
28    2.4531040  0.3902778  1.5961646  0.1609887 
29    2.3541200  0.3848566  1.5624504  0.1335106 
30    2.3301158  0.3785206  1.5304505  0.1491604 
31    2.4616024  0.4022194  1.6299881  0.1684624 
32    2.4936464  0.4005720  1.6344408  0.1532685 
33    2.4496086  0.3915131  1.6383873  0.1433156 
34    2.4160404  0.4048127  1.5960774  0.1484286 
35    2.5072074  0.4030716  1.6849329  0.1369794 
36    2.6195304  0.4120384  1.7383672  0.1229770 
37    2.6501639  0.4247465  1.8118086  0.1500914 
38    2.6604760  0.4244518  1.7977467  0.1471505 
39    2.6463296  0.4345880  1.7866195  0.1382429 
40    2.5656581  0.4052681  1.7786024  0.1296532 
41    2.7138829  0.4166008  1.8471643  0.1498419 
42    2.6726387  0.4257564  1.7915236  0.1399937 
43    2.6274025  0.4316687  1.7365022  0.1444119 
44    2.6828494  0.4510480  1.7897278  0.1276849 
45    2.6805899  0.4530539  1.8229830  0.1603472 
46    2.6986532  0.4518326  1.8614954  0.1563645 
47    2.6312242  0.4556172  1.8011637  0.1745503 
48    2.7441664  0.4677310  1.8739777  0.1650993 
49    2.7347841  0.4540417  1.7950872  0.1886612 
50    2.7425857  0.4608660  1.8145727  0.1651731 
51    2.7310610  0.4581538  1.8405395  0.1867641 
52    2.8436298  0.4687709  1.8941587  0.1664822 
53    2.7701368  0.4672023  1.8571726  0.1759738 
54    2.7765040  0.4752139  1.9094114  0.1626547 
55    2.7816772  0.4729263  1.9122373  0.2008411 
56    2.8258502  0.4602368  1.9492027  0.1839819 
57    2.8119471  0.4934826  1.9555302  0.1615425 
58    2.7606521  0.5229799  1.9238797  0.2505761 
59    2.8787699  0.5112624  1.9791939  0.2403434 
60    2.8612487  0.5142617  1.9635891  0.2671044 
61    2.8409507  0.5144883  1.9516414  0.2470235 
62    2.8133600  0.5118915  1.8870361  0.2457506 
63    2.8530188  0.5113998  1.9644547  0.2855536 
64    2.9506972  0.5329210  1.9988484  0.2784547 
65    3.0080123  0.5486597  2.0718377  0.2568682 
66    2.9479582  0.5549940  2.0497749  0.2890049 
67    2.9266086  0.5322098  2.0419827  0.2582534 
68    3.0212557  0.5404941  2.0493526  0.2879120 
69    2.9470785  0.5309068  2.0106614  0.2676671 
70    2.9109950  0.5289971  1.9986103  0.2416673 
71    2.9464242  0.5571070  2.0205364  0.2621866 
72    2.9600482  0.5543776  2.0181372  0.2735341 
73    2.9498312  0.5401675  1.9964304  0.2466841 
74    2.9533834  0.5327945  2.0088751  0.2472364 
75    2.9414730  0.5675376  2.0223401  0.2586242 
76    2.9990256  0.5148163  2.0038803  0.2695485 
77    3.0116901  0.5469360  2.0498297  0.2399191 
78    2.9394608  0.5463492  1.9712892  0.2455984 
79    3.0664725  0.5566663  2.0911834  0.2426205 
80    3.0076520  0.5493338  2.0309587  0.2507750 
81    3.0241637  0.5554232  2.0374024  0.2591059 
82    3.0766685  0.5365887  2.0536397  0.2589552 
83    3.1544216  0.5442806  2.1225271  0.2451439 
84    3.0957637  0.5716128  2.0833206  0.2402661 
85    3.0739820  0.5453274  2.0793047  0.2509650 
86    3.0550833  0.5467852  2.1182756  0.2632183 
87    3.1228573  0.5578374  2.1271281  0.2423028 
88    3.0216236  0.5552570  2.0714788  0.2539996 
89    3.0271072  0.5538858  2.0701392  0.2553061 
90    2.9968700  0.5642990  2.0390131  0.2022859 
91    3.0342047  0.5542686  2.0696609  0.2188548 
92    3.1627274  0.5547810  2.1445773  0.2327998 
93    3.1345646  0.5458681  2.1479328  0.2516408 
94    3.1839678  0.5484195  2.1910887  0.2261785 
95    3.1327093  0.5613083  2.1635997  0.2663336 
96    3.1743293  0.5724088  2.1837587  0.2610691 
97    3.1852858  0.5663660  2.1893401  0.2498537 
98    3.1983731  0.5736138  2.1733844  0.2428374 
99    3.1510842  0.5502926  2.1157358  0.2783839 
100   3.0957961  0.5479171  2.0890157  0.2514216 
101   3.1297176  0.5498124  2.1031015  0.2524734 
102   3.1848266  0.5568994  2.1559594  0.2698101 
103   3.1590440  0.5498160  2.1403911  0.2738591 
104   3.0806422  0.5499482  2.1086822  0.2643920 
105   3.1321435  0.5509031  2.1354423  0.2501453 
106   3.1272581  0.5647334  2.1413136  0.2693571 
107   3.1249409  0.5521684  2.1259551  0.2345204 
108   3.1040635  0.5763605  2.1532209  0.2404561 
109   3.1162717  0.5619479  2.1554193  0.2297658 
110   3.2081399  0.5597314  2.1988740  0.2371021 
111   3.2075689  0.5549496  2.1521223  0.2446634 
112   3.2351031  0.5570503  2.1849601  0.2376935 
113   3.3407190  0.5632689  2.2996883  0.2197295 
114   3.2074652  0.5442429  2.1773448  0.2475682 
115   3.2162306  0.5409471  2.1523261  0.2261243 
116   3.1812971  0.5491940  2.1024048  0.2080642 
117   3.2701383  0.5385597  2.2110651  0.2288558 
118   3.2150507  0.5474643  2.1616318  0.2465061 
119   3.1556282  0.5569884  2.1172259  0.2495547 
120   3.2721171  0.5718847  2.2375121  0.2525490 
121   3.2879403  0.5697069  2.2537906  0.2749370 
122   3.2496188  0.5526400  2.2767889  0.2349056 
123   3.2057908  0.5473214  2.2093472  0.2261696 
124   3.1736584  0.5274536  2.1590006  0.2178234 
125   3.2369182  0.5492597  2.2194765  0.2119751 
126   3.1721430  0.5595536  2.1783147  0.2061060 
127   3.1753895  0.5504234  2.2571943  0.2213444 
128   3.2933352  0.5359694  2.3425374  0.2403965 
129   3.2875102  0.5435454  2.3378239  0.2549472 
130   3.3005629  0.5357960  2.3573155  0.2167747 
131   3.2790916  0.5307441  2.3431208  0.2350421 
132   3.2573321  0.5446354  2.3497019  0.2415438 
133   3.2388904  0.5464401  2.3528097  0.2295803 
134   3.2721181  0.5339364  2.3073459  0.2327743 
135   3.3583512  0.5410087  2.3716092  0.2239160 
136   3.2699463  0.5438532  2.3164704  0.2301938 
137   3.3049102  0.5231827  2.3482115  0.2498586 
138   3.3281684  0.5618330  2.3774109  0.2521470 
139   3.3807380  0.5788983  2.4332807  0.2521430 
140   3.2632859  0.5825527  2.3797095  0.2374537 
141   3.2533777  0.5634320  2.3136497  0.2209596 
142   3.2543879  0.5701924  2.3112338  0.2456475 
143   3.2557797  0.5591866  2.3047156  0.2311088 
144   3.2357793  0.5444885  2.2858143  0.2660436 
145   3.3739393  0.5615181  2.3600554  0.2593557 
146   3.2491252  0.5692319  2.2783110  0.2600491 
147   3.3033741  0.5626305  2.3455541  0.2585433 
148   3.3308170  0.5505422  2.3202069  0.2369318 
149   3.3002095  0.5340629  2.3198164  0.2341466 
150   3.2825735  0.5364967  2.2882955  0.2600672 
151   3.3238113  0.5226015  2.2967460  0.2459676 
152   3.3535969  0.5382268  2.3397346  0.2346010 
153   3.2750442  0.5467663  2.3051763  0.2622895 
154   3.2788351  0.5410615  2.2963340  0.2692118 
155   3.3431487  0.5410063  2.3103893  0.2284007 
156   3.3617036  0.5692038  2.3251529  0.2629037 
157   3.3446639  0.5717608  2.2868319  0.2919903 
158   3.3143268  0.5756582  2.2855196  0.3283536 
159   3.3832772  0.5684817  2.3408058  0.2699464 
160   3.4051390  0.5538878  2.3440681  0.2377631 
161   3.3559670  0.5650969  2.3222044  0.3092905 
162   3.3346896  0.5534683  2.2738478  0.2755951 
163   3.2796366  0.5448188  2.2291653  0.2562018 
164   3.3764603  0.5510787  2.3195658  0.2496146 
165   3.3834827  0.5398985  2.3880019  0.2501853 
166   3.4163353  0.5510748  2.4166760  0.2567189 
167   3.3482082  0.5527765  2.3806322  0.2232490 
168   3.3649018  0.5442567  2.3823044  0.2368126 
169   3.3450975  0.5495598  2.3775468  0.2477594 
170   3.3574066  0.5578086  2.3824282  0.2320055 
171   3.3270533  0.5558573  2.3758826  0.2416125 
172   3.2620499  0.5576705  2.3681118  0.2641428 
173   3.3512166  0.5709605  2.4015989  0.2687525 
174   3.3366432  0.5822034  2.4131711  0.2815986 
175   3.3477194  0.5986089  2.4175494  0.2832482 
176   3.3979185  0.6164695  2.4398422  0.2967311 
177   3.4049411  0.6242733  2.4884224  0.3216403 
178   3.3880835  0.6021101  2.4521024  0.3326946 
179   3.3814440  0.6135728  2.4675169  0.2912453 
180   3.4025054  0.6213312  2.4739487  0.2879545 
181   3.3146224  0.6007042  2.3927190  0.3037935 
182   3.3764060  0.6055321  2.4718440  0.2484254 
183   3.4084184  0.6149350  2.4920852  0.2692183 
184   3.4552176  0.6184294  2.5308797  0.2915178 
185   3.4074745  0.6286783  2.4575748  0.3065116 
186   3.3631198  0.6169619  2.4022839  0.2663916 
187   3.3456547  0.5896607  2.3735566  0.2511939 
188   3.3948860  0.5931754  2.3872442  0.2791222 
189   3.3860524  0.6274142  2.4310815  0.2742073 
190   3.3115323  0.6351419  2.3779662  0.2940768 
191   3.3981261  0.6540234  2.4474075  0.2986436 
192   3.4027071  0.6631655  2.4289756  0.3425903 
193   3.3907645  0.6578277  2.4457626  0.3091804 
194   3.4804180  0.6470923  2.4845006  0.3182737 
195   3.4247580  0.6149608  2.4452703  0.3524598 
196   3.3217247  0.6058503  2.3589387  0.3179032 
197   3.3510313  0.6089396  2.3552043  0.3498867 
198   3.3537242  0.5886738  2.3508770  0.3453183 
199   3.4410906  0.6188818  2.4415467  0.3432701 
200   3.4201064  0.6164171  2.3965728  0.3361392 
201   3.3327622  0.5890375  2.3494081  0.3513479 
202   3.3756576  0.5821581  2.3761423  0.3453322 
203   3.5235507  0.6148576  2.4880984  0.2934981 
204   3.3884070  0.5812431  2.4203215  0.3059530 
205   3.4459531  0.5754707  2.4175773  0.3241916 
206   3.4734457  0.5901161  2.4470246  0.3288291 
207   3.4128165  0.5989396  2.4045682  0.3383636 
208   3.3814485  0.5846546  2.4174125  0.3192514 
209   3.4198883  0.5749962  2.4383738  0.3070842 
210   3.4533269  0.5839195  2.4149165  0.2965656 
211   3.5330656  0.6072964  2.4934275  0.2942284 
212   3.5776284  0.6156980  2.4929101  0.2918379 
213   3.5408545  0.6038048  2.4742284  0.2974597 
214   3.4381804  0.5955045  2.3697031  0.3026663 
215   3.4517114  0.6026878  2.4029617  0.2678735 
216   3.5456669  0.5998623  2.4550972  0.2704378 
217   3.5661163  0.5924186  2.4445868  0.3081574 
218   3.6081986  0.5872626  2.4522657  0.3068991 
219   3.6229434  0.6098202  2.5065951  0.3305386 
220   3.6012137  0.6160398  2.5095489  0.3104065 
221   3.6194797  0.6266789  2.4803166  0.2940517 
222   3.5315549  0.6235479  2.4438434  0.3002228 
223   3.6252744  0.6149467  2.5149217  0.2699108 
224   3.5965860  0.6271871  2.4826488  0.2841052 
225   3.5563989  0.6075498  2.4265790  0.3030607 
226   3.5141757  0.6199567  2.4286578  0.3115256 
227   3.5903342  0.6094204  2.4751174  0.3211624 
228   3.6444938  0.6107421  2.4918802  0.3564038 
229   3.4986629  0.5909075  2.3884721  0.3360500 
230   3.5387921  0.6045828  2.4069884  0.3153981 
231   3.4402714  0.5879207  2.3555412  0.2982956 
232   3.4502819  0.5675982  2.3350556  0.2940605 
233   3.4028995  0.5840027  2.3093760  0.3029017 
234   3.4956505  0.5978853  2.4043865  0.3021057 
235   3.3687172  0.5850618  2.3014407  0.3169932 
236   3.4532866  0.5833836  2.3752205  0.3361545 
237   3.4232841  0.5791722  2.3766861  0.2804455 
238   3.4207838  0.5824038  2.3381205  0.2976496 
239   3.4033999  0.5817299  2.3439054  0.2662531 
240   3.4230015  0.5867183  2.3719900  0.2875600 
241   3.4670677  0.5976502  2.3806152  0.2930007 
242   3.4285905  0.6324415  2.3861830  0.3139769 
243   3.4717534  0.6480902  2.4089267  0.2967061 
244   3.4744208  0.6144646  2.3978691  0.3034459 
245   3.5168419  0.6062781  2.4411156  0.2832818 
246   3.4879167  0.5922900  2.4005060  0.2953110 
247   3.5686316  0.6029636  2.4677207  0.2882778 
248   3.4608355  0.5843773  2.4170866  0.2988435 
249   3.4780743  0.5879897  2.3977740  0.2752385 
250   3.3875797  0.5707868  2.3739495  0.2636839 
251   3.4092925  0.5550696  2.3962917  0.2637993 
252   3.4253323  0.5695369  2.3914936  0.2577834 
253   3.4025309  0.5797070  2.3623471  0.2639126 
254   3.4016135  0.5914450  2.3902311  0.2469573 
255   3.4000897  0.5900180  2.3516517  0.3047055 
256   3.4779587  0.5623500  2.4595873  0.2613489 
257   3.4468977  0.6086563  2.4405324  0.2829759 
258   3.3757048  0.5874609  2.3557539  0.3548760 
259   3.3880215  0.5925446  2.4032636  0.3671181 
260   3.4522123  0.5897113  2.4597836  0.3575229 
261   3.4718308  0.5920109  2.4787757  0.4014107 
262   3.4287367  0.6043069  2.4431806  0.3824764 
263   3.4357390  0.5864378  2.4482570  0.3530885 
264   3.4053302  0.5976124  2.4467657  0.3685392 
265   3.3692958  0.6137694  2.4241560  0.4051239 
266   3.3624492  0.6247467  2.4244649  0.4027542 
267   3.4498556  0.6306687  2.4857936  0.4055521 
268   3.4575000  0.6549284  2.4814932  0.4335508 
269   3.4722383  0.6639903  2.5183730  0.4362454 
270   3.4482737  0.6699170  2.5205853  0.4664699 
271   3.4294646  0.6774974  2.5112357  0.4652266 
272   3.4283760  0.6558180  2.5311129  0.4650151 
273   3.4357405  0.6683795  2.5459692  0.4222417 
274   3.3113685  0.6789447  2.4255183  0.4164879 
275   3.3963616  0.6493241  2.4253411  0.4443668 
276   3.2939894  0.6309977  2.3589840  0.4108914 
277   3.4227784  0.6414255  2.4303687  0.4548849 
278   3.5510740  0.6613147  2.5491624  0.4711885 
279   3.4517934  0.6076573  2.4077063  0.4596200 
280   3.4406574  0.6218271  2.4460838  0.4391348 
281   3.3732679  0.6091151  2.3690886  0.3922300 
282   3.4470592  0.5857535  2.4858818  0.3719509 
283   3.4483285  0.5827067  2.4671655  0.4082557 
284   3.4980693  0.5896796  2.5178647  0.4174916 
285   3.4673846  0.6168787  2.4620936  0.3847404 
286   3.4973235  0.5857846  2.4691882  0.4053948 
287   3.4584773  0.5834076  2.4562893  0.4385906 
288   3.3622122  0.5811726  2.3636611  0.3810311 
289   3.4212234  0.5987281  2.4215424  0.4207119 
290   3.4135547  0.6225690  2.3914559  0.4639314 
291   3.4520953  0.5957404  2.4576132  0.4215123 
292   3.4988296  0.6215514  2.4708693  0.4367250 
293   3.5494075  0.6083436  2.5214016  0.4542142 
294   3.5080721  0.5876371  2.4855261  0.4481544 
295   3.5659199  0.6044243  2.5128226  0.4349482 
296   3.4698708  0.6433108  2.4621577  0.4818755 
297   3.6764519  0.6365641  2.6161857  0.4702708 
298   3.6037924  0.6140006  2.5447016  0.4796849 
299   3.6264117  0.6362834  2.5527620  0.4901015 
300   3.5254974  0.6304404  2.4909878  0.4769317 
301   3.4792945  0.6329743  2.4632626  0.4830265 
302   3.5297463  0.6585138  2.5147464  0.4997929 
303   3.5077126  0.6515859  2.4823265  0.4831738 
304   3.6378579  0.6469812  2.5524106  0.5002719 
305   3.5802956  0.6409551  2.5109007  0.4897913 
306   3.5431039  0.6756361  2.4750421  0.5019150 
307   3.5454738  0.6761940  2.5062785  0.5292315 
308   3.5932531  0.6767444  2.5189426  0.5041336 
309   3.6126845  0.6553500  2.5009332  0.5359605 
310   3.6476781  0.6557197  2.5409889  0.5341046 
311   3.6762056  0.6543883  2.5295551  0.5320739 
312   3.6512904  0.6468389  2.5257559  0.5462193 
313   3.6104388  0.6353047  2.5091674  0.5028838 
314   3.6340933  0.6311274  2.5262749  0.4913948 
315   3.6051815  0.6419914  2.5197501  0.4473774 
316   3.6335237  0.6392809  2.5009742  0.5170383 
317   3.7239058  0.6514590  2.5669379  0.5149004 
318   3.7237818  0.6532548  2.5953369  0.5140096 
319   3.7305846  0.6685587  2.6080456  0.5193785 
320   3.6816106  0.6581825  2.5742779  0.5078247 
321   3.6767533  0.6426315  2.5506716  0.5132526 
322   3.6749532  0.6373253  2.5394871  0.5215534 
323   3.5625379  0.6234594  2.4313898  0.5074314 
324   3.5971944  0.6231028  2.4959691  0.5036489 
325   3.5717523  0.6149278  2.4445999  0.4815832 
326   3.6559651  0.6064538  2.5014091  0.4833140 
327   3.7096357  0.6382203  2.5803075  0.5000243 
328   3.7203934  0.6313990  2.5832698  0.4450797 
329   3.7138338  0.6330335  2.5927501  0.5169460 
330   3.6673973  0.6296966  2.5774543  0.5082508 
331   3.6401539  0.6209494  2.5561543  0.5315629 
332   3.7433052  0.6326987  2.6129599  0.5614409 
333   3.7349041  0.6314184  2.6046567  0.5263546 
334   3.7343421  0.6378954  2.5698233  0.5210099 
335   3.6951644  0.6388856  2.5643942  0.5457479 
336   3.6139326  0.6650728  2.5409007  0.5574359 
337   3.6624970  0.6766216  2.5739608  0.5508673 
338   3.7081201  0.6360980  2.5625546  0.5443635 
339   3.7043178  0.6404092  2.6035159  0.5535358 
340   3.7523098  0.6435568  2.6406925  0.6048973 
341   3.8116992  0.6476468  2.6715486  0.5989496 
342   3.6934400  0.6288459  2.5890250  0.5670695 
343   3.7250655  0.6299546  2.6244915  0.6081561 
344   3.6835535  0.6152088  2.5796630  0.6290220 
345   3.6338189  0.6327278  2.5741353  0.6029120 
346   3.6908414  0.6251523  2.6001000  0.5752750 
347   3.6795866  0.6468242  2.5843084  0.5612952 
348   3.6457398  0.6263886  2.5939729  0.5190677 
349   3.7060299  0.6139745  2.5647950  0.5441284 
350   3.6598513  0.5959236  2.5458047  0.5621449 
351   3.6940541  0.6015062  2.5719383  0.5335619 
352   3.8534439  0.6220194  2.6833034  0.5418897 
353   3.7753608  0.6338909  2.6416335  0.5746715 
354   3.6569607  0.6286697  2.6088169  0.5682418 
355   3.5969992  0.6347272  2.5456104  0.5704163 
356   3.6510060  0.6522966  2.5823987  0.5570771 
357   3.6967363  0.6538651  2.6749449  0.5602040 
358   3.7079825  0.6568389  2.6323423  0.5691168 
359   3.6153145  0.6419072  2.5623798  0.5768096 
360   3.7120509  0.6378452  2.6444926  0.5781474 
361   3.7510505  0.6422717  2.6511014  0.6014447 
362   3.6939449  0.6151800  2.5978501  0.6308181 
363   3.6838298  0.6597204  2.6618342  0.6416248 
364   3.7657678  0.6550956  2.7028649  0.6344428 
365   3.7260025  0.6531175  2.7005942  0.6178489 
366   3.6667521  0.6627837  2.6853547  0.6025215 
367   3.7782867  0.6695061  2.7429361  0.6510091 
368   3.6381538  0.6869290  2.6390884  0.6413027 
369   3.6344032  0.6623428  2.6327052  0.6160485 
370   3.6424456  0.6429404  2.6911983  0.5889355 
371   3.6207006  0.6309046  2.6163459  0.5546882 
372   3.6561575  0.6479214  2.6359005  0.5955100 
373   3.5671594  0.6274517  2.5719442  0.5379413 
374   3.5629814  0.6190378  2.5372038  0.5631979 
375   3.6573150  0.6380222  2.5884414  0.5720167 
376   3.6929789  0.6536532  2.6128879  0.6038017 
377   3.7396731  0.6610050  2.6751900  0.5944080 
378   3.7029986  0.6709065  2.6559379  0.6029505 
379   3.7988896  0.6713339  2.7173345  0.6095121 
380   3.7603989  0.6676786  2.7204688  0.5926008 
381   3.7317998  0.6519528  2.6882923  0.5747277 
382   3.7000930  0.6855398  2.6557169  0.6613525 
383   3.6704202  0.6821901  2.6424372  0.6474835 
384   3.6354792  0.6675620  2.5701678  0.6595418 
385   3.7487228  0.6971818  2.6855149  0.6706703 
386   3.7358775  0.6748021  2.6617513  0.6956912 
387   3.7786939  0.6796739  2.7026241  0.6867206 
388   3.8419485  0.6946327  2.7320228  0.7101453 
389   3.7630138  0.6612251  2.6962531  0.7028372 
390   3.7584980  0.7053608  2.6952868  0.6571609 
391   3.8638844  0.6907126  2.7786682  0.6633706 
392   3.7945170  0.7042150  2.7148788  0.6698600 
393   3.7218814  0.7084014  2.6542428  0.6552486 
394   3.7684665  0.7023995  2.7322690  0.6877399 
395   3.7813950  0.7064614  2.7399225  0.6551723 
396   3.7467165  0.7486399  2.7098889  0.7063608 
397   3.8265228  0.7484494  2.7547700  0.6887869 
398   3.8365748  0.7525020  2.7685699  0.6850201 
399   3.9259329  0.7393662  2.8517058  0.6894203 
400   3.8490241  0.7327851  2.8143179  0.6785611 
401   3.7793527  0.7167817  2.7381549  0.7292512 
402   3.7502372  0.7202956  2.7299016  0.6879771 
403   3.8089592  0.7302032  2.7749734  0.7059659 
404   3.7133265  0.7412063  2.6955957  0.7141622 
405   3.7298934  0.7393742  2.7182200  0.7321084 
406   3.8122001  0.7573720  2.7525878  0.7606199 
407   3.8525252  0.7550485  2.7483089  0.7262297 
408   3.7936022  0.7597021  2.7280006  0.7664640 
409   3.7958884  0.7279100  2.6945465  0.7010331 
410   3.7304761  0.7457302  2.6234336  0.7651626 
411   3.6408756  0.7629496  2.5853941  0.7561380 
412   3.6570029  0.7848950  2.6037281  0.7423413 
413   3.7409725  0.7721714  2.7150280  0.7350454 
414   3.6356497  0.7223508  2.6563540  0.7156874 
415   3.7159486  0.7125562  2.6601522  0.6738161 
416   3.7886441  0.7374924  2.6758568  0.6850520 
417   3.8017569  0.7296845  2.6791906  0.7119911 
418   3.8416233  0.7553405  2.7267666  0.7268491 
419   3.8438838  0.7192791  2.7232814  0.7033222 
420   3.8603652  0.7091790  2.7183423  0.7262952 
421   3.8587105  0.7147611  2.7374828  0.7103408 
422   3.8797364  0.7039678  2.7480536  0.7331041 
423   3.8830078  0.7049401  2.7477069  0.6875427 
424   3.9362524  0.7043115  2.7570388  0.6857727 
425   3.8077226  0.7058894  2.6845586  0.7118124 
426   3.8178687  0.7159837  2.7115734  0.7410821 
427   3.8237457  0.7425734  2.7234683  0.7641588 
428   3.8499887  0.7349787  2.6947536  0.7709919 
429   3.9055178  0.7149038  2.7815397  0.7642562 
430   3.7907000  0.7289469  2.7110820  0.7853270 
431   3.8268654  0.7038184  2.7401781  0.7738060 
432   3.7592669  0.7067936  2.7627621  0.7237386 
433   3.7789812  0.7310796  2.7414045  0.7565607 
434   3.7203872  0.7123102  2.7095306  0.7496632 
435   3.8457510  0.7389502  2.8027742  0.7724411 
436   3.8352370  0.7210840  2.7586422  0.7498834 
437   3.8781884  0.7459388  2.7911346  0.7894076 
438   3.8587184  0.7329317  2.7798119  0.7750511 
439   3.8850462  0.7375638  2.8094988  0.7966853 
440   3.8773258  0.7308989  2.7753966  0.8375081 
441   3.8596520  0.7219470  2.8084800  0.7680139 
442   3.8909018  0.7818632  2.8477616  0.7689946 
443   3.9630306  0.7835310  2.8935766  0.7747414 
444   3.9141989  0.7475754  2.8285139  0.7988190 
445   3.8671370  0.7469695  2.8177159  0.8060557 
446   3.9252679  0.7325888  2.8662825  0.7766953 
447   3.9412692  0.7188846  2.8706579  0.7964494 
448   3.8898165  0.7311844  2.8170538  0.7800839 
449   3.9410381  0.7296064  2.8439796  0.7589400 
450   3.9029281  0.7163693  2.8312628  0.7723544 
451   3.8795245  0.7298918  2.8366249  0.7378165 
452   3.8132193  0.6994243  2.7859716  0.7665235 
453   3.7527971  0.7219789  2.7441704  0.7372107 
454   3.7851315  0.7280024  2.7561095  0.7170466 
455   3.6935101  0.7304403  2.6913314  0.7257940 
456   3.6442173  0.7380493  2.6833215  0.7694020 
457   3.6508336  0.7575347  2.6901231  0.7983244 
458   3.7001009  0.7757238  2.7198601  0.7951171 
459   3.7481124  0.7737740  2.7569785  0.7969443 
460   3.7301004  0.7534131  2.7497334  0.7333506 
461   3.8149140  0.7466373  2.7412119  0.6890560 
462   3.8167531  0.7642620  2.7800076  0.7126161 
463   3.7827749  0.7575353  2.7645471  0.7151470 
464   3.7495329  0.7338637  2.7616982  0.7056869 
465   3.7187057  0.7139380  2.7169795  0.6964420 
466   3.6706369  0.7504562  2.6794920  0.7306477 
467   3.6774209  0.7512705  2.6979651  0.6904161 
468   3.7137210  0.7717257  2.7443619  0.7232246 
469   3.7292824  0.7575195  2.7394946  0.6907224 
470   3.7270455  0.7585417  2.7274103  0.7261581 
471   3.7737637  0.7770157  2.7536654  0.7163205 
472   3.6870024  0.7761146  2.6946552  0.7318667 
473   3.6774819  0.7636696  2.6758118  0.7078968 
474   3.6469624  0.7472756  2.6527417  0.7067015 
475   3.6702533  0.7528204  2.6751931  0.7026173 
476   3.6494431  0.7357303  2.6542237  0.7524765 
477   3.5956531  0.7353905  2.6002462  0.7055377 
478   3.6063809  0.7435113  2.6171849  0.7254788 
479   3.6302028  0.7577785  2.6300905  0.7423747 
480   3.6906490  0.7477276  2.6393316  0.7232093 
481   3.6720872  0.7440326  2.6749053  0.7116161 
482   3.5857277  0.7247284  2.5985692  0.7205264 
483   3.6743674  0.7389243  2.6653445  0.7414346 
484   3.7067876  0.7511333  2.7107868  0.6995084 
485   3.6553719  0.7313451  2.6992877  0.7099790 
486   3.7050707  0.7408571  2.7318230  0.6944366 
487   3.7330041  0.7318246  2.7270904  0.7067207 
488   3.8104482  0.7538825  2.7989326  0.7696017 
489   3.7921882  0.7487597  2.7843046  0.7858508 
490   3.8619924  0.7594224  2.8281565  0.7720433 
491   3.9062452  0.7652897  2.8380113  0.8059433 
492   3.7423007  0.7820582  2.7837737  0.7631249 
493   3.8483601  0.7806082  2.8523514  0.7820883 
494   3.6831999  0.7616006  2.7702146  0.7396461 
495   3.8629575  0.7783083  2.8919015  0.7501501 
496   3.8510921  0.7914262  2.9033403  0.7740198 
497   3.8451898  0.7690984  2.9094338  0.7638175 
498   3.7914667  0.7990655  2.8356407  0.7592676 
499   3.7665141  0.7565833  2.7804883  0.7304078 
500   3.7813399  0.7793035  2.8343339  0.7493635 
501   3.7817283  0.7718158  2.8066323  0.7232882 
502   3.8407512  0.7699061  2.8861067  0.7289525 
503   3.8699901  0.8006873  2.8781664  0.7634884 
504   3.9441874  0.7938337  2.9434321  0.7065633 
505   3.8521299  0.7708519  2.8515487  0.7368459 
506   3.8928125  0.8108555  2.9122832  0.7359757 
507   3.8513076  0.7755516  2.8683376  0.7479644 
508   3.8622921  0.7794504  2.8273971  0.7436572 
509   3.9090519  0.7689775  2.9140093  0.7625085 
510   3.9669435  0.7529960  2.9187360  0.7065060 
511   3.9505124  0.7808545  2.9232578  0.7387406 
512   3.8933883  0.7511902  2.8883212  0.7252784 
513   3.8477678  0.7474261  2.8461709  0.6714121 
514   3.8269944  0.7396783  2.8400536  0.6949643 
515   3.8647745  0.7385784  2.8577318  0.6694885 
516   3.8463955  0.7382815  2.7771170  0.7235564 
517   3.7479110  0.7616863  2.7907479  0.7054114 
518   3.7383144  0.7557861  2.7421021  0.7202504 
519   3.7978518  0.7928526  2.7647455  0.7888876 
520   3.8375881  0.8171150  2.8152540  0.7736281 
521   3.8079741  0.8038366  2.7925372  0.7476963 
522   3.8778248  0.8206733  2.8861468  0.7549069 
523   3.7587671  0.8112791  2.8009205  0.7449662 
524   3.7928395  0.7765422  2.8108594  0.7094319 
525   3.8819594  0.7809356  2.9050703  0.7242910 
526   3.8498793  0.7633141  2.8515167  0.7093002 
527   3.8738487  0.7586308  2.8683178  0.7259119 
528   3.8713186  0.7895092  2.8437917  0.7185749 
529   3.8448739  0.7708598  2.8577464  0.7370242 
530   3.9860160  0.7636931  2.9148238  0.7269705 
531   4.0011592  0.7866833  2.9649136  0.7200904 
532   4.0093994  0.7543292  2.9724197  0.7128975 
533   4.0077629  0.7415696  2.9618452  0.7524723 
534   3.9953399  0.7762195  2.9445896  0.7509887 
535   4.0294685  0.7470290  2.9401433  0.7288307 
536   3.9867170  0.7636451  2.9254637  0.7159190 
537   3.9554563  0.7689229  2.9183393  0.7238685 
538   4.0042028  0.7694818  2.9643414  0.7451572 
539   3.9467988  0.7627416  2.9316885  0.7648193 
540   3.9510674  0.7839267  2.9368916  0.7315663 
541   4.0190210  0.7735518  2.9791267  0.7416045 
542   3.9854624  0.7694825  2.9395871  0.7430670 
543   4.0402498  0.7785415  3.0181780  0.7468028 
544   3.9935660  0.7978675  3.0061355  0.7128390 
545   4.0000825  0.8365257  2.9826825  0.7448184 
546   3.8812335  0.7711675  2.8804255  0.7478946 
547   3.8745403  0.7781915  2.8959029  0.7445116 
548   3.9281411  0.7651603  2.9154210  0.7320627 
549   3.9095871  0.7556021  2.9207118  0.7049770 
550   3.9327636  0.7671366  2.9159017  0.7492887 
551   3.9093900  0.7715740  2.9003806  0.7374509 
552   3.8797812  0.7501870  2.8279071  0.7089188 
553   3.8558016  0.7693472  2.8272734  0.6934757 
554   3.9107790  0.7439877  2.9090834  0.6925349 
555   3.9335594  0.7415219  2.9154577  0.6944971 
556   3.8808470  0.7359210  2.8850596  0.6932652 
557   3.8788056  0.7370445  2.8698213  0.6889533 
558   3.9361939  0.7764013  2.9480643  0.6824421 
559   3.8673902  0.7217832  2.8578353  0.6638879 
560   3.9659169  0.7431647  2.9439259  0.6941599 
561   4.0065780  0.7263349  2.9326725  0.6881562 
562   4.0549822  0.7069720  2.9501352  0.6316189 
563   4.0419908  0.7236176  2.9404008  0.6410802 
564   3.9681656  0.7266631  2.9120982  0.7307893 
565   3.9716649  0.7349131  2.9113092  0.7158266 
566   4.0334826  0.7181356  2.9194756  0.6871984 
567   4.0602098  0.7535902  2.9363317  0.7203689 
568   4.0744395  0.7582228  2.9710743  0.7351971 
569   4.0836482  0.7587202  2.9946351  0.7069148 
570   4.0416865  0.7401947  2.9460640  0.7127567 
571   3.9763000  0.7439928  2.8935623  0.7249016 
572   4.0360627  0.7663049  2.9017320  0.7404420 
573   4.0774603  0.7617844  2.9315646  0.7428362 
574   4.1303859  0.7755124  2.9854457  0.7722511 
575   4.2413898  0.7688175  3.0603695  0.7571018 
576   4.2284331  0.7877980  3.0432229  0.7684978 
577   4.2028079  0.7723802  3.0217135  0.7186753 
578   4.1864905  0.7848262  3.0455189  0.7617048 
579   4.1913285  0.7626436  3.0043373  0.7374215 
580   4.1573057  0.7809908  2.9817050  0.6755971 
581   4.1972370  0.8016747  3.0332065  0.7544890 
582   4.2321529  0.7656291  3.0699582  0.7222513 
583   4.2650132  0.7710894  3.0897548  0.6807331 
584   4.3385816  0.7914612  3.1397712  0.6864510 
585   4.1931362  0.7849761  3.0226552  0.7351635 
586   4.1584773  0.7607526  3.0126283  0.7103752 
587   4.1717229  0.7526675  3.0165250  0.6755909 
588   4.2022772  0.7606142  3.0505717  0.7082626 
589   4.3070254  0.7943019  3.1318150  0.7353606 
590   4.2767463  0.7757415  3.1164718  0.7517831 
591   4.2920942  0.7743174  3.1136601  0.7674774 
592   4.2685075  0.7519320  3.1195948  0.6893308 
593   4.2791266  0.7503917  3.1436896  0.7272266 
594   4.2828512  0.7652375  3.0860443  0.7360595 
595   4.2833471  0.7654333  3.1035764  0.7287173 
596   4.2814469  0.7937891  3.1333268  0.7162845 
597   4.2279053  0.8048523  3.0796363  0.7076043 
598   4.2522993  0.7855976  3.1421442  0.7086461 
599   4.1370130  0.7567228  3.0439100  0.7119414 
600   4.0799365  0.7739257  2.9892550  0.7357890 
601   4.1855688  0.7468062  3.0308208  0.7269748 
602   4.2496924  0.7272916  3.0616522  0.7527586 
603   4.2069182  0.7757102  3.0414128  0.7420891 
604   4.2231975  0.8002019  3.0739188  0.7855082 
605   4.2075534  0.7843708  3.0418336  0.7893004 
606   4.2000151  0.7805082  3.0448418  0.7675785 
607   4.1855764  0.7655920  3.0743101  0.7638400 
608   4.1611152  0.7722771  3.0365140  0.7685184 
609   4.1484408  0.7974907  3.0920522  0.8057106 
610   4.1636782  0.7729243  3.0877478  0.7811644 
611   4.1577673  0.7535225  3.1065502  0.7912697 
612   4.1562018  0.7660595  3.0386782  0.7831119 
613   4.1204185  0.7479666  3.0192084  0.7447507 
614   4.0588007  0.7528974  2.9996519  0.8207948 
615   4.1297736  0.7682769  3.0507143  0.7892805 
616   4.1266437  0.7404947  3.0285075  0.7303196 
617   4.1514091  0.7456211  3.0227191  0.7343709 
618   4.0835767  0.7680460  2.9844351  0.7689925 
619   4.1678805  0.7632074  3.0289392  0.7305844 
620   4.2018728  0.7770174  3.0298061  0.7679954 
621   4.2876225  0.8039577  3.1014490  0.8119094 
622   4.2733979  0.7857072  3.0719616  0.7971187 
623   4.3231573  0.7835181  3.1064813  0.8255197 
624   4.2972212  0.7878349  3.1013980  0.8078362 
625   4.3408227  0.7655879  3.1367791  0.7810228 
626   4.2836680  0.7925533  3.0840490  0.7660620 
627   4.2981486  0.7632623  3.0767982  0.7892097 
628   4.3413658  0.7750685  3.1183000  0.7969963 
629   4.3780255  0.7683255  3.1302972  0.7697783 
630   4.2433581  0.7849540  3.0226486  0.8321789 
631   4.2451949  0.7763191  3.0325859  0.8166894 
632   4.2910910  0.7739996  3.0761344  0.7367050 
633   4.2217946  0.7874624  3.0259204  0.7640210 
634   4.1809416  0.7581210  3.0178809  0.7964727 
635   4.1358356  0.7516339  2.9829879  0.7480351 
636   4.1863523  0.7782729  3.0386877  0.7699291 
637   4.2474904  0.7599177  3.0469499  0.7551045 
638   4.2362976  0.7924813  3.0880051  0.7852990 
639   4.2146301  0.7346847  3.0484533  0.7810847 
640   4.2785687  0.7271350  3.0798783  0.7275809 
641   4.2338376  0.7646682  3.0359976  0.7576643 
642   4.1983409  0.7474119  2.9936743  0.7683734 
643   4.2100997  0.7693373  2.9919834  0.7793810 
644   4.2156577  0.7542530  3.0054133  0.7918044 
645   4.3214087  0.7808365  3.0275092  0.8276709 
646   4.2613950  0.7577868  3.0361366  0.8077827 
647   4.2245421  0.7423124  3.0089030  0.7824284 
648   4.1879840  0.7692266  2.9624529  0.8218626 
649   4.1431742  0.7625812  2.9551592  0.7364840 
650   4.1453276  0.7780087  2.9857867  0.7843637 
651   4.1765151  0.7339999  2.9484127  0.7681963 
652   4.2852874  0.7472904  3.0640447  0.7663214 
653   4.2551470  0.7291034  3.0002270  0.7711414 
654   4.2141619  0.7439366  2.9482212  0.7786038 
655   4.1605892  0.7263554  2.9098980  0.7549058 
656   4.2378335  0.7342038  3.0103593  0.7859811 
657   4.2194529  0.7273123  3.0105748  0.8071794 
658   4.3300829  0.7497735  3.1165955  0.7956734 
659   4.3074174  0.7660896  3.0901954  0.7918711 
660   4.2726336  0.7693153  3.0712314  0.7405375 
661   4.2322617  0.7463785  3.0371056  0.7620147 
662   4.1994166  0.7193543  3.0406792  0.7078065 
663   4.1893363  0.7087474  3.0153716  0.6920448 
664   4.1975579  0.7230601  3.0301995  0.7697931 
665   4.2960567  0.7152823  3.0789471  0.8300388 
666   4.2487836  0.7224600  3.0107701  0.8032913 
667   4.1405163  0.7355596  2.9723723  0.8170534 
668   4.1869502  0.7398123  2.9937665  0.8017989 
669   4.1186352  0.6994049  2.9650202  0.7405788 
670   4.1245294  0.7284582  2.9825935  0.7925244 
671   4.1158471  0.7376305  2.9834590  0.7904205 
672   4.1210175  0.7432412  2.9849079  0.8019879 
673   4.1763287  0.7387880  3.0006807  0.8020499 
674   4.1893973  0.7220845  3.0214469  0.7358374 
675   4.1939487  0.7548813  3.0041761  0.7775233 
676   4.1110630  0.7264479  2.9479306  0.7368993 
677   4.1941261  0.7164984  3.0158303  0.7259022 
678   4.3347435  0.7417249  3.1033762  0.7644079 
679   4.2623854  0.6953729  3.0120978  0.6888861 
680   4.2854314  0.7391953  3.0536778  0.7192783 
681   4.2488513  0.7047593  2.9728732  0.7447760 
682   4.3168063  0.7339462  3.0653024  0.7301241 
683   4.3326831  0.7543728  3.0792043  0.7537069 
684   4.3218298  0.7373814  3.0680277  0.7483804 
685   4.3574939  0.7464161  3.0980959  0.7628888 
686   4.3196707  0.7464055  3.0811441  0.7808170 
687   4.3263021  0.7481279  3.0790334  0.7675021 
688   4.1936536  0.7189288  2.9789898  0.7510277 
689   4.3023224  0.7442958  3.0466754  0.7793185 
690   4.3048186  0.7480006  3.0617101  0.7728481 
691   4.2348022  0.7456564  3.0008638  0.7704784 
692   4.2074566  0.7523100  2.9846625  0.7391422 
693   4.2838812  0.7440260  3.0299437  0.7298800 
694   4.3115611  0.7443502  3.0041280  0.7672912 
695   4.2821975  0.7178197  2.9636383  0.7324646 
696   4.3017187  0.7273335  3.0066402  0.7441546 
697   4.2917609  0.7291996  2.9855022  0.7754508 
698   4.2081180  0.7040957  2.9807911  0.7196401 
699   4.2938714  0.7211730  3.0338128  0.7045532 
700   4.1474762  0.7379745  2.9468665  0.7043632 
701   4.2701292  0.7515582  3.0616860  0.7243440 
702   4.1479816  0.7216069  2.9407847  0.7181770 
703   4.1560020  0.7521558  2.9733980  0.7024593 
704   4.2180667  0.7632730  2.9696794  0.7009481 
705   4.2402053  0.7689831  2.9968204  0.7046894 
706   4.1852779  0.7619156  2.9686315  0.6931468 
707   4.2605944  0.7204410  3.0156300  0.6537531 
708   4.3212910  0.7197010  3.0207534  0.6947533 
709   4.3659558  0.7500650  3.0594499  0.7394193 
710   4.3121438  0.7519596  3.0356498  0.7341965 
711   4.3297901  0.7366778  3.0349455  0.7763711 
712   4.3326168  0.7404120  3.0038192  0.7276204 
713   4.2971983  0.7414556  2.9841528  0.7366330 
714   4.3278942  0.7384157  3.0200057  0.7230747 
715   4.4149251  0.7691180  3.1261387  0.7529179 
716   4.3699265  0.7569715  3.0468957  0.7204190 
717   4.3332958  0.7382543  3.0681167  0.7576555 
718   4.3719563  0.7743640  3.1114407  0.7599313 
719   4.4219160  0.7700948  3.1557786  0.7614673 
720   4.3573098  0.8023418  3.0995038  0.7628620 
721   4.3281188  0.7635154  3.0306444  0.7551000 
722   4.4202724  0.7770270  3.0904274  0.7148670 
723   4.4171748  0.8042606  3.0976758  0.7800072 
724   4.4303484  0.8019221  3.1343687  0.7685105 
725   4.4753098  0.7824785  3.1485279  0.7602295 
726   4.4013352  0.7799583  3.0676107  0.7284722 
727   4.4291368  0.8009572  3.0937698  0.7579623 
728   4.4446373  0.8129962  3.1159089  0.7133612 
729   4.3976703  0.7937461  3.0927846  0.7350935 
730   4.3847299  0.8210415  3.0892365  0.7629429 
731   4.3894267  0.7830262  3.0896037  0.7331445 
732   4.3673744  0.7752665  3.0839870  0.7357748 
733   4.3988042  0.7767639  3.0959074  0.7512856 
734   4.3735576  0.7926416  3.1042674  0.7517323 
735   4.3152542  0.8048464  3.1027999  0.7578960 
736   4.4015579  0.8087325  3.1523080  0.7631041 
737   4.3598742  0.7875625  3.0843403  0.7407350 
738   4.3935642  0.7845565  3.0941076  0.7169077 
739   4.4040384  0.7708472  3.0930221  0.7250755 
740   4.4419789  0.8193446  3.1749952  0.7531067 
741   4.4030366  0.7882988  3.1498594  0.7256634 
742   4.3363075  0.7673994  3.0759764  0.7628911 
743   4.2809815  0.7587511  3.0167696  0.7881947 
744   4.2676277  0.7442604  3.0002244  0.7318925 
745   4.1876836  0.7511462  2.9850769  0.7613691 
746   4.1689820  0.7289018  2.9857941  0.7713166 
747   4.1475344  0.7418919  2.9259408  0.7593660 
748   4.2189593  0.7784883  3.0211065  0.8135851 
749   4.2375636  0.7838889  3.0008914  0.7940930 
750   4.2491612  0.7615538  2.9693701  0.7768385 
751   4.3256369  0.8016318  3.0349736  0.8401447 
752   4.2288294  0.7677460  2.9689772  0.8153013 
753   4.2752867  0.7819407  3.0155215  0.8543687 
754   4.1672850  0.7919350  2.9418244  0.8305062 
755   4.2667131  0.8111621  3.0543036  0.8379098 
756   4.2583332  0.7983735  3.0523460  0.8356826 
757   4.2865100  0.8206238  2.9964101  0.8635626 
758   4.1846528  0.8013610  2.9216321  0.8393267 
759   4.0754919  0.7928025  2.8986366  0.8471801 
760   4.1569943  0.7855090  3.0020850  0.8530853 
761   4.2312999  0.7686351  3.0111263  0.8130502 
762   4.2918496  0.7650881  3.0593235  0.8600196 
763   4.2927413  0.7598639  3.0401664  0.8151218 
764   4.3581209  0.8086613  3.1143003  0.8640360 
765   4.3538852  0.8068172  3.0955689  0.8154831 
766   4.2875867  0.7818264  3.0498912  0.8481950 
767   4.4211707  0.8263695  3.1638026  0.8857286 
768   4.3504796  0.7759799  3.0686696  0.8293002 
769   4.3036909  0.7988657  3.0631342  0.8612308 
770   4.3782620  0.7856533  3.1170931  0.8924583 
771   4.3217950  0.7861466  3.0840180  0.8803748 
772   4.2792926  0.8037118  3.0344968  0.8821450 
773   4.3242316  0.8138416  3.0881171  0.9192759 
774   4.2161074  0.7627289  2.9858849  0.8056905 
775   4.2684598  0.8035869  3.0475254  0.8648345 
776   4.2643452  0.7955685  3.0464809  0.8584042 
777   4.3546438  0.7959932  3.0730150  0.8451518 
778   4.2427549  0.7752500  3.0028529  0.8406230 
779   4.2890468  0.7624544  3.0343697  0.8100365 
780   4.4039211  0.7959201  3.1522672  0.8800731 
781   4.3360596  0.7908534  3.0914485  0.8511961 
782   4.2935600  0.7971987  3.0652246  0.8752722 
783   4.2969465  0.7911170  3.0992622  0.8655626 
784   4.2655778  0.7979578  3.0553832  0.8657498 
785   4.2464342  0.8021049  3.0499952  0.9023240 
786   4.3547378  0.8078576  3.0738931  0.8979158 
787   4.3552566  0.8128605  3.0675690  0.9010581 
788   4.3213682  0.8023383  3.1147923  0.9037954 
789   4.2680626  0.7927282  3.0597074  0.9017938 
790   4.2685666  0.7895497  3.0676928  0.8760496 
791   4.2704062  0.8036143  3.0827398  0.9199203 
792   4.2156725  0.7978702  3.0175552  0.9126520 
793   4.2025633  0.7938300  3.0412061  0.9014282 
794   4.1816216  0.8155288  3.0438614  0.8692798 
795   4.2644324  0.8009145  3.0636537  0.8899716 
796   4.2329574  0.8113206  3.0590222  0.9196349 
797   4.2390471  0.8310502  3.0990603  0.9441750 
798   4.1537652  0.7933648  3.0259073  0.8667349 
799   4.2414403  0.7893250  3.0218296  0.8512884 
800   4.2968516  0.7936034  3.0682120  0.8722066 
801   4.3239255  0.8027859  3.1331577  0.8454191 
802   4.2881227  0.8101442  3.0805206  0.8798763 
803   4.2165642  0.7794975  3.0012090  0.8255208 
804   4.2704453  0.8037568  3.0602221  0.8865390 
805   4.3213067  0.8304070  3.1155252  0.9232790 
806   4.3201585  0.8278511  3.0805786  0.9129264 
807   4.2807999  0.7859288  3.0602243  0.8501220 
808   4.3386950  0.8232082  3.1010003  0.8858000 
809   4.2992668  0.8189881  3.0694821  0.8941712 
810   4.3036203  0.8172501  3.0722408  0.8502879 
811   4.3092742  0.8135946  3.0569544  0.8865137 
812   4.2220573  0.8136787  3.0050662  0.8508157 
813   4.2349586  0.8251497  3.0226085  0.8687323 
814   4.2563953  0.8290088  3.0207329  0.9189683 
815   4.2478337  0.8145795  2.9903662  0.8934014 
816   4.2028341  0.8043793  2.9387949  0.8838769 
817   4.1688652  0.8179908  2.9188614  0.8591277 
818   4.1612973  0.8164638  2.9334879  0.8863744 
819   4.1713943  0.8291943  2.9706693  0.8718716 
820   4.1398125  0.8302721  2.9457228  0.8782372 
821   4.1432400  0.8241090  2.9314117  0.8896607 
822   4.1658893  0.8123943  2.9127209  0.8591123 
823   4.2259188  0.8293575  2.9778128  0.8534899 
824   4.2392445  0.8254330  3.0249071  0.9034697 
825   4.2718387  0.8191479  2.9986582  0.8758657 
826   4.2616649  0.8570551  3.0019667  0.9177092 
827   4.2233438  0.8337578  2.9740717  0.8730287 
828   4.1221547  0.8091262  2.8968852  0.8619297 
829   4.1106710  0.7984864  2.8901503  0.8522277 
830   4.1173015  0.8255239  2.9106140  0.8693501 
831   4.0956874  0.8238120  2.9395194  0.9003136 
832   4.1306000  0.8178400  2.9503489  0.8931913 
833   4.2516522  0.8068379  3.0014148  0.8822411 
834   4.2616177  0.8232819  3.0367215  0.9069846 
835   4.1951842  0.8088836  2.9600909  0.8866239 
836   4.2513242  0.8074843  3.0148625  0.8833500 
837   4.1880112  0.8067630  2.9989316  0.8634459 
838   4.2956743  0.8519438  3.0582845  0.9152025 
839   4.3201604  0.8318145  3.0723617  0.9003402 
840   4.2950726  0.8203419  2.9684608  0.8799115 
841   4.2995324  0.8279857  3.0279503  0.9060240 
842   4.2863832  0.8114769  3.0022895  0.8569915 
843   4.3128133  0.8025104  3.0184972  0.8620729 
844   4.2638707  0.8293997  3.0094573  0.8980127 
845   4.1997752  0.8247380  2.9512188  0.8942954 
846   4.2617373  0.8283805  3.0082777  0.8610011 
847   4.3280668  0.8036623  3.0622654  0.8389988 
848   4.2664585  0.8391283  3.0484095  0.8527645 
849   4.3177924  0.8181439  3.0843034  0.8677927 
850   4.2560501  0.8051797  3.0371106  0.8704237 
851   4.2576866  0.8136257  3.0635509  0.8591912 
852   4.2068896  0.8126048  3.0518923  0.8483803 
853   4.2778163  0.8256524  3.0769908  0.8651049 
854   4.1697569  0.8221903  3.0210092  0.8549318 
855   4.1530857  0.8284625  3.0014331  0.8746237 
856   4.1913142  0.7969338  2.9671738  0.8420797 
857   4.2382293  0.8272740  2.9957559  0.8757855 
858   4.2673950  0.8124667  3.0625694  0.8399266 
859   4.2188482  0.8330600  2.9864550  0.8585434 
860   4.2161632  0.8348275  2.9857171  0.8774745 
861   4.2402024  0.8332436  2.9684267  0.8838489 
862   4.1613250  0.8275186  2.9461935  0.8559633 
863   4.0632625  0.8397858  2.9041569  0.8755525 
864   4.0702677  0.8133863  2.8966582  0.8552208 
865   4.0630507  0.8201263  2.8737082  0.8917033 
866   3.9942329  0.7885481  2.8031311  0.8551598 
867   4.0315108  0.7951483  2.8759577  0.8306696 
868   4.0900073  0.7990043  2.9184585  0.8486115 
869   4.1462202  0.8167986  2.9724867  0.8758516 
870   4.1597381  0.8038487  2.9477429  0.8436651 
871   4.1223917  0.7901912  2.9533226  0.8295468 
872   4.2292547  0.8077976  3.0328009  0.8513824 
873   4.2312536  0.8079557  2.9911478  0.8423008 
874   4.2528253  0.8321032  2.9724982  0.9001839 
875   4.2500296  0.8122702  2.9907603  0.8804556 
876   4.2172532  0.8119774  2.9299805  0.8659580 
877   4.2541361  0.8087783  2.9623144  0.8535123 
878   4.2379961  0.7929174  2.9237874  0.8477261 
879   4.2245259  0.7960519  2.9542587  0.8301334 
880   4.1939216  0.8252588  2.9354694  0.8583851 
881   4.2052431  0.8364109  2.9257286  0.8927084 
882   4.1713533  0.8285040  2.8830206  0.8732434 
883   4.1528583  0.8174229  2.8986247  0.8452948 
884   4.1545963  0.8296408  2.9179296  0.9039310 
885   4.0987372  0.8100802  2.8429112  0.8856666 
886   4.0851026  0.8068568  2.8871093  0.8566998 
887   4.0830269  0.8121516  2.8747358  0.8512594 
888   4.2244296  0.8160714  2.9811292  0.8545387 
889   4.1967678  0.8141000  2.9220150  0.8712711 
890   4.1411839  0.8164870  2.8785810  0.9028772 
891   4.2095509  0.7975839  2.9813437  0.8774729 
892   4.1527553  0.7931427  2.9090362  0.8453269 
893   4.1119132  0.8125609  2.8668897  0.8833299 
894   4.0858717  0.8007505  2.8055949  0.8876588 
895   4.1773038  0.7904922  2.9034374  0.8665373 
896   4.1711302  0.8002914  2.9258075  0.8703288 
897   4.0460458  0.7889518  2.8478148  0.8416601 
898   4.0651317  0.8191119  2.8786118  0.8429534 
899   4.1041183  0.7994517  2.9071953  0.8583503 
900   4.0830770  0.8063201  2.9199884  0.8880018 
901   4.1073008  0.7894521  2.9095159  0.8585743 
902   4.1374741  0.8083373  2.9256246  0.8900429 
903   4.1254182  0.8150290  2.9318488  0.9106249 
904   4.1469445  0.8270558  2.9852471  0.9145746 
905   4.2241421  0.8241280  2.9825668  0.8937044 
906   4.1156473  0.8379439  2.9400871  0.9092635 
907   4.1676874  0.8519326  2.9611788  0.9677860 
908   4.1685019  0.8402943  2.9517770  0.9096860 
909   4.1439929  0.8468477  2.9595532  0.9469578 
910   4.1282997  0.8429885  2.9577138  0.9004216 
911   4.1980124  0.8501417  2.9697204  0.9084755 
912   4.1814661  0.8113511  2.9235981  0.8644990 
913   4.1819320  0.8262393  2.9565945  0.8888258 
914   4.1289620  0.8044379  2.9028018  0.9208127 
915   4.0973949  0.8118158  2.8863287  0.8747826 
916   4.0556030  0.7970470  2.8584914  0.8220423 
917   4.0048475  0.8036288  2.8801763  0.8759018 
918   4.0080562  0.8219687  2.9215209  0.8743969 
919   3.8747640  0.7970301  2.7563844  0.8827009 
920   3.9699478  0.7999871  2.8518679  0.9019527 
921   3.9458287  0.8054861  2.8361473  0.8698819 
922   3.9884124  0.8217736  2.8552523  0.9396130 
923   3.9424591  0.8209309  2.8235793  0.8919222 
924   4.0219321  0.8103118  2.8776665  0.8751536 
925   4.0899901  0.8239017  2.9289598  0.8643407 
926   4.0497737  0.8184617  2.8720701  0.8668938 
927   4.0398002  0.8126476  2.9120839  0.8705893 
928   4.0288172  0.8281488  2.8863511  0.8975568 
929   4.0492578  0.8080130  2.8514411  0.8421149 
930   4.0137072  0.8006541  2.8051519  0.8628448 
931   4.0834088  0.8304056  2.9303379  0.9189640 
932   4.0948806  0.8388317  2.9351320  0.9193324 
933   4.0786061  0.7944797  2.9281163  0.8536398 
934   4.1105938  0.8155374  2.9871433  0.8979462 
935   4.0531111  0.7619807  2.9504771  0.8234639 
936   4.0607262  0.7644811  2.9480181  0.8475600 
937   4.0465283  0.7631117  2.8919954  0.8360862 
938   4.1870003  0.8379831  3.0167341  0.8879890 
939   4.1809855  0.8024709  2.9982018  0.9056813 
940   4.1290202  0.7822756  2.9367676  0.8775797 
941   4.1990795  0.8114052  2.9889660  0.9110404 
942   4.1112027  0.7726308  2.9280188  0.8954276 
943   4.0300980  0.7847345  2.8949077  0.8951127 
944   4.1100955  0.7880626  2.9720240  0.8827549 
945   4.0251284  0.7854339  2.9044120  0.8309429 
946   4.1184072  0.7936174  2.9629736  0.8763977 
947   4.1502047  0.7648540  2.9764812  0.8279237 
948   4.0480628  0.7772128  2.9123967  0.8078211 
949   4.0636139  0.7973744  2.9339657  0.8382736 
950   4.1314306  0.8157198  2.9977229  0.8930845 
951   4.0606408  0.7917748  2.9269273  0.8719941 
952   4.0540061  0.8267645  2.9134889  0.9194043 
953   4.0549021  0.8225846  2.9378324  0.8777079 
954   4.0892239  0.8450050  2.9779012  0.9351459 
955   4.0043178  0.8097252  2.9103355  0.8766217 
956   4.0716982  0.8178853  3.0028195  0.9192767 
957   3.9314330  0.8160015  2.8883710  0.9197772 
958   4.0203424  0.8308966  2.9543412  0.8886804 
959   3.9520557  0.8172389  2.8870122  0.9253454 
960   3.9363620  0.8071284  2.9045682  0.8792670 
961   3.9632838  0.8250322  2.8845315  0.8971431 
962   3.9122524  0.7925467  2.8218646  0.8833839 
963   3.9194643  0.8008028  2.8226798  0.8532420 
964   3.8448446  0.7720580  2.8010380  0.8285643 
965   3.9904842  0.7963646  2.9005907  0.8623619 
966   4.0387392  0.8130665  2.9388592  0.8924747 
967   3.9892468  0.7695572  2.8669546  0.8374643 
968   4.1249795  0.8169693  2.9842567  0.8636966 
969   4.0852737  0.8065502  2.9572835  0.8631733 
970   4.0930948  0.8297253  2.9989676  0.8759536 
971   3.9890730  0.8329623  2.8774667  0.8921000 
972   4.0771542  0.8153487  2.9746292  0.8981435 
973   4.0391812  0.7926771  2.9247148  0.8418485 
974   3.8926225  0.7760563  2.8306582  0.7916929 
975   3.9305339  0.7926975  2.8839262  0.8392354 
976   3.8531435  0.7865773  2.8145707  0.8566632 
977   3.8860109  0.7838328  2.7989578  0.8947807 
978   3.9306147  0.8018081  2.8549376  0.8497110 
979   3.8611813  0.8038417  2.8754587  0.9027822 
980   3.9601820  0.8026778  2.9276035  0.9066435 
981   3.9542303  0.8171427  2.9489338  0.9108299 
982   3.9537694  0.8077620  2.8926055  0.8863449 
983   3.9753859  0.8257607  2.9250977  0.9136713 
984   3.9687212  0.8076054  2.9160023  0.9114604 
985   3.9811091  0.8103098  2.9518659  0.8850000 
986   3.9719117  0.8013960  2.9047875  0.8961942 
987   4.0592017  0.7961424  2.9728451  0.8903370 
988   4.0754614  0.8064148  2.9866636  0.9047837 
989   3.9941497  0.7922963  2.9273076  0.8523980 
990   4.0612607  0.7768622  2.9350286  0.8185402 
991   4.0761118  0.8045250  2.9226322  0.8975978 
992   4.1994724  0.8188025  3.0044510  0.9241053 
993   4.1499672  0.8115577  3.0217395  0.9217882 
994   4.1075177  0.8146453  3.0150630  0.9239840 
995   4.1002073  0.8181787  2.9842954  0.8832941 
996   4.1240449  0.8218745  3.0240464  0.8602278 
997   4.1076698  0.7972472  2.9726770  0.8915750 
998   4.1095772  0.7778065  2.9747570  0.8155634 
999   4.0517015  0.7876251  2.9516590  0.8469388 
1000  3.9150920  0.7902144  2.9176025  0.8171207 
1001  3.8981943  0.7699748  2.8885005  0.7949021 
1002  3.9795961  0.7706053  2.9785099  0.8348653 
1003  3.9148672  0.7738289  2.9191256  0.8517257 
1004  4.0016041  0.7892345  3.0101299  0.8220937 
1005  3.9809315  0.7866555  2.9698012  0.8255168 
1006  3.9733663  0.7615595  2.9644117  0.8111092 
1007  3.8523452  0.7506130  2.8461246  0.8152941 
1008  3.8990626  0.7985322  2.9077921  0.8644635 
1009  3.9358623  0.7894594  2.9235759  0.7973109 
1010  4.0069051  0.7980780  2.9851661  0.8510749 
1011  4.0067806  0.7922645  3.0133114  0.8283916 
1012  4.0025921  0.8006594  2.9617844  0.8192044 
1013  3.9035001  0.7866801  2.9126978  0.8116516 
1014  3.8446221  0.7460274  2.8478444  0.7761309 
1015  3.8000593  0.7722002  2.8055966  0.7681403 
1016  3.8347197  0.7603710  2.8435056  0.7594727 
1017  3.7941098  0.7850465  2.8337724  0.7773322 
1018  3.8390169  0.7898356  2.8621423  0.8112423 
1019  3.8516607  0.7874708  2.8699443  0.7907374 
1020  3.8701406  0.7903125  2.8693330  0.8521746 
1021  3.8669500  0.7793616  2.8453922  0.8207847 
1022  3.8884203  0.7612223  2.8609309  0.7611326 
1023  3.8832691  0.8011802  2.8624625  0.8139827 
1024  3.9195614  0.7758217  2.8529286  0.8156531 
1025  3.9379580  0.7986603  2.9127579  0.8365953 
1026  4.0076189  0.7809908  2.9548397  0.8525496 
1027  4.0040517  0.8168451  2.9460628  0.8833058 
1028  4.0739403  0.7869506  2.9797354  0.8301769 
1029  4.1419091  0.7846678  3.0356493  0.8088694 
1030  4.0858998  0.8079997  2.9799280  0.8259997 
1031  4.0742846  0.7901814  3.0125453  0.8398109 
1032  4.0611606  0.7818488  3.0020518  0.7760286 
1033  4.0725965  0.7736304  3.0445819  0.7754697 
1034  4.0323377  0.7733994  3.0113301  0.8055881 
1035  4.0744638  0.7852611  3.0274749  0.7778859 
1036  4.0640955  0.7911904  3.0295777  0.8220681 
1037  4.0288577  0.7850242  2.9722869  0.8378786 
1038  4.0506158  0.7705524  2.9958055  0.8216059 
1039  4.0194769  0.8017614  3.0099268  0.8344949 
1040  3.9861405  0.7943231  2.9949999  0.8367395 
1041  3.9927015  0.7920162  3.0176973  0.7946059 
1042  4.0188336  0.7793204  2.9978027  0.7775608 
1043  3.9621441  0.7823005  2.9322031  0.8092905 
1044  4.0580053  0.8037762  2.9801555  0.8056661 
1045  4.0788527  0.7826446  2.9796228  0.8103957 
1046  4.1136780  0.8016213  3.0498273  0.8310859 
1047  4.1472898  0.7666075  3.0547240  0.7800291 
1048  4.0900192  0.7958752  3.0301332  0.8062575 
1049  4.1009097  0.7945302  3.0142491  0.8011208 
1050  4.1565971  0.8256366  3.1124103  0.8476068 
