#time, global, repeatA-F, pore, tm38
0     0.0000029  0.0000030  0.0000028  0.0000023 
1     0.5420808  0.1677287  0.3124810  0.1109456 
2     0.8811327  0.2006106  0.5323419  0.1291313 
3     1.1127087  0.2180716  0.6495104  0.1479521 
4     1.2828680  0.2632563  0.7500843  0.1632898 
5     1.4000226  0.2757213  0.8304296  0.1570527 
6     1.5786165  0.2915736  0.9993800  0.1921176 
7     1.6371461  0.2960293  1.0028234  0.2041515 
8     1.6424239  0.3175254  1.0078182  0.1845786 
9     1.7806181  0.3087496  1.1030464  0.2010521 
10    1.8592945  0.3231814  1.1688898  0.1782764 
11    1.8832607  0.3206293  1.1871505  0.1790906 
12    1.9450769  0.3376681  1.2149090  0.1821884 
13    2.0136793  0.3340502  1.3225795  0.1894900 
14    2.0959392  0.3529274  1.3712912  0.1946730 
15    2.0459371  0.3389129  1.3654251  0.1806553 
16    2.1296787  0.3347671  1.3993707  0.1938429 
17    2.1163185  0.3641166  1.4357545  0.2141411 
18    2.0571246  0.3694400  1.3998173  0.2544273 
19    2.1533206  0.3701282  1.4657260  0.2284128 
20    2.1917856  0.3644340  1.4845171  0.2130598 
21    2.1849256  0.3706559  1.4919975  0.2090217 
22    2.2816489  0.3747288  1.5705978  0.2007047 
23    2.2857025  0.3658264  1.5782495  0.1900036 
24    2.3403654  0.3616843  1.5766704  0.2018718 
25    2.3748651  0.3811422  1.5994785  0.2091648 
26    2.3888452  0.3807023  1.6165791  0.1973643 
27    2.3254800  0.3824691  1.5515556  0.2123382 
28    2.3836825  0.3912150  1.6253014  0.1904611 
29    2.4539013  0.3975063  1.6526322  0.2853850 
30    2.3899829  0.4068477  1.6401815  0.3008730 
31    2.4297848  0.4053516  1.6596498  0.3068892 
32    2.3569701  0.4123307  1.5984906  0.3155522 
33    2.5205519  0.4216534  1.7575037  0.2454984 
34    2.5712318  0.4108265  1.7445139  0.2619865 
35    2.5608473  0.3984473  1.7459804  0.2387699 
36    2.5585260  0.4052119  1.7580880  0.2550832 
37    2.5854616  0.3952601  1.7833339  0.2221267 
38    2.5936987  0.4219558  1.7605443  0.2474316 
39    2.6627824  0.4435340  1.7939537  0.2656439 
40    2.6857116  0.4376256  1.8153480  0.2416274 
41    2.7254355  0.4586286  1.8343937  0.2756056 
42    2.6965349  0.4366800  1.8424202  0.2937571 
43    2.7294343  0.4446016  1.9103781  0.3227362 
44    2.7535319  0.4281738  1.8848470  0.3291425 
45    2.7292686  0.4219600  1.8834789  0.3258259 
46    2.7437801  0.3989520  1.9187757  0.2783604 
47    2.7161753  0.4196207  1.8788067  0.3150356 
48    2.6892841  0.4105443  1.8604589  0.2985181 
49    2.6922259  0.4065279  1.7941382  0.2970797 
50    2.7525380  0.4267201  1.8875051  0.3179763 
51    2.6924803  0.4251445  1.8295926  0.3106388 
52    2.7485754  0.4252010  1.9083730  0.2945673 
53    2.8074322  0.4530718  1.9318417  0.3096342 
54    2.8911781  0.4166382  1.9795831  0.3276546 
55    2.8124697  0.4352636  1.9552413  0.3335957 
56    2.8016281  0.4597984  1.9507633  0.3868553 
57    2.8255494  0.4408229  1.9595072  0.3727835 
58    2.7394412  0.4517160  1.8988239  0.4124929 
59    2.7840660  0.4557008  1.9262757  0.3580635 
60    2.7699184  0.4517948  1.9255304  0.3278812 
61    2.8535559  0.4464499  1.9967501  0.3530493 
62    2.8872159  0.4457430  2.0538654  0.3732710 
63    2.8412619  0.4552266  2.0357685  0.4074551 
64    2.8177302  0.4856179  2.0367727  0.4338666 
65    2.8641438  0.4735852  2.0571451  0.4114063 
66    2.9019299  0.4586448  2.0798647  0.3920729 
67    2.8261037  0.4596603  2.0020871  0.3615840 
68    2.9145162  0.4565197  2.0650842  0.3347775 
69    2.9224615  0.4410556  2.0373452  0.3464125 
70    2.8174460  0.4422503  1.9715812  0.3347992 
71    2.7695291  0.4430049  1.9601698  0.3983112 
72    2.8027532  0.4520764  2.0189638  0.3790548 
73    2.8542924  0.4654492  2.0450091  0.3625421 
74    2.8253572  0.4582928  1.9845557  0.3917096 
75    2.9234939  0.4689344  2.0734286  0.4048119 
76    2.9080029  0.4688868  2.0457327  0.4139834 
77    2.8570802  0.4590295  2.0328984  0.4049320 
78    2.7886589  0.4623954  2.0012307  0.4222474 
79    2.7194283  0.4412024  1.9344723  0.3734044 
80    2.8356793  0.4722475  2.0068266  0.3740234 
81    2.9242437  0.4759649  2.0576632  0.3694250 
82    2.8607712  0.4617968  1.9948766  0.3655639 
83    2.8636024  0.4659053  2.0304058  0.3938496 
84    2.8182333  0.4600595  2.0386755  0.4103117 
85    2.9095109  0.4620661  2.0951259  0.3778670 
86    2.9348512  0.4521336  2.0819895  0.3809412 
87    2.9064045  0.4527563  2.0780020  0.3780758 
88    2.8833370  0.4674881  2.0620365  0.3763652 
89    2.8396297  0.4578059  2.0596054  0.3636805 
90    2.7873275  0.4315578  1.9822965  0.3441545 
91    2.8002362  0.4459694  2.0168800  0.3597010 
92    2.9164929  0.4534471  2.0765791  0.3774984 
93    2.8926651  0.4514208  2.0483677  0.3798259 
94    2.9208319  0.4638329  2.0456960  0.3947368 
95    2.9144702  0.4369191  2.0589933  0.4119013 
96    2.9205220  0.4292020  2.0543337  0.3499537 
97    3.0114233  0.4676915  2.1402254  0.3967641 
98    3.0309775  0.4503208  2.1682470  0.4118600 
99    2.9594133  0.4478033  2.0859191  0.3975397 
100   2.8963685  0.4731540  2.0425930  0.4132835 
101   2.8855572  0.4570610  2.0438845  0.3808975 
102   2.9157028  0.4578041  2.0567160  0.3838613 
103   2.9285474  0.4568625  2.0497680  0.3228863 
104   3.0381303  0.4592879  2.1774499  0.3598492 
105   3.0283530  0.4475934  2.1857319  0.3293853 
106   3.0733113  0.4487186  2.2524104  0.3933310 
107   3.0515866  0.4535921  2.2331915  0.3671108 
108   3.0430174  0.4532693  2.1848300  0.3570556 
109   3.0715258  0.4507782  2.1761675  0.3896250 
110   3.0440063  0.4644629  2.1541817  0.3567668 
111   3.0132406  0.4546722  2.1713536  0.3639475 
112   3.0322032  0.4490235  2.1709018  0.3761016 
113   3.0840724  0.4362540  2.2279763  0.3803409 
114   3.1218007  0.4527497  2.2433200  0.4164343 
115   3.0605826  0.4504558  2.1732676  0.4042512 
116   3.1370449  0.4463341  2.2577126  0.3655145 
117   3.0853510  0.4543994  2.2336466  0.4129965 
118   3.1184056  0.4556412  2.2959321  0.3810320 
119   3.0527713  0.4697085  2.1657491  0.4047958 
120   3.0842018  0.4562248  2.1861405  0.3519236 
121   3.1477852  0.4783844  2.2642343  0.3558993 
122   3.2202566  0.4798018  2.3180592  0.4012729 
123   3.2344985  0.4753828  2.3643708  0.4129505 
124   3.1604993  0.4919694  2.3336980  0.4199897 
125   3.1767132  0.4850898  2.3340907  0.4228712 
126   3.0858972  0.4750257  2.2544649  0.4108276 
127   3.1294377  0.4868877  2.3160634  0.4137724 
128   3.2260840  0.4959630  2.3826780  0.4340542 
129   3.1663506  0.4837691  2.3028610  0.4236960 
130   3.1536570  0.4806205  2.3096938  0.4338407 
131   3.1195230  0.4704189  2.2248795  0.3954986 
132   3.1402297  0.4868174  2.2664402  0.4128611 
133   3.2062716  0.4897616  2.2956548  0.4130714 
134   3.1974306  0.4985345  2.2992291  0.4533294 
135   3.2430844  0.5085563  2.3284817  0.4203089 
136   3.2418330  0.4981539  2.3467593  0.4377406 
137   3.2789512  0.4768851  2.3857112  0.4372809 
138   3.2913594  0.5090762  2.4352391  0.4521695 
139   3.3494806  0.5098643  2.4391813  0.4707578 
140   3.2684510  0.5117508  2.3914514  0.4667052 
141   3.3247759  0.5182022  2.4124911  0.4572710 
142   3.2588587  0.5303349  2.3420691  0.4921208 
143   3.1956973  0.5154278  2.3060589  0.4490919 
144   3.2056649  0.5171883  2.3371725  0.4307242 
145   3.2542896  0.5271829  2.3536625  0.4504330 
146   3.2831843  0.5034969  2.3746638  0.4717169 
147   3.2816079  0.5137469  2.4075410  0.4668027 
148   3.1429613  0.5004608  2.2505937  0.4572451 
149   3.2425008  0.5302279  2.3703709  0.4685709 
150   3.1927345  0.5388128  2.3530293  0.5020589 
151   3.2663472  0.5236411  2.3845387  0.4298453 
152   3.2513533  0.5297716  2.3543262  0.4354624 
153   3.2405434  0.5333554  2.3541028  0.4666756 
154   3.2824016  0.5358077  2.3550429  0.4896093 
155   3.2876136  0.5466886  2.3969285  0.4651667 
156   3.2974763  0.5726368  2.3955526  0.4880387 
157   3.2423341  0.5945780  2.3522105  0.5094414 
158   3.2566772  0.5926006  2.3723314  0.5057797 
159   3.2824574  0.5958895  2.4387126  0.4928257 
160   3.2495089  0.5947246  2.3662472  0.4973740 
161   3.3071606  0.5853473  2.4300117  0.4932824 
162   3.2569387  0.5876219  2.3555737  0.4815798 
163   3.2463250  0.6213827  2.3841956  0.5544412 
164   3.1733801  0.6066567  2.3158898  0.5276054 
165   3.2786210  0.6046300  2.4230032  0.5081087 
166   3.3195014  0.6061448  2.4575112  0.4947270 
167   3.3524189  0.5878145  2.5092127  0.4941056 
168   3.3583632  0.5937561  2.4846399  0.5389416 
169   3.4494107  0.5947398  2.5473988  0.5335201 
170   3.3913212  0.5740963  2.5367305  0.5159413 
171   3.3980439  0.5805981  2.5022140  0.4951543 
172   3.4042590  0.5832286  2.5248613  0.5242315 
173   3.3964076  0.5882569  2.4861419  0.5070405 
174   3.4312000  0.5943825  2.5423019  0.5358434 
175   3.4120004  0.5900630  2.5642905  0.5143329 
176   3.3828037  0.5976432  2.5605447  0.5450727 
177   3.3741171  0.5957429  2.5303462  0.5294735 
178   3.3059795  0.5895280  2.4703400  0.4840051 
179   3.3071146  0.5977468  2.4704747  0.5009343 
180   3.3000772  0.5595210  2.4451735  0.4841115 
181   3.2916858  0.5661185  2.4240084  0.5092884 
182   3.2638066  0.5533746  2.4383471  0.5030755 
183   3.3075025  0.5537636  2.4739585  0.4966263 
184   3.3497643  0.5624887  2.5229511  0.4988951 
185   3.3772602  0.5666238  2.5149446  0.4990851 
186   3.2601306  0.5503426  2.4291694  0.4761475 
187   3.2613475  0.5652958  2.4251328  0.4907615 
188   3.2676427  0.5510858  2.4409463  0.4940143 
189   3.2345276  0.5533281  2.3932841  0.4708816 
190   3.3293245  0.5378212  2.4651268  0.4728153 
191   3.3252645  0.5586165  2.4314153  0.4838764 
192   3.3074744  0.5651919  2.4221685  0.5287385 
193   3.2159886  0.5876567  2.3976169  0.5087188 
194   3.2480671  0.5597625  2.3864334  0.4943459 
195   3.3297725  0.5752215  2.4586318  0.5199186 
196   3.3582342  0.5512004  2.4774525  0.4854677 
197   3.3652971  0.5595886  2.4322662  0.4970101 
198   3.3983128  0.5589907  2.4626689  0.4710430 
199   3.4173799  0.5585749  2.5369048  0.5112920 
200   3.4184470  0.5617707  2.5171685  0.4853740 
201   3.4089630  0.5660269  2.5809307  0.5038611 
202   3.3741457  0.5670131  2.5144494  0.4963253 
203   3.4626637  0.5749872  2.5958993  0.4968997 
204   3.5760055  0.5732905  2.6099775  0.4865851 
205   3.5128889  0.5689952  2.5684054  0.4735080 
206   3.4276376  0.5626636  2.4963994  0.4700091 
207   3.4225705  0.5774774  2.4960818  0.5372140 
208   3.4160547  0.5929056  2.5049078  0.5239512 
209   3.5282803  0.5854406  2.5992279  0.4956002 
210   3.4878950  0.5750977  2.5243750  0.4916166 
211   3.5450649  0.6010082  2.6536984  0.5342734 
212   3.5695844  0.5634531  2.5749166  0.4620004 
213   3.5799117  0.5687562  2.5992186  0.4774608 
214   3.4911253  0.5645269  2.5278814  0.4698620 
215   3.5272093  0.5804794  2.5450261  0.5167050 
216   3.5623655  0.5742904  2.6617877  0.4765050 
217   3.4978693  0.5885825  2.6127043  0.5186854 
218   3.5447934  0.5649757  2.6262944  0.4837044 
219   3.4434299  0.5608302  2.5478456  0.4885007 
220   3.5234587  0.5513180  2.5848415  0.4405057 
221   3.4944487  0.5558010  2.6247175  0.4827705 
222   3.5602074  0.5617563  2.6831493  0.4830444 
223   3.5484052  0.5741221  2.6372375  0.4955303 
224   3.5786862  0.5769958  2.6575420  0.4837286 
225   3.4840190  0.5888869  2.5679235  0.4525919 
226   3.5070205  0.5432187  2.6180811  0.4388042 
227   3.5283866  0.5799392  2.6234338  0.4637385 
228   3.5630515  0.5778489  2.6846282  0.4383992 
229   3.5879388  0.5707515  2.6973600  0.4508890 
230   3.5647609  0.5691003  2.6544852  0.4690477 
231   3.5605514  0.5825838  2.6542146  0.4719538 
232   3.5866652  0.5730318  2.6513453  0.4585253 
233   3.5042651  0.5609309  2.5790434  0.4585178 
234   3.5896933  0.5510256  2.6465073  0.4598551 
235   3.5831466  0.5659596  2.6539154  0.4850930 
236   3.5653687  0.5712630  2.6553428  0.4996698 
237   3.6227083  0.5731126  2.7325249  0.5037587 
238   3.5659025  0.5622124  2.6373558  0.4655409 
239   3.5763614  0.5744827  2.6625717  0.4697056 
240   3.5620909  0.5793372  2.6458240  0.5039429 
241   3.5465341  0.5665094  2.6322966  0.4706720 
242   3.5313623  0.5860922  2.6314459  0.5371038 
243   3.6395805  0.5731419  2.7098322  0.5468780 
244   3.6647410  0.5644444  2.7496715  0.5025322 
245   3.5783758  0.5538009  2.6938972  0.4891933 
246   3.6261218  0.5690623  2.7403476  0.5219026 
247   3.7010956  0.5846891  2.7488418  0.5141343 
248   3.5908537  0.5653332  2.6583920  0.5129297 
249   3.6402733  0.5810810  2.7056630  0.5053053 
250   3.6755831  0.5627657  2.6881201  0.5173224 
251   3.6201260  0.5744328  2.6694605  0.5383465 
252   3.7370992  0.5652399  2.7673912  0.5284408 
253   3.6758232  0.5767192  2.6941884  0.5422750 
254   3.6341097  0.5768552  2.6608546  0.4838978 
255   3.6681633  0.5728495  2.6820920  0.5045172 
256   3.5988679  0.5676339  2.6654613  0.5066167 
257   3.6421039  0.5538705  2.6977789  0.5191614 
258   3.7160759  0.5734760  2.7411370  0.5063840 
259   3.7144659  0.5561762  2.7211518  0.4993835 
260   3.7083683  0.5536684  2.7418666  0.5151511 
261   3.6459119  0.5594578  2.6837211  0.5213138 
262   3.6554806  0.5777971  2.7040322  0.5110980 
263   3.6868656  0.5749785  2.7369566  0.5138021 
264   3.6034665  0.5716999  2.6531782  0.4868428 
265   3.6162415  0.5565297  2.6466668  0.4603357 
266   3.6293542  0.5568392  2.6650400  0.4603652 
267   3.6007526  0.5499679  2.6506438  0.4464135 
268   3.5486577  0.5577470  2.6075974  0.4503539 
269   3.5526381  0.5837405  2.6422319  0.4655538 
270   3.5610361  0.5638987  2.6386983  0.4624350 
271   3.5344410  0.5671362  2.6631064  0.4823220 
272   3.5080841  0.5404807  2.6827548  0.4554498 
273   3.5606906  0.5488924  2.6785374  0.4673799 
274   3.5603676  0.5506731  2.6851494  0.5101824 
275   3.5253828  0.5700539  2.7052021  0.5167611 
276   3.4546151  0.5463907  2.6090298  0.4452677 
277   3.4745245  0.5603197  2.6812475  0.4901522 
278   3.4586837  0.5544952  2.6911721  0.4468018 
279   3.6315694  0.5688454  2.7938721  0.4578683 
280   3.6095746  0.5554261  2.7690241  0.4557868 
281   3.5627444  0.5496462  2.7383690  0.4306303 
282   3.5899069  0.5551412  2.6991131  0.4765023 
283   3.5692313  0.5677354  2.7113457  0.4461371 
284   3.5386755  0.5760801  2.6924443  0.4477063 
285   3.4788015  0.5568355  2.6354232  0.4282232 
286   3.5474014  0.5738928  2.6909325  0.4200999 
287   3.5831420  0.5946206  2.7418559  0.4704271 
288   3.5167110  0.5718899  2.6789157  0.4198512 
289   3.4799352  0.5721281  2.6580825  0.3869487 
290   3.4827542  0.5721331  2.6401014  0.4112186 
291   3.5317030  0.5925517  2.6890309  0.4100258 
292   3.5395589  0.5932539  2.6659205  0.4246121 
293   3.5429077  0.5859595  2.7025580  0.4087913 
294   3.6024828  0.5899583  2.7429059  0.4102007 
295   3.5276716  0.5832920  2.7006438  0.3995609 
296   3.4460547  0.5841691  2.6318963  0.4249582 
297   3.5190125  0.5782077  2.6735926  0.3957793 
298   3.5894623  0.5896361  2.7506902  0.4263422 
299   3.5445595  0.5797212  2.7184498  0.4178784 
300   3.4700594  0.5759955  2.6651869  0.4398878 
301   3.4936028  0.5682053  2.6750429  0.4206033 
302   3.5721524  0.5984362  2.7530842  0.4374211 
303   3.5656221  0.5685048  2.7083547  0.4210744 
304   3.5973670  0.5774491  2.7155845  0.4227770 
305   3.6530745  0.5880372  2.7847221  0.3968465 
306   3.6013727  0.6020565  2.7341080  0.4172237 
307   3.6024570  0.5815483  2.7522888  0.3739120 
308   3.5016935  0.5966282  2.6688180  0.4237659 
309   3.5121541  0.5861695  2.6857812  0.4070520 
310   3.4534216  0.5941721  2.6591086  0.4189596 
311   3.4980340  0.6144627  2.6652877  0.4394406 
312   3.4551520  0.5742304  2.6353824  0.4188258 
313   3.3779695  0.5712765  2.6029713  0.4269904 
314   3.4487789  0.5804461  2.6861176  0.4245970 
315   3.3768792  0.5975925  2.5996516  0.4454044 
316   3.3646469  0.5847698  2.6369972  0.4460571 
317   3.4009662  0.5846950  2.5894597  0.4334306 
318   3.3605297  0.5956166  2.5781350  0.4357879 
319   3.4048886  0.5819879  2.5861442  0.4378311 
320   3.3512652  0.5913445  2.5569220  0.4581178 
321   3.3577685  0.6007646  2.5736485  0.4351448 
322   3.3216588  0.6009281  2.5561388  0.4329501 
323   3.3141174  0.5861946  2.5410929  0.4118362 
324   3.3939998  0.6224888  2.5946674  0.4114950 
325   3.4229655  0.5971784  2.6054659  0.4417914 
326   3.3788726  0.5965008  2.5984373  0.4409322 
327   3.3598421  0.5654287  2.5573151  0.4289259 
328   3.3637602  0.5798752  2.5810587  0.4465302 
329   3.3082075  0.5891228  2.5519619  0.4396339 
330   3.3482494  0.5812134  2.5668418  0.4315363 
331   3.3972633  0.5828128  2.5942180  0.4444721 
332   3.4297891  0.5733863  2.6194549  0.4352537 
333   3.4550543  0.5771205  2.6133218  0.4772652 
334   3.3798161  0.5838082  2.5728426  0.4682513 
335   3.3756685  0.5887274  2.5365908  0.4201336 
336   3.3924940  0.5623189  2.5882168  0.4406860 
337   3.3825843  0.5772546  2.5865705  0.4333248 
338   3.3192976  0.5819424  2.5899661  0.4173446 
339   3.3772628  0.5856091  2.5883095  0.4260358 
340   3.4364607  0.5785894  2.6347260  0.4290748 
341   3.4304218  0.5829947  2.6097820  0.4242232 
342   3.3628871  0.5777401  2.5854726  0.4311620 
343   3.3497448  0.5892438  2.5416064  0.4386829 
344   3.3943269  0.5726645  2.6076412  0.4363077 
345   3.3949342  0.6019861  2.5892282  0.3932744 
346   3.3663146  0.5968059  2.5818071  0.4200355 
347   3.3922813  0.5858061  2.5711441  0.4271446 
348   3.3718393  0.6004872  2.5470479  0.4231750 
349   3.3988330  0.5868718  2.5805452  0.4202999 
350   3.4462450  0.5954072  2.6280329  0.4354637 
351   3.4698777  0.6016415  2.6311688  0.4464695 
352   3.5101767  0.6155044  2.6158249  0.4564734 
353   3.5663621  0.6211230  2.6796272  0.4728022 
354   3.5240049  0.6157262  2.6294537  0.4313177 
355   3.5103495  0.6143463  2.6269999  0.4267027 
356   3.5118589  0.6405342  2.6251414  0.4467898 
357   3.4976254  0.5828584  2.6091692  0.4326697 
358   3.4340794  0.6231183  2.5470181  0.4651966 
359   3.4081221  0.6123084  2.5398567  0.4688912 
360   3.3642981  0.5946563  2.5130510  0.4256656 
361   3.4700630  0.5731899  2.5755439  0.4409956 
362   3.4202354  0.5772320  2.5636373  0.4397294 
363   3.4501464  0.5655778  2.5706184  0.4362994 
364   3.4679465  0.5974419  2.5905020  0.4562291 
365   3.3829403  0.5909138  2.5185957  0.4678580 
366   3.4284217  0.5834563  2.5789406  0.4811866 
367   3.4440320  0.5991877  2.5771918  0.5113595 
368   3.5280790  0.5832480  2.6537664  0.4892071 
369   3.4649820  0.5650794  2.6128082  0.4534974 
370   3.4321907  0.5583815  2.5888996  0.4711027 
371   3.4512982  0.5781013  2.6062558  0.4836347 
372   3.5201097  0.5619375  2.6870124  0.4475333 
373   3.5428803  0.5733565  2.6804717  0.4572383 
374   3.5792763  0.5574648  2.6963949  0.4364186 
375   3.5424795  0.5768980  2.6865222  0.4556637 
376   3.5530853  0.6066164  2.6916778  0.4800606 
377   3.6164618  0.5849844  2.7459128  0.4412404 
378   3.5738003  0.5670143  2.7186077  0.4074376 
379   3.5525401  0.5824519  2.6906371  0.4295759 
380   3.5515628  0.5654323  2.6888673  0.4521986 
381   3.4915113  0.5504006  2.6731055  0.4891829 
382   3.4203784  0.5678061  2.6187806  0.4277180 
383   3.3652008  0.5693213  2.5549417  0.4639694 
384   3.4534886  0.5616541  2.5974691  0.4674632 
385   3.5323761  0.5668688  2.6629996  0.4824492 
386   3.4407201  0.5630807  2.5986068  0.4623543 
387   3.4462905  0.5806794  2.5876253  0.4840789 
388   3.4687181  0.5940697  2.6192808  0.4807976 
389   3.4889431  0.5745068  2.6032465  0.4284793 
390   3.6037016  0.5806125  2.6807277  0.3915867 
391   3.5312278  0.5777172  2.6354408  0.4250427 
392   3.4874494  0.5850092  2.6243613  0.4651474 
393   3.4613311  0.6100839  2.6070070  0.5087755 
394   3.4215310  0.5859960  2.6280768  0.4831297 
395   3.4580605  0.5896670  2.6184847  0.4686851 
396   3.4546442  0.5855830  2.6369860  0.4901580 
397   3.4021080  0.5851903  2.6126001  0.4963100 
398   3.3999906  0.5930726  2.5862565  0.4850891 
399   3.4689667  0.6017008  2.6191695  0.4904308 
400   3.3891411  0.6081882  2.5688398  0.5427733 
401   3.3965485  0.5732620  2.5637381  0.4801801 
402   3.3862333  0.5793532  2.5468767  0.4595234 
403   3.4251926  0.6029410  2.5909390  0.5022265 
404   3.3408792  0.5893888  2.5113370  0.4769564 
405   3.4724541  0.6108937  2.6531892  0.5060470 
406   3.4272494  0.6178656  2.5820506  0.5121917 
407   3.5527809  0.6226390  2.6713674  0.4795763 
408   3.4128006  0.6264501  2.5872362  0.4901716 
409   3.4979758  0.6053982  2.6333511  0.4701685 
410   3.4702785  0.5997621  2.6280792  0.4488845 
411   3.4396081  0.5973106  2.5771830  0.4867678 
412   3.5392294  0.6113285  2.6625543  0.4932011 
413   3.5067534  0.5898957  2.6192594  0.5030633 
414   3.5844276  0.5999669  2.6917164  0.4944408 
415   3.5424519  0.5932482  2.6563804  0.4944617 
416   3.5076988  0.5831170  2.6396708  0.4718679 
417   3.5421615  0.5785421  2.6913235  0.4879591 
418   3.3893044  0.5909482  2.5507269  0.4872181 
419   3.4680722  0.5781066  2.6644700  0.4404709 
420   3.4860759  0.6085912  2.7032061  0.4958329 
421   3.3751981  0.5965668  2.6087701  0.4785608 
422   3.4139345  0.6006945  2.6483629  0.5264325 
423   3.4494276  0.6139592  2.6672409  0.5280165 
424   3.4988761  0.6001161  2.6435258  0.5179865 
425   3.4925752  0.6134659  2.7066462  0.5703673 
426   3.4303570  0.6035499  2.6504247  0.5418216 
427   3.4384153  0.6404771  2.6315129  0.6043592 
428   3.3939729  0.6116544  2.6216180  0.5483654 
429   3.3944232  0.6127508  2.6469870  0.5229400 
430   3.4653974  0.5923781  2.6623621  0.5682442 
431   3.4677341  0.6147336  2.7091417  0.5553638 
432   3.5044043  0.6156647  2.6900520  0.5468976 
433   3.5375051  0.5955656  2.6953130  0.5396695 
434   3.5559497  0.6068453  2.7217455  0.4794213 
435   3.4858336  0.6075624  2.6571105  0.4986478 
436   3.4948332  0.5969841  2.6805172  0.5437868 
437   3.4138792  0.6007180  2.6092014  0.5063446 
438   3.4164329  0.6094986  2.6158085  0.5423244 
439   3.4163208  0.6099654  2.6257176  0.5731504 
440   3.3441024  0.6188887  2.5466485  0.5437251 
441   3.3445821  0.6407577  2.5028372  0.5472662 
442   3.4190857  0.6563272  2.5788116  0.5659426 
443   3.3099804  0.6670336  2.5133312  0.5590695 
444   3.2701471  0.6623313  2.4908783  0.5567473 
445   3.2377439  0.6702913  2.4890602  0.5599918 
446   3.2248240  0.6490531  2.4596472  0.5324146 
447   3.2501807  0.6741499  2.5165007  0.5439513 
448   3.3195248  0.6754099  2.5503829  0.5726604 
449   3.3362982  0.6711718  2.5413527  0.5844809 
450   3.2761941  0.6741993  2.5222652  0.5664524 
451   3.2858648  0.6705979  2.5218971  0.5743648 
452   3.3125944  0.6589282  2.5711095  0.5457748 
453   3.3466883  0.6782335  2.5588195  0.5623763 
454   3.3259175  0.6574981  2.5524647  0.5244886 
455   3.3774903  0.6679604  2.6022954  0.5646020 
456   3.3635445  0.6650844  2.6043401  0.5360130 
457   3.3667078  0.6716534  2.6064978  0.6017115 
458   3.4197352  0.6743449  2.6625974  0.5416922 
459   3.3834007  0.6705781  2.6190336  0.5935550 
460   3.3797908  0.6658072  2.6254473  0.5736529 
461   3.4689505  0.6699173  2.6932962  0.5820189 
462   3.3663678  0.6527807  2.5904427  0.5888293 
463   3.4215071  0.6473208  2.6574156  0.5930097 
464   3.4179499  0.6608230  2.6218107  0.5476646 
465   3.4896867  0.6634336  2.6688244  0.5975809 
466   3.4387829  0.6528211  2.6468446  0.6063321 
467   3.5242660  0.6344766  2.6980770  0.5821158 
468   3.4890740  0.6550240  2.6811128  0.5734385 
469   3.5729513  0.6570264  2.7695761  0.5761136 
470   3.5968206  0.6488749  2.7895355  0.5730558 
471   3.6839013  0.6595767  2.8210464  0.5853544 
472   3.6416700  0.6716028  2.7850857  0.5809000 
473   3.5905364  0.6694784  2.7235901  0.6042265 
474   3.4915693  0.6563873  2.6897733  0.6075164 
475   3.5626349  0.6596845  2.7357481  0.6285099 
476   3.5252194  0.6674641  2.6655025  0.6582301 
477   3.5167501  0.6799096  2.6841223  0.6774677 
478   3.5665445  0.7049720  2.7602060  0.6918196 
479   3.5359268  0.6761032  2.7428377  0.6527738 
480   3.5438344  0.6832783  2.7409596  0.6745111 
481   3.5751467  0.6729908  2.7611704  0.6917888 
482   3.5911632  0.6718228  2.7557201  0.6715811 
483   3.5273430  0.6668952  2.7105122  0.6499792 
484   3.5843127  0.6595250  2.7333663  0.6177276 
485   3.6185422  0.6766641  2.7494500  0.6848840 
486   3.6227152  0.6719653  2.7590101  0.7039280 
487   3.5825660  0.6576951  2.7280784  0.6855307 
488   3.5952501  0.6668812  2.7192936  0.7038106 
489   3.5599883  0.6600598  2.6849415  0.6543046 
490   3.5823157  0.6862500  2.7252216  0.6855933 
491   3.6665063  0.6833089  2.7778621  0.7045773 
492   3.6253877  0.6700003  2.6916039  0.6415521 
493   3.5522580  0.6662856  2.6344800  0.6251165 
494   3.6212978  0.6725457  2.7244921  0.6402873 
495   3.5703886  0.6657838  2.6518948  0.6383885 
496   3.5405588  0.6794225  2.6830082  0.6283230 
497   3.4864194  0.6726686  2.6164901  0.6141616 
498   3.5569932  0.6869225  2.6725254  0.6165468 
499   3.6277432  0.7305493  2.7635598  0.6712791 
500   3.6078253  0.6949757  2.7265508  0.6207420 
501   3.6128335  0.7004364  2.7580545  0.6394342 
502   3.6289980  0.7145110  2.7686141  0.6278387 
503   3.6915138  0.7045385  2.7996390  0.6249568 
504   3.7346642  0.6969661  2.7843459  0.6067303 
505   3.6259558  0.6893771  2.7511153  0.6029637 
506   3.6224582  0.6958740  2.7406430  0.5990275 
507   3.7063687  0.7062104  2.8511922  0.6097202 
508   3.6181312  0.7191992  2.7349539  0.6214371 
509   3.6474102  0.6971916  2.7684813  0.6172521 
510   3.5869756  0.7109581  2.7086010  0.6289542 
511   3.5365412  0.6993616  2.7030630  0.6077644 
512   3.6525817  0.6989684  2.8162251  0.6148635 
513   3.5963774  0.7003827  2.7360716  0.6258727 
514   3.5812917  0.6998185  2.7055967  0.6321335 
515   3.6303318  0.7133326  2.7627091  0.6642608 
516   3.5864878  0.6846617  2.7526889  0.6500852 
517   3.6256998  0.6738356  2.8381736  0.6312288 
518   3.6201527  0.6652784  2.8105481  0.6045375 
519   3.5823944  0.6717392  2.8106763  0.6243644 
520   3.5497773  0.6709245  2.7622001  0.6323422 
521   3.6133995  0.6880476  2.7995796  0.5990255 
522   3.6815372  0.6956683  2.8449080  0.6365085 
523   3.5999031  0.6900639  2.7834253  0.6426014 
524   3.6274319  0.6886621  2.7665305  0.6406668 
525   3.6152284  0.7131187  2.7730386  0.6753865 
526   3.5915260  0.7164065  2.7616148  0.6855153 
527   3.5390856  0.7091555  2.6993906  0.6772471 
528   3.5356023  0.7067717  2.6823101  0.6983208 
529   3.4525156  0.7131413  2.6407468  0.6837938 
530   3.5055597  0.7234339  2.6817162  0.6730022 
531   3.5364478  0.7158904  2.7441766  0.6493521 
532   3.4855168  0.7231789  2.7226286  0.6764907 
533   3.4831247  0.7021560  2.7161171  0.6193820 
534   3.3989744  0.7095250  2.6088767  0.6819173 
535   3.4907889  0.7084482  2.6901600  0.6644464 
536   3.5719237  0.7030368  2.7614417  0.6514462 
537   3.5941997  0.7271300  2.7757509  0.6729281 
538   3.6163833  0.7246270  2.8006716  0.6369650 
539   3.6113927  0.7141332  2.7701309  0.6290262 
540   3.6396039  0.7332828  2.8078756  0.6620635 
541   3.6439929  0.7434095  2.8294170  0.6360728 
542   3.6222878  0.7338064  2.7861073  0.6320546 
543   3.6443939  0.7344894  2.8270800  0.6160467 
544   3.6382015  0.7193912  2.7845244  0.6414063 
545   3.6361573  0.7384108  2.8174269  0.6865984 
546   3.6910369  0.7407017  2.8844857  0.6637827 
547   3.6458275  0.7453002  2.8518977  0.6710736 
548   3.7497013  0.7194632  2.9091253  0.6420142 
549   3.6925015  0.7117208  2.8373158  0.6560743 
550   3.6392014  0.7367811  2.8391085  0.6794899 
551   3.6924295  0.7243052  2.8632240  0.6585215 
552   3.7613626  0.7247142  2.9176173  0.6601071 
553   3.7216432  0.7341790  2.8543062  0.6338620 
554   3.7188785  0.7168410  2.8287284  0.6343575 
555   3.7443395  0.7211663  2.8779116  0.6741549 
556   3.7188525  0.7324663  2.8208187  0.6606447 
557   3.6892262  0.7255701  2.8005519  0.6666663 
558   3.7224531  0.7252077  2.8408279  0.6780347 
559   3.7169111  0.7011331  2.7906957  0.6119912 
560   3.7074473  0.7085930  2.7818091  0.6598254 
561   3.7281132  0.7210947  2.8588941  0.6356412 
562   3.7915280  0.7167686  2.8873641  0.6011643 
563   3.8132756  0.7329589  2.8920307  0.6346127 
564   3.7525887  0.7190074  2.9147124  0.6059024 
565   3.7766881  0.7095417  2.9171181  0.6050398 
566   3.8708646  0.7512025  2.9727550  0.6152182 
567   3.8692639  0.7272440  2.9836409  0.5919325 
568   3.8015146  0.7126185  2.8801229  0.5870779 
569   3.8660536  0.7152565  2.9111342  0.5913342 
570   3.8937130  0.7319866  2.9329188  0.5881965 
571   3.8854084  0.7195287  2.9077797  0.5768681 
572   3.8946474  0.7417001  2.9503074  0.6120794 
573   3.8902955  0.7381661  2.9354692  0.5881594 
574   3.8798356  0.7356941  2.8949404  0.6096568 
575   3.9659677  0.7462375  2.9511530  0.6074394 
576   3.9572599  0.7316935  3.0279036  0.5995654 
577   3.8604476  0.7256650  2.8976643  0.5935273 
578   3.8742139  0.7270918  2.9018650  0.5946262 
579   3.9053571  0.7385380  2.9361086  0.5863003 
580   3.8380589  0.7273683  2.8486903  0.5618463 
581   3.8988457  0.7012678  2.9042144  0.6106309 
582   3.8975687  0.7139201  2.9468646  0.6034416 
583   3.9445486  0.7456331  2.9667313  0.6394673 
584   4.0141516  0.7274313  3.0396218  0.6206050 
585   4.0139980  0.7703742  2.9996309  0.6167648 
586   4.0344114  0.7210639  2.9642849  0.5779937 
587   4.1017165  0.7446919  3.0213001  0.6008095 
588   4.0277624  0.7574832  2.9546134  0.5859733 
589   4.0297661  0.7533050  2.9757133  0.6035855 
590   3.9479737  0.7268972  2.8664103  0.6028126 
591   3.9420805  0.7203652  2.8988798  0.5839528 
592   3.9870281  0.7337201  2.9063766  0.6055541 
593   4.0091853  0.7149230  2.9089842  0.5659788 
594   3.9121492  0.7114447  2.8433647  0.5443102 
595   3.9363210  0.6978361  2.9044716  0.5445448 
596   3.8816681  0.7162650  2.8547766  0.6038473 
597   3.9772582  0.7041444  2.9103644  0.5518354 
598   3.8904374  0.7478780  2.8413746  0.6148263 
599   3.9245448  0.7093846  2.8466341  0.5893360 
600   3.9392540  0.7106779  2.8356719  0.5753252 
601   3.9618847  0.7329399  2.8618934  0.5933412 
602   3.9776738  0.6980336  2.8731492  0.5367348 
603   4.0233727  0.7236559  2.9174001  0.5665164 
604   4.0583239  0.7358733  2.9403026  0.5839489 
605   4.0528479  0.7606918  2.9193144  0.5929377 
606   4.1209488  0.7754005  2.9712255  0.6051710 
607   4.0679936  0.7860469  3.0051289  0.6181179 
608   4.0337648  0.7735083  2.9701419  0.6071845 
609   4.1159258  0.7804692  3.0292151  0.6227700 
610   4.0991454  0.7767389  3.0080125  0.6521614 
611   4.1075978  0.7694507  3.0235152  0.6306201 
612   4.1212349  0.7957700  3.0457501  0.6513751 
613   4.0790453  0.7691740  2.9837680  0.6266558 
614   4.1391764  0.7900940  3.0248060  0.6375067 
615   4.1141930  0.7342556  3.0213366  0.5795022 
616   4.0024009  0.7423260  2.8934512  0.5837440 
617   3.9989295  0.7875421  2.9425750  0.6142725 
618   4.0333505  0.7823557  2.9026918  0.6079721 
619   4.0264158  0.7543698  2.9194903  0.6114909 
620   4.0188236  0.7832115  2.9535880  0.6361826 
621   4.0645924  0.7533992  2.9550889  0.6129378 
622   4.0613565  0.7692550  2.9412079  0.6495728 
623   4.0843167  0.7527857  2.9239361  0.6360217 
624   4.1145978  0.7724106  2.9340053  0.6263981 
625   4.1112413  0.7893362  2.9565797  0.6440695 
626   4.0074749  0.7327548  2.8887982  0.5792803 
627   4.0021720  0.7512690  2.8790004  0.6221588 
628   4.0654197  0.7336650  2.9331484  0.5679967 
629   4.0257716  0.7499033  2.9263613  0.6018050 
630   4.0946116  0.7898153  2.9456367  0.6393517 
631   4.0470061  0.7820528  2.9099960  0.6583024 
632   4.0812392  0.7743169  2.9094024  0.6497446 
633   4.0621772  0.7666932  2.8285861  0.6195935 
634   4.2004628  0.7697805  2.9472158  0.6551490 
635   4.0888681  0.7874549  2.9217041  0.6399049 
636   4.1490483  0.7937167  2.9615510  0.6401809 
637   4.1018467  0.8024905  2.9575021  0.6138075 
638   4.0731349  0.7669393  2.9793751  0.6236416 
639   4.1298709  0.8085426  3.0017858  0.6530192 
640   4.1479836  0.7952528  3.0431118  0.6167758 
641   4.0594578  0.8158267  2.9594607  0.6197382 
642   4.1033111  0.7745720  2.9778869  0.6053637 
643   4.0969248  0.7853845  2.9918740  0.6404078 
644   4.0142236  0.8036262  2.8802662  0.6107171 
645   3.9765732  0.7746712  2.8633430  0.5940689 
646   4.0005722  0.7624358  2.9053614  0.5644365 
647   4.0973597  0.7638627  3.0012486  0.6242088 
648   4.0836802  0.7724348  2.9693718  0.6281489 
649   4.0854306  0.7748692  2.9948072  0.6197072 
650   4.0213637  0.7555420  2.8998570  0.6171225 
651   4.0737414  0.7264831  2.9700494  0.6344529 
652   4.0963006  0.7879351  2.9787526  0.6419885 
653   4.1922183  0.7665483  3.0604939  0.6181058 
654   4.1755233  0.7878870  3.0380356  0.6817909 
655   4.2759109  0.7527467  3.0728562  0.6175027 
656   4.2219214  0.7756606  3.0316403  0.6147845 
657   4.1564441  0.7946141  2.9894452  0.6547362 
658   4.1537399  0.7946516  3.0136752  0.6160713 
659   4.1364822  0.7857735  2.9394994  0.6318353 
660   4.1696739  0.7541412  2.9808207  0.6441073 
661   4.1311698  0.7415507  2.9515514  0.6038024 
662   4.0220385  0.7557254  2.8980706  0.6491587 
663   4.1050663  0.7521837  2.9499490  0.6256887 
664   4.1498251  0.7844742  3.0056434  0.6509223 
665   4.0884542  0.7791286  2.9975359  0.6583978 
666   4.1009235  0.7812425  2.9915380  0.6595438 
667   4.0936103  0.7871618  2.9703646  0.6711080 
668   4.1896205  0.7413042  3.0271528  0.6328868 
669   4.1175413  0.7470611  2.9672208  0.6289528 
670   4.1162925  0.7457454  2.9717128  0.6080461 
671   4.1470823  0.7651247  2.9461238  0.6156672 
672   4.1910672  0.7805744  2.9894631  0.6796892 
673   4.2424865  0.7925726  3.0635281  0.6743412 
674   4.2599273  0.7669799  3.0577583  0.6599547 
675   4.1973138  0.7921942  3.0216761  0.7104003 
676   4.1777539  0.7878587  2.9984355  0.6856167 
677   4.2201920  0.7882469  3.0091505  0.6896725 
678   4.1220274  0.7490385  2.9755766  0.6585481 
679   4.1174984  0.7767409  2.9771593  0.6550725 
680   4.1975217  0.7662357  3.0331485  0.6714132 
681   4.1843858  0.7652565  3.0062444  0.7083517 
682   4.2564483  0.7646950  3.0541518  0.6803605 
683   4.2367735  0.7474866  3.0193954  0.6426440 
684   4.1970577  0.7568780  2.9790392  0.6365595 
685   4.2589788  0.7552299  2.9801702  0.6712421 
686   4.1989231  0.7632268  2.9382243  0.6749263 
687   4.2392864  0.7749724  2.9590871  0.6752306 
688   4.2268853  0.7426693  2.9847438  0.6475260 
689   4.2130079  0.7695717  2.9917529  0.6429467 
690   4.2345986  0.7291808  3.0219703  0.6498626 
691   4.1669250  0.7272656  2.9386604  0.6302660 
692   4.2322364  0.7329434  3.0436716  0.6244097 
693   4.1775541  0.7367833  2.9999392  0.6173598 
694   4.2328286  0.7651016  3.0195749  0.6734568 
695   4.2741618  0.7352296  3.0613439  0.6605417 
696   4.1431980  0.7295813  2.9671226  0.6328460 
697   4.1416769  0.7145400  2.9529529  0.6280924 
698   4.2223420  0.7235294  3.0241125  0.6202177 
699   4.1909432  0.7317494  3.0187724  0.6071597 
700   4.2027783  0.7396938  3.0477676  0.6378949 
701   4.3317499  0.7522013  3.1051059  0.6260670 
702   4.3455014  0.7265129  3.1158826  0.6451017 
703   4.3619509  0.7327465  3.1292002  0.6605920 
704   4.2957325  0.7485980  3.0810187  0.6526309 
705   4.3138175  0.7691950  3.1026845  0.6291611 
706   4.3784056  0.7579629  3.1437416  0.6582317 
707   4.3649197  0.7756574  3.1898730  0.6887344 
708   4.4126625  0.7898905  3.1879449  0.6947951 
709   4.3613043  0.7752639  3.1766357  0.6654921 
710   4.3569717  0.7737007  3.1236422  0.6669241 
711   4.3282638  0.7760564  3.1022353  0.6588959 
712   4.2930460  0.7886735  3.0780973  0.6785785 
713   4.3852520  0.7606727  3.1433694  0.6691794 
714   4.2664690  0.7302493  3.0879374  0.7032346 
715   4.2796311  0.7501124  3.1178350  0.7077451 
716   4.2897758  0.7583461  3.1325934  0.6978087 
717   4.2362504  0.7486156  3.1122792  0.6959360 
718   4.2848148  0.7690130  3.1686707  0.7218922 
719   4.1852193  0.7813986  3.0885997  0.7197824 
720   4.2186289  0.7553576  3.1010845  0.6653055 
721   4.2332072  0.7820014  3.1155667  0.7090628 
722   4.1790128  0.7526198  3.1012106  0.6917408 
723   4.0896792  0.7515568  3.0376406  0.6807159 
724   4.1394134  0.7608564  3.0801971  0.6973460 
725   4.2046571  0.7561268  3.1245465  0.6826710 
726   4.1630983  0.7566043  3.0791821  0.6582201 
727   4.2283659  0.7728978  3.1405880  0.6872950 
728   4.2075281  0.7709833  3.1153004  0.6383819 
729   4.1344991  0.7525937  3.0708332  0.6556373 
730   4.0751972  0.7721863  3.0200055  0.6615307 
731   4.0893130  0.7588078  3.0589242  0.6439256 
732   3.9979832  0.7507816  2.9784384  0.6652783 
733   4.1151924  0.7705165  3.0552447  0.6390636 
734   4.0567174  0.7731656  3.0099671  0.7007696 
735   4.0992537  0.7545025  3.0252466  0.6847550 
736   4.0403452  0.7411881  2.9928508  0.6484319 
737   4.1528740  0.7636430  3.0483809  0.6238792 
738   4.1338639  0.7380823  3.0688019  0.6674976 
739   4.1293616  0.7287493  3.0935400  0.5869280 
740   4.0751657  0.7355189  3.0546553  0.6497084 
741   4.0147567  0.7404178  2.9787400  0.5929887 
742   4.0021448  0.7685859  3.0121031  0.6571634 
743   3.9747593  0.7542815  2.9253631  0.6401842 
744   3.9521997  0.7305758  2.8945098  0.6533137 
745   4.0135951  0.7211851  2.9220343  0.5917814 
746   3.9793606  0.7427188  2.9315836  0.6370692 
747   3.9265199  0.7565909  2.9292333  0.6262985 
748   3.8876951  0.7675623  2.8590453  0.6255758 
749   3.9310157  0.7628430  2.9281864  0.6178801 
750   3.9200702  0.7754896  2.8873887  0.6270856 
751   4.0030336  0.7504216  2.9435947  0.6308167 
752   3.9782624  0.7826089  2.9333062  0.6099443 
753   3.9340606  0.7736164  2.9100831  0.6533879 
754   3.9663348  0.7751096  2.9548490  0.6548535 
755   3.9233353  0.7736915  2.9133320  0.6403420 
756   3.9379013  0.7831656  2.9149771  0.6365927 
757   3.8879662  0.7458375  2.8998330  0.6149169 
758   3.9749899  0.7487596  2.9616911  0.6614552 
759   3.9162934  0.7805334  2.9010277  0.6375840 
760   3.9470661  0.7610718  2.9014854  0.6498662 
761   4.0206151  0.7646836  2.9795482  0.6607066 
762   4.0178585  0.7662128  2.9702291  0.6482966 
763   3.9975700  0.7444372  2.9179766  0.6436235 
764   4.0212483  0.7440125  2.9494908  0.6543880 
765   3.9985211  0.7342122  2.9680037  0.6236637 
766   3.9740584  0.7308098  2.9182594  0.6605785 
767   3.9687142  0.7283360  2.9339964  0.6441390 
768   4.0163789  0.7333237  2.9503219  0.6607077 
769   3.9822562  0.7416150  2.9523394  0.6363748 
770   4.0648637  0.7315211  3.0288861  0.6294577 
771   4.0892730  0.7298419  3.0190923  0.6228489 
772   4.0868773  0.7327374  3.0283785  0.6401876 
773   4.0890441  0.7295264  3.0542195  0.6434483 
774   4.0674157  0.7360561  3.0065274  0.6503545 
775   4.0204391  0.7582648  3.0075443  0.6362057 
776   4.0496869  0.7300431  3.0162179  0.6135853 
777   4.0415554  0.7541832  3.0021131  0.6461339 
778   3.9930263  0.7579894  2.9907627  0.6469583 
779   4.0841413  0.7506630  3.0822361  0.6139709 
780   4.1249776  0.7307172  3.0882721  0.6512309 
781   4.1201644  0.7510684  3.0654669  0.6546827 
782   4.1056533  0.7207208  3.0704062  0.6805932 
783   4.0944085  0.7414923  3.0942774  0.6409939 
784   4.1731997  0.7293134  3.1234357  0.6656289 
785   4.2207952  0.7326207  3.1403434  0.6585295 
786   4.1405191  0.7108766  3.1042085  0.6369290 
787   4.1116071  0.7277804  3.0861518  0.6271693 
788   4.1589470  0.7460741  3.0948987  0.6207913 
789   4.1823649  0.7530360  3.1151297  0.6377933 
790   4.1134768  0.7309123  3.0739229  0.6284824 
791   4.1501670  0.7537912  3.0799448  0.6279138 
792   4.0720949  0.7427601  2.9898512  0.6326134 
793   4.1638203  0.7349207  3.0776451  0.6333159 
794   4.2010365  0.7410960  3.1581202  0.6357938 
795   4.1770740  0.7490245  3.1609261  0.5980850 
796   4.1893430  0.7330943  3.2005475  0.6199154 
797   4.0993876  0.7382532  3.0903766  0.6183257 
798   4.0466070  0.7341893  3.0647132  0.6592948 
799   4.1557760  0.7551203  3.1865747  0.6238204 
800   4.0858707  0.7567677  3.1507533  0.6290199 
801   4.0961599  0.7397193  3.1344657  0.6030865 
802   4.0106616  0.7488605  3.0724237  0.6510795 
803   4.1278329  0.7589273  3.1385000  0.6627731 
804   4.1165676  0.7514412  3.1704538  0.6413104 
805   4.0459599  0.7647703  3.0859945  0.6662624 
806   4.0878310  0.7651197  3.1130023  0.6430905 
807   4.1364698  0.7567568  3.1467834  0.6654654 
808   4.1014647  0.7479564  3.1096857  0.5898587 
809   4.0177255  0.7418311  3.0773079  0.6387507 
810   4.1011977  0.7500292  3.1349454  0.6370370 
811   4.0913148  0.7404370  3.1148272  0.6616869 
812   4.0908842  0.7502241  3.1301203  0.6159189 
813   3.9933264  0.7434315  3.0435858  0.6354719 
814   4.1723928  0.7599115  3.1837192  0.6690994 
815   4.1548753  0.7537743  3.1735020  0.6520532 
816   4.1249552  0.7578693  3.1354325  0.6427225 
817   4.1929054  0.7602019  3.2435863  0.6358293 
818   4.1793575  0.7464148  3.2119141  0.6223780 
819   4.1730552  0.7572621  3.2244060  0.6516479 
820   4.1187234  0.7598633  3.1609602  0.6108681 
821   4.1352458  0.7790280  3.1928864  0.6844407 
822   4.0780520  0.7702924  3.1262107  0.6703801 
823   4.1082573  0.7768586  3.1596899  0.6449541 
824   4.0949154  0.7645302  3.1195345  0.6455103 
825   4.1593442  0.7640662  3.1597202  0.6465912 
826   4.1115618  0.7659231  3.1406009  0.6562886 
827   4.1084895  0.7759965  3.1497068  0.6476275 
828   3.9999831  0.7611623  3.0751908  0.6587715 
829   4.0292811  0.7683339  3.0921218  0.6176197 
830   3.9689374  0.7684737  3.0505075  0.6333464 
831   3.9595263  0.7819722  3.0516214  0.6614594 
832   4.0077648  0.7588323  3.0952518  0.6090293 
833   4.0807476  0.7809559  3.1316364  0.6452397 
834   4.0395274  0.7695710  3.1275773  0.6228565 
835   4.0907807  0.7570522  3.1750836  0.6408600 
836   3.9327466  0.7544075  3.0684547  0.6200820 
837   3.9854233  0.7689372  3.1263888  0.6287738 
838   4.0363908  0.7657501  3.1379275  0.6584687 
839   4.0450602  0.7675300  3.1340680  0.6798209 
840   4.0279565  0.7601755  3.1240249  0.6843553 
841   4.1555786  0.7965031  3.2057459  0.6854168 
842   4.0549879  0.7800965  3.1520886  0.6578030 
843   4.1811242  0.7735703  3.2377377  0.6841118 
844   4.0690966  0.7736300  3.1583858  0.6607097 
845   4.1278777  0.7756792  3.2007408  0.6377613 
846   4.1502638  0.7869900  3.2176812  0.6386327 
847   4.1210017  0.7798728  3.2045515  0.6412026 
848   4.1641912  0.7810237  3.1940951  0.6470426 
849   4.1591482  0.7583222  3.1938863  0.5951005 
850   4.1717420  0.7807879  3.2298832  0.6422498 
851   4.2402782  0.7893790  3.2520216  0.6178886 
852   4.2011628  0.7574626  3.2446196  0.6143735 
853   4.2505322  0.7685537  3.2753456  0.6020029 
854   4.1011763  0.7608433  3.1711690  0.6146440 
855   4.0040536  0.7780249  3.0893006  0.6674005 
856   4.1222429  0.7713218  3.1928227  0.6493281 
857   4.2035484  0.7684658  3.2411356  0.6166571 
858   4.0475049  0.7697057  3.1221275  0.6454148 
859   4.1323109  0.7734566  3.2167749  0.6597977 
860   4.0900316  0.7382263  3.1654882  0.6750067 
861   4.0775280  0.7711850  3.1608965  0.6862393 
862   4.2176762  0.7901295  3.3036723  0.6710235 
863   4.0601578  0.7982833  3.1660788  0.6696578 
864   4.1147175  0.7878556  3.2199078  0.6930450 
865   4.1962814  0.7658148  3.2758965  0.6284416 
866   4.1753879  0.7945892  3.2812283  0.6510724 
867   4.1241655  0.7908293  3.2315388  0.6448396 
868   4.2037983  0.7890117  3.2938468  0.6303784 
869   4.2295871  0.8002999  3.3077083  0.6315989 
870   4.2011571  0.7846128  3.2681973  0.6380498 
871   4.1892061  0.7659817  3.2407899  0.5922127 
872   4.1396956  0.7688690  3.1812594  0.6304217 
873   4.1331081  0.7828170  3.2086606  0.6475481 
874   4.1330838  0.7708685  3.2108254  0.6495505 
875   4.1564684  0.7834797  3.1838844  0.6311263 
876   4.0958495  0.7718869  3.1287849  0.6115925 
877   4.1509929  0.7712575  3.2331879  0.5741626 
878   4.1785798  0.7634776  3.2475317  0.6314238 
879   4.1466527  0.7862188  3.2306681  0.6625612 
880   4.0898347  0.7815136  3.1731899  0.6511978 
881   4.0813975  0.7822413  3.2191343  0.6271024 
882   4.1279154  0.7647549  3.2559361  0.6591095 
883   4.1301479  0.7885529  3.2035558  0.6501170 
884   4.1706409  0.7913762  3.2464089  0.6627671 
885   4.1837182  0.8045180  3.2627916  0.6641029 
886   4.1293769  0.7875555  3.2074471  0.6505311 
887   4.0437059  0.7705182  3.1302392  0.6404894 
888   4.0437694  0.7765379  3.1611428  0.6384572 
889   4.0534940  0.7921035  3.1940739  0.6576259 
890   4.1116633  0.8142843  3.2346289  0.6446459 
891   4.0622807  0.7791401  3.1676257  0.6799051 
892   4.0316043  0.8039880  3.1332335  0.6747036 
893   4.0675831  0.8008428  3.1835799  0.6655182 
894   4.0964489  0.8011544  3.1937270  0.6620070 
895   4.1611972  0.7920746  3.2557061  0.6793728 
896   4.1793432  0.7838282  3.2606819  0.6697564 
897   4.1413760  0.7719655  3.2207954  0.6463960 
898   4.1904716  0.7870025  3.2616529  0.6666569 
899   4.2145343  0.7869373  3.3079371  0.6617167 
900   4.1548777  0.8010125  3.2492836  0.6827148 
901   4.2000299  0.7784036  3.2522805  0.6585640 
902   4.1827364  0.7843667  3.2770841  0.6403970 
903   4.1743560  0.7808548  3.2483037  0.6616284 
904   4.1710052  0.7901201  3.2658246  0.6792577 
905   4.1691275  0.7907183  3.2647197  0.6678823 
906   4.2004576  0.7857268  3.2908940  0.6579551 
907   4.2251496  0.7862984  3.3086975  0.6512861 
908   4.1304674  0.7762119  3.2581661  0.6249728 
909   4.0515213  0.7647765  3.1668577  0.6664702 
910   4.0750008  0.7725205  3.1975961  0.6437144 
911   4.0134993  0.7523808  3.1711640  0.6344926 
912   4.0060410  0.7696909  3.1515596  0.6820114 
913   4.0739579  0.7884669  3.1995912  0.6717369 
914   4.0936503  0.7816186  3.1966479  0.6683078 
915   4.0424180  0.7562961  3.2047772  0.6990402 
916   4.0789747  0.7755200  3.2254546  0.6832975 
917   4.0811744  0.7914078  3.1856577  0.7145689 
918   4.0785069  0.7989388  3.2205164  0.6831461 
919   4.1407042  0.8045000  3.2629163  0.6953000 
920   4.1056228  0.7895986  3.2064178  0.7073896 
921   4.0364799  0.7821683  3.1512702  0.7112933 
922   3.9306898  0.7612314  3.1073389  0.6490936 
923   4.0789285  0.8014489  3.2426746  0.6940967 
924   4.0565953  0.7974963  3.1796327  0.7465649 
925   4.0564775  0.7975321  3.1810799  0.6876786 
926   4.1123805  0.7771031  3.2254243  0.6860625 
927   4.0878425  0.7771101  3.2534618  0.6753389 
928   4.0564466  0.7768711  3.2313259  0.6636038 
929   4.0694261  0.7953846  3.1950724  0.7457317 
930   4.0170507  0.8121669  3.1800420  0.7294934 
931   3.9605010  0.7938992  3.1344793  0.6909121 
932   3.9420907  0.7767085  3.1734598  0.6792940 
933   3.9570985  0.7896646  3.1571550  0.6797526 
934   3.9337497  0.7828599  3.0785966  0.6597732 
935   3.9755507  0.7849727  3.1172872  0.6961316 
936   3.9611905  0.7736862  3.1157570  0.6798388 
937   4.0470691  0.7965468  3.2212048  0.6657529 
938   4.0583024  0.8051611  3.1947200  0.7491176 
939   4.1049795  0.7938330  3.2073805  0.7017258 
940   3.9834261  0.7942442  3.0890505  0.7389364 
941   3.9734635  0.7920544  3.0968883  0.7362732 
942   4.0836954  0.7615202  3.1772544  0.6917710 
943   4.0572701  0.7716711  3.1653731  0.7292133 
944   4.0084291  0.8125163  3.1111524  0.7382234 
945   4.1244731  0.8033959  3.2244081  0.7250200 
946   4.0669541  0.7783557  3.1844139  0.6995665 
947   4.0456138  0.7680416  3.1423254  0.6949571 
948   4.0386033  0.7642343  3.1304305  0.6777337 
949   4.1422801  0.7718179  3.2036533  0.7144758 
950   4.1554794  0.7884422  3.2475820  0.7226833 
951   4.1871281  0.7863850  3.2959697  0.7233511 
952   4.2006731  0.8027473  3.2668931  0.7110025 
953   4.2114868  0.8135828  3.2605574  0.7258850 
954   4.3461456  0.8172278  3.3831298  0.7102385 
955   4.2856221  0.8062948  3.3255012  0.6667944 
956   4.2512155  0.8115997  3.3175721  0.7129276 
957   4.2569270  0.8055692  3.3049910  0.6822168 
958   4.1768441  0.8274326  3.2626076  0.7080762 
959   4.2633500  0.8039126  3.3058567  0.6804550 
960   4.2104907  0.7861741  3.2136905  0.6431507 
961   4.1959414  0.7862388  3.2306776  0.6687323 
962   4.2395434  0.7849153  3.2899511  0.6708095 
963   4.2955089  0.7911117  3.2952445  0.6368001 
964   4.3439226  0.8003752  3.3498383  0.6543885 
965   4.3625216  0.8203301  3.3826537  0.6431628 
966   4.3247828  0.8058438  3.3521109  0.6400177 
967   4.2667360  0.8053824  3.3035681  0.6373278 
968   4.1986876  0.7990651  3.2291131  0.6155844 
969   4.2804122  0.8005987  3.2965462  0.6244025 
970   4.2835336  0.7921373  3.2891212  0.6276281 
971   4.3364196  0.8120315  3.3920927  0.6914625 
972   4.3432922  0.7876065  3.3794534  0.5975083 
973   4.2500958  0.7918012  3.3290589  0.6611609 
974   4.3176332  0.8249695  3.3943334  0.6309112 
975   4.3013120  0.7858876  3.3757842  0.6142646 
976   4.3557825  0.7806634  3.3987756  0.6463768 
977   4.3982310  0.8045027  3.4515874  0.6686206 
978   4.3278241  0.7989751  3.3958945  0.6313723 
979   4.3165302  0.7909911  3.3984642  0.6695015 
980   4.2553506  0.7896977  3.3023286  0.6406464 
981   4.1940060  0.7764219  3.2624149  0.6480380 
982   4.1800666  0.7775991  3.2491174  0.6570841 
983   4.2057152  0.7734606  3.2910547  0.6241576 
984   4.1900640  0.7769809  3.2273717  0.6350654 
985   4.2383747  0.8005384  3.2978692  0.6890901 
986   4.1592140  0.7957131  3.2379341  0.6443257 
987   4.1121192  0.7906305  3.1774561  0.6743137 
988   4.1544123  0.7873390  3.1748230  0.6437080 
989   4.1287622  0.7955814  3.1607523  0.6821457 
990   4.2202253  0.7699179  3.2065210  0.6819951 
991   4.1829867  0.7972442  3.1884336  0.6865283 
992   4.2113867  0.7830843  3.2176485  0.6690707 
993   4.1881394  0.7760439  3.2005069  0.6082517 
994   4.1640644  0.7858350  3.2031188  0.6701785 
995   4.1916928  0.7764223  3.2239747  0.6700736 
996   4.2867026  0.7883548  3.3340147  0.6960480 
997   4.2672071  0.7799903  3.2718823  0.6655503 
998   4.2900715  0.7930453  3.3435664  0.7027523 
999   4.1965590  0.7789108  3.2564249  0.6641114 
1000  4.2532606  0.7652564  3.2892764  0.6371007 
1001  4.2062178  0.7676437  3.2376702  0.6656187 
1002  4.1985307  0.7503400  3.2459366  0.6664962 
1003  4.2686324  0.7846487  3.3134029  0.6764992 
1004  4.1563535  0.7767172  3.2331903  0.6778654 
1005  4.2098770  0.7587522  3.2791791  0.6181591 
1006  4.2152710  0.7779430  3.2594485  0.7210528 
1007  4.1875935  0.7694358  3.2369611  0.6580538 
1008  4.1188421  0.7710028  3.1695914  0.6980642 
1009  4.1196322  0.7853603  3.1680126  0.7300863 
1010  4.1050730  0.7768251  3.1206102  0.7250254 
1011  4.0981073  0.7689754  3.1330829  0.6686907 
1012  4.0971560  0.7594902  3.1363077  0.6972256 
1013  4.0728703  0.7582545  3.1557264  0.7016033 
1014  4.0618820  0.7842526  3.1406140  0.7092469 
1015  4.1215215  0.7973185  3.1890137  0.7086307 
1016  4.1750007  0.7871041  3.2328789  0.7155467 
1017  4.1291575  0.7847160  3.1970043  0.6624389 
1018  4.2388411  0.8011677  3.3283694  0.7136845 
1019  4.1392183  0.7703939  3.2531331  0.6529373 
1020  4.1044722  0.7708552  3.2184134  0.6970953 
1021  4.1575203  0.7866603  3.2413008  0.6924378 
1022  4.1617808  0.7887297  3.2387588  0.6961801 
1023  4.1791401  0.7765386  3.2265096  0.6570199 
1024  4.1900797  0.7879823  3.2302392  0.6804354 
1025  4.1223679  0.7814758  3.1464257  0.6223933 
1026  4.1191115  0.8055449  3.1610420  0.6718262 
1027  4.1256156  0.8223242  3.1814539  0.6564286 
1028  4.1213093  0.8404878  3.1752636  0.6638508 
1029  4.1947751  0.8114095  3.2516913  0.6845108 
1030  4.1674218  0.8211859  3.1838140  0.6735810 
1031  4.1433616  0.8246942  3.1615946  0.6130445 
1032  4.1638012  0.8207912  3.2102985  0.5933550 
1033  4.2453313  0.8227370  3.2732022  0.6356815 
1034  4.2332735  0.8354558  3.3203430  0.6126184 
1035  4.2093616  0.8435754  3.2912128  0.6327766 
1036  4.1776013  0.8135337  3.2460644  0.6059761 
1037  4.1584496  0.7928461  3.2310622  0.6155353 
1038  4.2029381  0.8125408  3.2163277  0.5938953 
1039  4.1909614  0.7977314  3.2251122  0.6040529 
1040  4.1177354  0.7995376  3.1863842  0.5924218 
1041  4.1196027  0.8067426  3.1938047  0.5959969 
1042  4.0967941  0.8011546  3.1833010  0.6038594 
1043  4.1857376  0.8053748  3.2705715  0.5703887 
1044  4.1737943  0.7889571  3.2680552  0.6172472 
1045  4.1076522  0.8051717  3.2105312  0.6233112 
1046  4.1227160  0.7942373  3.1946454  0.6198016 
1047  4.2017145  0.8012528  3.2226994  0.6094902 
1048  4.2492123  0.7673278  3.2522402  0.6289716 
1049  4.2300177  0.7762101  3.1835701  0.5903857 
1050  4.2854791  0.7883223  3.2175381  0.6006914 
1051  4.2724333  0.8117669  3.2132607  0.6129623 
1052  4.2790809  0.7991419  3.2445233  0.6205704 
1053  4.1825681  0.8195416  3.2062881  0.6549175 
1054  4.2650986  0.7911851  3.2451754  0.5993370 
1055  4.1462908  0.8062262  3.1244695  0.5754278 
