#time, global, repeatA-F, pore, tm38
0     0.1565243  0.1523033  0.1559155  0.1107745 
1     0.6083895  0.2278385  0.3785999  0.1167665 
2     0.9850138  0.2535805  0.6018861  0.1049832 
3     1.1324972  0.2438037  0.7100970  0.1226280 
4     1.3029478  0.2485732  0.7903997  0.1018796 
5     1.3759743  0.2789647  0.8149602  0.1072991 
6     1.4464910  0.2698388  0.8949205  0.1363323 
7     1.5836778  0.2795496  0.9628363  0.1254088 
8     1.7670742  0.2889015  1.0845695  0.1475941 
9     1.8713053  0.2893637  1.1608219  0.1227896 
10    1.8173373  0.2972868  1.1308994  0.1196141 
11    1.9111480  0.3129182  1.1960958  0.1340981 
12    1.8564678  0.3098387  1.1563418  0.1303670 
13    1.9575928  0.3197644  1.2741632  0.1393346 
14    1.9793404  0.3368281  1.2757120  0.1241814 
15    1.9332881  0.3389881  1.2360793  0.1464390 
16    2.0597317  0.3246487  1.3076649  0.1324139 
17    2.0510187  0.3318340  1.3293947  0.1528716 
18    2.1281884  0.3307664  1.3787029  0.1380254 
19    2.0958936  0.3323553  1.3354017  0.1473575 
20    2.0332880  0.3408195  1.3039901  0.1282987 
21    2.1660657  0.3301193  1.4097083  0.1311017 
22    2.2601404  0.3384037  1.4706503  0.1403617 
23    2.1986830  0.3343157  1.4092191  0.1579137 
24    2.2194519  0.3382872  1.4309388  0.1371937 
25    2.2898514  0.3369153  1.5042530  0.1432935 
26    2.3058243  0.3368903  1.5035982  0.1313145 
27    2.2846572  0.3265208  1.4777324  0.1394569 
28    2.3032963  0.3605521  1.5148813  0.1539073 
29    2.3191977  0.3478289  1.4955583  0.1241184 
30    2.3309569  0.3404479  1.5147709  0.1314813 
31    2.3823650  0.3498924  1.5521935  0.1432984 
32    2.3748209  0.3461545  1.5244312  0.1408145 
33    2.4603353  0.3577203  1.6099670  0.1304578 
34    2.3658264  0.3573098  1.5374004  0.1579172 
35    2.4580362  0.3674345  1.6122110  0.1460215 
36    2.4309535  0.3618715  1.6326580  0.1087826 
37    2.3952672  0.3894488  1.6008116  0.1392567 
38    2.4235592  0.3789843  1.6232529  0.1452669 
39    2.3663027  0.3871645  1.5849332  0.1394994 
40    2.4384961  0.3955919  1.6529212  0.1651556 
41    2.4756403  0.3840149  1.6565328  0.1592363 
42    2.4743929  0.3921176  1.7135406  0.1450152 
43    2.5104358  0.3805052  1.7308536  0.1474609 
44    2.5144255  0.3868954  1.7175659  0.1593883 
45    2.5311296  0.4132655  1.7179401  0.1428952 
46    2.5275021  0.4063810  1.7028743  0.1565969 
47    2.5824087  0.4270843  1.8102814  0.1448628 
48    2.5156708  0.4515453  1.7435358  0.1430151 
49    2.5480862  0.5005117  1.7610551  0.1526663 
50    2.6271064  0.4671412  1.8407786  0.1811599 
51    2.5974972  0.4580320  1.8261473  0.1680674 
52    2.6563084  0.4783249  1.8777289  0.1503295 
53    2.6413372  0.4683457  1.8609031  0.1521409 
54    2.5659995  0.4655749  1.8150874  0.1529038 
55    2.5196526  0.4495010  1.7880180  0.1632009 
56    2.6627879  0.4480093  1.9025180  0.1408481 
57    2.6454425  0.4504376  1.9047492  0.1619241 
58    2.6394382  0.4513277  1.8832308  0.1559106 
59    2.6233439  0.4648783  1.8833860  0.1680263 
60    2.6869149  0.4786742  1.9404533  0.1767995 
61    2.6444113  0.4876534  1.9118350  0.1696444 
62    2.6953006  0.4755867  1.9524113  0.1306861 
63    2.6550727  0.4924135  1.9080058  0.1686159 
64    2.7122893  0.5035349  1.9187437  0.1530253 
65    2.7028430  0.4868353  1.9171300  0.1334259 
66    2.7584743  0.4983187  1.9883069  0.1543285 
67    2.7283554  0.4875633  1.9668655  0.1690078 
68    2.7795553  0.4855243  1.9904228  0.1742058 
69    2.7598457  0.4781870  1.9629191  0.1702564 
70    2.7017846  0.4772978  1.9402337  0.1483530 
71    2.7478406  0.4986458  1.9591020  0.1635408 
72    2.8764005  0.5032688  2.0712590  0.1730028 
73    2.7953794  0.4922157  2.0095334  0.1715320 
74    2.7690492  0.4792446  1.9731570  0.1821320 
75    2.7713971  0.4940498  1.9993384  0.1934692 
76    2.8214979  0.4768651  2.0671456  0.1840385 
77    2.7696624  0.4739605  2.0031872  0.1855213 
78    2.8144786  0.4789420  2.0184414  0.1660147 
79    2.8902493  0.4822886  2.0808890  0.1594070 
80    2.9108264  0.4711053  2.1001127  0.1392300 
81    2.8780179  0.4920064  2.0351439  0.1620531 
82    2.8003089  0.4908439  2.0111561  0.1665711 
83    2.7729139  0.5104702  1.9616476  0.1761303 
84    2.8378668  0.5145953  2.0416095  0.1982962 
85    2.9316916  0.5029455  2.1074433  0.1554198 
86    3.0033791  0.5247259  2.1669855  0.1807094 
87    2.9683223  0.5106183  2.1580653  0.1876003 
88    3.0097399  0.5250195  2.2088361  0.1606880 
89    3.0143323  0.5050013  2.2413106  0.1254369 
90    2.9497900  0.4853510  2.1854560  0.1702073 
91    3.0540040  0.4996916  2.2260985  0.1570929 
92    3.0511336  0.4824148  2.2504711  0.1545500 
93    3.0819323  0.5299783  2.2691858  0.1787359 
94    3.0460458  0.5081167  2.2350013  0.1582079 
95    3.0613139  0.5100632  2.2651966  0.1635058 
96    3.0270331  0.5223449  2.1834292  0.1485786 
97    3.1151114  0.5057070  2.2933445  0.1573452 
98    3.1047363  0.5534749  2.2342749  0.1834549 
99    3.1561513  0.5696306  2.2735486  0.1836741 
100   3.0951941  0.5489108  2.2225316  0.2124183 
101   3.1104302  0.5668742  2.1942761  0.2431459 
102   3.1838453  0.5672039  2.2757981  0.2368941 
103   3.0560098  0.5544084  2.2168770  0.2121187 
104   3.1066186  0.5455655  2.2174079  0.2228179 
105   3.1493781  0.5384833  2.2262578  0.1904833 
106   3.1879096  0.5351261  2.2634611  0.2187988 
107   3.2417870  0.5583085  2.3293281  0.2037729 
108   3.1103241  0.5483264  2.2569511  0.2029769 
109   3.1043131  0.5479366  2.2456892  0.1887015 
110   3.1274390  0.5587199  2.1987514  0.2100476 
111   3.1295183  0.5635716  2.2194724  0.2186264 
112   3.1816857  0.5736892  2.2458603  0.2038366 
113   3.1770372  0.5854399  2.2518911  0.2386362 
114   3.1155000  0.5584709  2.1627343  0.1716782 
115   3.1350007  0.5484764  2.1603849  0.1874411 
116   3.0871048  0.5326802  2.1251178  0.1822194 
117   3.1651108  0.5600950  2.1741292  0.2230566 
118   3.2464550  0.5517112  2.2123294  0.2153426 
119   3.1940308  0.5503305  2.1807945  0.2418081 
120   3.0892553  0.5528657  2.1461077  0.2199784 
121   3.2138963  0.5634209  2.2018707  0.2287049 
122   3.1926377  0.5584276  2.2029119  0.2011622 
123   3.1263950  0.5670356  2.1830976  0.2195416 
124   3.2290761  0.5490070  2.2700429  0.2085617 
125   3.1400363  0.5559126  2.2082911  0.1890153 
126   3.1045921  0.5665078  2.1533551  0.1977156 
127   3.1475346  0.5615980  2.1860020  0.2324962 
128   3.1541123  0.5363131  2.1992900  0.1853095 
129   3.1189606  0.5653432  2.1926851  0.1964823 
130   3.1757479  0.5651611  2.2429726  0.2333818 
131   3.1449437  0.5800414  2.2122288  0.2041663 
132   3.1568477  0.5589004  2.2295115  0.1998272 
133   3.1670933  0.5625093  2.1816392  0.2090745 
134   3.2012541  0.5464624  2.2313278  0.2188923 
135   3.2503061  0.5622080  2.2483816  0.2173560 
136   3.2280142  0.5645562  2.2638466  0.2117977 
137   3.2645307  0.5531013  2.2664237  0.2060448 
138   3.2610719  0.6066379  2.2950630  0.2281712 
139   3.3028400  0.5847083  2.2822649  0.2057687 
140   3.2042918  0.5387194  2.1722777  0.2045070 
141   3.4093311  0.5650373  2.3056726  0.2238437 
142   3.3573802  0.5680521  2.2737486  0.1960218 
143   3.3500893  0.5548043  2.2762456  0.1962880 
144   3.3745422  0.5548791  2.2887573  0.2224125 
145   3.4610753  0.5762823  2.3757346  0.2156987 
146   3.4682732  0.5863916  2.3630893  0.2084167 
147   3.4984515  0.5786366  2.3839941  0.2136594 
148   3.4913335  0.5579075  2.3915989  0.2178041 
149   3.4945014  0.5494338  2.4058275  0.2215159 
150   3.3897467  0.5652917  2.3390331  0.1841801 
151   3.4102416  0.5789694  2.3429735  0.1965087 
152   3.4660795  0.5704486  2.3765788  0.2193308 
153   3.3914890  0.5747179  2.3485200  0.2271612 
154   3.4211028  0.5678402  2.3715029  0.2057265 
155   3.4564233  0.5773790  2.3670163  0.2446990 
156   3.5147462  0.5961403  2.4432151  0.2189116 
157   3.5619521  0.6049392  2.4657900  0.2298219 
158   3.5863299  0.6162201  2.5078614  0.2364812 
159   3.6193302  0.5932515  2.5032520  0.2091922 
160   3.6761279  0.6019911  2.5346472  0.2097484 
161   3.5572839  0.6175340  2.4708388  0.2180494 
162   3.5463440  0.5976869  2.4571445  0.2372800 
163   3.5271626  0.6151358  2.4451470  0.2362787 
164   3.5043094  0.5973637  2.4271986  0.2453086 
165   3.6077204  0.6127370  2.5187285  0.2288052 
166   3.6588433  0.6325437  2.5376608  0.2378794 
167   3.5499907  0.6257425  2.4983819  0.2239041 
168   3.5299315  0.6386527  2.4709218  0.2289822 
169   3.5953102  0.6858917  2.4580095  0.2430848 
170   3.6556580  0.6694636  2.4694140  0.2493235 
171   3.6802497  0.6604449  2.5017810  0.2367704 
172   3.6982112  0.6777318  2.5024793  0.2503425 
173   3.6276896  0.6696495  2.4189227  0.2438906 
174   3.6612501  0.6485582  2.4313059  0.2642596 
175   3.7354381  0.6685874  2.5036333  0.2281045 
176   3.7318525  0.6622891  2.5649927  0.2484782 
177   3.7441561  0.6660700  2.5421457  0.2607882 
178   3.6579864  0.6782535  2.4758229  0.2525109 
179   3.7122464  0.6591964  2.5441217  0.2457449 
180   3.6130099  0.6680278  2.4493506  0.2262515 
181   3.6466906  0.6571506  2.4707239  0.2671410 
182   3.6563752  0.6642643  2.4496298  0.2866762 
183   3.6994574  0.6558223  2.4479389  0.2783836 
184   3.7570534  0.6616247  2.4958317  0.2735472 
185   3.7508960  0.6899397  2.4800940  0.3024263 
186   3.8686826  0.7010103  2.5444663  0.2921692 
187   3.7872927  0.6774723  2.5025880  0.3406702 
188   3.7649472  0.6601993  2.4675829  0.3709790 
189   3.8327732  0.6658456  2.5254297  0.3773930 
190   3.8871069  0.6764689  2.5097003  0.3664420 
191   3.8834393  0.6752403  2.5096962  0.3662526 
192   3.7823687  0.6832956  2.4672608  0.4044093 
193   3.8415887  0.7071734  2.4909134  0.4050989 
194   3.7876663  0.6726567  2.4669123  0.3694896 
195   3.7790051  0.6998745  2.4674554  0.3916250 
196   3.8045323  0.6868644  2.4926939  0.3900405 
197   3.7972460  0.6824346  2.5271993  0.3811042 
198   3.8198497  0.6956205  2.5047688  0.3972761 
199   3.7389684  0.6879494  2.4367938  0.4613588 
200   3.8509872  0.6805137  2.5172286  0.4246537 
201   3.9075761  0.6633136  2.5242908  0.4126285 
202   3.9104369  0.6633822  2.5303013  0.4342146 
203   3.7736018  0.6644648  2.4404464  0.4088710 
204   3.9194281  0.6748734  2.5898976  0.3949209 
205   3.9000986  0.6780655  2.5886903  0.4403326 
206   3.9900751  0.6756957  2.6523237  0.4070376 
207   3.8090980  0.6428612  2.5271435  0.3965605 
208   3.7284164  0.6567143  2.4874642  0.4171582 
209   3.7979546  0.6605455  2.5241537  0.4221217 
210   3.7867062  0.6631014  2.5406492  0.4207515 
211   3.8163331  0.6869426  2.5737109  0.3697145 
212   3.8374262  0.6671342  2.5598133  0.3574508 
213   3.8098335  0.6583430  2.5837145  0.3835736 
214   3.7758348  0.6803883  2.5626299  0.3890114 
215   3.8622780  0.6651245  2.6380267  0.3700717 
216   3.8585901  0.6821247  2.6254485  0.4249322 
217   3.8711100  0.6783113  2.6452508  0.4019588 
218   3.8433132  0.6699744  2.5720255  0.3779398 
219   3.8640349  0.6704658  2.5862939  0.3921845 
220   3.9347682  0.6575958  2.5966709  0.4045632 
221   3.9267795  0.6631178  2.6121724  0.4231377 
222   3.9592988  0.6974308  2.6684320  0.4142789 
223   3.9861732  0.6763638  2.6783152  0.4046272 
224   3.8557208  0.6887004  2.5646386  0.4286549 
225   3.9885931  0.7013992  2.6868603  0.3821203 
226   3.9202659  0.6893335  2.6165879  0.3940267 
227   3.8627934  0.6922053  2.5576587  0.3905811 
228   3.9446950  0.6924995  2.6463494  0.4027314 
229   3.8553617  0.6961297  2.5859065  0.4158427 
230   3.8509481  0.7082114  2.5881724  0.4244956 
231   3.7931387  0.7063726  2.5336876  0.4115209 
232   3.8420475  0.7176747  2.5764999  0.4815096 
233   3.9125671  0.6862876  2.5965703  0.4412306 
234   3.8841097  0.6997443  2.6229260  0.4601017 
235   3.7268846  0.7045705  2.4958358  0.4124691 
236   3.6851804  0.7042710  2.4749801  0.4070460 
237   3.8182588  0.7226164  2.6031287  0.4167584 
238   3.8629322  0.7193456  2.6090620  0.4237228 
239   3.8912315  0.7471883  2.6463056  0.4035686 
240   3.8442581  0.7323346  2.5980058  0.4297591 
241   3.9526639  0.7204534  2.6463432  0.4423548 
242   3.8276346  0.7142174  2.5247445  0.4050408 
243   3.8944833  0.7288412  2.5903096  0.4362606 
244   3.8323398  0.7063496  2.5478826  0.4026867 
245   3.8076255  0.7058204  2.5448408  0.4329270 
246   3.7913816  0.7145788  2.5423317  0.4215594 
247   3.8139627  0.7245334  2.5665994  0.4348687 
248   3.7669709  0.7214923  2.5592337  0.3990934 
249   3.7757423  0.6924977  2.5380297  0.3965109 
250   3.8088746  0.7141161  2.5705981  0.3966453 
251   3.8951669  0.7330151  2.6606240  0.4061532 
252   3.8112929  0.7399591  2.6162395  0.3967094 
253   3.9104600  0.7326614  2.6788967  0.3657611 
254   3.7804101  0.7129723  2.5803506  0.4070971 
255   3.7903504  0.7450378  2.6118457  0.4051780 
256   3.8715110  0.7388976  2.6473877  0.3744104 
257   3.7533588  0.7037559  2.5323133  0.4121895 
258   3.6905482  0.6884807  2.5147884  0.4361092 
259   3.8004899  0.7283810  2.5794015  0.4250555 
260   3.8638372  0.7199912  2.5653129  0.4226882 
261   3.8630328  0.7162898  2.5800939  0.4313663 
262   3.8098216  0.7373655  2.5549896  0.4471485 
263   3.8013468  0.7295739  2.5483410  0.4509396 
264   3.8201108  0.6952258  2.5139327  0.4230002 
265   3.7719429  0.7182496  2.4734931  0.4793257 
266   3.8130715  0.7006942  2.5305655  0.4398867 
267   3.8236260  0.7008289  2.5501049  0.4436772 
268   3.9541085  0.7002349  2.6213205  0.4311105 
269   3.8758233  0.7159696  2.6044018  0.4336534 
270   3.9306116  0.7297117  2.6366615  0.4336641 
271   3.9484432  0.7403905  2.6211152  0.4366851 
272   3.9434547  0.7372740  2.6171141  0.4521720 
273   3.9306397  0.7400553  2.6261425  0.4223600 
274   3.9803991  0.7035966  2.6735394  0.4248163 
275   3.9213169  0.7181641  2.6196456  0.4416308 
276   3.9165840  0.7249507  2.6204112  0.4062650 
277   3.9586146  0.7246768  2.6492605  0.3903981 
278   4.0583577  0.7508404  2.6998353  0.4020768 
279   4.0480113  0.7141299  2.6810269  0.3895149 
280   4.0320959  0.7287951  2.6923687  0.4211007 
281   4.0036578  0.7672622  2.6377573  0.4422910 
282   4.0415974  0.7333393  2.6958227  0.4076073 
283   3.9597137  0.7331706  2.6325026  0.3923635 
284   4.0502839  0.7720428  2.7212901  0.3840706 
285   4.0468659  0.7678711  2.7013748  0.4207014 
286   4.0355997  0.7665784  2.7098269  0.3931507 
287   4.0413241  0.7868586  2.7242539  0.3935644 
288   4.0287075  0.7811729  2.6870487  0.3678555 
289   4.0400200  0.7752492  2.7114513  0.3777583 
290   4.1138706  0.7790534  2.7450144  0.4015974 
291   4.1090770  0.7786612  2.7839019  0.4197944 
292   4.0495253  0.8093979  2.7594354  0.3985108 
293   4.0632820  0.8109206  2.7248201  0.4300657 
294   4.0089307  0.7993566  2.7000368  0.3882565 
295   3.9787931  0.7826391  2.6848302  0.4447763 
296   4.0830112  0.8150157  2.7032914  0.4198978 
297   4.0221391  0.8223116  2.6941679  0.4218348 
298   3.9878008  0.8002639  2.6958466  0.4380747 
299   4.0390592  0.8283232  2.7173457  0.4732210 
300   4.0533605  0.7895535  2.6887779  0.4660500 
301   4.0860071  0.7566380  2.7015104  0.4538178 
302   4.1323452  0.7893387  2.7720418  0.4897648 
303   4.0934515  0.7648380  2.7262321  0.4622064 
304   4.0452108  0.7671434  2.6952357  0.4493483 
305   4.0628066  0.7832755  2.7489288  0.4534551 
306   4.1933742  0.7925069  2.8313448  0.4178570 
307   4.1771111  0.8142482  2.8190453  0.4347799 
308   4.1121192  0.7863393  2.7332561  0.4446886 
309   4.1720519  0.8143870  2.7679591  0.4657649 
310   4.1657133  0.8088043  2.7534170  0.4780230 
311   4.1903272  0.7879273  2.7632747  0.4856648 
312   4.1226492  0.7760199  2.7243216  0.4873280 
313   4.1204820  0.7761433  2.7306411  0.4528807 
314   4.1317930  0.7765273  2.7265320  0.4850767 
315   4.0878663  0.7738069  2.7000573  0.4817113 
316   4.0770516  0.8000662  2.7362175  0.5236384 
317   4.0008698  0.8036180  2.7232778  0.4753607 
318   4.0936828  0.7964845  2.7958589  0.4187059 
319   4.0705209  0.7769026  2.7422516  0.4070152 
320   4.1029615  0.7635289  2.7378986  0.4055667 
321   4.0914230  0.7673690  2.7406480  0.4518823 
322   4.0352492  0.7969357  2.7188652  0.4789681 
323   4.1291122  0.7896064  2.8065648  0.4670224 
324   4.0219326  0.7711593  2.7000403  0.4721840 
325   4.1045485  0.7547418  2.7460756  0.4772574 
326   4.1357751  0.7659301  2.7616866  0.4617875 
327   4.1751342  0.7493261  2.7725751  0.4772884 
328   4.0627098  0.7629495  2.7262099  0.4726556 
329   4.1634727  0.7646691  2.7902310  0.4853095 
330   4.1309085  0.7869170  2.7016649  0.4736766 
331   4.1758285  0.7854453  2.7607903  0.4690466 
332   4.1605310  0.7778655  2.7590034  0.4462051 
333   4.2742109  0.7778609  2.8596864  0.4646415 
334   4.1631508  0.7731910  2.7540886  0.4377955 
335   4.2935205  0.8074052  2.8439085  0.4985099 
336   4.3047853  0.7974349  2.8667853  0.5030426 
337   4.2870564  0.7745517  2.8389077  0.4642528 
338   4.2933569  0.7749139  2.8426952  0.4718408 
339   4.1390967  0.7299882  2.7022309  0.4332784 
340   4.1849704  0.7501261  2.7711926  0.4615561 
341   4.2348413  0.7427925  2.8175769  0.4116447 
342   4.3114843  0.7672092  2.8355258  0.4662894 
343   4.1920991  0.7277431  2.7619221  0.4265500 
344   4.2235012  0.7369147  2.8070245  0.4256298 
345   4.1692815  0.7263400  2.7397110  0.3741378 
346   4.1884604  0.7251116  2.7734096  0.4053483 
347   4.1484642  0.7277886  2.7490320  0.4300989 
348   4.1949015  0.7365813  2.7883430  0.4718491 
349   4.1553798  0.7363976  2.7720599  0.4237578 
350   4.1099834  0.7316270  2.7408361  0.4153000 
351   4.0663233  0.7355253  2.7103856  0.3915164 
352   4.0997734  0.7337290  2.7532744  0.3935310 
353   4.1637516  0.7443186  2.8077881  0.3990541 
354   4.1073408  0.7080622  2.7145052  0.3819949 
355   3.9933488  0.7146425  2.6624062  0.3906720 
356   4.0474334  0.7360259  2.7324395  0.3974722 
357   4.0099416  0.7085261  2.6583760  0.3993879 
358   4.0112247  0.7215465  2.6901281  0.4097600 
359   4.0711536  0.7498629  2.7083738  0.4031114 
360   3.9731853  0.7433244  2.6721447  0.3400193 
361   4.0529823  0.7320566  2.7112551  0.3883991 
362   4.0437136  0.7501591  2.7028491  0.3535005 
363   4.0584798  0.7209543  2.6906440  0.3591577 
364   4.0739841  0.7343044  2.7168746  0.3565506 
365   4.0284920  0.7204005  2.6986482  0.3990866 
366   4.0686312  0.7525667  2.7314498  0.3861335 
367   4.0118361  0.7375513  2.7105184  0.3850047 
368   3.9120636  0.7495834  2.6439393  0.4028713 
369   3.9907527  0.7398325  2.6930928  0.3989404 
370   4.0032392  0.7480465  2.7149403  0.4150064 
371   4.0486040  0.7513360  2.7338541  0.4161575 
372   4.0859914  0.7467993  2.7393057  0.4075102 
373   4.0870171  0.7587071  2.7584527  0.4322613 
374   4.1035042  0.7729254  2.8009362  0.4337291 
375   4.1898766  0.7779195  2.8527660  0.4079400 
376   4.1176295  0.7312042  2.7846355  0.3930711 
377   4.2577114  0.7575163  2.8574800  0.4178523 
378   4.2503057  0.7870603  2.8272696  0.4388893 
379   4.1628213  0.7597343  2.7793653  0.4134991 
380   4.3127766  0.7877541  2.8656690  0.4288067 
381   4.2148542  0.7701182  2.8529325  0.3856473 
382   4.0715761  0.7782693  2.7457564  0.4037202 
383   4.1661091  0.7826182  2.8189633  0.4194206 
384   4.0346918  0.8177928  2.7366581  0.4329526 
385   3.9607372  0.7761879  2.7002845  0.4149100 
386   3.9823792  0.7803599  2.7340829  0.4046494 
387   3.9197066  0.7855209  2.6954308  0.4143868 
388   3.9211690  0.7502748  2.6924531  0.3979548 
389   4.0921555  0.7468440  2.7455230  0.3853397 
390   4.0577979  0.7448587  2.7169170  0.3717605 
391   4.0132933  0.7588261  2.6295652  0.3929884 
392   4.0546227  0.7720925  2.6774371  0.3694588 
393   4.1064692  0.7628880  2.7058930  0.3661747 
394   4.0968795  0.8041273  2.7337346  0.3899990 
395   3.9614391  0.7890448  2.6411810  0.3953808 
396   4.0463266  0.7591808  2.6980503  0.3824843 
397   4.0600328  0.7662976  2.6975694  0.3762945 
398   3.9822962  0.7809563  2.6801345  0.3770005 
399   3.9931343  0.7734123  2.6668553  0.3846926 
400   3.9784977  0.7324471  2.6282268  0.3575576 
401   4.0306892  0.7377404  2.6164761  0.3515540 
402   4.0784993  0.7092612  2.6794257  0.3744916 
403   4.1211152  0.6954583  2.7096560  0.3564747 
404   4.1409154  0.7764448  2.7443016  0.4032521 
405   4.0408378  0.7366852  2.6995811  0.3526236 
406   4.0169177  0.7151278  2.6901777  0.3540901 
407   4.0616288  0.7285194  2.6915963  0.3377740 
408   3.9974525  0.7212548  2.6407700  0.3559038 
409   4.0298829  0.6994491  2.6925094  0.3533772 
410   4.0060077  0.6956860  2.6833031  0.3422483 
411   3.9947402  0.6917489  2.6628304  0.3146425 
412   3.9709990  0.6739089  2.6225276  0.3379442 
413   3.9960196  0.6892576  2.6103961  0.3448530 
414   4.0142832  0.6888574  2.6403134  0.3346972 
415   4.0886989  0.7170367  2.7212110  0.3269091 
416   3.9533391  0.7276477  2.6561933  0.3433625 
417   4.0042038  0.7179605  2.6677966  0.3544700 
418   4.0345311  0.7209030  2.7195730  0.3343415 
419   4.0578470  0.7273583  2.7085195  0.3545172 
420   4.0767112  0.7322204  2.6876383  0.3548158 
421   4.0328403  0.7318064  2.6571960  0.3615851 
422   4.1090388  0.7406741  2.7453933  0.3478570 
423   3.9581387  0.7329248  2.6203487  0.3825840 
424   4.0095749  0.7312027  2.6513696  0.3271776 
425   4.0384378  0.7088880  2.6722536  0.3306186 
426   3.9653614  0.6872886  2.5885270  0.3626965 
427   3.9570248  0.7026595  2.6231875  0.3637444 
428   3.9659317  0.6925567  2.6629210  0.3383790 
429   4.0465369  0.6999903  2.7275019  0.3315322 
430   3.9813032  0.7037179  2.7142107  0.3511450 
431   3.9071922  0.7032116  2.6212201  0.3813177 
432   3.9193931  0.7247111  2.6736412  0.3632713 
433   3.8741248  0.6955289  2.6149261  0.3448851 
434   3.9069207  0.7186278  2.6577902  0.3510156 
435   3.8582463  0.7093890  2.6226776  0.3487972 
436   3.9242983  0.7004738  2.6780174  0.3585102 
437   3.9825153  0.7170505  2.7058425  0.3570129 
438   3.9436834  0.6971607  2.6874552  0.3737303 
439   3.9061222  0.7028164  2.6739221  0.3599690 
440   3.9127336  0.6943802  2.7003083  0.3960824 
441   3.9078345  0.6849889  2.6550040  0.3667465 
442   3.8309832  0.6724083  2.6273246  0.3343747 
443   3.8755279  0.6698813  2.6162651  0.3442703 
444   3.8847978  0.6613072  2.6296825  0.3289225 
445   3.9305849  0.6755583  2.6665149  0.3296447 
446   4.0312467  0.6898692  2.7059875  0.3438560 
447   3.9510262  0.6922128  2.6700547  0.3544000 
448   3.8536563  0.6687271  2.5788043  0.3237022 
449   3.9280233  0.7121835  2.6367810  0.3634730 
450   4.0534577  0.7340032  2.6968603  0.3372084 
451   4.0003133  0.7207083  2.6674511  0.3615080 
452   3.9857383  0.6967441  2.6401541  0.3636214 
453   3.8723135  0.6898965  2.5711956  0.3406948 
454   3.8280537  0.6958503  2.5523772  0.3243527 
455   3.8962023  0.7240497  2.6239738  0.3297181 
456   3.8264046  0.7104721  2.6022563  0.3599229 
457   3.8906868  0.6937340  2.6178575  0.3499530 
458   3.9230139  0.7015222  2.6568444  0.3485568 
459   3.9553924  0.7066554  2.6996918  0.3560036 
460   3.8876748  0.7088711  2.6387427  0.3397669 
461   3.9534421  0.6803332  2.6790354  0.3497089 
462   3.8845916  0.6729785  2.6504972  0.3342459 
463   3.7648771  0.7066935  2.5659809  0.3549198 
464   3.8502691  0.7116013  2.5974720  0.3592740 
465   3.7764349  0.6967750  2.6085033  0.3401920 
466   3.8928015  0.7140711  2.6631384  0.3263355 
467   3.8084488  0.7107428  2.5984347  0.3425674 
468   3.8395910  0.6981426  2.6240773  0.3474471 
469   3.8551543  0.7005828  2.6780376  0.3151996 
470   3.8288913  0.7321656  2.6643558  0.3503022 
471   3.7732246  0.7113013  2.6143522  0.3371312 
472   3.8349164  0.7024699  2.6841228  0.3252918 
473   3.9119477  0.7149463  2.7103653  0.3335804 
474   3.8520412  0.7039768  2.6722913  0.3090336 
475   3.9551213  0.6992562  2.7663300  0.3006005 
476   3.9299669  0.7150894  2.7830510  0.3041120 
477   3.9381654  0.7157905  2.7750089  0.2977709 
478   3.9827385  0.6937157  2.7466712  0.2907451 
479   4.0038075  0.7099690  2.7574685  0.2949657 
480   3.9889607  0.6837670  2.7010984  0.2799589 
481   3.9618614  0.6873029  2.6869729  0.2615894 
482   3.9116986  0.6995265  2.6692693  0.2755334 
483   4.0595551  0.7028542  2.7621360  0.3081115 
484   4.0646853  0.6749336  2.7625017  0.2895786 
485   3.9501040  0.6961883  2.6689656  0.2878243 
486   3.9541607  0.6805528  2.6656587  0.2807401 
487   4.0075150  0.6798255  2.7002673  0.2975028 
488   4.1114311  0.6908877  2.8132467  0.2967832 
489   4.0722704  0.7081874  2.7684703  0.2738727 
490   4.0833392  0.7336128  2.7873955  0.3036046 
491   4.0873055  0.7182280  2.7680433  0.3093269 
492   4.0628972  0.7218902  2.8030889  0.2761508 
493   4.0811501  0.7406894  2.8256481  0.2735479 
494   3.9474049  0.7066343  2.6814308  0.2827101 
495   3.8979506  0.6972336  2.6468678  0.2559017 
496   4.0080385  0.6971020  2.6856785  0.2587147 
497   3.9720864  0.6871161  2.6863394  0.2430344 
498   3.9218910  0.7031587  2.6762409  0.2756311 
499   4.0217280  0.6838568  2.7155757  0.2653816 
500   4.0467176  0.7003865  2.7697365  0.2532839 
501   3.9996643  0.6953537  2.7523930  0.2469428 
502   4.0576730  0.7200664  2.7374656  0.3064421 
503   4.0559683  0.7108343  2.7380404  0.3116187 
504   4.0887313  0.6931711  2.7869852  0.2585461 
505   4.0155630  0.6840792  2.7212660  0.2789019 
506   4.0192738  0.6945362  2.7314773  0.2705905 
507   3.9887106  0.6825553  2.7057533  0.3009670 
508   3.9731247  0.6898696  2.6902900  0.3439286 
509   3.9502108  0.6822255  2.7059085  0.3050365 
510   4.0062141  0.7079907  2.7501094  0.3250598 
511   4.0802951  0.7079328  2.8262889  0.3352402 
512   4.1086602  0.7033180  2.8246813  0.3210539 
513   4.1570826  0.7264831  2.8710947  0.3451999 
514   4.2551684  0.7151834  2.9558909  0.3328828 
515   4.2658219  0.7358948  2.9500103  0.3393244 
516   4.2653828  0.7527522  2.9427085  0.3292933 
517   4.3223872  0.7459021  3.0325413  0.3464862 
518   4.2920856  0.7274991  3.0017409  0.3483154 
519   4.2365727  0.7414156  2.9586513  0.3299170 
520   4.2243276  0.7576552  2.9869602  0.3101408 
521   4.2362533  0.7396644  2.9661460  0.3333838 
522   4.2105398  0.7488384  2.9265218  0.3185623 
523   4.2766261  0.7400429  2.9685915  0.3358708 
524   4.2228189  0.7506569  2.9282322  0.3384677 
525   4.2237840  0.7172397  2.9220331  0.3158163 
526   4.2015009  0.7201172  2.9435692  0.3288378 
527   4.1859722  0.7236116  2.9525690  0.3389083 
528   4.2130251  0.7259964  2.9535563  0.3470493 
529   4.2909050  0.7117848  3.0188086  0.3674013 
530   4.2651086  0.7033564  3.0150495  0.3480905 
531   4.1996927  0.7003631  2.9474945  0.3652529 
532   4.2204733  0.7251711  2.9758918  0.3587552 
533   4.1796227  0.7233968  2.9491472  0.3887794 
534   4.1627378  0.7047974  2.9215131  0.3310300 
535   4.0543904  0.7157546  2.8530140  0.3331230 
536   4.1012335  0.7198297  2.8962197  0.3333405 
537   4.1277723  0.7110526  2.9050112  0.3498959 
538   4.0315719  0.7225156  2.8880856  0.3500015 
539   4.1442881  0.7250748  2.9045396  0.3182334 
540   4.1729765  0.7400095  2.9319632  0.3354161 
541   4.1180201  0.7241327  2.9085991  0.3411864 
542   4.1090851  0.7077855  2.8417835  0.3090482 
543   4.1585011  0.7030968  2.8948526  0.3014081 
544   4.1329155  0.7197802  2.9039218  0.3375608 
545   4.1995912  0.7129907  2.9244766  0.3471498 
546   4.0868292  0.7285662  2.8905520  0.3030225 
547   4.0648670  0.7132749  2.8711751  0.3187080 
548   4.0150228  0.7223988  2.8110805  0.3220119 
549   4.0868225  0.7137536  2.8748839  0.3136651 
550   4.0741558  0.7143933  2.8555300  0.2973878 
551   4.1653061  0.7409377  2.9294052  0.3110039 
552   4.1474628  0.7216951  2.8897247  0.3047540 
553   4.1892180  0.7416826  2.9376566  0.3152147 
554   4.1347709  0.7351996  2.8955889  0.3079352 
555   4.2122459  0.7437025  2.9756629  0.3396725 
556   4.1627460  0.7332968  2.9442258  0.3311362 
557   4.1238809  0.7733357  2.9096839  0.2968256 
558   4.1776834  0.7831886  2.9583976  0.3201876 
559   4.1293187  0.7812851  2.9289649  0.3266757 
560   4.0061092  0.7752445  2.8213563  0.3301023 
561   3.9720140  0.7633157  2.8369210  0.3345259 
562   4.1074457  0.7593373  2.9293683  0.3041105 
563   4.1003342  0.7656702  2.9594102  0.3145643 
564   4.0087776  0.7460191  2.8782334  0.3199643 
565   4.1207128  0.7663788  2.9894431  0.3108891 
566   4.0882554  0.7391086  2.9309289  0.3412680 
567   4.1574087  0.7481033  2.9587326  0.3024927 
568   4.1208844  0.7737238  2.9655979  0.3306886 
569   4.0869203  0.7534695  2.9389749  0.3347540 
570   4.0502896  0.7563762  2.9125054  0.3136317 
571   4.1303482  0.7595725  2.9598932  0.2960714 
572   4.1762853  0.7578325  3.0327535  0.3107108 
573   4.1087718  0.7721338  2.9483533  0.2996438 
574   4.1050439  0.7577147  2.9336386  0.3145612 
575   4.1178961  0.7367592  2.9351108  0.2963764 
576   4.0352416  0.7274467  2.8540921  0.2832040 
577   4.0669737  0.7443584  2.8977292  0.2816846 
578   4.0601621  0.7707024  2.9394736  0.2826106 
579   4.0617676  0.7652242  2.9235456  0.2967907 
580   4.1147289  0.7619740  2.9568779  0.2717416 
581   4.0612798  0.7575349  2.8973391  0.2773329 
582   4.0045581  0.7626147  2.8825274  0.2866167 
583   4.0931182  0.7528403  2.9018815  0.2688773 
584   4.0773563  0.7427828  2.8938708  0.3000247 
585   4.0419397  0.7499372  2.8554640  0.3047470 
586   4.0240479  0.7574195  2.8501287  0.2926602 
587   3.9873810  0.7646823  2.8290932  0.2995720 
588   4.0004210  0.7467023  2.8122973  0.3330511 
589   4.0674763  0.7471159  2.8777180  0.3144862 
590   4.1488724  0.7425767  2.9493172  0.3367774 
591   4.1386929  0.7640041  2.9440684  0.3365667 
592   4.0771251  0.7640211  2.9015777  0.3143632 
593   4.1283846  0.7656097  2.9388924  0.3489880 
594   4.1208882  0.7617842  2.9133430  0.3121342 
595   4.0773754  0.7260418  2.8547714  0.3249687 
596   4.0830793  0.7574847  2.8684769  0.3346067 
597   4.1797786  0.7346832  2.8971939  0.3180049 
598   4.1181002  0.7392509  2.8823049  0.3113875 
599   4.0862679  0.7510465  2.8857365  0.3355496 
600   4.1223040  0.7517416  2.8712895  0.3404932 
601   4.0666037  0.7537015  2.8139377  0.3475701 
602   4.1171846  0.7714059  2.8518753  0.3594315 
603   4.0938168  0.7375120  2.8505325  0.3500726 
604   4.1589632  0.7459276  2.9120097  0.3448214 
605   4.1938210  0.7735399  2.9394085  0.3452426 
606   4.1756544  0.7950223  2.9263611  0.3514930 
607   4.1722450  0.7687058  2.8689599  0.3558582 
608   4.1527972  0.7615762  2.8979275  0.3721295 
609   4.1365900  0.7857035  2.8727665  0.3694051 
610   4.2065840  0.7729036  2.8933876  0.3410302 
611   4.0711274  0.7524654  2.7766266  0.3882053 
612   4.0095267  0.7652502  2.7848759  0.3564052 
613   3.9453597  0.7640916  2.7117705  0.3188535 
614   3.9245734  0.7424958  2.6732264  0.3254880 
615   4.0095930  0.7735816  2.7667022  0.3638763 
616   3.9554050  0.7602826  2.7460568  0.3542514 
617   4.0326099  0.7564569  2.8169188  0.3184181 
618   4.0778413  0.7627776  2.8455009  0.3502513 
619   4.0618267  0.7509195  2.7854450  0.3384600 
620   4.0827518  0.7540631  2.8192182  0.3409027 
621   4.0930681  0.7779050  2.8613672  0.3386151 
622   4.0317564  0.7556631  2.8040771  0.3328654 
623   4.1622300  0.7584150  2.8722818  0.3262553 
624   4.1683960  0.7492686  2.8592613  0.3263370 
625   4.1751890  0.7591518  2.8708777  0.3658243 
626   4.2212005  0.7646076  2.9105916  0.3468199 
627   4.1825151  0.7544320  2.8806090  0.3141296 
628   4.1750703  0.7680090  2.8993852  0.3266808 
629   4.1945543  0.7295134  2.8487425  0.3235810 
630   4.2315578  0.7783591  2.8857086  0.3251772 
631   4.2228961  0.7559845  2.8866308  0.3263326 
632   4.2860384  0.7730806  2.9306669  0.3555845 
633   4.2542629  0.7503631  2.9054754  0.3052942 
634   4.2469540  0.7734923  2.9080660  0.3241060 
635   4.2489586  0.7622806  2.9067054  0.3280816 
636   4.2759247  0.7864367  2.8863862  0.3046254 
637   4.3054552  0.7713761  2.9653742  0.3501397 
638   4.3135772  0.7702917  2.9342792  0.3546458 
639   4.2868643  0.7763787  2.9175715  0.3262182 
640   4.2901039  0.7551882  2.9181182  0.3151366 
641   4.2512231  0.7549119  2.8939209  0.3287492 
642   4.2473965  0.7490302  2.8975441  0.3062353 
643   4.2360063  0.7777516  2.9285336  0.3523809 
644   4.3184934  0.7722443  2.9930561  0.3513378 
645   4.3793359  0.7804309  2.9977794  0.3375346 
646   4.3460174  0.7740925  2.9527359  0.3256521 
647   4.3651071  0.7626107  2.9833443  0.3537976 
648   4.3892899  0.7800972  3.0365515  0.3328871 
649   4.2993355  0.7790697  2.9638839  0.3845057 
650   4.3558016  0.7639494  2.9846900  0.3371779 
651   4.2918258  0.7674634  2.9158254  0.3670609 
652   4.3621197  0.7784865  2.9997404  0.3698951 
653   4.3442879  0.7735984  2.9821625  0.3473862 
654   4.3852148  0.7605359  2.9604757  0.3435119 
655   4.3713765  0.7645481  2.9776962  0.3267025 
656   4.3179126  0.7760296  2.9531682  0.3640711 
657   4.2746143  0.7693905  2.9191492  0.3498340 
658   4.2269115  0.7601418  2.9073677  0.3585974 
659   4.3022976  0.7536537  2.9932010  0.3154987 
660   4.2354193  0.7962559  2.9289150  0.3286342 
661   4.2472253  0.7535845  2.9473772  0.3452472 
662   4.2729769  0.7487482  2.9667814  0.3233138 
663   4.1402459  0.7639718  2.8197651  0.3286983 
664   4.1930585  0.7346162  2.8579538  0.3378710 
665   4.2493410  0.7698650  2.9461415  0.3444079 
666   4.1134300  0.7885875  2.8599486  0.3466220 
667   4.0558629  0.7952006  2.8225377  0.3758961 
668   4.0975952  0.7897020  2.8313406  0.3520482 
669   4.1766810  0.7822366  2.8770854  0.3454157 
670   4.0235095  0.7489696  2.7817307  0.3274965 
671   4.0890651  0.7596772  2.8873148  0.3436916 
672   4.1671324  0.7810162  2.9309473  0.3297036 
673   4.1609421  0.7700856  2.8896675  0.3337300 
674   4.1068444  0.7688709  2.8482037  0.3245624 
675   4.1250744  0.7769932  2.8634462  0.3021164 
676   4.0942311  0.7735308  2.8645754  0.2998151 
677   4.0688353  0.7590310  2.9004221  0.3003871 
678   4.0460720  0.7433022  2.8520391  0.3259352 
679   4.0867319  0.7650650  2.8709023  0.3174056 
680   3.9508820  0.7822464  2.8059635  0.3343514 
681   4.0048709  0.7724308  2.8116660  0.3262950 
682   4.0007186  0.7678310  2.8151586  0.3317508 
683   4.0484543  0.7714174  2.8922873  0.3269226 
684   4.0610876  0.7629060  2.8844731  0.3360341 
685   3.9944150  0.7870036  2.8311517  0.3467101 
686   4.0058694  0.7705039  2.8282499  0.3248244 
687   4.0059547  0.7722580  2.8014967  0.3165609 
688   4.0827041  0.7715523  2.8331025  0.3031258 
689   4.0721917  0.7698937  2.8535480  0.3139383 
690   4.1619086  0.7596036  2.9454322  0.3368130 
691   4.1567402  0.7533433  2.9353886  0.3490827 
692   4.0728846  0.7664294  2.8502884  0.3583564 
693   4.0896101  0.7613311  2.8463943  0.3625487 
694   4.0626445  0.7729435  2.8539588  0.3781226 
695   4.0781870  0.7960513  2.8632441  0.3689678 
696   4.0131946  0.7833195  2.8074787  0.3534816 
697   3.9363523  0.7818255  2.7919834  0.3514490 
698   3.9142084  0.7859328  2.7581697  0.3546411 
699   3.9433599  0.7788465  2.7900536  0.3313942 
700   3.8936715  0.7789388  2.7973182  0.3533281 
701   3.8749533  0.7743117  2.8045399  0.3321752 
702   3.9067528  0.7563888  2.7981722  0.3420013 
703   3.8573654  0.7660441  2.7667036  0.3556787 
704   3.8962791  0.7673281  2.8483462  0.3719345 
705   3.9769466  0.7647222  2.8786206  0.3632165 
706   3.9846334  0.7633315  2.8689659  0.3532176 
707   3.9557879  0.7687402  2.8371091  0.3455154 
708   3.9819229  0.7504664  2.8537588  0.3335507 
709   3.9970057  0.7498127  2.8548293  0.3362337 
710   3.9655972  0.7590224  2.8200941  0.3139363 
711   4.0579071  0.7725579  2.8878241  0.3414531 
712   4.1421690  0.7765257  2.9373293  0.3610800 
713   4.1169910  0.7687314  2.9753647  0.3484700 
714   4.1389351  0.7663227  2.9761472  0.3346793 
715   4.1029134  0.7663667  2.9396882  0.3550698 
716   4.0865655  0.7666175  2.8875773  0.3911764 
717   4.1176925  0.7672969  2.9572160  0.3433030 
718   4.1638122  0.7958812  2.9676647  0.3671640 
719   4.1115975  0.7894929  2.9654360  0.3651563 
720   4.1496391  0.8131217  3.0545173  0.3912091 
721   4.0394773  0.7895018  2.9044044  0.3856201 
722   4.0831676  0.7702448  2.9577248  0.3951398 
723   4.1352711  0.7662208  2.9456480  0.3876544 
724   4.0610690  0.7502754  2.9235215  0.4030051 
725   4.1014404  0.7741168  2.9489915  0.3695130 
726   4.1345282  0.7600197  2.9577143  0.3988664 
727   4.1646676  0.7536930  2.9512129  0.4107477 
728   4.2036152  0.7717034  2.9796185  0.3974161 
729   4.2165794  0.7713366  2.9749620  0.4022392 
730   4.1669545  0.7774772  2.9591966  0.4139501 
731   4.1036983  0.7696940  2.8866723  0.4017030 
732   4.1215763  0.7598252  2.9662340  0.3726617 
733   4.2028642  0.7734352  2.9979990  0.3973904 
734   4.1832132  0.7486855  2.9697978  0.3812563 
735   4.2247148  0.7505359  3.0397408  0.3521013 
736   4.1854300  0.7618247  3.0158772  0.3517097 
737   4.1766658  0.7554393  2.9745302  0.3531651 
738   4.1568809  0.7570402  2.9635799  0.3870195 
739   4.1255374  0.7495443  2.9104948  0.3616941 
740   4.1227689  0.7882681  2.9569194  0.3550225 
741   4.1969562  0.7923175  3.0260267  0.3782131 
742   4.2238064  0.7580837  3.0649147  0.3858087 
743   4.1747956  0.7956148  3.0565114  0.4003267 
744   4.1802087  0.7976931  3.0382240  0.4105301 
745   4.1775355  0.7654732  3.0404694  0.3465420 
746   4.1605201  0.7882619  2.9986031  0.4075319 
747   4.1845360  0.7902215  2.9980152  0.3944689 
748   4.1540961  0.7920370  2.9913981  0.3842405 
749   4.1195564  0.7648031  2.9393284  0.3749624 
750   4.1022539  0.7849838  2.9482732  0.3890633 
751   4.1454115  0.7892152  2.9624317  0.4076840 
752   4.0859141  0.8204768  2.9521489  0.3993145 
753   4.1006556  0.8053553  2.9491708  0.3843962 
754   4.1581464  0.8088521  3.0003262  0.3770366 
755   4.1292400  0.8233219  3.0174160  0.3922908 
756   4.1768303  0.8154505  3.0161960  0.3994230 
757   4.1130943  0.7986353  2.9185977  0.4021640 
758   4.1337218  0.8045829  2.9181201  0.3895305 
759   4.1536446  0.7932011  2.9774013  0.3638043 
760   4.1150212  0.7986063  2.9604261  0.3882150 
761   4.1299663  0.8192099  2.9482331  0.3903664 
762   4.0427051  0.7948362  2.9536388  0.3677695 
763   3.9524181  0.7729511  2.8378456  0.3997801 
764   4.0878267  0.7982767  2.9871693  0.3840038 
765   3.9260209  0.7868342  2.8479574  0.3764873 
766   3.9784374  0.7911890  2.8491199  0.3752738 
767   4.0583153  0.7719749  2.9022205  0.3599616 
768   4.1021595  0.7890968  2.9115973  0.3679178 
769   4.0857754  0.7773907  2.9228926  0.3634708 
770   4.0509639  0.7938357  2.9036264  0.3621049 
771   4.0417514  0.7912354  2.9104760  0.3629979 
772   4.1488948  0.7865298  2.9713156  0.3888730 
773   4.0673766  0.7862045  2.9284236  0.3635508 
774   4.0890036  0.7954827  2.9348924  0.3914678 
775   4.0438299  0.7761823  2.9083714  0.3769764 
776   4.1047301  0.8044198  2.9410138  0.3768043 
777   4.1557302  0.7904501  2.9802346  0.3754116 
778   4.0541224  0.7769107  2.8787005  0.3793395 
779   4.1672034  0.7860223  2.9565287  0.3596567 
780   4.0944514  0.8029388  2.9254184  0.3824521 
781   4.0448413  0.8075237  2.8705971  0.3871348 
782   4.0287189  0.7783533  2.8423929  0.3836273 
783   4.0424094  0.7814072  2.8949287  0.3714563 
784   4.0906940  0.7991689  2.9514463  0.3660605 
785   4.0969062  0.8029505  2.8968153  0.3903687 
786   4.1229429  0.8327717  2.9533362  0.4284274 
787   3.9651778  0.8145899  2.8351736  0.3965544 
788   4.0623150  0.8221229  2.9179235  0.4018676 
789   4.0018692  0.8409291  2.8598335  0.3975750 
790   3.9416625  0.8406472  2.8058648  0.4265557 
791   4.0171661  0.8162189  2.8231351  0.4296456 
792   3.9850631  0.8097291  2.7875848  0.4059124 
793   3.9545476  0.8110400  2.7876372  0.4241613 
794   3.9957483  0.8262017  2.8555486  0.4390239 
795   3.9844098  0.8301631  2.8070407  0.4221361 
796   4.0254965  0.8203837  2.8317008  0.4241630 
797   4.0948400  0.8080062  2.8749876  0.4432802 
798   4.0341020  0.8362679  2.8450468  0.4045628 
799   4.0467839  0.8296105  2.8671086  0.3972372 
800   4.0553384  0.8202205  2.8285012  0.4212517 
801   4.0445061  0.8344014  2.8241577  0.4382705 
802   3.9832203  0.8294923  2.7897429  0.4373594 
803   3.9591146  0.8338050  2.7858088  0.4266448 
804   3.9009724  0.8233106  2.7352483  0.3938438 
805   3.9041646  0.8302522  2.7757516  0.4291790 
806   3.8795660  0.8252357  2.7394400  0.4109144 
807   4.0198550  0.8124099  2.8060684  0.3723161 
808   3.9900930  0.8266370  2.8142006  0.3796600 
809   3.9856384  0.8349715  2.8581493  0.4062016 
810   3.8732104  0.8160368  2.7569425  0.4074428 
811   3.8925843  0.8415496  2.7787063  0.4031917 
812   3.9175797  0.8254563  2.8192139  0.4128432 
813   3.9600403  0.8298264  2.8345041  0.4180962 
814   3.8814437  0.8311132  2.8388524  0.4093314 
815   3.9558349  0.8195942  2.8563700  0.4150083 
816   3.9683838  0.8339959  2.8735859  0.4025302 
817   3.9287586  0.8342916  2.8339686  0.4088601 
818   3.9690101  0.8259748  2.8508842  0.4298168 
819   3.8756840  0.8409343  2.7819450  0.4342360 
820   3.8087525  0.8305547  2.7432699  0.3965016 
821   3.8025594  0.8498014  2.7618501  0.4128259 
822   3.7927461  0.8330866  2.7488863  0.4290196 
823   3.8682101  0.8220619  2.7453759  0.4193878 
824   3.9019899  0.8293096  2.7951849  0.4047820 
825   3.7974594  0.8021184  2.6984129  0.4190353 
826   3.8423581  0.8113028  2.7508006  0.4036560 
827   3.9129193  0.7999800  2.7897992  0.4157402 
828   3.8712182  0.7952315  2.7360747  0.3895244 
829   3.8829527  0.8324245  2.7859235  0.4645581 
830   3.9035902  0.8139702  2.7650208  0.4631914 
831   3.9180315  0.8067576  2.7999279  0.4515707 
832   3.9082911  0.8095899  2.8089862  0.4718994 
833   3.9067178  0.7934973  2.7908514  0.4519263 
834   3.9782610  0.7993959  2.8295002  0.4431700 
835   3.9179568  0.7861409  2.8114090  0.4304338 
836   3.8354478  0.8032997  2.7742636  0.4315530 
837   3.8736441  0.7912077  2.7944601  0.4313189 
838   3.8682361  0.8002759  2.8064408  0.4319999 
839   3.8440695  0.8015440  2.7618465  0.4519282 
840   3.8015866  0.7836895  2.7268357  0.4184922 
841   3.8847225  0.8180182  2.7834311  0.4445202 
842   3.8739710  0.8246065  2.7755301  0.4210150 
843   3.9022317  0.8302727  2.8072135  0.4024152 
844   3.8828623  0.8313804  2.7948480  0.4513460 
845   3.8634431  0.8192061  2.7371194  0.4085944 
846   3.8744829  0.8084636  2.7437255  0.4173138 
847   3.9496460  0.8074217  2.8224120  0.4409137 
848   3.9180434  0.7901446  2.8135333  0.4141792 
849   3.9617894  0.8137288  2.8631878  0.4212914 
850   3.9792774  0.8202509  2.8722475  0.3997129 
851   3.9834671  0.8052782  2.8639073  0.4154526 
852   3.9245448  0.7901806  2.8220851  0.4130782 
853   3.9870045  0.7991243  2.8707364  0.3879229 
854   3.9540489  0.8053769  2.8699703  0.4096523 
855   3.9363706  0.8083444  2.8607237  0.4045120 
856   3.8736129  0.7954218  2.7762141  0.3935301 
857   3.9099188  0.7891455  2.7902000  0.4050270 
858   3.9105160  0.8100781  2.7851021  0.4164460 
859   3.8428869  0.8153978  2.7795653  0.4359334 
860   3.9128528  0.8285971  2.8502414  0.4656682 
861   3.9135616  0.8169137  2.8295064  0.4480791 
862   3.9652889  0.8253466  2.8909199  0.4380772 
863   3.9159100  0.8107650  2.8316448  0.4680662 
864   3.9039977  0.8048971  2.8141170  0.4763255 
865   3.9271004  0.8033955  2.8358700  0.4436500 
866   4.0267196  0.8305420  2.8666208  0.4649803 
867   4.0092869  0.8463943  2.8674834  0.4585732 
868   3.9997299  0.8397505  2.8601079  0.4425993 
869   3.9534588  0.8285825  2.8449388  0.4848643 
870   4.0022268  0.8195826  2.8897848  0.4268373 
871   3.8953629  0.8228700  2.8111162  0.4434913 
872   4.0454068  0.8475482  2.9051409  0.4714482 
873   4.0155673  0.8383304  2.9088209  0.4371127 
874   3.9674757  0.8453563  2.8347476  0.4627851 
875   4.0626550  0.8667877  2.9026830  0.4627349 
876   4.0616589  0.8515102  2.8911445  0.4694043 
877   4.0503416  0.8567004  2.8823376  0.4686613 
878   3.9827497  0.8486369  2.8151157  0.4832197 
879   3.9723871  0.8544880  2.8532686  0.5127092 
880   4.0248475  0.8802775  2.8783498  0.4697109 
881   4.0993376  0.8881936  2.9757576  0.5339507 
882   4.0105529  0.8628102  2.9177706  0.4744264 
883   3.9621422  0.8803050  2.8560674  0.5348871 
884   4.0382805  0.8449824  2.8413591  0.4884667 
885   4.0313988  0.8610907  2.8892872  0.5141854 
886   4.1607089  0.8616651  2.9640422  0.4472067 
887   4.2436681  0.8642415  3.0595720  0.4743755 
888   4.0827875  0.8630305  2.9338558  0.4894026 
889   4.1119175  0.8575379  2.9252396  0.4592867 
890   3.9776940  0.8612784  2.8363822  0.5235755 
891   4.0134788  0.8522446  2.8678968  0.4687228 
892   4.0275149  0.8509014  2.9242730  0.5037591 
893   4.0195913  0.8487071  2.9268780  0.5074824 
894   3.9519558  0.8462608  2.8775861  0.4868276 
895   3.9635339  0.8549640  2.8152556  0.4807104 
896   3.9455767  0.8633856  2.8175340  0.5015854 
897   3.8802135  0.8518313  2.7846541  0.5099149 
898   3.8887532  0.8349596  2.7988238  0.4957108 
899   3.8687234  0.8343006  2.7756467  0.5618259 
900   3.8312998  0.8232310  2.7096219  0.5161096 
901   3.9384401  0.8476874  2.7805667  0.5309718 
902   3.9330637  0.8445897  2.7796578  0.5154896 
903   3.9210365  0.8369826  2.7725797  0.5574455 
904   3.9112549  0.8455586  2.8118463  0.5838725 
905   3.9532561  0.8396716  2.8288400  0.5334450 
906   3.9804626  0.8537282  2.8119302  0.5664075 
907   4.0145664  0.8724162  2.8568556  0.5762822 
908   4.0241661  0.8592924  2.8400133  0.5771591 
909   4.0276203  0.8608161  2.8620105  0.5846610 
910   3.9629557  0.8509483  2.7687478  0.5628814 
911   4.0774136  0.8669287  2.8871939  0.5462590 
912   4.0496645  0.8597191  2.8578196  0.5943721 
913   4.0677528  0.8456429  2.8604522  0.5823895 
914   4.0980635  0.8401138  2.8515139  0.5762387 
915   4.0206075  0.8281707  2.8293335  0.5637273 
916   4.0457444  0.8419090  2.8504245  0.6039191 
917   4.0179610  0.8667530  2.8343177  0.5469996 
918   3.9181390  0.8186362  2.7636931  0.5154811 
919   4.0017524  0.8525292  2.8549666  0.5249203 
920   3.9510410  0.8136676  2.7778070  0.5013200 
921   3.9864869  0.8596513  2.8181198  0.5567133 
922   4.0161643  0.8417154  2.8404477  0.4992800 
923   4.0121312  0.8583986  2.8204598  0.5381090 
924   4.0643749  0.8627540  2.8352132  0.5803567 
925   4.0749822  0.8687342  2.8525639  0.6409207 
926   4.1214838  0.8823212  2.8873754  0.6021559 
927   4.0551181  0.8558920  2.8596814  0.6001530 
928   4.0311627  0.8654568  2.8189909  0.6040175 
929   4.0853443  0.8884155  2.9191275  0.6296527 
930   4.0257263  0.8872322  2.8981719  0.6271396 
931   3.9948282  0.8605573  2.8734496  0.5874022 
932   4.1031280  0.8848324  2.9579723  0.6024631 
933   4.0100880  0.8514400  2.8643975  0.6064163 
934   4.0479155  0.8642762  2.9096413  0.5541730 
935   4.0280995  0.8720600  2.8967299  0.5585926 
936   4.0214281  0.8810175  2.8981102  0.5873125 
937   4.0666795  0.8793492  2.9175756  0.6235794 
938   4.0996666  0.8849260  2.9469588  0.6231425 
939   4.0943394  0.9086292  2.9498632  0.6487544 
940   3.9730551  0.8871745  2.8270226  0.6102248 
941   3.9274638  0.8852656  2.8244004  0.6308443 
942   3.9578850  0.8835831  2.8659403  0.6029277 
943   3.9791992  0.8981377  2.8711851  0.6567007 
944   3.9516001  0.8843516  2.8752987  0.6041083 
945   3.9682028  0.8815141  2.8781292  0.6038781 
946   3.9532242  0.8626915  2.8664842  0.6600067 
947   4.0697141  0.8802546  2.9489479  0.6690872 
948   3.9832394  0.8599376  2.8979094  0.6113447 
949   3.9354396  0.8745431  2.8493338  0.6451386 
950   3.8952200  0.8688324  2.8370135  0.6317468 
951   4.0112653  0.8736964  2.9184744  0.6044388 
952   4.0705643  0.8438342  2.9488783  0.5947653 
953   4.0174818  0.8834081  2.9008610  0.6740617 
954   4.0558791  0.8919137  2.9083872  0.6195795 
955   4.0399590  0.8936147  2.9365442  0.6395421 
956   4.0061893  0.9063190  2.8980994  0.6368891 
957   4.0620127  0.9250538  2.9243479  0.6334647 
958   4.0915031  0.9328043  2.9699824  0.6544273 
959   3.9667699  0.8968887  2.8768947  0.6004131 
960   3.9079769  0.8881119  2.8247588  0.5762411 
961   3.9949307  0.9132265  2.8802242  0.6378998 
962   3.9302838  0.8722358  2.8676386  0.5630481 
963   3.9565718  0.8772065  2.8338263  0.5720970 
964   3.9318564  0.8730254  2.8397770  0.5582821 
965   3.9176357  0.8597029  2.8362885  0.5381483 
966   3.9836636  0.8843273  2.8866313  0.5313153 
967   3.9811921  0.8862770  2.8824539  0.5828978 
968   3.9205053  0.8543050  2.8447444  0.4982071 
969   4.0161920  0.8690685  2.9096913  0.5553004 
970   4.0565977  0.8567073  2.9139276  0.5142295 
971   4.0288429  0.8593744  2.9039795  0.5740150 
972   3.9712818  0.8514745  2.8897963  0.5637898 
973   3.9620872  0.8580326  2.8655882  0.5449922 
974   4.0236387  0.8796514  2.9143288  0.5451998 
975   4.0412626  0.8735155  2.9150651  0.5430975 
976   4.0219631  0.8873593  2.8950429  0.5614070 
977   3.9343977  0.8660510  2.8142555  0.5628217 
978   3.9808462  0.8673172  2.8397536  0.5299063 
979   3.9097486  0.8655593  2.8172631  0.5374023 
980   3.9598176  0.8734798  2.8632209  0.5431762 
981   3.9771276  0.8604164  2.8387630  0.5363482 
982   3.9607031  0.8823189  2.8635585  0.5437087 
983   3.9470234  0.9097261  2.8627436  0.5721266 
984   3.9576733  0.8742000  2.9141762  0.5268596 
985   3.9289439  0.8774700  2.8408535  0.5539699 
986   4.0242229  0.8723944  2.8706892  0.5149106 
987   3.9939153  0.8748051  2.8396442  0.5068232 
988   3.9474199  0.8630770  2.8576238  0.5193765 
989   3.9243228  0.8849956  2.8571227  0.5403093 
990   3.8548894  0.8997688  2.7955699  0.5695691 
991   3.8368242  0.8823282  2.8111320  0.5653330 
992   3.8896284  0.8857164  2.8699107  0.5656179 
993   3.9710279  0.9085662  2.9248638  0.5339147 
994   3.9532278  0.9059482  2.8979161  0.5731561 
995   3.9406738  0.8971484  2.8561914  0.5218615 
996   4.0027838  0.9178089  2.8964038  0.5646173 
997   4.0146098  0.9148107  2.9338315  0.5701445 
998   3.9954894  0.9373903  2.9120471  0.5523995 
999   3.9135606  0.9103597  2.8400366  0.5867208 
1000  4.0082402  0.9273049  2.9277818  0.5831414 
1001  3.9630744  0.9271792  2.8883328  0.5751477 
1002  3.9805326  0.9455176  2.8844790  0.6238027 
1003  3.8741443  0.8817703  2.8268251  0.5180104 
1004  3.8765874  0.9131942  2.8232851  0.5743039 
1005  3.9060791  0.8907403  2.8580291  0.5905128 
1006  3.9787605  0.9144341  2.9019527  0.6059642 
1007  4.0146861  0.9157872  2.9259095  0.5278958 
1008  3.9540505  0.9188117  2.8723404  0.5413529 
1009  3.8568952  0.9143708  2.8059759  0.5473815 
1010  3.9523509  0.9087155  2.8724067  0.5489976 
1011  3.8857906  0.9106336  2.7928612  0.5162426 
1012  3.8692162  0.9008430  2.8096743  0.5197833 
1013  3.8114338  0.8876914  2.7502193  0.5067593 
1014  3.8609490  0.8808525  2.7994189  0.4806004 
1015  3.8612137  0.8725958  2.7904871  0.5217275 
1016  3.7938101  0.8638552  2.7606761  0.4869512 
1017  3.9273660  0.8905566  2.8630369  0.5379989 
1018  3.7901728  0.8732257  2.7992864  0.5168469 
1019  3.8701541  0.8959638  2.8238273  0.5034192 
1020  3.9301105  0.8996280  2.8742292  0.5648087 
1021  3.9411075  0.8630930  2.8585837  0.5387014 
1022  4.0179305  0.9013330  2.9363182  0.5985524 
1023  4.0648074  0.9070948  2.9684281  0.5561375 
1024  4.0581393  0.9033194  2.9739122  0.5460486 
1025  4.0117860  0.8959472  2.8989367  0.5742028 
1026  3.9262822  0.8913105  2.8333309  0.5661319 
1027  4.0746193  0.9405617  2.9804747  0.5808324 
1028  3.9880831  0.9302618  2.9117424  0.5761070 
1029  4.0811296  0.9218673  2.9845564  0.5710829 
1030  4.0628653  0.8898019  2.9152644  0.5632038 
1031  4.0702438  0.8930317  2.9427340  0.5575919 
1032  4.1470518  0.9159388  3.0145447  0.5707732 
1033  4.0550375  0.8962763  2.8701472  0.5367161 
1034  4.0038733  0.9007542  2.8847482  0.5235226 
1035  3.9753804  0.9187877  2.8946841  0.5478970 
1036  3.8705318  0.9393119  2.7704942  0.5642605 
1037  3.8356984  0.9344269  2.7486737  0.5740601 
1038  3.8251660  0.9111532  2.7549224  0.5528027 
1039  3.9223297  0.9223634  2.8083434  0.5349464 
1040  3.9901850  0.9424037  2.8877256  0.5935106 
1041  3.9832726  0.9204698  2.8643866  0.5565826 
1042  3.9502566  0.9368170  2.8404846  0.5466225 
1043  4.0235062  0.9397109  2.8929765  0.5264890 
1044  4.0327840  0.9417365  2.8942034  0.5311731 
1045  4.0656409  0.9457427  2.9072464  0.5813960 
1046  3.9696066  0.9335315  2.8411505  0.5720348 
1047  4.0423207  0.9322550  2.9035392  0.5774446 
1048  3.9580069  0.9123354  2.8065028  0.5985704 
1049  3.9725919  0.9152811  2.8383381  0.5500700 
1050  4.1003656  0.9380072  2.8966763  0.5566345 
1051  4.0939045  0.9458799  2.8969805  0.6097589 
1052  4.1268740  0.9553261  2.9250937  0.5840566 
1053  4.1120749  0.9405506  2.9306207  0.6161359 
1054  4.0869555  0.9453534  2.9112637  0.6086544 
1055  4.0865602  0.9582792  2.9171729  0.5993766 
1056  4.0568333  0.9646519  2.9090226  0.6066851 
1057  3.9827492  0.9513997  2.8302622  0.5409667 
1058  4.0411510  0.9284875  2.8907280  0.5506284 
1059  4.0544329  0.9607777  2.9057198  0.5523239 
1060  4.0937724  0.9559870  2.9018171  0.5588197 
1061  4.0752897  0.9900145  2.9014812  0.5916912 
1062  4.0509171  0.9633675  2.9142888  0.5746294 
1063  4.1247883  0.9544381  2.9260652  0.5862031 
1064  4.1660132  0.9642746  2.9836392  0.5804209 
1065  4.0710602  0.9560082  2.9251339  0.6157649 
1066  4.0787029  0.9427564  2.9309251  0.5413647 
1067  4.1343546  0.9703778  2.9490573  0.5982741 
1068  4.1929007  0.9546494  2.9888179  0.5827692 
1069  4.1292782  0.9670026  2.9275911  0.5779193 
1070  4.2491117  0.9693131  3.0579007  0.5984096 
1071  4.1235800  0.9590660  2.9776108  0.6129228 
1072  4.1645341  0.9540374  3.0034244  0.5742537 
1073  4.1433997  0.9738888  2.9350796  0.5968509 
1074  4.1783805  0.9419893  2.9828413  0.5717952 
1075  4.0800462  0.9375486  2.8665679  0.5878140 
1076  4.1494684  0.9450960  2.9462378  0.5523354 
1077  4.1682315  0.9471086  2.9617095  0.5907169 
1078  4.2705355  0.9633135  3.0660577  0.6195602 
