#time, _distVP, _dist67, _distF,  _domz1, _flattenA, _projA, _domeA, _hrot, _projA_RF, _rad
     0    0.73   19.40   15.55    8.63   52.42  384.53  618.19   24.99  253.25   11.41
     1    0.74   20.18   15.57    8.19   55.07  418.18  628.63   24.92  254.01   12.22
     2    0.72   20.83   15.89    7.80   56.90  437.98  629.01   24.07  264.43   12.83
     3    0.73   21.00   15.75    7.74   57.04  433.83  621.55   24.67  259.68   12.79
     4    0.70   20.60   15.77    7.70   57.02  428.74  614.69   24.97  260.39   12.71
     5    0.73   20.65   15.88    7.75   56.90  433.42  621.58   25.31  264.17   12.78
     6    0.69   21.02   16.12    7.50   58.25  448.76  625.03   25.39  272.31   13.28
     7    0.67   21.29   16.01    7.38   58.82  457.24  628.00   22.71  268.99   13.55
     8    0.73   21.73   16.11    7.14   59.95  467.47  627.30   23.61  272.42   13.99
     9    0.72   21.60   16.28    6.98   60.35  460.88  613.63   23.21  278.16   14.00
    10    0.62   21.67   16.39    6.89   60.90  469.16  617.93   21.11  282.36   14.28
    11    0.67   21.55   16.53    7.05   60.39  465.72  621.44   22.12  286.51   14.04
    12    0.68   21.78   16.35    7.05   60.46  469.72  625.38   20.67  280.48   14.13
    13    0.70   21.70   16.13    6.72   61.66  466.06  607.61   21.33  272.86   14.40
    14    0.66   21.53   16.28    6.77   61.28  461.03  604.88   20.27  277.68   14.22
    15    0.63   21.68   16.34    6.81   61.37  467.87  613.20   20.55  279.72   14.34
    16    0.59   21.59   16.11    7.04   60.35  463.39  618.58   20.69  272.28   14.00
    17    0.61   21.62   16.19    6.90   60.79  462.85  612.07   17.83  275.66   14.13
    18    0.61   21.66   16.33    6.77   61.23  461.43  605.10   18.57  280.20   14.23
    19    0.55   22.11   16.08    6.66   62.05  478.75  617.99   17.95  271.40   14.76
    20    0.66   21.92   16.28    6.55   62.18  469.45  604.10   19.79  279.04   14.68
    21    0.59   21.85   16.13    6.50   62.32  472.26  604.70   18.63  273.89   14.81
    22    0.59   21.91   16.06    6.48   62.41  471.14  602.65   18.16  272.40   14.82
    23    0.57   22.00   16.26    6.62   62.04  473.23  610.39   20.33  278.28   14.69
    24    0.60   22.02   16.06    6.74   61.55  471.61  614.05   18.47  271.14   14.51
    25    0.51   21.94   15.99    6.65   61.77  469.90  608.62   16.38  268.19   14.57
    26    0.56   22.20   15.70    6.74   61.81  479.41  621.65   17.16  258.50   14.69
    27    0.59   21.83   15.87    6.53   62.34  470.90  604.36   17.12  263.93   14.75
    28    0.55   21.85   15.89    6.65   61.69  464.75  603.42   17.47  264.85   14.45
    29    0.52   21.81   16.14    6.55   61.99  468.76  603.44   15.75  273.63   14.66
    30    0.55   22.08   16.13    6.64   61.96  478.97  617.36   14.36  273.08   14.79
    31    0.54   22.17   16.16    6.61   62.26  482.44  619.25   16.92  274.14   14.93
    32    0.53   22.07   16.27    6.48   62.58  480.22  611.75   14.81  278.61   15.04
    33    0.53   22.24   16.33    6.41   62.89  483.77  612.36   17.40  281.15   15.22
    34    0.56   22.56   16.40    6.40   63.36  498.43  626.67   16.29  282.79   15.60
    35    0.54   22.04   16.15    6.72   61.71  475.89  617.65   14.06  274.00   14.63
    36    0.53   22.21   16.26    6.23   63.86  487.79  609.27   14.81  277.69   15.58
    37    0.58   21.96   16.35    6.40   62.89  475.60  603.93   14.72  280.43   15.03
    38    0.55   22.38   16.36    6.36   63.39  492.38  619.20   13.31  281.80   15.50
    39    0.56   22.45   16.61    6.21   63.99  493.34  614.26   13.25  289.28   15.75
    40    0.55   22.30   16.61    6.29   63.57  488.28  612.32   14.72  289.39   15.50
    41    0.54   22.48   16.54    6.14   64.30  496.58  614.58   12.52  287.11   15.95
    42    0.56   22.44   16.44    6.07   64.54  500.17  615.53   13.46  284.40   16.15
    43    0.59   22.40   16.59    6.12   64.31  496.11  613.39   12.89  291.42   15.97
    44    0.58   22.26   16.63    6.04   64.27  488.32  602.46   11.59  291.36   15.89
    45    0.55   22.03   16.32    6.37   62.97  481.45  608.58   13.13  281.74   15.22
    46    0.56   22.00   16.57    6.33   62.98  476.89  602.49   13.03  289.22   15.15
    47    0.56   21.96   16.30    6.38   62.67  476.36  603.94   14.72  280.03   15.07
    48    0.56   22.08   16.35    6.15   63.78  482.63  601.19   14.97  282.19   15.56
    49    0.58   22.17   16.37    5.85   64.98  484.60  591.78   15.82  283.32   16.11
    50    0.54   22.11   16.64    6.00   64.52  484.67  597.59   13.26  290.98   15.85
    51    0.53   21.62   16.33    6.14   63.44  468.27  586.59   14.46  281.18   15.20
    52    0.53   21.86   16.57    6.24   63.18  472.35  594.41   16.35  289.87   15.17
    53    0.52   21.75   16.60    6.19   63.26  467.13  587.23   14.98  290.57   15.11
    54    0.53   21.86   16.45    6.33   62.92  472.57  598.06   16.21  285.38   15.05
    55    0.59   21.28   16.58    6.22   62.92  456.64  578.03   17.32  291.07   14.79
    56    0.56   21.55   16.36    6.29   63.03  467.08  591.02   13.31  281.97   14.97
    57    0.51   22.07   16.47    6.04   64.25  485.46  599.74   15.07  286.37   15.81
    58    0.52   21.81   16.61    6.24   63.41  478.73  600.74   14.36  291.02   15.33
    59    0.54   21.82   16.65    6.08   63.83  474.55  590.21   15.10  293.70   15.47
    60    0.54   21.59   16.73    6.09   63.62  468.08  584.37   13.55  295.59   15.28
    61    0.53   21.80   16.93    6.20   63.39  473.97  594.48   13.41  302.77   15.27
    62    0.57   21.81   16.92    6.18   63.53  477.20  596.74   14.48  302.09   15.39
    63    0.59   21.90   17.39    5.98   64.13  473.82  585.86   15.32  320.21   15.60
    64    0.52   22.31   17.13    6.09   64.11  488.61  604.97   15.42  311.25   15.81
    65    0.55   22.34   17.11    6.20   63.92  489.13  609.40   14.57  310.10   15.66
    66    0.57   22.33   17.18    6.08   64.38  491.62  607.63   14.25  312.08   15.90
    67    0.56   22.40   17.50    5.84   65.44  497.60  604.36   16.04  325.14   16.48
    68    0.55   22.41   17.18    5.90   65.17  497.92  607.14   14.22  312.46   16.37
    69    0.57   22.06   17.17    6.28   63.68  491.27  614.97   14.84  311.12   15.59
    70    0.55   22.06   17.07    6.19   63.90  484.55  604.73   14.48  308.23   15.55
    71    0.56   22.16   16.62    6.35   63.38  489.00  615.43   15.69  291.24   15.43
    72    0.58   22.26   16.37    6.48   62.98  491.13  622.56   16.36  282.39   15.31
    73    0.58   22.29   16.37    6.25   63.84  490.77  613.02   14.82  283.40   15.63
    74    0.56   22.71   16.92    6.35   63.76  505.52  631.84   14.93  303.00   15.85
    75    0.54   22.59   16.86    6.25   64.13  506.09  628.38   13.38  301.81   16.02
    76    0.60   22.44   16.96    6.20   64.15  498.33  618.65   13.78  305.07   15.90
    77    0.58   22.72   17.03    6.58   63.18  512.45  648.22   15.55  307.16   15.68
    78    0.56   22.54   17.14    6.40   63.54  505.07  633.41   14.85  312.26   15.76
    79    0.59   22.74   17.43    6.20   64.30  512.88  633.39   14.30  322.27   16.26
    80    0.52   22.60   17.13    6.70   62.46  504.12  644.68   14.18  310.88   15.33
    81    0.59   22.40   17.03    6.60   62.73  497.45  633.91   13.82  307.49   15.30
    82    0.56   22.47   17.09    6.70   62.50  502.16  642.87   13.75  308.13   15.28
    83    0.58   22.60   17.15    6.37   63.74  506.54  633.89   14.92  310.62   15.83
    84    0.56   22.45   17.25    6.43   63.30  499.18  628.69   14.31  315.45   15.57
    85    0.58   22.44   16.99    6.54   62.96  500.44  634.58   11.96  305.86   15.45
    86    0.69   22.53   17.06    6.52   63.01  500.73  634.11   14.35  308.70   15.48
    87    0.59   22.47   17.19    6.69   62.19  496.78  637.20   14.32  312.55   15.16
    88    0.55   22.50   17.07    6.85   61.85  497.25  644.24   14.08  306.27   14.98
    89    0.60   22.69   16.95    6.44   63.71  509.23  639.12   13.48  301.59   15.81
    90    0.56   22.71   16.97    6.45   63.46  506.25  636.69   15.95  302.95   15.71
    91    0.54   22.43   17.40    6.23   64.23  504.42  626.07   15.83  317.64   16.00
    92    0.55   22.60   17.48    6.08   64.72  502.98  618.68   16.43  320.87   16.21
    93    0.54   22.53   17.16    5.89   65.44  502.43  611.01   16.86  308.72   16.53
    94    0.54   22.56   17.18    6.04   64.91  503.62  618.00   17.77  309.90   16.29
    95    0.54   22.70   17.57    5.89   65.74  512.47  621.11   16.65  324.80   16.79
    96    0.61   22.34   17.25    5.90   65.38  496.88  606.09   17.01  312.96   16.35
    97    0.51   22.49   17.20    5.85   65.68  502.29  609.35   19.36  310.94   16.60
    98    0.56   22.51   17.46    5.95   65.21  503.00  614.09   20.53  320.50   16.42
    99    0.61   22.73   17.45    6.02   65.03  503.92  617.33   19.52  320.29   16.34
   100    0.58   22.57   17.56    6.06   64.89  505.95  620.95   20.16  324.41   16.32
   101    0.55   22.98   17.07    5.90   65.65  516.28  625.28   19.30  306.47   16.88
   102    0.51   22.66   17.04    6.29   64.01  502.72  626.61   18.64  305.23   15.87
   103    0.58   22.42   17.16    6.22   64.05  493.20  614.33   20.44  309.54   15.73
   104    0.55   22.20   17.21    5.97   64.96  489.43  600.94   19.17  311.99   16.04
   105    0.53   22.20   17.32    6.43   63.27  485.85  615.47   21.04  315.95   15.24
   106    0.56   22.43   17.00    6.41   63.37  493.11  621.71   19.35  304.34   15.45
   107    0.56   22.39   16.93    6.40   63.38  494.57  622.87   18.16  302.75   15.50
   108    0.53   22.53   16.96    6.31   63.66  492.79  617.61   18.92  302.94   15.58
   109    0.53   22.42   16.89    6.37   63.52  495.49  622.52   18.89  300.04   15.57
   110    0.54   22.59   17.19    6.31   63.95  503.50  628.10   17.50  310.66   15.86
   111    0.55   22.86   16.90    6.42   63.55  506.05  635.06   18.84  300.26   15.76
   112    0.52   22.46   17.11    6.46   63.15  497.86  628.69   17.89  307.46   15.49
   113    0.60   22.60   16.89    6.68   62.40  499.86  639.83   18.34  299.70   15.25
   114    0.56   22.44   17.58    6.59   62.66  493.38  629.38   17.05  324.67   15.21
   115    0.54   22.66   17.29    6.67   62.49  503.16  642.78   17.98  314.82   15.34
   116    0.55   22.61   17.08    6.81   62.01  499.32  644.57   20.89  306.39   15.08
   117    0.51   22.54   17.23    6.54   63.06  500.32  634.26   19.37  312.14   15.45
   118    0.56   22.77   17.44    6.41   63.72  509.88  638.50   16.06  319.81   15.87
   119    0.57   22.70   17.52    6.03   65.04  503.67  617.54   18.40  322.70   16.31
   120    0.64   22.92   17.52    6.22   64.50  511.44  632.62   18.10  322.93   16.20
   121    0.59   22.74   17.49    6.19   64.38  503.27  623.21   18.76  321.38   16.04
   122    0.66   22.80   17.63    6.40   63.60  507.19  635.64   19.15  326.92   15.81
   123    0.62   22.62   17.42    6.22   64.29  503.61  624.68   16.75  319.71   16.00
   124    0.57   22.46   17.41    6.31   63.69  497.44  622.30   20.89  318.90   15.70
   125    0.64   22.33   17.95    6.15   64.21  489.04  607.49   20.18  339.05   15.73
   126    0.65   22.59   17.70    6.19   64.34  502.13  622.34   21.04  329.77   16.00
   127    0.67   22.71   17.83    5.97   65.23  503.97  615.50   21.87  333.58   16.43
   128    0.66   22.59   17.35    6.21   63.95  495.00  615.79   21.38  316.00   15.79
   129    0.67   22.69   16.96    6.15   64.21  497.03  615.46   21.15  302.83   15.94
   130    0.63   22.68   17.11    6.18   64.33  501.33  620.93   20.63  309.00   16.00
   131    0.71   22.73   17.16    6.13   64.39  496.86  614.46   21.17  310.72   15.97
   132    0.58   22.71   17.28    6.21   64.08  500.90  621.90   20.75  313.68   15.94
   133    0.76   22.60   17.17    6.19   64.30  503.52  623.44   20.03  310.75   16.05
   134    0.73   22.42   17.25    6.44   63.12  496.71  626.82   20.43  312.08   15.49
   135    0.71   22.36   17.36    6.36   63.40  493.99  620.81   19.97  316.66   15.54
   136    0.63   22.27   17.42    6.15   64.24  495.48  613.96   19.03  319.95   15.90
   137    0.64   22.14   17.39    6.16   64.00  489.42  608.43   19.07  318.36   15.72
   138    0.69   22.81   17.16    5.97   65.04  510.37  621.87   18.78  310.40   16.60
   139    0.63   22.63   17.39    6.01   64.86  504.43  617.58   20.03  317.25   16.36
   140    0.68   23.03   17.02    6.33   63.88  514.15  639.86   19.25  305.01   16.09
   141    0.65   22.75   17.56    5.94   65.09  506.59  617.13   19.70  324.02   16.54
   142    0.63   22.47   17.85    6.02   64.71  498.02  611.50   20.08  335.40   16.18
   143    0.69   22.55   17.66    6.27   63.82  501.54  624.61   18.11  328.58   15.87
   144    0.61   22.66   17.43    6.30   63.89  504.70  629.13   20.13  319.46   15.90
   145    0.60   22.84   17.46    6.19   64.42  511.03  631.22   21.33  320.45   16.23
   146    0.67   23.02   17.40    6.19   64.65  520.28  640.51   18.56  317.69   16.46
   147    0.69   22.96   17.74    6.23   64.49  520.34  641.93   20.07  330.44   16.41
   148    0.56   23.08   17.70    5.92   65.55  521.35  631.22   20.12  329.04   16.97
   149    0.63   23.19   17.76    6.20   64.63  530.75  651.04   20.90  331.75   16.73
   150    0.64   23.05   17.62    6.10   64.71  518.07  634.82   21.20  326.61   16.56
   151    0.66   22.54   17.58    6.34   63.59  497.06  623.02   21.30  325.11   15.65
   152    0.57   22.83   17.74    6.38   63.74  512.89  640.63   21.21  331.73   15.98
   153    0.62   22.66   17.66    6.26   64.15  508.71  631.51   20.45  328.41   16.06
   154    0.65   23.13   17.51    6.25   64.50  526.52  648.73   18.34  323.00   16.54
   155    0.63   22.89   17.68    6.16   64.64  518.64  637.57   20.88  331.04   16.48
   156    0.62   22.96   17.46    6.20   64.41  516.29  636.91   18.52  320.05   16.35
   157    0.64   23.05   17.80    6.26   64.21  518.65  641.53   21.40  333.64   16.31
   158    0.62   23.04   17.48    6.20   64.56  518.95  639.57   20.47  322.94   16.41
   159    0.60   23.02   17.62    6.02   65.12  519.95  633.47   21.18  327.55   16.76
   160    0.56   22.96   17.50    6.15   64.45  514.29  632.66   21.48  322.92   16.39
   161    0.61   23.15   17.71    6.16   64.68  524.45  643.32   19.03  329.64   16.63
   162    0.63   23.07   17.52    6.07   64.93  514.72  630.09   20.80  323.04   16.53
   163    0.62   22.94   17.46    5.98   65.12  510.61  622.58   19.93  321.12   16.58
   164    0.64   23.06   17.33    6.22   64.19  511.88  633.01   21.43  315.64   16.21
   165    0.61   23.07   17.79    6.00   65.02  514.35  627.23   18.60  332.40   16.64
   166    0.63   22.74   17.83    6.18   64.04  499.03  618.59   21.26  334.39   15.95
   167    0.62   22.99   17.61    6.02   64.74  508.80  622.34   20.86  325.80   16.46
   168    0.60   22.78   17.93    6.02   64.83  507.11  620.57   20.97  337.97   16.42
   169    0.64   22.49   17.75    6.12   64.27  495.46  612.81   19.44  331.38   15.95
   170    0.67   22.31   17.79    6.05   64.43  495.30  610.13   20.85  333.01   16.05
   171    0.66   22.01   18.14    6.07   63.93  478.05  593.57   20.70  345.94   15.57
   172    0.58   22.22   17.83    5.93   64.82  491.30  601.38   20.86  334.44   16.15
   173    0.64   22.17   17.48    6.32   63.16  486.52  611.83   24.25  322.62   15.41
   174    0.65   22.14   17.29    6.42   62.77  485.52  614.73   22.54  314.95   15.24
   175    0.63   22.07   17.45    6.48   62.61  485.45  617.05   21.61  320.52   15.16
   176    0.66   22.21   17.59    6.44   62.77  488.82  618.61   23.39  327.03   15.31
   177    0.63   22.28   17.82    6.24   63.62  489.77  611.87   22.32  335.03   15.61
   178    0.64   22.06   17.63    6.39   63.11  486.99  614.84   22.59  328.02   15.33
   179    0.63   21.38   17.73    6.42   62.41  462.44  591.62   21.02  332.23   14.67
   180    0.58   21.54   17.43    6.47   62.30  466.93  598.24   21.35  321.13   14.72
   181    0.71   21.94   17.47    6.37   62.90  483.29  610.63   21.60  322.46   15.25
   182    0.65   21.65   17.16    6.45   62.25  470.92  601.51   22.47  311.43   14.84
   183    0.62   21.60   17.61    6.37   62.97  474.33  601.42   23.82  326.99   15.04
   184    0.67   21.72   17.34    6.27   63.33  478.63  601.93   22.94  317.63   15.28
   185    0.60   21.98   17.57    5.99   64.54  488.26  600.71   20.67  324.69   15.97
   186    0.66   21.73   17.36    6.10   63.96  480.62  597.33   22.96  317.06   15.59
   187    0.64   21.66   17.47    5.92   64.20  471.69  581.39   22.07  322.52   15.65
   188    0.60   21.50   17.75    6.03   63.62  465.77  579.88   23.02  332.94   15.30
   189    0.57   21.38   17.62    6.03   63.42  463.51  577.63   23.65  327.39   15.24
   190    0.60   21.48   17.43    6.08   63.39  468.18  584.19   22.99  320.43   15.29
   191    0.55   21.47   17.75    6.28   62.75  470.46  593.97   20.65  332.74   15.07
   192    0.64   21.64   17.12    6.28   62.68  474.98  598.66   22.08  308.69   15.17
   193    0.56   22.09   17.38    6.38   62.93  488.13  615.84   24.14  317.37   15.36
   194    0.61   22.03   17.53    6.23   63.34  484.54  606.30   24.01  323.04   15.49
   195    0.59   22.26   17.60    6.26   63.37  498.40  621.06   22.51  326.02   15.81
   196    0.59   22.50   17.91    5.91   64.77  505.04  614.34   21.27  336.99   16.56
   197    0.55   22.46   17.74    6.15   64.17  509.93  628.46   21.88  330.30   16.27
   198    0.60   22.40   18.11    6.06   64.59  505.42  620.57   22.09  345.14   16.30
   199    0.59   22.35   18.26    6.08   64.56  503.30  618.97   22.53  351.48   16.22
   200    0.57   22.30   18.26    5.91   65.26  504.50  613.87   21.69  352.72   16.54
   201    0.61   22.92   18.28    5.93   65.31  520.17  630.48   23.08  353.37   16.92
   202    0.58   22.65   18.08    5.81   65.64  513.49  619.38   21.22  344.95   16.96
   203    0.59   22.56   18.53    5.92   65.00  506.62  616.53   22.39  364.17   16.57
   204    0.60   22.66   18.35    5.86   65.39  508.67  616.22   22.64  357.08   16.75
   205    0.59   22.55   17.97    6.03   64.76  506.96  620.75   21.74  341.24   16.40
   206    0.59   22.38   17.81    6.20   63.71  495.50  615.81   21.15  338.18   15.83
   207    0.62   22.20   18.60    6.04   64.07  493.32  607.55   21.05  369.78   16.02
   208    0.60   22.30   18.29    6.13   63.95  498.60  616.34   21.00  356.38   16.01
   209    0.57   22.33   18.36    6.26   63.85  506.77  629.67   25.52  357.44   16.01
   210    0.55   22.22   18.50    6.40   63.19  503.72  632.16   24.25  364.59   15.72
   211    0.57   22.23   18.17    6.41   62.91  496.77  625.35   19.77  352.25   15.55
   212    0.55   22.18   18.26    6.47   62.79  499.27  630.32   22.79  355.05   15.52
   213    0.53   22.25   17.99    6.26   63.71  496.01  618.82   22.16  344.74   15.74
   214    0.56   22.08   17.93    6.55   62.53  494.19  628.64   24.05  341.48   15.28
   215    0.52   22.01   17.72    6.78   61.69  490.10  634.26   21.45  334.15   14.89
   216    0.55   21.92   17.79    6.61   62.19  488.79  625.71   21.71  335.99   15.07
   217    0.59   21.95   17.65    6.74   61.85  489.71  632.12   21.17  330.82   14.93
   218    0.56   21.96   17.92    6.63   62.36  486.34  623.97   20.26  340.37   14.99
   219    0.54   22.50   18.23    6.43   63.36  504.18  633.75   20.61  352.54   15.69
   220    0.60   22.33   18.49    6.63   62.65  497.99  635.62   21.90  363.17   15.27
   221    0.56   22.54   18.50    6.15   64.55  508.10  626.49   19.42  366.12   16.23
   222    0.56   22.76   18.49    6.39   63.77  512.32  640.42   20.90  364.81   15.95
   223    0.57   22.34   18.17    6.47   63.20  494.82  625.94   23.20  350.77   15.41
   224    0.54   22.25   18.14    6.33   63.57  491.58  617.05   18.96  348.65   15.53
   225    0.51   22.33   17.63    6.69   62.30  488.49  628.76   22.50  330.23   14.97
   226    0.55   22.54   17.57    6.91   61.67  497.17  646.72   20.49  328.58   14.91
   227    0.55   22.23   17.52    6.94   61.24  487.16  638.12   21.03  325.32   14.64
   228    0.52   22.54   17.75    6.77   62.02  496.75  640.32   20.26  334.30   15.07
   229    0.55   22.25   17.39    6.95   61.07  484.52  635.87   20.86  322.22   14.57
   230    0.56   21.94   17.46    7.05   60.53  479.47  635.25   22.21  326.85   14.35
   231    0.51   22.24   17.59    6.73   62.09  489.35  631.17   18.84  329.93   14.94
   232    0.55   22.08   17.67    6.61   62.38  485.46  622.21   19.08  332.46   15.00
   233    0.56   22.21   17.50    6.47   62.92  487.83  619.21   21.74  324.63   15.23
   234    0.52   21.84   17.31    6.64   62.08  478.28  616.55   20.47  318.59   14.78
   235    0.55   21.98   17.78    6.44   62.80  482.78  612.78   20.00  338.00   15.15
   236    0.55   21.86   17.70    6.52   62.61  483.72  617.07   22.90  336.29   15.06
   237    0.58   21.89   17.50    6.67   62.21  482.05  621.38   22.24  328.44   14.84
   238    0.56   22.13   17.52    6.64   62.37  489.13  627.38   20.18  327.14   15.04
   239    0.54   22.05   17.54    6.44   63.03  487.13  616.94   20.52  326.86   15.26
   240    0.58   22.09   17.55    6.51   62.96  496.97  629.67   20.46  326.24   15.41
   241    0.54   22.37   17.23    6.43   63.32  502.21  631.75   20.18  315.66   15.65
   242    0.55   22.18   17.53    6.30   63.68  497.48  621.66   19.56  326.55   15.72
   243    0.53   21.97   17.24    6.65   62.11  483.09  621.58   19.63  314.74   14.89
   244    0.55   21.73   17.57    6.74   61.72  479.27  621.82   19.46  326.73   14.68
   245    0.52   21.67   17.77    6.66   62.05  479.57  618.43   18.35  335.03   14.80
   246    0.57   21.68   17.92    6.57   62.34  477.85  613.17   20.65  342.46   14.86
   247    0.53   22.05   17.40    6.50   62.94  493.07  625.33   19.85  322.86   15.33
   248    0.54   21.81   17.69    6.61   62.29  484.22  621.25   20.26  330.94   14.96
   249    0.52   21.76   17.95    6.58   62.33  485.92  621.56   20.62  341.16   15.05
   250    0.53   21.81   18.12    6.45   62.76  489.00  619.40   22.41  348.62   15.29
   251    0.55   21.90   18.07    6.40   63.01  488.68  617.20   22.89  346.30   15.35
   252    0.51   21.49   17.82    6.62   61.74  473.48  610.92   23.37  336.88   14.69
   253    0.51   21.94   17.67    6.55   62.29  485.91  620.50   21.25  330.39   15.08
   254    0.52   21.66   17.88    6.52   62.23  481.76  615.06   20.73  339.70   15.02
   255    0.59   21.99   17.80    6.53   62.49  491.57  625.05   20.36  337.80   15.25
   256    0.56   21.72   17.61    6.79   61.27  482.43  626.99   18.96  330.93   14.70
   257    0.55   21.54   17.58    6.77   61.07  476.48  620.26   22.32  328.43   14.58
   258    0.55   21.84   17.64    6.47   62.55  487.68  618.89   23.16  332.11   15.23
   259    0.49   21.65   17.65    6.37   62.63  482.56  609.82   21.63  336.15   15.24
   260    0.52   21.70   17.97    6.56   62.01  486.37  621.15   20.76  346.84   15.08
   261    0.57   21.92   17.83    6.34   63.24  498.00  623.79   21.05  340.93   15.68
   262    0.55   21.52   17.63    6.48   62.30  482.31  613.89   21.57  334.19   15.09
   263    0.55   21.93   17.22    6.30   63.07  488.11  612.62   20.41  316.32   15.48
   264    0.52   22.02   17.42    6.17   63.59  491.56  610.75   21.01  323.58   15.77
   265    0.56   21.67   17.38    6.06   64.24  483.87  598.83   19.58  322.15   15.74
   266    0.53   21.56   17.18    6.30   63.11  477.59  601.84   21.73  316.24   15.22
   267    0.52   21.43   17.23    6.19   63.46  472.86  592.92   22.78  316.87   15.25
   268    0.55   21.31   17.41    6.17   63.40  465.26  584.44   22.56  325.52   15.09
   269    0.55   21.64   17.29    6.10   63.96  476.90  593.49   21.37  317.34   15.49
   270    0.54   21.51   17.36    6.29   63.12  471.03  595.09   22.17  321.19   15.06
   271    0.54   21.41   17.25    6.30   62.97  464.40  588.93   21.62  315.04   14.88
   272    0.53   21.11   17.75    6.46   62.32  459.02  589.91   21.00  334.59   14.54
   273    0.54   20.68   17.66    6.35   62.24  443.66  570.22   20.35  331.04   14.29
   274    0.61   20.92   17.61    6.18   63.18  453.66  573.26   22.10  328.57   14.78
   275    0.57   20.85   17.88    6.38   62.37  452.02  579.75   18.90  340.20   14.46
   276    0.54   20.89   17.51    6.37   62.48  448.31  575.43   19.50  327.28   14.39
   277    0.57   20.90   17.66    6.26   62.71  449.85  572.78   21.07  332.12   14.56
   278    0.58   21.16   17.70    6.19   63.23  459.99  579.99   20.99  333.13   14.93
   279    0.56   21.29   17.54    6.26   63.21  468.81  591.68   20.73  327.40   15.05
   280    0.54   21.41   17.68    6.14   63.75  471.27  589.37   19.06  334.51   15.29
   281    0.53   21.08   17.68    6.51   61.88  455.30  588.04   19.21  333.38   14.39
   282    0.58   21.28   17.61    6.33   62.84  463.98  589.65   19.84  329.24   14.83
   283    0.56   21.01   17.33    6.33   62.47  452.49  578.26   18.25  319.67   14.54
   284    0.60   21.12   17.55    6.24   62.92  458.42  580.40   17.88  327.20   14.81
   285    0.59   21.30   17.46    6.35   62.69  460.52  586.76   20.48  323.28   14.72
   286    0.56   20.86   17.48    6.31   62.57  450.63  575.61   21.31  324.83   14.51
   287    0.56   20.96   17.28    6.62   61.29  450.61  588.06   22.19  320.32   14.14
   288    0.59   20.96   17.41    6.57   61.89  454.52  589.73   19.25  323.06   14.30
   289    0.54   21.11   17.55    6.25   62.96  458.61  580.95   20.00  330.67   14.81
   290    0.54   21.05   17.63    6.26   63.02  459.58  582.42   19.97  330.79   14.81
   291    0.53   21.09   17.58    6.19   63.23  462.01  581.96   19.41  328.55   14.98
   292    0.54   21.48   17.42    6.03   64.08  471.46  585.51   21.27  323.55   15.45
   293    0.55   21.57   17.48    6.37   62.84  475.37  602.41   22.73  326.04   15.07
   294    0.56   21.83   17.64    6.29   63.39  486.34  610.44   20.78  330.18   15.45
   295    0.56   21.66   17.70    6.27   63.39  479.91  603.29   19.06  330.56   15.31
   296    0.54   21.64   17.67    6.46   62.66  479.18  610.13   19.65  329.72   15.03
   297    0.56   21.42   17.80    6.61   61.87  472.48  609.47   19.27  335.07   14.68
   298    0.54   20.77   17.98    6.82   60.61  449.09  594.76   20.87  342.80   13.89
   299    0.53   21.46   17.59    6.39   62.86  468.85  596.86   19.63  327.32   14.87
   300    0.55   21.55   17.60    6.41   62.83  474.16  603.09   19.69  329.05   14.97
   301    0.55   21.54   17.63    6.39   62.81  470.44  598.51   20.38  328.97   14.91
   302    0.59   21.59   17.37    6.73   61.60  471.91  613.91   22.64  320.03   14.52
   303    0.63   21.23   17.28    6.63   61.72  461.66  599.65   20.31  318.33   14.39
   304    0.55   21.19   17.29    6.64   61.71  458.36  596.46   18.52  318.20   14.31
   305    0.56   21.18   17.28    6.65   61.64  459.87  598.70   20.26  319.87   14.33
   306    0.53   21.25   17.54    6.55   61.90  464.71  599.02   20.74  327.56   14.57
   307    0.59   20.84   17.43    6.40   62.07  445.48  573.80   17.60  322.82   14.28
   308    0.55   20.76   17.62    6.26   62.43  440.95  563.73   19.89  329.47   14.34
   309    0.55   20.99   17.33    6.29   62.54  448.58  572.49   20.63  319.86   14.50
   310    0.56   20.78   17.32    6.44   61.57  435.20  565.22   20.73  319.56   13.98
   311    0.55   20.74   17.06    6.38   61.87  437.81  565.55   19.17  309.11   14.11
   312    0.55   20.43   17.33    6.26   61.96  428.73  551.57   19.71  319.81   14.03
   313    0.59   20.47   17.19    6.36   61.74  429.27  555.92   18.01  313.88   13.93
   314    0.56   20.61   17.57    6.14   62.75  436.15  554.31   19.62  327.58   14.38
   315    0.52   20.82   17.28    6.21   62.48  437.56  558.37   22.55  319.19   14.32
   316    0.51   20.61   17.31    6.17   62.57  431.86  551.08   19.80  318.92   14.23
   317    0.52   20.41   17.62    6.05   62.94  434.38  549.03   19.23  330.03   14.45
   318    0.58   20.64   17.62    5.91   63.76  441.26  550.70   18.33  328.65   14.84
   319    0.53   20.33   17.36    6.01   63.00  432.00  545.17   18.76  320.05   14.45
   320    0.51   20.45   17.41    6.04   63.07  436.72  551.21   21.51  321.08   14.52
   321    0.56   20.41   17.33    5.99   63.14  431.50  544.05   23.07  318.00   14.46
   322    0.56   20.36   17.50    5.98   63.16  430.76  542.98   22.57  324.38   14.45
   323    0.57   20.72   17.49    5.99   63.35  439.28  551.88   20.52  325.19   14.66
   324    0.57   20.78   17.51    6.18   62.87  445.31  565.08   21.61  323.49   14.56
   325    0.58   20.49   17.79    6.28   62.31  436.81  560.29   20.01  334.25   14.21
   326    0.56   20.53   17.40    6.46   61.51  433.54  564.44   23.52  322.29   13.91
   327    0.56   20.25   17.60    6.27   62.04  431.21  554.39   21.26  330.60   14.08
   328    0.56   20.16   17.80    6.03   62.85  425.28  539.38   20.54  336.53   14.23
   329    0.54   20.60   17.87    5.98   63.61  443.14  555.08   23.54  343.25   14.79
   330    0.56   20.72   17.88    6.11   63.00  453.18  570.15   21.41  341.44   14.86
   331    0.54   20.54   18.04    5.89   63.60  445.62  554.44   22.95  348.64   14.98
   332    0.55   20.71   17.96    6.01   63.08  442.25  555.40   22.95  342.90   14.72
   333    0.55   20.62   18.03    6.17   62.40  443.37  562.72   21.86  345.60   14.52
   334    0.52   21.07   17.72    6.28   62.46  454.43  577.90   20.88  331.61   14.66
   335    0.57   20.92   17.78    6.06   63.06  444.50  559.41   20.89  333.64   14.71
   336    0.52   20.76   17.99    5.94   63.49  443.37  553.80   22.96  341.79   14.85
   337    0.52   20.88   17.93    6.03   63.64  458.78  572.55   21.63  339.91   15.13
   338    0.54   20.80   17.89    6.19   62.56  451.13  571.24   22.30  340.20   14.69
   339    0.52   21.31   17.99    6.13   63.27  468.01  585.72   21.36  345.99   15.22
   340    0.55   21.06   18.24    5.87   64.16  456.44  564.39   22.70  353.95   15.31
   341    0.53   20.94   18.16    5.89   63.99  456.93  565.52   20.86  351.39   15.30
   342    0.53   20.84   17.77    5.80   64.13  450.19  555.63   20.85  337.05   15.25
   343    0.52   20.95   17.68    5.97   63.57  453.48  565.09   22.35  334.86   15.08
   344    0.53   20.83   17.65    5.94   63.81  451.52  562.25   22.60  330.89   15.06
   345    0.56   20.73   17.87    5.99   63.60  451.94  564.32   23.99  341.26   15.01
   346    0.52   20.64   17.80    6.00   63.44  448.26  561.07   22.30  341.19   14.89
   347    0.56   19.95   17.63    6.10   62.56  427.35  543.94   22.25  332.76   14.20
   348    0.59   19.90   17.80    6.15   62.57  433.28  551.68   23.32  339.81   14.29
   349    0.58   20.08   18.07    6.10   62.82  435.15  551.84   20.20  348.14   14.40
   350    0.55   20.11   18.25    6.36   62.01  438.18  564.78   19.99  354.88   14.15
   351    0.55   20.80   18.23    6.23   63.08  462.46  584.26   17.61  355.77   14.92
   352    0.60   20.90   18.30    6.23   63.00  461.93  583.64   16.44  359.41   14.91
   353    0.55   20.74   17.92    6.28   62.62  455.21  579.00   16.46  346.06   14.67
   354    0.50   21.12   17.93    6.23   63.09  470.06  591.55   21.55  343.83   15.13
   355    0.54   21.13   18.01    6.18   63.31  469.77  589.42   19.91  347.44   15.19
   356    0.55   21.05   18.17    6.00   64.03  470.76  583.72   18.20  351.34   15.48
   357    0.55   20.92   18.36    6.02   64.15  471.84  585.57   19.80  362.30   15.48
   358    0.55   21.19   18.16    6.13   63.97  479.51  597.39   17.43  351.58   15.51
   359    0.55   20.82   18.05    6.03   64.13  461.09  574.86   18.37  348.52   15.19
   360    0.56   20.83   17.81    6.06   63.91  462.64  577.57   19.29  337.92   15.19
   361    0.54   20.88   18.08    6.16   63.62  466.73  585.45   19.97  349.40   15.15
   362    0.54   21.09   18.00    6.16   63.53  473.66  592.68   20.73  345.64   15.31
   363    0.51   20.80   18.01    6.09   63.76  466.82  583.03   20.00  348.40   15.25
   364    0.55   20.57   18.16    6.12   63.58  458.93  576.26   16.96  356.01   15.00
   365    0.58   20.51   18.15    6.09   63.56  467.58  583.89   19.68  356.65   15.26
   366    0.52   20.76   18.09    6.03   63.99  476.59  590.46   20.92  352.12   15.60
   367    0.53   20.62   17.69    6.13   63.37  467.52  585.13   18.21  337.78   15.21
   368    0.56   20.95   17.80    5.98   64.06  482.58  594.58   19.27  342.54   15.84
   369    0.52   21.02   17.82    6.00   64.11  482.60  595.24   18.89  342.55   15.81
   370    0.53   20.92   17.95    5.88   64.28  478.26  586.60   19.09  350.70   15.88
   371    0.53   20.97   17.90    5.68   65.17  476.94  577.85   20.25  346.10   16.21
   372    0.56   20.89   18.02    6.19   63.34  475.90  595.81   19.30  346.93   15.34
   373    0.53   21.36   17.94    6.11   64.01  491.36  608.26   18.11  346.53   15.86
   374    0.54   20.82   18.07    6.00   64.06  471.07  583.82   17.11  353.04   15.50
   375    0.57   20.62   18.14    5.94   64.28  471.15  581.66   18.52  353.01   15.60
   376    0.55   20.46   18.44    6.00   63.74  462.42  575.06   16.78  363.83   15.27
   377    0.56   20.37   18.03    5.94   63.77  457.15  567.80   16.20  349.82   15.22
   378    0.57   20.76   18.11    5.77   64.87  476.10  580.31   15.66  352.04   16.02
   379    0.50   20.98   17.81    6.11   63.75  480.33  597.48   14.36  341.25   15.56
   380    0.53   20.79   17.88    6.24   63.04  465.19  587.14   16.31  341.31   14.99
   381    0.55   21.14   18.19    6.05   64.14  486.07  600.64   17.39  353.91   15.82
   382    0.51   20.95   18.51    5.79   64.94  485.28  590.15   16.46  369.07   16.24
   383    0.53   20.82   18.49    5.90   64.37  478.66  587.72   17.44  364.87   15.86
   384    0.58   21.16   19.15    6.00   64.49  491.26  604.22   17.94  389.34   16.02
   385    0.51   21.12   18.50    6.17   63.92  488.13  607.45   16.28  365.03   15.67
   386    0.53   21.03   18.43    6.20   63.60  485.67  606.29   14.12  361.04   15.56
   387    0.50   21.16   18.82    6.13   64.06  484.59  602.16   18.00  375.56   15.65
   388    0.53   20.92   18.51    6.20   63.97  482.53  603.03   16.53  364.31   15.49
   389    0.52   21.06   18.26    6.24   63.75  483.84  605.80   17.31  354.62   15.46
   390    0.55   21.04   18.28    6.33   63.25  475.78  601.34   16.62  354.37   15.13
   391    0.52   20.95   18.14    6.35   63.31  477.51  603.69   17.40  349.72   15.15
   392    0.50   20.99   18.10    6.45   62.81  473.92  604.33   16.90  354.34   14.92
   393    0.57   21.34   18.36    6.12   64.24  488.53  606.06   14.99  363.30   15.76
   394    0.54   21.53   18.51    6.02   64.83  496.72  610.35   16.44  368.61   16.14
   395    0.57   21.31   18.36    6.17   63.91  484.18  603.50   16.83  363.09   15.57
   396    0.58   21.05   18.54    6.01   64.39  479.68  593.03   16.51  371.20   15.70
   397    0.54   21.05   18.21    6.04   64.25  478.59  592.95   15.35  359.28   15.63
   398    0.54   21.17   18.29    6.01   64.55  484.50  597.61   15.73  360.78   15.84
   399    0.55   21.38   18.59    6.01   64.56  488.37  601.68   14.83  370.28   15.93
   400    0.54   21.05   18.35    6.05   64.47  484.21  598.96   15.71  362.63   15.76
   401    0.54   20.75   18.47    6.13   64.01  474.47  592.37   15.26  366.79   15.38
   402    0.53   20.57   18.31    6.10   63.86  465.39  582.11   13.77  362.35   15.19
   403    0.54   20.43   18.25    6.09   64.02  461.64  577.69   14.71  359.50   15.12
   404    0.49   20.73   18.68    5.82   65.22  475.16  581.46   14.40  379.53   15.90
   405    0.55   21.06   18.73    5.65   65.93  480.68  580.82   14.48  378.55   16.36
   406    0.61   20.87   18.56    5.81   65.29  481.88  587.64   16.18  373.44   16.10
   407    0.62   20.37   18.55    5.64   65.62  470.53  570.08   16.54  374.23   16.10
   408    0.56   20.67   18.54    5.81   64.91  477.84  583.49   16.09  376.16   16.00
   409    0.55   20.98   18.54    5.81   65.42  493.98  599.84   16.15  377.23   16.43
   410    0.56   20.86   18.43    5.91   64.94  483.19  592.64   16.96  374.45   15.97
   411    0.59   20.76   18.71    5.93   65.01  483.61  593.88   15.89  381.06   15.94
   412    0.51   20.65   18.64    5.85   65.33  482.14  589.36   15.64  376.77   16.04
   413    0.49   20.88   18.79    5.44   66.95  489.34  581.95   16.04  381.28   17.04
   414    0.57   21.02   18.75    5.51   66.95  497.68  592.66   15.21  379.98   17.14
   415    0.53   20.61   18.64    5.64   66.05  481.64  581.14   15.52  373.62   16.42
   416    0.61   20.83   18.69    5.76   65.55  491.59  595.56   16.91  379.91   16.46
   417    0.57   20.59   18.69    5.40   66.89  479.68  571.14   16.89  381.77   16.83
   418    0.56   20.70   18.52    5.52   66.50  484.22  579.69   16.16  372.67   16.72
   419    0.55   20.68   18.67    5.70   65.77  479.76  581.44   17.01  378.41   16.25
   420    0.58   20.93   18.68    5.61   66.38  488.83  587.51   16.64  377.84   16.67
   421    0.53   20.87   19.06    5.53   66.83  492.76  588.69   16.77  394.19   16.94
   422    0.56   21.01   18.74    5.55   66.98  497.65  594.20   15.61  381.46   17.04
   423    0.54   21.07   18.74    5.81   66.04  497.77  603.39   16.55  380.18   16.55
   424    0.56   21.22   18.09    5.91   65.36  500.81  610.35   17.47  356.97   16.44
   425    0.58   21.11   17.91    5.74   65.66  487.34  590.62   15.31  349.62   16.38
   426    0.54   21.17   17.92    5.69   66.13  488.86  590.25   16.98  348.13   16.52
   427    0.57   21.05   18.08    5.82   65.51  480.39  586.46   15.97  358.42   16.05
   428    0.51   21.14   18.14    5.80   65.86  490.27  595.67   14.32  362.24   16.35
   429    0.53   21.53   18.06    5.54   66.96  499.48  595.60   13.98  351.83   17.12
   430    0.57   21.34   18.12    5.50   67.06  497.81  592.51   13.55  355.77   17.16
   431    0.56   21.54   17.93    5.37   67.77  503.78  594.07   13.94  346.27   17.62
   432    0.56   21.40   17.96    5.63   66.30  498.36  597.67   14.47  350.58   16.90
   433    0.53   21.36   18.01    5.68   66.15  497.25  598.13   12.12  349.68   16.78
   434    0.53   21.28   18.25    5.54   66.46  491.17  587.18   12.47  361.99   16.89
   435    0.57   21.55   18.04    5.25   67.66  503.64  589.99   11.42  353.45   17.89
   436    0.53   21.45   18.48    5.18   67.87  499.87  583.85   13.77  368.62   17.95
   437    0.54   21.13   18.38    5.24   67.19  481.91  568.00   14.35  365.00   17.25
   438    0.52   21.15   18.33    5.79   65.32  484.27  589.36   13.84  362.82   16.20
   439    0.57   20.60   18.13    5.63   65.57  464.12  563.50   13.10  355.09   15.93
   440    0.60   20.60   18.56    5.20   67.36  467.00  551.68   11.74  372.34   16.89
   441    0.59   20.69   18.65    5.29   67.07  467.97  555.74   14.62  376.34   16.71
   442    0.60   20.54   18.71    5.42   66.37  461.50  553.62   12.58  380.48   16.26
   443    0.50   20.93   18.93    5.32   67.12  479.99  568.65   12.24  389.74   17.02
   444    0.51   20.69   19.04    5.37   66.69  471.90  562.17   13.65  397.78   16.67
   445    0.50   20.83   19.03    5.17   67.52  476.71  560.37   13.88  396.14   17.26
   446    0.57   21.15   19.13    5.20   67.54  488.23  572.87   13.50  399.66   17.54
   447    0.52   21.23   19.27    5.16   67.63  488.60  571.95   14.36  406.38   17.65
   448    0.54   21.04   18.83    5.30   67.14  484.06  571.90   14.01  387.27   17.19
   449    0.52   21.19   18.72    5.30   67.11  487.33  575.43   13.42  382.35   17.27
   450    0.49   21.02   19.14    5.15   67.82  484.95  567.91   11.36  401.68   17.57
   451    0.54   20.96   19.27    5.20   67.64  484.97  569.59   14.90  403.26   17.45
   452    0.54   21.18   19.10    5.21   67.73  487.22  572.35   13.62  395.76   17.48
   453    0.54   21.13   19.49    5.02   68.32  482.42  561.16   13.25  413.18   17.82
   454    0.50   20.63   19.25    5.29   66.79  469.60  557.37   14.31  404.21   16.76
   455    0.54   20.77   19.61    5.38   66.64  470.93  561.59   13.83  414.82   16.62
   456    0.51   20.84   19.42    5.52   66.00  473.71  569.21   14.42  411.36   16.41
   457    0.50   21.01   19.30    5.48   66.09  472.64  566.70   14.31  404.31   16.47
   458    0.55   21.09   19.68    5.33   66.76  475.05  563.89   14.42  416.90   16.86
   459    0.53   21.03   20.02    4.92   68.45  474.04  549.71   12.80  433.22   17.80
   460    0.55   20.90   20.00    5.28   66.79  464.01  551.39   13.86  428.40   16.62
   461    0.56   20.49   20.06    5.31   66.45  452.25  540.66   12.19  430.87   16.20
   462    0.60   20.82   19.90    5.09   67.83  465.53  546.59   13.54  423.10   17.10
   463    0.54   21.07   19.86    5.12   68.02  479.84  562.02   11.54  426.75   17.47
   464    0.58   20.93   19.58    4.97   68.48  475.84  553.03   11.54  411.14   17.73
   465    0.58   20.95   19.69    4.98   68.43  471.96  549.51   12.68  412.72   17.58
   466    0.59   20.69   19.84    4.79   68.89  462.66  534.39   12.98  421.58   17.77
   467    0.56   20.48   19.53    4.66   69.26  456.01  524.01   14.90  404.44   17.90
   468    0.57   20.45   19.55    4.80   68.46  448.71  520.77   14.76  405.26   17.28
   469    0.53   20.62   19.35    4.93   68.11  458.51  534.71   13.13  397.09   17.26
   470    0.54   20.59   19.22    5.19   66.99  457.67  542.17   16.09  391.68   16.62
   471    0.58   20.40   18.97    5.21   66.87  450.97  535.91   14.36  384.57   16.39
   472    0.62   20.38   19.18    5.49   65.76  454.42  548.72   12.93  394.93   15.92
   473    0.51   20.55   19.21    5.41   66.38  460.07  551.82   11.89  392.49   16.23
   474    0.55   21.16   19.27    5.19   67.61  479.57  564.06   13.97  399.35   17.29
   475    0.58   20.59   19.19    5.31   66.73  461.73  550.18   13.91  394.31   16.49
   476    0.55   20.80   19.27    5.49   66.19  467.37  561.79   13.69  395.19   16.29
   477    0.48   20.56   19.02    5.27   66.66  454.93  542.02   12.55  387.03   16.37
   478    0.53   20.67   19.01    5.43   66.06  459.05  551.39   13.24  384.10   16.17
   479    0.50   20.60   18.80    5.41   65.99  456.03  547.82   15.86  378.24   16.11
   480    0.52   20.72   18.53    5.13   67.37  461.70  544.22   13.44  367.72   16.88
   481    0.51   20.29   18.67    5.38   66.02  447.71  538.28   13.51  373.78   15.94
   482    0.53   20.12   18.55    5.34   66.02  442.22  531.49   13.85  368.59   15.85
   483    0.52   20.29   18.53    5.36   65.95  445.51  535.57   13.94  367.37   15.90
   484    0.51   20.31   18.68    5.20   66.83  445.80  530.35   15.26  372.38   16.25
   485    0.53   20.18   18.42    5.24   66.66  441.72  527.78   15.22  363.92   16.03
   486    0.54   20.18   18.51    5.26   66.26  437.04  523.81   14.47  367.42   15.85
   487    0.51   20.12   18.42    5.27   66.26  440.81  527.92   13.76  367.23   15.94
   488    0.61   19.94   18.76    5.13   66.78  437.04  519.41   14.80  380.80   16.13
   489    0.54   20.10   18.69    5.01   67.48  444.48  523.20   15.31  375.72   16.62
   490    0.53   19.74   18.89    5.24   66.36  433.39  519.50   15.89  380.70   15.78
   491    0.55   19.99   18.75    5.05   67.30  438.97  518.88   17.28  375.12   16.36
   492    0.52   19.61   18.89    4.95   67.44  426.62  503.26   14.09  381.83   16.20
   493    0.54   19.39   18.60    4.97   67.13  417.60  495.08   14.65  370.57   15.85
   494    0.50   19.40   18.78    5.04   66.76  415.98  495.54   14.87  380.29   15.66
   495    0.58   19.35   18.60    5.02   66.78  411.69  490.74   14.34  373.01   15.55
   496    0.53   19.50   18.61    5.01   66.95  417.21  495.92   15.98  372.88   15.75
   497    0.57   19.40   18.72    4.73   68.00  413.83  483.79   17.50  379.84   16.30
   498    0.54   19.38   18.75    4.77   67.75  415.42  486.70   15.73  378.62   16.24
   499    0.57   19.39   18.88    4.60   68.65  417.13  483.50   18.81  384.96   16.72
   500    0.52   19.62   19.02    4.52   69.28  427.42  491.39   15.86  389.95   17.31
   501    0.53   19.39   18.79    4.79   67.80  419.62  491.55   15.19  379.35   16.33
   502    0.49   19.40   19.21    4.85   67.58  416.69  490.29   14.73  397.29   16.10
   503    0.57   19.46   18.91    4.95   67.38  419.36  496.00   13.45  381.88   15.97
   504    0.52   19.40   18.93    5.22   66.24  415.52  500.86   15.12  386.69   15.28
   505    0.51   19.30   18.74    5.02   66.88  413.75  492.58   15.79  379.73   15.63
   506    0.54   19.48   18.80    4.97   67.32  422.38  499.83   15.15  380.09   16.00
   507    0.56   19.58   19.00    4.84   67.83  423.88  497.32   14.44  389.16   16.35
   508    0.58   19.32   18.60    5.20   66.07  410.50  495.16   14.44  373.73   15.17
   509    0.54   19.12   18.42    5.11   66.24  403.20  485.05   15.95  366.94   15.11
   510    0.53   18.87   18.95    5.13   65.95  397.51  480.00   12.85  387.58   14.89
   511    0.63   19.14   18.74    4.94   67.27  408.90  485.26   15.45  383.40   15.65
   512    0.56   19.47   18.33    4.86   67.63  414.75  488.68   13.93  368.19   16.01
   513    0.54   19.54   18.51    4.81   67.97  423.34  495.63   16.61  378.09   16.42
   514    0.58   19.38   18.64    4.87   67.51  410.51  484.70   14.36  382.57   15.86
   515    0.55   19.13   18.56    4.80   67.79  406.29  478.56   13.97  375.07   15.86
   516    0.52   19.40   18.31    4.79   67.73  416.97  488.74   13.15  368.01   16.25
   517    0.59   19.73   18.41    4.81   67.96  424.73  497.15   16.20  370.27   16.46
   518    0.68   19.69   18.65    4.85   67.97  424.38  497.90   13.64  381.25   16.36
   519    0.55   19.64   18.66    5.06   66.78  422.83  502.95   16.19  382.90   15.83
   520    0.49   19.65   18.05    5.12   66.48  416.69  498.75   15.54  356.80   15.52
   521    0.56   19.55   18.19    5.11   66.42  418.51  500.15   14.55  365.52   15.60
   522    0.54   19.58   18.18    5.05   66.45  417.09  496.82   18.29  366.73   15.68
   523    0.52   19.34   18.58    4.82   67.21  414.72  487.46   18.74  379.74   16.10
   524    0.59   19.44   18.68    4.79   67.34  412.09  483.93   16.27  386.49   16.09
   525    0.54   19.31   18.52    4.82   67.31  408.96  481.84   14.97  377.00   15.90
   526    0.57   19.76   18.68    4.67   68.10  421.10  489.26   15.70  384.14   16.70
   527    0.51   20.12   18.73    4.56   69.08  440.90  505.99   17.01  389.79   17.67
   528    0.55   19.94   18.83    5.11   66.89  428.04  509.87   14.51  391.58   15.88
   529    0.56   19.54   18.88    5.18   66.39  419.11  503.13   16.40  395.95   15.47
   530    0.55   19.65   19.23    4.94   67.24  422.65  499.22   15.31  409.37   16.08
   531    0.57   19.77   18.96    4.75   68.16  434.71  505.26   15.11  395.19   16.95
   532    0.56   19.84   19.06    4.76   68.14  432.67  503.60   15.49  398.07   16.85
   533    0.54   20.06   19.13    4.80   68.05  445.75  517.84   15.72  401.97   17.18
   534    0.49   19.98   18.80    4.77   68.18  447.51  518.72   19.01  388.40   17.32
   535    0.50   19.94   18.86    4.86   67.52  442.15  516.13   15.77  389.21   16.91
   536    0.49   19.84   18.91    5.04   66.34  434.31  513.73   15.12  393.23   16.24
   537    0.57   20.10   18.85    5.02   66.82  448.02  526.90   15.45  392.60   16.72
   538    0.51   19.91   19.06    4.96   66.88  442.05  519.21   16.26  404.09   16.65
   539    0.51   19.73   19.34    5.15   66.22  434.56  517.73   16.25  411.51   16.00
   540    0.53   19.68   19.05    5.09   66.55  429.97  511.21   14.71  398.90   15.98
   541    0.62   19.80   19.03    5.07   66.44  432.82  513.37   15.31  396.36   16.12
   542    0.56   19.43   18.67    5.26   65.39  421.19  507.71   13.84  384.50   15.38
   543    0.57   19.58   18.90    5.17   65.87  427.79  511.38   14.17  391.86   15.76
   544    0.59   19.56   18.95    5.10   66.36  423.29  504.63   14.89  391.03   15.77
   545    0.55   19.41   18.98    5.00   67.27  428.48  506.83   15.95  393.59   16.13
   546    0.56   19.44   19.08    5.14   66.33  431.54  514.23   14.85  398.46   15.94
   547    0.51   19.22   18.77    4.93   67.01  417.62  493.68   14.16  382.67   15.95
   548    0.55   19.73   18.62    5.13   66.50  434.53  516.87   16.19  378.66   16.05
   549    0.59   19.68   18.69    5.08   66.44  429.81  510.53   15.31  383.57   16.01
   550    0.65   19.47   18.52    5.09   66.46  428.98  510.01   17.59  371.81   15.97
   551    0.56   19.74   18.52    5.11   66.50  432.66  514.32   16.43  369.82   16.04
   552    0.57   19.66   18.60    5.12   66.35  428.88  511.00   14.47  374.40   15.89
   553    0.64   19.78   18.38    5.24   66.01  433.43  519.41   15.60  369.29   15.79
   554    0.56   19.38   18.60    5.18   65.89  420.19  504.35   13.53  377.71   15.49
   555    0.56   19.44   18.36    5.28   65.37  420.59  507.92   15.59  366.45   15.32
   556    0.55   19.91   18.08    5.60   64.65  438.52  536.85   15.13  357.13   15.26
   557    0.52   19.70   18.18    4.94   67.00  432.31  508.73   16.01  358.18   16.40
   558    0.54   19.57   18.53    5.07   66.45  429.36  509.92   14.73  369.17   16.01
   559    0.58   19.28   18.51    5.35   65.06  417.76  507.28   14.13  365.28   15.11
   560    0.60   19.40   18.68    5.14   65.93  426.07  508.87   14.81  374.15   15.76
   561    0.60   19.41   18.98    4.90   67.20  423.43  498.46   15.68  386.17   16.21
   562    0.51   19.20   18.43    5.25   65.49  418.69  505.08   15.74  363.17   15.31
   563    0.61   19.25   18.71    5.41   64.63  410.95  502.51   14.51  374.76   14.80
   564    0.56   19.16   18.46    5.26   65.50  411.90  498.62   12.68  367.39   15.09
   565    0.57   19.37   18.10    5.24   65.66  424.59  510.70   13.52  353.64   15.51
   566    0.54   19.26   18.38    5.35   64.88  416.33  505.89   13.58  363.62   15.07
   567    0.51   19.83   18.41    5.34   65.28  432.56  521.90   13.28  365.46   15.56
   568    0.54   19.91   18.32    5.40   65.19  433.57  524.78   14.21  361.34   15.49
   569    0.54   19.83   18.25    5.43   65.12  434.84  527.15   13.83  361.18   15.46
   570    0.50   19.78   18.20    5.33   65.47  434.52  523.54   12.02  358.28   15.64
   571    0.55   19.77   18.35    5.46   65.03  434.04  527.59   12.59  365.04   15.37
   572    0.56   19.42   18.11    5.53   64.39  418.43  514.07   14.42  356.44   14.82
   573    0.55   19.44   18.61    5.30   65.54  423.76  511.76   13.26  373.75   15.37
   574    0.56   19.60   18.54    5.38   65.42  424.21  514.84   14.96  367.20   15.24
   575    0.58   19.73   18.61    5.14   66.32  426.38  509.22   11.23  369.04   15.77
   576    0.56   19.26   18.69    5.09   66.21  408.83  489.89   14.88  373.01   15.33
   577    0.59   19.56   18.82    5.24   65.74  417.28  503.38   15.38  377.49   15.29
   578    0.63   19.93   18.87    5.09   66.73  437.20  518.18   15.49  381.64   16.23
   579    0.53   20.08   18.79    5.29   66.15  444.65  532.27   14.05  382.93   16.02
   580    0.56   19.88   18.90    5.30   65.80  433.95  521.97   15.40  384.93   15.68
   581    0.57   19.72   19.04    5.38   65.52  432.70  523.28   16.41  390.62   15.50
   582    0.56   19.84   19.06    5.46   65.18  437.68  530.91   15.94  390.88   15.50
   583    0.61   19.81   19.06    5.42   65.13  437.36  529.22   15.73  392.16   15.56
   584    0.60   19.73   19.05    5.47   64.87  432.28  526.03   17.65  390.64   15.31
   585    0.60   19.94   19.18    5.38   65.66  437.88  528.65   15.46  400.27   15.64
   586    0.57   19.92   19.13    5.44   65.18  435.13  527.66   13.76  395.28   15.46
   587    0.57   19.78   19.11    5.54   64.99  440.07  536.34   13.22  400.17   15.41
   588    0.58   19.95   19.52    5.53   65.24  442.84  538.59   13.72  418.13   15.51
   589    0.50   20.14   19.40    5.82   64.05  442.32  548.56   12.65  407.20   15.00
   590    0.62   20.08   18.91    5.61   64.75  451.60  550.22   14.29  388.21   15.62
   591    0.54   20.13   19.13    5.57   65.17  448.66  546.01   15.04  400.12   15.60
   592    0.56   20.15   19.12    5.50   65.57  454.53  549.29   13.96  401.25   15.90
   593    0.51   20.29   18.93    5.43   65.84  452.40  544.64   15.92  393.09   15.98
   594    0.51   20.35   19.22    5.62   65.21  449.39  548.31   12.85  403.26   15.54
   595    0.54   20.30   19.44    5.43   65.77  451.64  543.93   15.95  413.48   15.96
   596    0.57   20.08   19.00    5.65   64.45  446.84  546.81   13.43  392.79   15.41
   597    0.47   20.11   19.10    5.43   65.75  450.68  542.94   14.68  399.58   15.93
   598    0.56   20.08   18.97    5.40   65.71  445.67  537.09   15.49  392.64   15.83
   599    0.48   19.97   18.44    5.43   65.50  434.62  526.96   15.69  370.29   15.46
   600    0.53   19.89   18.85    5.52   64.89  433.92  529.33   16.98  389.10   15.27
   601    0.54   20.15   18.45    5.41   65.66  439.57  531.21   14.38  371.93   15.64
   602    0.52   20.59   18.26    5.39   66.10  457.25  548.32   15.96  366.05   16.19
   603    0.60   20.45   18.38    5.39   65.79  450.71  541.81   14.50  367.14   16.00
   604    0.56   20.22   18.51    5.55   65.12  444.40  540.74   17.76  372.26   15.53
   605    0.57   20.45   18.75    5.18   66.61  449.55  533.41   15.88  383.17   16.41
   606    0.53   20.33   19.15    5.19   66.49  443.86  528.28   17.12  396.43   16.20
   607    0.57   19.93   18.85    5.20   66.54  435.36  520.07   18.26  384.80   15.92
   608    0.53   20.01   18.57    5.17   66.50  435.55  519.22   16.26  369.94   16.00
   609    0.56   20.09   18.89    5.13   66.67  433.31  515.79   17.05  387.08   16.00
   610    0.56   19.81   18.68    5.17   66.48  427.53  511.16   17.23  379.42   15.75
   611    0.54   19.36   18.77    4.95   67.09  421.46  498.19   15.91  384.56   16.03
   612    0.55   20.08   18.91    4.96   67.19  439.02  515.96   15.75  388.07   16.57
   613    0.59   20.17   18.96    4.88   68.00  447.06  521.48   17.20  388.92   17.03
   614    0.56   19.76   19.01    5.26   66.04  435.45  522.03   14.98  395.63   15.81
   615    0.59   19.99   19.11    5.12   66.80  438.50  520.66   15.69  402.12   16.19
   616    0.57   20.23   18.84    5.07   66.91  443.56  524.06   16.08  391.09   16.46
   617    0.59   20.21   18.76    5.10   66.80  436.94  518.23   16.67  384.74   16.20
   618    0.56   20.54   18.76    5.14   66.83  448.55  531.36   15.70  383.28   16.45
   619    0.53   20.31   18.60    4.97   67.15  441.38  518.71   17.71  375.58   16.62
   620    0.57   20.21   18.56    5.03   67.23  439.86  519.01   17.23  375.72   16.44
   621    0.56   20.08   18.87    5.21   66.25  437.56  522.50   17.08  390.36   15.98
   622    0.58   20.16   18.92    4.95   67.62  448.48  525.27   16.69  394.40   16.89
   623    0.55   20.25   18.97    4.95   67.73  445.90  522.52   18.37  393.75   16.82
   624    0.59   20.10   18.84    5.23   66.52  440.92  526.50   16.81  388.50   16.04
   625    0.59   20.07   19.08    4.83   68.20  442.98  516.10   16.98  397.12   17.00
   626    0.69   20.25   18.94    4.83   68.14  447.59  520.61   15.50  391.48   17.16
   627    0.66   19.92   18.78    4.84   67.87  435.65  509.06   19.08  386.05   16.74
   628    0.68   20.31   19.19    4.83   68.44  451.17  524.16   17.72  405.04   17.28
   629    0.58   19.98   19.00    4.70   68.60  440.39  509.63   18.04  394.14   17.25
   630    0.56   20.36   19.20    5.17   66.98  456.43  540.03   16.05  406.08   16.64
   631    0.57   20.28   19.12    5.15   66.85  449.47  532.56   16.54  400.42   16.46
   632    0.56   19.95   19.11    4.99   67.37  435.90  513.75   16.79  399.49   16.41
   633    0.58   20.33   18.88    5.19   67.11  444.38  528.60   16.86  389.13   16.23
   634    0.60   20.29   18.81    4.95   67.92  441.56  518.20   14.91  387.63   16.68
   635    0.60   20.22   18.54    4.87   68.37  440.61  514.94   14.32  376.41   16.83
   636    0.61   20.26   18.51    4.99   67.86  439.49  517.54   15.52  374.76   16.51
   637    0.56   20.21   18.99    4.99   68.08  439.28  517.37   17.08  393.72   16.50
   638    0.62   20.16   18.94    5.07   67.58  437.29  517.66   16.78  395.38   16.27
   639    0.62   20.42   18.79    5.12   67.10  448.46  530.46   16.68  387.07   16.51
   640    0.55   20.30   18.77    4.90   68.03  446.72  521.85   17.87  387.66   16.96
   641    0.58   20.27   18.57    5.19   67.02  445.02  529.28   16.76  377.26   16.25
   642    0.64   20.30   18.58    5.05   67.35  442.78  522.57   17.06  379.49   16.48
   643    0.58   20.52   18.54    5.18   67.00  447.70  531.69   15.78  379.17   16.35
   644    0.55   20.60   18.62    5.25   66.99  454.56  540.75   16.51  381.97   16.41
   645    0.57   20.67   18.60    5.19   67.29  462.47  546.78   18.51  382.60   16.78
   646    0.63   20.24   18.65    5.52   65.61  444.92  540.44   18.99  380.31   15.58
   647    0.62   20.10   18.59    5.27   66.50  438.60  525.75   20.09  376.58   15.87
   648    0.62   20.54   19.14    5.17   67.45  464.04  547.71   17.42  397.99   16.87
   649    0.56   20.56   18.92    5.05   67.52  456.72  536.60   16.42  389.03   16.92
   650    0.57   20.99   18.80    5.31   66.96  465.54  553.69   18.63  385.33   16.62
   651    0.56   21.06   18.99    5.16   67.60  472.62  555.89   18.12  391.47   17.16
   652    0.55   20.79   18.93    5.30   66.73  464.95  552.95   17.39  393.51   16.61
   653    0.61   20.89   19.24    4.94   68.24  470.63  547.17   16.44  401.99   17.62
   654    0.59   21.20   19.22    4.87   68.50  477.32  551.57   17.04  404.50   18.03
   655    0.55   20.85   19.10    5.18   67.15  461.04  545.01   16.36  399.12   16.76
   656    0.54   20.78   18.74    5.41   66.22  462.76  554.48   17.14  385.65   16.32
   657    0.60   20.83   19.06    5.55   65.81  467.82  564.17   14.14  397.25   16.20
   658    0.61   20.97   18.86    5.49   66.20  468.80  563.08   15.30  390.21   16.34
   659    0.64   21.02   18.80    5.31   67.17  472.06  560.52   16.97  385.27   16.79
   660    0.63   20.89   18.95    5.45   66.31  467.83  560.92   16.00  390.56   16.38
   661    0.62   20.75   18.69    5.60   65.60  463.27  561.60   16.12  378.95   15.96
   662    0.58   20.82   18.96    5.55   65.86  461.75  558.07   16.41  388.11   16.02
   663    0.55   21.11   18.94    5.56   65.89  467.78  564.47   16.46  388.71   16.18
   664    0.57   21.36   18.86    5.38   66.60  472.35  562.98   18.52  384.42   16.66
   665    0.57   21.11   18.70    5.41   66.40  465.93  557.61   17.98  378.27   16.41
   666    0.53   21.00   18.79    5.28   66.72  467.06  554.40   18.78  382.61   16.72
   667    0.55   21.14   18.58    5.10   67.54  469.98  551.51   18.58  374.81   17.21
   668    0.59   21.01   18.72    5.34   66.31  464.53  553.72   19.28  383.85   16.52
   669    0.55   20.78   18.88    5.40   66.19  461.06  552.32   18.68  391.06   16.29
   670    0.52   21.02   18.59    5.43   66.20  469.20  561.57   19.27  377.54   16.47
   671    0.53   21.41   18.64    5.47   66.29  475.81  569.42   19.21  379.35   16.59
   672    0.54   21.77   18.72    5.17   67.53  489.00  572.72   17.26  384.21   17.64
   673    0.55   21.63   18.61    5.32   67.01  482.42  570.90   20.73  377.58   17.10
   674    0.53   21.78   18.60    5.08   68.05  493.68  574.33   18.51  377.13   18.02
   675    0.55   21.79   18.80    5.00   68.43  494.30  572.46   18.41  383.32   18.24
   676    0.59   21.43   18.59    5.26   67.15  480.97  567.76   18.15  373.01   17.17
   677    0.59   21.77   18.50    5.25   67.00  490.73  576.96   21.77  373.21   17.51
   678    0.53   21.49   18.78    5.25   67.16  482.38  568.83   18.72  383.66   17.24
   679    0.56   21.71   18.80    5.09   67.71  491.85  572.97   18.49  389.48   17.92
   680    0.54   21.47   18.57    5.21   67.32  492.88  577.71   19.06  378.24   17.67
   681    0.56   21.58   18.79    4.87   68.40  494.19  568.45   17.98  389.59   18.58
   682    0.56   21.83   18.70    4.96   68.18  505.89  582.90   19.26  387.23   18.71
   683    0.53   21.85   19.05    4.70   69.23  506.55  575.58   18.02  399.39   19.51
   684    0.55   21.89   18.99    4.78   68.72  507.01  578.43   16.65  398.88   19.28
   685    0.53   21.83   18.85    5.06   67.79  507.61  587.76   18.96  392.80   18.50
   686    0.54   21.39   18.94    4.98   67.85  493.37  570.92   19.01  390.88   18.26
   687    0.57   21.53   19.01    4.95   68.23  491.72  568.45   18.14  394.42   18.28
   688    0.58   21.39   18.68    5.07   67.69  482.53  562.89   17.69  378.49   17.69
   689    0.57   21.06   18.84    5.13   67.14  470.34  552.75   15.66  386.79   17.16
   690    0.58   21.49   19.04    5.00   68.23  490.31  568.51   18.18  397.90   18.11
   691    0.55   21.82   18.87    4.92   68.51  497.99  573.88   18.49  389.64   18.56
   692    0.53   21.63   18.90    5.21   67.23  491.31  576.34   16.80  386.20   17.61
   693    0.55   21.48   18.73    5.22   67.28  484.88  570.31   18.74  377.61   17.39
   694    0.57   21.78   18.92    5.18   67.70  492.05  576.10   18.03  385.23   17.70
   695    0.57   21.35   18.78    5.24   67.22  480.29  566.31   18.60  381.10   17.20
   696    0.55   20.88   18.87    5.18   66.67  462.29  546.28   19.19  382.60   16.80
   697    0.55   21.06   18.85    5.09   67.68  476.94  558.12   17.14  388.08   17.45
   698    0.55   21.56   18.98    4.85   68.73  485.63  559.23   17.35  387.81   18.36
   699    0.57   21.54   18.69    5.22   67.29  482.18  567.34   15.76  378.81   17.32
   700    0.59   21.61   18.77    5.18   67.34  483.57  567.63   16.27  379.28   17.44
   701    0.57   21.48   18.88    5.19   67.07  479.34  563.77   14.39  386.91   17.29
   702    0.55   21.52   18.24    5.28   66.55  476.71  564.04   16.10  363.13   17.01
   703    0.56   21.45   18.77    5.19   67.32  482.30  566.74   19.19  384.90   17.38
   704    0.59   21.42   18.56    5.17   67.37  476.52  560.14   18.04  376.32   17.26
   705    0.59   21.60   18.74    5.21   66.96  479.72  564.85   17.45  380.83   17.25
   706    0.60   21.13   18.82    5.01   67.41  475.02  553.52   16.55  386.65   17.60
   707    0.66   21.40   18.89    5.08   67.48  485.18  565.91   17.67  393.81   17.75
   708    0.64   21.33   18.84    5.05   67.30  479.38  559.35   19.35  390.76   17.62
   709    0.62   21.65   18.82    5.06   67.54  491.33  571.49   18.38  388.00   17.98
   710    0.62   21.59   18.71    5.25   66.85  492.45  578.73   17.69  383.44   17.56
   711    0.62   21.44   18.59    5.04   67.28  485.93  565.57   19.47  379.16   17.85
   712    0.57   21.29   18.49    5.07   67.09  480.72  561.24   16.81  374.06   17.62
   713    0.58   21.34   18.46    5.07   67.25  483.90  564.30   19.73  376.16   17.73
   714    0.63   21.64   18.68    4.97   67.53  486.22  563.63   20.40  374.92   18.05
   715    0.58   21.65   18.89    5.06   67.24  491.29  571.57   18.17  389.29   17.97
   716    0.63   21.51   18.97    5.16   66.98  487.21  570.68   18.25  390.57   17.60
   717    0.56   21.79   18.72    5.10   67.20  502.73  583.99   17.20  382.91   18.25
   718    0.56   21.58   18.83    5.32   66.21  502.15  590.69   16.94  390.65   17.69
   719    0.62   21.67   18.87    5.31   66.14  507.28  595.41   16.98  391.70   17.87
   720    0.59   21.92   18.94    5.29   66.30  511.10  598.63   15.39  394.44   18.03
   721    0.57   22.20   18.91    5.21   66.91  521.22  606.21   17.41  394.29   18.53
   722    0.57   22.33   18.97    5.03   67.47  525.03  604.27   17.10  397.76   19.12
   723    0.58   22.43   18.67    5.17   67.01  532.19  615.97   15.58  389.94   18.96
   724    0.61   22.44   18.47    4.94   67.88  536.85  613.10   15.73  376.24   19.78
   725    0.59   22.45   18.46    5.14   67.05  538.82  621.49   16.97  378.42   19.25
   726    0.55   22.30   18.76    4.99   67.59  531.56  609.52   16.57  389.16   19.44
   727    0.60   22.17   18.93    5.19   66.90  532.59  616.75   15.40  395.03   18.94
   728    0.56   22.38   18.35    5.37   66.42  533.02  623.26   15.68  371.30   18.49
   729    0.59   22.22   18.25    5.33   66.19  516.19  605.20   15.99  369.63   18.07
   730    0.59   22.10   18.12    5.38   66.08  513.97  604.68   17.55  361.93   17.89
   731    0.58   22.13   18.08    5.40   65.68  511.92  603.36   16.51  359.43   17.78
   732    0.59   22.15   18.09    5.19   66.85  525.75  610.17   17.11  358.79   18.71
   733    0.56   22.22   18.14    5.09   67.13  527.89  609.07   16.29  360.61   19.04
   734    0.59   22.30   17.83    5.37   66.30  533.18  623.60   16.33  348.25   18.48
   735    0.62   22.58   18.03    5.30   67.09  542.89  630.89   16.03  354.49   18.95
   736    0.60   22.46   17.94    5.38   66.68  539.38  629.86   13.76  349.97   18.66
   737    0.56   22.34   17.97    5.41   66.57  526.55  618.32   15.72  351.12   18.19
   738    0.60   22.52   18.07    5.14   67.69  533.58  616.31   17.86  354.76   19.09
   739    0.59   22.35   18.09    5.28   67.00  526.53  613.85   15.95  355.67   18.51
   740    0.59   22.21   18.05    5.16   67.21  525.18  608.36   16.04  353.37   18.79
   741    0.55   22.34   17.80    4.88   68.34  522.53  597.10   18.18  342.37   19.48
   742    0.59   22.25   18.16    4.83   68.24  522.53  595.65   19.12  356.93   19.62
   743    0.61   22.28   18.18    4.96   68.12  525.50  602.60   18.15  359.37   19.33
   744    0.57   22.04   18.30    5.05   67.56  519.19  599.12   19.38  362.00   18.88
   745    0.59   22.14   17.99    5.08   67.23  512.77  593.50   17.99  349.18   18.61
   746    0.60   21.96   17.76    5.16   67.06  510.14  593.48   16.41  340.45   18.32
   747    0.57   21.95   17.63    4.89   68.04  511.99  586.83   17.24  337.46   19.11
   748    0.65   21.70   18.03    4.88   67.87  496.37  570.87   18.31  349.83   18.63
   749    0.62   21.53   17.78    5.25   66.25  497.41  583.58   16.68  345.31   17.71
   750    0.55   21.77   18.00    5.16   66.85  506.88  590.14   17.87  351.21   18.22
   751    0.56   21.82   18.01    5.04   67.54  508.46  588.12   18.54  352.60   18.56
   752    0.54   21.90   17.70    5.07   67.42  502.00  582.36   17.16  346.41   18.30
   753    0.54   21.73   17.92    4.99   67.58  499.73  577.61   18.99  349.17   18.44
   754    0.61   21.82   17.84    4.94   67.90  499.46  575.75   16.04  345.26   18.57
   755    0.55   21.70   18.16    4.88   68.10  492.97  567.38   18.90  356.61   18.53
   756    0.55   21.69   17.85    5.08   67.42  492.01  572.71   19.44  344.01   17.96
   757    0.55   21.74   17.73    4.81   68.40  498.36  570.62   18.70  338.77   18.91
   758    0.53   21.97   17.24    4.93   68.05  500.93  576.99   17.80  319.86   18.64
   759    0.59   21.96   17.75    4.89   68.26  500.60  575.50   17.61  337.89   18.73
   760    0.61   21.96   17.88    5.06   67.71  494.82  574.88   17.05  342.18   18.10
   761    0.55   22.36   17.82    5.10   67.85  512.26  593.62   15.05  339.87   18.54
   762    0.55   22.43   18.06    4.94   68.52  515.99  592.37   16.24  352.09   19.09
   763    0.57   22.54   18.06    4.95   68.67  522.55  599.23   17.63  356.67   19.28
   764    0.54   22.24   18.19    4.90   68.73  512.78  588.00   16.40  359.33   19.10
   765    0.52   22.10   17.95    5.04   67.80  510.63  590.11   19.44  350.85   18.65
   766    0.54   22.32   18.09    4.84   68.94  520.52  593.78   16.57  355.82   19.54
   767    0.55   21.95   18.27    5.03   68.03  507.16  586.41   18.02  360.60   18.56
   768    0.57   22.02   18.12    5.23   67.21  507.70  593.20   19.29  353.81   18.07
   769    0.52   21.85   18.12    5.41   66.47  498.66  590.25   18.32  355.17   17.38
   770    0.53   22.29   17.98    5.15   67.47  506.92  590.00   15.97  347.03   18.24
   771    0.54   21.87   18.41    5.29   66.97  500.22  587.98   21.01  363.35   17.68
   772    0.60   21.82   18.28    5.43   66.35  493.97  586.20   16.58  359.05   17.20
   773    0.60   21.99   18.19    5.36   66.99  496.63  586.72   18.99  356.33   17.42
   774    0.53   22.11   18.20    5.25   67.46  499.93  586.08   15.34  354.16   17.79
   775    0.53   22.16   18.15    5.35   67.05  504.97  594.71   16.66  352.40   17.69
   776    0.54   22.04   18.11    5.28   67.12  498.88  586.26   17.88  353.01   17.67
   777    0.57   22.14   18.28    5.43   66.83  504.06  596.46   17.55  358.55   17.48
   778    0.58   22.15   18.40    5.30   67.14  503.35  591.24   15.72  363.47   17.77
   779    0.54   22.40   18.43    5.33   67.16  509.46  598.47   17.72  364.93   17.87
   780    0.53   22.63   18.42    5.17   67.90  520.76  604.52   16.22  366.29   18.61
