#time, _distVP, _dist67, _distF,  _domz1, _flattenA, _projA, _domeA, _hrot, _projA_RF, _rad
     0    0.63   19.33   15.60    8.59   52.45  382.86  614.26   25.71  254.69   11.39
     1    0.73   20.50   15.47    8.06   55.67  425.61  629.43   23.30  250.66   12.43
     2    0.74   20.75   15.66    7.91   56.28  429.02  625.17   22.83  257.09   12.59
     3    0.74   20.98   15.63    7.69   57.47  443.84  629.23   21.90  256.13   13.03
     4    0.68   21.19   15.81    7.40   58.84  453.29  624.78   22.95  261.92   13.45
     5    0.80   21.25   15.41    7.14   59.65  448.90  608.54   20.93  248.93   13.58
     6    0.79   21.09   15.71    7.06   59.87  445.18  601.34   19.35  258.75   13.57
     7    0.75   21.21   15.60    6.99   60.22  450.96  604.04   19.88  255.20   13.77
     8    0.74   21.35   15.47    6.82   60.89  453.72  599.36   18.42  251.28   14.00
     9    0.84   21.37   15.88    6.82   61.01  456.24  601.98   20.21  265.04   14.06
    10    0.85   21.58   15.82    6.96   60.70  467.41  619.08   21.51  262.83   14.17
    11    0.80   21.46   15.37    6.93   60.89  466.07  616.68   20.12  247.50   14.17
    12    0.82   21.76   15.24    6.79   61.54  474.37  619.07   17.16  243.30   14.51
    13    0.81   21.83   15.18    6.77   61.57  472.71  616.35   19.68  241.69   14.50
    14    0.84   21.57   15.52    6.58   61.90  463.33  599.17   19.23  253.66   14.49
    15    0.78   21.51   15.35    6.53   62.08  462.31  595.81   20.58  248.22   14.54
    16    0.83   21.57   15.63    6.39   62.67  467.81  595.89   20.37  256.30   14.84
    17    0.78   21.56   15.50    6.38   62.77  468.42  595.92   18.27  251.75   14.88
    18    0.78   21.39   15.30    6.65   61.58  459.83  598.32   17.86  245.12   14.33
    19    0.78   21.13   15.73    6.50   62.17  457.32  589.60   16.98  259.15   14.45
    20    0.76   21.74   15.90    6.56   62.39  476.58  611.46   16.26  265.18   14.84
    21    0.77   21.77   16.05    6.52   62.37  472.86  606.28   17.57  270.61   14.80
    22    0.81   21.86   15.94    6.55   62.38  477.28  611.76   18.12  267.21   14.87
    23    0.83   21.71   15.56    6.68   61.84  474.30  614.27   18.01  253.87   14.64
    24    0.73   22.01   15.74    6.44   63.09  487.81  617.74   17.70  260.56   15.28
    25    0.78   21.98   16.02    6.23   63.71  482.96  604.63   17.44  269.71   15.45
    26    0.84   21.95   15.87    6.37   63.42  491.14  618.27   18.20  265.16   15.46
    27    0.82   21.78   16.11    6.30   63.31  478.89  603.12   14.46  272.66   15.25
    28    0.87   21.36   15.70    6.51   62.34  467.21  599.85   21.80  259.06   14.68
    29    0.84   21.72   15.91    6.37   63.02  476.12  603.15   18.82  265.76   15.09
    30    0.77   21.89   15.76    6.39   63.01  478.42  606.39   16.11  260.74   15.11
    31    0.79   21.58   15.62    6.48   62.32  463.47  595.11   18.57  256.29   14.62
    32    0.72   21.70   16.04    6.25   63.36  470.40  592.80   15.64  270.82   15.10
    33    0.70   21.80   16.39    6.20   63.63  477.18  597.80   13.56  282.63   15.34
    34    0.77   21.64   16.28    6.07   63.82  466.32  581.59   13.05  278.69   15.27
    35    0.74   21.35   16.18    6.03   63.83  460.90  574.82   14.93  275.69   15.18
    36    0.78   21.27   16.36    6.17   63.47  465.83  585.08   13.03  281.16   15.10
    37    0.71   20.99   16.16    6.26   62.75  451.00  573.81   14.43  273.84   14.60
    38    0.72   20.86   16.23    6.19   62.97  449.77  569.98   12.54  276.73   14.65
    39    0.74   20.99   16.02    6.35   62.50  454.08  580.50   11.94  269.60   14.55
    40    0.71   21.39   16.43    6.10   63.78  468.92  585.40   12.17  283.95   15.29
    41    0.75   21.34   16.49    5.98   64.08  463.82  575.89   12.96  286.06   15.33
    42    0.77   21.11   16.60    6.07   63.46  454.85  570.26   11.89  290.44   14.96
    43    0.79   21.38   16.64    6.06   63.90  468.60  583.57   11.56  291.95   15.34
    44    0.80   21.60   16.65    5.81   65.02  475.67  581.31   13.58  294.32   15.94
    45    0.77   21.09   16.57    6.01   63.94  464.72  577.86   14.18  290.70   15.31
    46    0.75   21.47   16.19    5.99   64.36  472.92  585.24   13.09  277.85   15.56
    47    0.77   21.47   16.30    5.85   64.72  465.62  572.95   14.79  279.50   15.59
    48    0.78   21.36   16.31    5.94   64.31  465.90  576.30   11.92  280.66   15.46
    49    0.83   21.33   16.02    5.97   64.21  463.79  575.62   11.99  270.63   15.34
    50    0.77   21.11   16.37    5.75   64.94  461.00  564.43   11.09  283.40   15.64
    51    0.80   21.18   16.48    5.85   64.51  459.89  566.98   11.77  287.04   15.44
    52    0.74   21.38   16.48    5.61   65.57  469.41  567.97   12.95  287.70   16.12
    53    0.67   21.15   16.36    5.75   64.89  460.39  563.85   14.07  283.60   15.62
    54    0.75   21.24   16.67    5.45   66.12  463.02  556.05   13.07  293.25   16.25
    55    0.80   20.82   16.60    5.75   64.70  449.34  553.00   11.54  290.03   15.31
    56    0.78   20.77   16.61    5.64   65.24  453.28  552.89   11.91  289.47   15.61
    57    0.77   21.06   16.46    5.64   65.18  454.76  554.27   11.16  285.00   15.66
    58    0.82   20.74   16.52    5.35   66.08  447.33  536.94   10.79  287.29   15.98
    59    0.76   20.76   16.60    5.48   65.61  447.49  541.73   12.27  289.73   15.73
    60    0.74   21.29   16.48    5.20   67.00  461.48  546.15   13.18  285.98   16.72
    61    0.71   21.32   16.49    5.42   66.02  465.47  557.63   12.91  287.50   16.37
    62    0.74   21.13   16.89    5.30   66.45  460.50  548.35   14.22  300.98   16.49
    63    0.77   21.31   16.51    5.37   66.12  460.29  550.51   13.78  286.70   16.33
    64    0.75   21.15   16.19    5.62   65.19  453.77  552.88   12.53  277.32   15.65
    65    0.72   20.73   16.48    5.99   63.33  437.58  550.19   13.56  286.84   14.61
    66    0.74   20.80   16.39    5.76   64.32  442.61  546.68   12.81  283.40   15.10
    67    0.81   20.60   16.28    5.70   64.46  438.11  539.96   14.55  279.57   15.08
    68    0.80   20.92   16.65    5.76   64.41  452.12  556.10   15.12  292.44   15.37
    69    0.83   20.89   16.32    5.88   63.83  445.77  554.26   14.08  281.61   15.00
    70    0.78   21.00   16.34    5.89   63.90  451.27  559.98   15.93  282.80   15.14
    71    0.81   20.99   16.33    5.77   64.54  454.69  558.93   13.53  281.09   15.43
    72    0.83   21.02   16.35    5.87   64.02  452.69  560.79   15.71  282.99   15.20
    73    0.80   20.87   16.43    5.71   64.70  452.60  554.91   15.85  285.00   15.46
    74    0.76   21.03   16.47    5.48   65.74  457.92  551.84   16.07  284.99   16.05
    75    0.75   20.88   16.22    6.01   63.44  449.19  562.43   14.51  276.83   14.90
    76    0.81   21.08   16.23    5.67   65.12  459.64  560.29   13.31  277.43   15.74
    77    0.65   20.92   16.29    5.53   65.54  452.40  548.08   14.76  278.79   15.79
    78    0.70   21.08   16.24    5.62   65.27  460.69  559.57   16.57  277.05   15.86
    79    0.75   21.13   16.34    5.38   66.21  461.99  552.61   16.58  280.42   16.36
    80    0.75   21.34   16.51    5.49   65.98  473.06  567.54   15.65  286.69   16.45
    81    0.79   21.10   16.05    5.63   64.91  454.97  554.41   15.20  270.41   15.67
    82    0.73   20.93   16.29    5.60   65.00  449.04  547.16   16.62  278.38   15.57
    83    0.72   21.22   16.65    5.60   65.21  458.54  556.90   17.09  291.26   15.83
    84    0.72   21.03   16.29    5.68   64.66  453.49  554.41   15.83  278.96   15.55
    85    0.76   21.01   16.47    5.62   65.08  451.43  550.52   17.20  284.71   15.59
    86    0.76   21.03   16.79    5.69   64.73  452.69  554.22   15.23  296.24   15.50
    87    0.76   21.39   16.46    5.93   64.13  461.29  571.31   15.57  284.36   15.35
    88    0.74   21.40   16.45    5.87   64.29  457.33  565.45   14.80  283.60   15.33
    89    0.75   21.39   16.59    5.38   66.20  460.12  550.71   15.47  288.64   16.30
    90    0.73   21.61   16.61    5.39   66.19  464.88  555.84   14.88  289.15   16.42
    91    0.72   21.91   16.68    5.29   66.65  470.87  558.63   14.48  291.71   16.80
    92    0.70   21.85   16.48    5.55   65.71  475.62  572.22   15.15  285.22   16.41
    93    0.73   21.50   16.42    5.94   63.94  459.37  569.87   12.47  282.28   15.28
    94    0.75   21.90   16.29    5.72   65.18  471.36  573.77   11.14  278.12   15.98
    95    0.80   21.77   16.23    5.58   65.57  471.58  569.14   10.29  276.17   16.24
    96    0.74   22.01   16.31    5.66   65.45  479.49  579.88   10.16  278.66   16.31
    97    0.70   21.55   16.42    5.75   64.73  460.55  564.12   11.15  282.65   15.62
    98    0.75   21.61   16.55    5.81   64.67  466.26  571.92   10.72  287.16   15.68
    99    0.78   21.55   16.43    5.70   65.23  467.97  569.89    9.64  283.08   15.91
   100    0.70   21.87   16.50    5.39   66.55  474.03  565.13    9.70  286.48   16.68
   101    0.76   21.58   16.42    5.59   65.38  467.13  565.17   10.51  283.22   16.09
   102    0.74   21.62   16.97    5.56   65.36  469.97  566.81   11.14  302.69   16.23
   103    0.71   21.54   17.06    5.59   65.29  465.93  563.66    9.61  305.69   16.07
   104    0.78   21.61   16.95    5.50   65.78  467.43  562.10   12.81  302.77   16.28
   105    0.71   21.38   16.68    5.71   64.63  458.18  560.41   10.52  293.18   15.62
   106    0.73   21.20   16.58    5.56   65.11  449.13  546.07   10.19  289.39   15.63
   107    0.74   21.09   16.78    5.50   65.25  445.18  540.10   12.16  297.51   15.62
   108    0.71   20.92   16.61    5.67   64.34  437.59  538.32   10.51  290.13   15.12
   109    0.74   21.17   16.64    5.74   64.27  449.65  552.84   12.92  291.51   15.34
   110    0.71   21.57   16.92    5.56   65.36  463.47  560.45   11.14  302.65   16.04
   111    0.71   21.59   16.81    5.77   64.35  458.16  562.48   10.14  298.09   15.52
   112    0.71   21.54   17.00    5.54   65.64  465.58  561.71   11.77  305.60   16.15
   113    0.76   21.78   16.88    5.81   64.73  474.17  580.02   10.71  300.84   15.89
   114    0.74   21.92   16.68    5.84   64.74  482.79  589.55   11.64  292.99   16.08
   115    0.78   22.13   17.14    5.91   64.56  486.86  596.47   11.31  312.14   16.06
   116    0.70   22.20   16.92    5.66   65.66  487.57  587.75   13.95  303.74   16.55
   117    0.75   22.42   16.87    5.48   66.57  499.16  593.19   12.44  301.27   17.24
   118    0.69   22.13   16.80    5.72   65.50  497.02  599.40   11.39  297.79   16.69
   119    0.60   22.29   16.83    5.95   64.59  500.06  611.06   12.51  297.93   16.35
   120    0.72   22.14   16.61    6.20   63.56  494.24  614.52   12.23  290.09   15.79
   121    0.62   22.36   16.72    5.89   64.80  502.25  610.76   13.93  295.29   16.52
   122    0.71   22.21   16.90    5.97   64.43  501.77  613.24   13.89  300.76   16.37
   123    0.78   22.14   16.96    5.79   65.08  500.99  605.88   14.89  303.62   16.67
   124    0.69   21.76   16.72    5.87   64.38  481.24  589.23   12.26  295.33   15.98
   125    0.60   22.09   16.37    5.97   64.40  489.76  601.33   13.31  284.76   16.05
   126    0.64   22.27   16.50    5.74   65.60  497.82  600.88   11.88  287.81   16.68
   127    0.63   21.68   16.82    5.70   65.25  480.17  582.00   12.04  300.13   16.25
   128    0.64   22.03   16.77    5.83   65.06  490.27  596.64   12.45  297.47   16.30
   129    0.75   21.91   16.93    5.97   64.38  488.18  599.92    9.60  303.20   16.00
   130    0.76   22.32   16.86    5.88   64.94  505.66  613.96   11.69  299.39   16.63
   131    0.77   21.96   16.96    5.88   64.72  489.74  598.13   10.50  303.82   16.19
   132    0.74   22.06   16.98    5.91   64.48  493.43  602.84   10.22  304.98   16.24
   133    0.68   21.94   17.07    5.75   65.22  491.98  595.63   11.38  308.18   16.49
   134    0.78   22.10   17.04    5.63   65.66  495.92  595.32   13.30  306.75   16.83
   135    0.71   22.18   17.10    5.20   67.36  495.50  580.08   10.73  309.84   17.77
   136    0.75   22.49   17.30    5.18   67.49  506.28  590.22   10.33  317.41   18.15
   137    0.71   22.20   17.36    5.11   67.67  495.94  577.70   10.27  318.34   18.00
   138    0.74   22.28   17.51    5.22   67.41  502.41  587.72   11.14  324.47   17.93
   139    0.70   22.41   17.42    5.14   67.76  505.94  588.77   10.83  322.38   18.23
   140    0.70   22.02   17.46    5.30   66.79  484.93  572.81   12.10  323.23   17.22
   141    0.70   22.07   17.54    5.36   66.57  489.23  579.24   10.48  325.94   17.20
   142    0.71   22.18   17.50    5.53   66.05  491.76  587.57   10.80  324.45   16.92
   143    0.76   22.09   17.44    5.58   65.78  487.34  584.94   14.30  322.50   16.69
   144    0.73   22.11   17.32    5.69   65.10  487.05  588.57   11.73  317.74   16.46
   145    0.77   21.92   17.25    5.79   64.73  481.56  586.61   10.59  314.78   16.13
   146    0.80   21.74   17.10    6.05   63.41  472.15  586.98   12.71  310.64   15.44
   147    0.76   21.92   17.19    5.90   64.27  478.99  588.13   12.54  313.58   15.87
   148    0.76   22.19   17.16    5.77   65.10  488.55  592.77   14.12  311.39   16.36
   149    0.74   21.88   17.38    5.79   65.04  483.16  588.31   13.59  319.33   16.17
   150    0.79   22.00   17.37    5.68   65.24  487.06  588.12   14.23  318.96   16.49
   151    0.78   22.17   17.50    5.39   66.42  491.27  582.40   13.32  322.61   17.19
   152    0.76   21.72   17.47    5.58   65.54  472.90  570.37   12.40  320.58   16.28
   153    0.78   22.25   17.34    5.59   66.05  491.18  588.91   12.31  315.58   16.79
   154    0.75   21.93   17.08    5.58   65.67  481.13  578.54   10.50  307.92   16.52
   155    0.73   21.83   17.22    5.77   64.93  474.23  578.46   11.43  312.00   15.97
   156    0.73   21.76   17.27    5.57   65.52  469.08  566.22   10.82  313.95   16.19
   157    0.72   21.87   17.50    5.50   66.00  477.51  572.28   13.71  323.96   16.57
   158    0.80   21.68   17.38    5.37   66.17  467.77  558.13   13.13  318.58   16.55
   159    0.73   21.63   17.19    5.47   65.96  466.52  560.30   10.06  311.57   16.30
   160    0.74   21.51   17.01    5.19   66.79  460.11  544.39   11.90  306.25   16.71
   161    0.75   21.98   17.21    5.17   67.32  479.78  563.40    9.14  312.40   17.36
   162    0.74   21.88   17.09    5.42   66.05  476.11  567.95   10.41  308.24   16.70
   163    0.72   21.63   16.77    5.60   65.23  464.72  562.93   10.89  297.60   16.01
   164    0.68   21.88   17.06    5.59   65.50  475.27  573.09   10.98  309.19   16.33
   165    0.72   21.81   17.03    5.53   65.33  467.78  563.44    9.85  306.88   16.23
   166    0.68   21.93   17.20    5.63   65.08  477.27  576.59   10.67  313.14   16.31
   167    0.71   22.12   17.03    5.44   66.04  482.76  575.38   10.69  305.64   16.85
   168    0.84   22.02   17.16    5.29   66.40  483.53  570.99   10.93  311.36   17.20
   169    0.79   22.18   16.94    5.33   66.25  489.33  578.41   10.71  302.96   17.27
   170    0.81   22.16   16.52    5.62   65.14  486.71  585.58   13.39  288.40   16.60
   171    0.69   22.36   16.60    5.31   66.41  490.94  579.24   13.09  291.16   17.37
   172    0.81   22.32   16.34    5.50   65.59  487.68  582.32   12.43  282.86   16.87
   173    0.74   21.98   16.63    5.72   64.61  477.32  579.91   11.74  292.08   16.14
   174    0.64   21.80   16.54    5.75   64.20  462.77  566.27    9.55  290.18   15.69
   175    0.71   21.41   16.57    5.53   64.77  455.24  551.02    8.61  290.39   15.87
   176    0.72   21.70   16.82    5.54   64.67  465.55  561.65   12.26  299.30   16.15
   177    0.68   21.91   16.71    5.56   65.05  469.36  566.34   10.72  293.19   16.21
   178    0.68   21.83   16.72    5.51   65.07  469.49  564.50   10.09  295.06   16.32
   179    0.60   21.68   16.61    5.39   65.26  465.35  556.24   10.46  291.54   16.44
   180    0.71   21.71   16.77    5.32   65.69  459.87  548.66    9.60  297.76   16.41
   181    0.63   21.78   16.51    5.52   65.19  465.70  561.22   11.14  289.15   16.18
   182    0.64   21.89   16.79    5.50   65.63  474.74  569.59   10.79  298.69   16.48
   183    0.73   21.48   16.91    5.54   65.04  455.42  551.46    7.46  303.49   15.86
   184    0.70   21.60   16.31    5.62   64.70  463.23  562.24    8.73  283.00   15.92
   185    0.62   21.78   16.63    5.45   65.51  470.29  563.34   11.21  292.25   16.46
   186    0.74   21.96   16.59    5.40   65.76  467.79  559.12    9.14  290.67   16.49
   187    0.58   21.89   16.10    5.37   65.45  462.72  553.06    9.77  274.33   16.40
   188    0.65   22.25   16.52    5.27   66.22  476.01  562.85   10.70  287.81   17.02
   189    0.66   21.79   16.82    5.56   65.09  469.39  566.25    8.05  298.63   16.21
   190    0.63   21.84   16.55    5.48   65.30  471.23  565.44    8.96  288.67   16.42
   191    0.65   21.76   16.59    5.32   65.75  466.60  555.10    8.84  290.20   16.63
   192    0.60   21.63   16.52    5.47   64.76  461.58  555.22   11.92  287.60   16.17
   193    0.64   21.71   16.66    5.33   65.50  463.68  552.49   12.15  293.50   16.52
   194    0.70   21.70   16.66    5.45   64.97  463.81  556.73   11.48  294.80   16.28
   195    0.62   22.07   16.75    5.37   65.45  471.20  561.59   12.33  297.82   16.65
   196    0.66   22.04   16.51    5.24   66.03  468.76  554.83    9.32  289.06   16.85
   197    0.66   22.15   16.41    5.33   65.88  467.44  556.27    8.01  284.74   16.63
   198    0.73   21.85   16.77    5.31   65.84  457.61  545.76    8.75  299.75   16.38
   199    0.71   22.00   16.69    5.37   65.86  468.67  559.02    8.51  295.17   16.57
   200    0.67   22.02   17.22    5.39   66.17  474.37  565.41    8.16  315.18   16.70
   201    0.67   22.25   17.34    5.29   66.19  479.69  567.46    8.46  319.43   17.07
   202    0.65   22.09   16.90    5.23   66.51  474.66  560.22    8.69  302.16   17.07
   203    0.63   21.79   16.94    5.29   66.19  472.15  559.82   10.91  305.85   16.85
   204    0.62   21.53   16.91    5.56   65.08  454.81  551.67   10.30  306.63   15.80
   205    0.66   21.63   17.18    5.49   65.43  457.96  552.52    9.36  315.13   16.01
   206    0.63   21.89   16.94    5.63   65.20  465.79  565.01   11.04  306.76   15.99
   207    0.61   21.71   16.59    5.61   65.08  466.47  565.22   11.16  293.58   16.03
   208    0.64   22.04   16.75    5.73   64.81  471.93  574.93    9.16  297.07   15.97
   209    0.60   21.90   17.03    5.66   65.20  469.11  569.38    8.05  308.16   16.03
   210    0.62   22.07   17.04    5.41   66.13  472.55  564.18    9.11  308.35   16.61
   211    0.67   22.11   17.45    5.21   66.98  474.16  559.14    9.85  324.63   17.09
   212    0.58   22.19   16.87    5.60   65.54  475.45  573.52   11.18  300.97   16.32
   213    0.64   21.99   17.15    5.38   66.34  467.83  558.56   11.61  311.54   16.52
   214    0.65   22.05   16.94    5.56   65.67  470.28  567.19   12.04  304.98   16.24
   215    0.65   22.16   16.74    5.56   65.70  472.71  569.69   11.16  295.52   16.30
   216    0.62   22.29   16.49    5.86   64.49  473.25  580.79   11.33  288.03   15.79
   217    0.67   22.18   16.88    5.78   64.57  468.87  573.57   11.00  302.74   15.80
   218    0.66   21.87   17.01    5.72   64.44  456.76  559.16    9.59  308.35   15.57
   219    0.68   22.02   17.17    5.81   64.33  460.26  565.86   10.60  314.40   15.52
   220    0.64   22.11   17.01    5.85   64.39  467.98  575.13    9.37  309.48   15.66
   221    0.74   22.02   17.16    5.77   64.80  464.74  569.03    7.25  312.79   15.70
   222    0.62   22.39   16.96    5.92   64.20  470.84  580.82   10.42  306.90   15.61
   223    0.58   22.47   16.53    5.58   65.61  478.55  576.02    8.99  292.26   16.44
   224    0.62   22.54   16.77    5.54   65.96  483.12  579.32    9.40  299.99   16.64
   225    0.62   22.83   17.08    5.29   67.14  496.37  584.16   10.11  311.57   17.57
   226    0.58   22.83   17.31    5.36   66.84  494.15  584.12   10.97  321.20   17.35
   227    0.61   22.69   17.14    5.43   66.59  487.86  580.32    9.66  312.89   17.01
   228    0.63   22.77   17.20    5.32   67.00  488.39  577.13    8.01  314.12   17.26
   229    0.61   23.11   16.89    5.42   66.89  499.86  591.95    8.13  303.20   17.38
   230    0.70   22.94   17.25    5.56   66.03  491.01  587.77    9.19  314.07   16.84
   231    0.60   22.84   17.24    5.70   65.37  489.06  590.79    7.62  314.47   16.51
   232    0.70   23.10   16.98    5.76   65.43  500.30  604.28    6.35  306.50   16.70
   233    0.72   22.80   16.49    5.95   64.39  487.34  598.39    8.05  288.79   16.00
   234    0.73   22.83   16.34    5.97   64.39  488.79  600.29    8.58  284.71   16.02
   235    0.76   23.01   16.68    5.73   65.64  502.70  605.41    8.18  293.33   16.84
   236    0.76   22.94   16.48    5.97   64.60  500.78  612.49    8.03  288.88   16.33
   237    0.75   22.84   16.58    5.91   64.88  494.81  604.19    8.05  290.24   16.28
   238    0.80   23.10   16.12    5.96   64.89  503.02  614.21    9.18  274.60   16.42
   239    0.76   23.17   16.38    5.80   65.56  504.65  609.88    8.74  284.51   16.76
   240    0.79   23.09   16.06    6.15   64.35  506.35  624.82    8.69  271.85   16.18
   241    0.80   23.07   16.27    6.06   64.83  507.23  622.14    8.84  278.53   16.36
   242    0.74   22.87   16.82    5.68   66.16  503.65  604.64    8.76  299.06   16.96
   243    0.87   22.60   16.78    5.77   65.53  488.80  593.25    9.14  296.24   16.36
   244    0.85   22.89   16.73    5.89   65.18  496.48  605.03    9.02  295.36   16.37
   245    0.86   23.15   16.63    6.01   64.90  504.82  618.05    8.08  291.03   16.37
   246    0.78   22.77   16.69    6.06   64.32  486.28  601.41    8.49  292.74   15.80
   247    0.80   22.73   16.46    6.06   64.31  485.11  600.06    8.47  285.32   15.78
   248    0.73   22.67   16.36    6.28   63.33  477.74  601.41    6.15  282.24   15.24
   249    0.79   22.77   16.52    6.27   63.42  486.85  610.22    7.73  286.91   15.49
   250    0.76   22.82   16.27    6.19   63.80  490.11  610.11    6.50  279.16   15.70
   251    0.72   22.86   16.45    6.11   64.27  492.71  609.82    7.49  286.92   15.88
   252    0.72   22.86   15.81    6.01   64.71  490.90  603.91    7.14  263.48   16.01
   253    0.81   22.68   16.25    5.96   64.60  486.47  597.82    8.65  277.83   15.97
   254    0.77   22.62   16.08    6.11   64.19  488.26  605.16    8.71  271.61   15.78
   255    0.74   22.73   16.33    5.99   64.91  494.30  606.80    8.27  280.27   16.12
   256    0.79   22.59   16.42    6.09   64.27  487.98  604.20    6.53  283.12   15.80
   257    0.75   22.54   16.47    5.99   64.63  487.78  600.18    7.28  285.06   15.96
   258    0.81   22.81   16.31    6.05   64.74  495.65  610.14    7.48  279.13   16.07
   259    0.67   22.83   16.25    5.92   65.27  497.61  607.41    6.06  277.51   16.34
   260    0.77   22.71   16.24    5.94   64.96  490.36  600.86    7.94  277.85   16.11
   261    0.79   22.55   16.33    5.99   64.58  484.39  596.79    7.19  280.30   15.87
   262    0.77   22.48   16.50    6.01   64.39  483.07  596.43    7.27  286.61   15.79
   263    0.78   22.16   16.49    6.06   63.93  472.34  587.58    7.65  286.20   15.43
   264    0.66   22.28   16.58    5.87   64.88  482.90  590.72    7.18  288.98   16.03
   265    0.69   22.61   16.51    5.80   65.50  488.37  593.72    8.10  286.36   16.30
   266    0.79   22.71   16.31    5.90   65.23  490.33  599.21    8.75  279.34   16.19
   267    0.79   22.63   17.07    5.72   65.82  489.58  591.97    9.03  306.32   16.49
   268    0.84   22.55   16.61    5.57   66.40  490.02  587.14    7.84  290.61   16.79
   269    0.80   22.15   16.60    5.85   64.95  475.96  583.09    7.17  289.95   15.88
   270    0.83   22.09   16.49    6.00   64.37  475.92  588.55    7.15  286.02   15.63
   271    0.83   22.78   16.64    5.92   65.27  496.63  606.31    8.25  290.87   16.32
   272    0.84   22.78   16.33    5.97   65.17  497.52  609.29    6.28  280.64   16.24
   273    0.84   22.42   16.50    5.92   65.19  489.25  599.11    7.75  285.57   16.11
   274    0.91   22.25   16.19    6.26   63.54  479.73  602.64    7.29  274.93   15.32
   275    0.86   22.16   16.51    6.25   63.65  479.72  602.08    8.62  286.01   15.34
   276    0.86   22.64   16.48    5.88   65.54  500.52  608.88    8.79  284.84   16.48
   277    0.84   22.42   16.57    5.96   64.98  491.94  603.36   10.53  288.04   16.11
   278    0.85   22.29   16.46    5.93   64.93  485.07  595.08   10.41  284.02   15.99
   279    0.81   22.18   16.61    5.89   65.19  486.69  595.32    7.53  289.24   16.10
   280    0.81   22.34   16.24    6.06   64.49  488.13  603.38   10.04  276.45   15.84
   281    0.83   22.31   16.46    6.30   63.57  488.67  612.87    7.37  283.71   15.50
   282    0.79   22.16   16.46    6.48   62.91  482.46  614.07    9.45  284.02   15.09
   283    0.84   22.20   16.18    6.10   64.53  482.90  599.55    9.77  274.08   15.65
   284    0.83   22.12   16.60    5.84   65.38  473.20  579.97    9.76  288.51   15.82
   285    0.76   21.86   16.21    6.12   63.98  468.30  585.60    9.43  275.17   15.24
   286    0.88   22.12   16.61    6.00   64.62  473.13  585.87    8.68  288.89   15.55
   287    0.81   22.20   16.16    6.30   63.71  480.65  604.96    8.52  273.59   15.30
   288    0.80   22.01   16.25    6.30   63.31  474.13  598.48    7.98  276.51   15.13
   289    0.78   22.24   16.54    6.48   62.68  481.03  612.53    6.93  286.62   15.06
   290    0.79   22.22   16.63    6.13   64.03  480.60  598.18    8.80  290.08   15.55
   291    0.79   22.01   16.38    6.27   63.18  466.87  590.13    9.80  281.67   14.98
   292    0.77   22.54   16.65    6.30   63.58  490.47  614.77    8.63  290.78   15.54
   293    0.82   22.33   16.48    6.16   64.11  486.01  604.85    9.13  284.45   15.64
   294    0.81   22.30   16.79    6.07   64.15  484.69  600.15    8.46  295.35   15.74
   295    0.85   22.28   16.94    6.16   63.92  484.05  603.02   10.16  301.31   15.58
   296    0.81   22.24   16.79    5.95   64.69  483.24  594.19    8.13  295.20   15.90
   297    0.75   22.57   16.84    6.01   64.66  493.51  606.73    8.03  297.50   16.07
   298    0.79   22.47   17.30    5.88   64.85  485.24  593.64    9.38  313.76   16.07
   299    0.76   22.43   16.99    5.95   64.61  481.87  592.68   12.40  302.66   15.87
   300    0.82   22.59   16.70    6.08   64.43  490.46  606.20   10.28  292.40   15.88
   301    0.80   22.39   16.79    6.23   63.75  482.86  604.56    9.89  295.58   15.45
   302    0.87   21.98   16.77    6.28   63.42  473.88  597.59    9.54  294.82   15.15
   303    0.80   21.92   17.12    5.89   64.90  471.39  580.10    9.09  307.30   15.68
   304    0.80   21.96   16.97    6.11   63.93  472.99  590.01    7.91  301.73   15.37
   305    0.83   21.79   16.79    6.36   62.86  467.56  594.24    6.91  295.71   14.88
   306    0.79   21.62   16.78    6.33   62.73  461.29  586.70    7.86  296.07   14.77
   307    0.77   22.23   16.75    6.18   63.81  486.19  605.86    7.78  294.56   15.61
   308    0.78   21.95   16.77    5.82   64.98  476.60  582.74    7.70  295.41   15.94
   309    0.83   22.08   17.35    5.69   65.51  482.95  584.39    8.49  315.73   16.35
   310    0.81   21.99   17.25    5.68   65.56  477.71  578.60    8.68  312.51   16.23
   311    0.81   22.13   17.09    5.76   65.28  485.10  589.06    8.86  307.55   16.28
   312    0.77   22.28   17.10    5.61   66.01  491.07  589.76    8.16  307.80   16.73
   313    0.80   21.92   16.84    5.81   65.02  478.12  583.88    8.78  298.38   16.00
   314    0.79   22.09   16.92    5.58   66.28  487.90  585.27    8.69  300.84   16.71
   315    0.85   22.12   17.04    5.49   66.47  486.06  580.60    7.78  306.00   16.83
   316    0.88   22.16   16.95    5.51   66.44  485.31  580.28    7.71  301.78   16.78
   317    0.90   22.09   16.72    5.84   65.01  481.39  588.34    8.14  293.66   16.03
   318    0.79   21.94   16.77    5.92   64.61  472.08  582.05    9.27  294.91   15.64
   319    0.83   22.27   16.80    5.61   66.03  481.08  579.76    9.61  296.74   16.45
   320    0.83   22.00   17.18    5.81   65.21  476.33  582.06   10.07  309.98   15.95
   321    0.84   22.31   17.08    5.69   65.76  485.49  586.87    7.93  306.47   16.43
   322    0.79   22.13   17.33    6.06   64.15  483.45  598.68    9.39  315.96   15.72
   323    0.80   22.03   17.09    5.85   64.78  479.69  586.83    8.64  306.86   15.98
   324    0.80   22.44   16.97    5.98   64.71  494.61  606.50    8.49  303.18   16.16
   325    0.94   22.71   17.09    5.89   65.15  505.22  614.06    7.26  308.54   16.59
   326    0.78   22.81   17.03    6.13   64.30  507.21  624.91    8.47  306.09   16.23
   327    0.79   22.56   17.20    6.04   64.61  501.83  616.22    9.73  311.97   16.24
   328    0.83   22.60   17.14    6.07   64.44  501.06  616.62    7.77  309.51   16.17
   329    0.80   22.86   16.93    5.99   65.06  511.01  623.28   10.45  302.02   16.58
   330    0.82   22.97   17.09    5.80   65.46  505.52  610.96   11.40  308.88   16.77
   331    0.77   22.79   17.49    5.86   65.02  501.64  609.38   12.50  324.31   16.55
   332    0.84   22.92   17.22    5.75   65.64  511.65  615.32   12.81  313.16   17.03
   333    0.84   23.30   17.22    5.58   66.51  523.24  620.69   11.42  312.88   17.72
   334    0.85   23.50   17.22    5.53   66.68  529.25  625.03   10.48  312.46   18.00
   335    0.81   23.26   17.10    5.74   65.82  519.68  622.88   11.47  308.09   17.28
   336    0.81   22.97   16.95    5.91   65.05  508.25  617.67   10.37  302.79   16.64
   337    0.84   23.08   16.82    5.84   65.58  521.51  628.51    9.91  297.58   17.12
   338    0.82   22.90   17.43    5.65   65.95  509.57  609.57   10.46  321.71   17.18
   339    0.85   22.96   17.39    5.65   66.14  509.78  609.69    8.69  319.01   17.19
   340    0.79   22.98   17.39    5.62   66.20  515.22  614.02   10.58  320.52   17.41
   341    0.79   22.94   17.58    5.66   66.33  518.48  618.65   12.12  326.07   17.42
   342    0.80   23.11   17.84    5.40   67.26  522.82  614.27   10.39  336.05   18.10
   343    0.84   22.96   17.58    5.65   66.42  515.91  615.88   11.79  325.66   17.36
   344    0.83   22.76   17.23    5.71   65.95  505.62  607.76   10.72  312.27   16.95
   345    0.80   22.89   17.49    5.43   66.98  511.71  603.89    9.51  320.47   17.72
   346    0.75   22.50   17.32    5.48   66.45  496.28  590.41    8.87  315.56   17.15
   347    0.78   22.52   17.62    5.38   66.86  501.66  592.45   10.64  326.20   17.52
   348    0.77   22.78   17.57    5.31   67.16  508.03  596.37   11.70  324.67   17.88
   349    0.83   22.89   17.33    5.46   66.46  508.37  601.55   12.33  315.53   17.56
   350    0.83   23.05   17.25    5.28   67.53  519.10  606.24    9.66  312.77   18.30
   351    0.84   22.86   17.42    5.33   67.22  512.02  600.90    9.97  318.94   17.96
   352    0.83   23.26   17.94    5.23   68.05  531.51  616.97    9.83  338.58   18.80
   353    0.88   22.89   17.69    5.26   67.75  517.28  603.77    9.37  328.69   18.29
   354    0.80   22.88   17.41    5.34   67.25  511.58  600.71    9.54  317.76   17.93
   355    0.88   22.78   17.35    5.49   66.54  513.13  607.52   10.11  316.07   17.62
   356    0.80   22.86   17.59    5.28   67.41  515.61  602.87    9.26  325.14   18.18
   357    0.79   22.99   17.45    5.39   66.92  508.70  599.82    8.86  318.82   17.71
   358    0.90   22.67   17.57    5.16   67.27  492.87  576.13   11.76  323.89   17.79
   359    0.83   22.85   17.59    5.10   67.97  505.64  586.97    8.59  324.62   18.34
   360    0.80   22.65   17.64    5.17   67.31  493.21  577.03    9.65  326.77   17.76
   361    0.77   22.18   17.82    5.26   66.79  481.59  568.19    8.54  333.65   17.20
   362    0.83   21.98   17.80    5.38   66.01  469.10  559.60    8.80  332.36   16.58
   363    0.79   21.79   17.71    5.25   66.33  466.38  552.80    8.82  328.88   16.76
   364    0.83   21.82   18.03    5.21   66.45  468.72  553.87    8.38  342.06   16.91
   365    0.80   21.77   18.01    5.16   66.72  464.84  548.19    9.69  340.50   16.92
   366    0.88   22.15   17.90    5.11   67.22  478.25  560.16    7.94  335.59   17.44
   367    0.91   22.11   17.72    5.16   67.06  478.63  561.90    8.18  329.07   17.35
   368    0.79   22.09   17.88    5.16   67.02  476.39  559.67    9.49  335.00   17.28
   369    0.83   22.05   18.24    5.02   67.55  478.46  557.27    9.51  349.39   17.69
   370    0.81   21.77   17.92    5.23   66.62  470.09  555.75   10.98  337.11   16.92
   371    0.82   22.28   17.89    5.12   67.19  484.80  566.73   11.83  336.24   17.64
   372    0.86   21.96   18.02    5.17   67.05  480.73  564.32   11.56  340.40   17.39
   373    0.80   22.49   18.12    5.10   67.60  488.84  570.43   10.37  344.45   17.79
   374    0.76   22.14   18.12    5.29   66.60  479.37  566.98   11.17  344.40   17.07
   375    0.78   21.95   18.00    5.45   65.84  477.77  570.65   11.95  340.14   16.69
   376    0.81   21.90   18.13    5.39   66.19  477.57  568.51   11.91  344.75   16.80
   377    0.80   22.09   18.22    5.56   65.53  479.63  576.37   10.36  348.12   16.51
   378    0.76   22.01   18.18    5.27   66.47  474.76  561.82   10.75  346.46   16.97
   379    0.81   21.91   17.89    5.24   66.64  474.09  559.95    9.32  335.73   17.03
   380    0.83   21.90   17.93    5.23   66.54  479.39  565.17   11.73  338.04   17.19
   381    0.85   21.97   18.02    5.22   66.61  476.74  562.03   10.07  340.64   17.15
   382    0.79   21.65   18.06    5.48   65.51  465.06  559.17   10.69  342.05   16.24
   383    0.86   21.58   17.92    5.19   66.46  468.99  553.39   10.18  337.13   16.97
   384    0.81   22.02   18.58    5.07   67.25  480.35  560.94   10.77  362.41   17.60
   385    0.75   21.76   18.43    5.13   66.78  469.02  551.38   11.34  356.78   17.12
   386    0.80   21.65   18.42    5.17   66.78  464.99  548.75   10.89  355.79   16.89
   387    0.79   21.68   18.49    5.29   66.05  465.59  553.39   11.70  358.27   16.64
   388    0.80   21.91   18.53    5.32   66.23  475.34  563.87   10.28  359.80   16.89
   389    0.80   22.20   18.90    5.05   67.64  496.11  575.98   10.59  375.75   18.16
   390    0.77   22.35   18.72    4.85   68.58  497.42  571.08   10.22  368.62   18.74
   391    0.81   22.39   18.99    4.51   69.82  496.93  560.48   11.37  379.14   19.80
   392    0.80   22.43   18.89    4.69   69.20  498.00  566.82   10.31  374.22   19.24
   393    0.80   22.11   18.71    4.89   68.30  485.37  560.24    9.59  367.14   18.24
   394    0.88   22.02   18.78    4.87   68.22  483.30  557.57   10.72  370.35   18.23
   395    0.81   21.84   18.62    4.78   68.51  489.50  561.13   11.01  365.12   18.68
   396    0.79   22.10   18.28    4.97   68.06  497.59  574.97   10.44  351.49   18.41
   397    0.80   22.16   18.40    4.95   67.96  498.53  575.10    9.97  355.74   18.51
   398    0.82   22.25   17.96    5.22   66.93  504.84  590.21   11.35  339.75   18.00
   399    0.82   22.41   17.93    5.26   66.81  501.27  588.00   10.23  339.39   17.79
   400    0.84   22.49   17.62    5.12   67.38  502.85  584.95    9.82  326.22   18.19
   401    0.83   22.38   17.76    5.08   67.58  506.20  587.13   10.94  331.77   18.39
   402    0.81   22.62   18.15    4.98   68.00  504.75  582.43    8.28  346.23   18.62
   403    0.84   22.00   18.01    5.40   65.95  476.22  567.68   10.15  340.53   16.73
   404    0.83   22.07   17.89    5.17   66.92  479.38  563.21   10.60  335.75   17.33
   405    0.83   21.98   18.07    5.19   67.00  476.00  560.45   10.96  342.73   17.18
   406    0.84   21.76   18.27    5.02   67.61  469.46  548.26   10.18  350.19   17.40
   407    0.80   21.63   18.12    5.14   67.09  468.51  551.37    8.91  345.88   17.07
   408    0.80   21.82   17.88    4.91   68.16  473.38  548.68    9.10  335.50   17.81
   409    0.87   21.50   17.81    5.03   67.20  462.75  542.05   10.71  333.03   17.15
   410    0.82   21.34   18.01    5.21   66.49  458.12  543.28    8.83  340.79   16.59
   411    0.87   21.34   17.74    5.14   67.12  463.82  546.42    9.52  330.24   16.94
   412    0.76   21.74   17.66    5.03   67.55  466.37  545.70    9.17  327.58   17.26
   413    0.78   21.72   18.20    4.96   67.80  465.54  542.58    9.79  347.50   17.42
   414    0.79   21.59   17.59    4.98   67.73  466.59  544.23    8.78  324.76   17.40
   415    0.75   22.08   17.36    4.97   67.89  475.94  553.19   10.18  316.60   17.73
   416    0.79   21.77   17.45    4.98   67.49  464.75  542.33   10.39  321.11   17.35
   417    0.73   21.65   17.73    4.94   68.04  464.42  540.83   10.78  329.83   17.43
   418    0.79   21.44   17.73    5.00   67.50  455.18  533.58    9.74  329.59   16.98
   419    0.74   21.56   17.67    5.15   66.98  461.20  544.18   10.56  327.69   16.83
   420    0.77   22.07   17.38    5.10   67.53  479.94  561.39   10.07  316.95   17.53
   421    0.80   21.82   17.32    5.00   67.83  474.18  552.57    9.16  314.78   17.58
   422    0.80   21.38   17.51    5.13   66.80  458.42  540.84    9.02  322.00   16.79
   423    0.80   21.90   17.88    4.94   68.03  482.68  559.12    8.32  335.48   18.02
   424    0.85   21.85   17.97    5.14   67.24  487.66  570.46    8.89  341.95   17.66
   425    0.79   22.08   17.56    5.18   67.11  486.83  570.98    8.96  325.53   17.54
   426    0.78   21.98   17.52    5.15   67.26  480.46  563.60    9.27  322.78   17.42
   427    0.82   22.26   17.33    5.30   66.91  489.46  577.34    8.05  315.46   17.35
   428    0.77   22.17   17.56    5.11   67.44  483.33  565.07    9.14  325.08   17.61
   429    0.80   22.28   17.46    5.24   67.18  489.50  575.43    9.07  320.18   17.49
   430    0.83   22.11   18.21    5.32   66.72  482.80  571.34    8.05  348.90   17.11
   431    0.80   21.93   17.92    5.37   66.30  474.39  564.67    8.90  337.69   16.75
   432    0.81   22.25   17.86    5.22   67.10  487.96  573.39    8.11  336.37   17.48
   433    0.78   22.34   17.78    5.34   66.64  488.91  578.35    9.95  332.64   17.23
   434    0.80   22.38   17.62    5.38   66.62  491.30  581.86    7.74  326.04   17.23
   435    0.78   22.12   18.04    5.09   67.75  482.89  564.05    8.11  341.86   17.64
   436    0.76   22.62   18.35    5.01   68.37  498.25  576.96    8.40  352.73   18.32
   437    0.78   22.49   18.41    5.11   67.90  495.83  577.65    8.42  355.55   17.99
   438    0.79   22.34   18.40    5.09   67.83  497.76  578.81    8.74  355.18   18.11
   439    0.78   22.46   18.23    5.28   67.08  498.37  585.64    8.03  349.22   17.66
   440    0.77   22.58   17.97    5.50   66.29  502.65  597.35    7.67  339.19   17.30
   441    0.77   22.39   17.70    5.63   65.74  499.99  599.14    9.08  329.06   16.96
   442    0.82   22.41   17.70    5.68   65.67  505.40  606.43    7.61  328.95   17.00
   443    0.83   22.18   17.89    5.61   65.46  492.94  591.48    9.35  336.12   16.79
   444    0.78   21.86   17.58    5.57   65.59  480.86  577.88   10.82  324.89   16.53
   445    0.73   21.82   17.95    5.34   66.46  477.00  566.23    8.28  338.66   16.89
   446    0.76   21.72   17.76    5.53   65.60  472.72  568.42   10.63  330.60   16.38
   447    0.79   21.66   17.93    5.60   65.41  470.18  568.40    8.36  337.65   16.16
   448    0.79   21.90   17.70    5.65   65.42  476.63  576.68    8.97  328.79   16.25
   449    0.78   22.04   17.72    5.62   65.75  482.10  581.17    8.84  330.23   16.45
   450    0.76   22.10   17.70    5.46   66.50  485.63  578.87    8.75  328.86   16.89
   451    0.75   22.20   17.88    5.52   66.08  489.97  585.53    9.24  334.96   16.88
   452    0.79   22.07   17.98    5.62   65.60  479.05  577.89    8.21  339.60   16.38
   453    0.83   22.20   17.70    5.71   65.24  491.31  593.30    8.34  330.83   16.56
   454    0.78   22.66   17.45    5.60   66.11  509.11  607.21    8.17  320.58   17.28
   455    0.77   22.48   17.74    5.59   65.72  498.35  596.21    8.73  331.35   16.98
   456    0.79   22.56   17.84    5.54   65.92  501.62  597.87    9.07  334.96   17.17
   457    0.77   22.54   18.01    5.58   66.17  504.01  601.63    9.71  340.61   17.16
   458    0.86   22.25   18.53    5.61   65.78  495.50  594.15    8.54  361.73   16.86
   459    0.82   22.47   18.38    5.56   66.24  500.22  597.13    7.01  355.31   17.09
   460    0.78   22.52   18.71    5.30   67.51  504.58  592.46    7.09  368.24   17.81
   461    0.78   22.35   18.73    5.11   68.08  495.12  577.01    8.90  368.68   17.96
   462    0.87   22.37   18.21    5.13   67.95  501.37  583.67    9.19  347.91   18.13
   463    0.78   22.37   18.12    5.20   67.71  502.48  587.05    8.52  345.13   17.99
   464    0.81   22.30   18.45    5.19   67.43  496.84  581.15    8.46  358.83   17.83
   465    0.80   22.27   18.93    4.87   68.76  497.65  571.72    9.25  377.16   18.71
   466    0.73   22.16   18.71    5.12   67.95  500.93  582.85    7.47  368.68   18.14
   467    0.77   22.32   19.16    5.26   67.28  505.96  592.47    8.09  386.40   17.95
   468    0.76   22.51   18.64    5.13   67.90  510.51  592.83    7.62  366.51   18.41
   469    0.82   22.12   18.91    5.19   67.56  501.16  585.33    9.01  377.51   17.97
   470    0.81   22.05   18.86    5.07   68.02  499.24  579.83    7.76  375.73   18.20
   471    0.80   22.11   18.76    5.16   67.95  505.79  589.10    6.81  372.74   18.18
   472    0.75   21.43   19.00    5.45   66.66  482.12  575.00    7.11  380.70   16.81
   473    0.80   21.31   18.86    5.44   66.29  475.43  568.20    7.27  374.71   16.62
   474    0.80   21.51   18.95    5.30   67.18  481.29  569.18    7.16  376.98   17.11
   475    0.78   21.85   18.35    5.38   66.94  494.73  585.48    8.46  353.90   17.32
   476    0.80   21.54   18.90    5.32   67.08  486.76  575.29    7.62  375.18   17.23
   477    0.78   22.11   18.56    5.39   67.04  496.60  587.59    8.40  361.28   17.36
   478    0.81   21.92   18.89    5.59   66.12  496.70  594.65    8.56  375.70   16.93
   479    0.80   21.62   18.85    5.63   65.84  491.48  590.80    7.27  373.43   16.71
   480    0.77   21.94   18.81    5.45   66.66  504.09  596.96    7.17  371.65   17.45
   481    0.77   22.00   18.59    5.45   66.66  503.06  596.18    7.61  363.99   17.41
   482    0.74   22.04   18.53    5.33   67.04  510.58  599.46    7.67  360.90   17.92
   483    0.79   22.48   18.86    5.25   67.45  523.11  609.54    8.53  374.45   18.47
   484    0.74   22.46   18.44    5.44   67.03  527.97  620.60    8.43  356.56   18.17
   485    0.77   22.51   18.55    5.55   66.64  522.88  619.33    8.37  361.49   17.77
   486    0.71   22.18   18.19    5.71   65.73  511.62  613.78    7.17  346.70   17.11
   487    0.76   22.39   18.48    5.69   65.68  516.42  617.79    7.83  358.31   17.29
   488    0.73   22.46   18.54    5.34   67.47  524.27  613.59    7.82  360.36   18.29
   489    0.73   22.67   18.60    5.29   67.83  528.44  616.18    7.43  362.86   18.53
   490    0.79   22.48   18.47    5.09   68.45  524.93  606.01    7.81  357.88   18.96
   491    0.72   22.44   18.34    5.38   67.18  520.15  610.87    7.62  352.78   18.07
   492    0.81   22.32   18.39    5.61   66.37  518.02  616.47    6.99  354.79   17.51
   493    0.77   21.80   18.18    5.62   66.27  502.40  601.22    7.34  346.34   17.04
   494    0.71   21.75   18.14    5.70   65.46  494.16  596.03    7.70  344.77   16.64
   495    0.80   22.04   18.25    5.43   66.52  501.67  593.84    8.39  349.10   17.43
   496    0.73   22.06   18.30    5.29   67.29  507.27  594.81    8.95  350.79   17.91
   497    0.85   22.18   18.61    4.97   68.56  515.45  592.88   10.90  362.87   18.98
   498    0.79   22.19   18.55    5.46   66.56  520.04  613.29    9.86  361.20   17.90
   499    0.72   22.26   18.86    5.19   67.63  518.20  602.65    9.83  373.08   18.48
   500    0.76   22.33   19.02    5.15   67.77  524.42  607.36   10.34  379.99   18.79
   501    0.83   22.36   18.71    5.41   66.93  527.39  619.08   11.38  367.54   18.22
   502    0.79   22.59   18.38    5.43   66.96  535.05  627.30    9.59  354.07   18.40
   503    0.67   22.54   18.61    5.69   65.92  527.34  628.86   11.62  364.09   17.59
   504    0.78   22.60   18.41    5.66   66.10  528.89  629.35   12.39  355.54   17.69
   505    0.81   22.50   18.68    5.55   66.64  532.58  629.05   11.80  366.21   18.05
   506    0.72   22.95   18.67    5.48   67.24  549.89  643.85   10.78  365.85   18.71
   507    0.78   23.40   18.79    5.37   67.85  562.76  653.04   11.07  370.69   19.36
   508    0.73   23.38   19.01    5.56   66.83  554.80  651.71   10.12  380.12   18.65
   509    0.79   23.56   18.64    5.33   67.73  561.93  650.78   10.86  364.91   19.45
   510    0.79   23.03   18.36    5.62   66.29  542.00  640.88   10.46  354.63   18.16
   511    0.73   23.10   18.66    5.39   67.22  544.02  635.08   10.35  367.11   18.75
   512    0.74   22.87   19.06    5.15   67.48  526.36  609.30   10.27  382.89   18.85
   513    0.79   22.90   18.73    5.21   67.52  536.49  621.57   12.09  370.33   18.98
   514    0.75   23.07   18.90    5.28   67.35  546.02  633.42   10.55  377.16   19.09
   515    0.75   23.19   18.62    5.26   67.74  546.37  632.85   10.95  365.56   19.17
   516    0.73   23.19   18.84    5.40   67.33  549.11  640.31   12.13  375.33   18.89
   517    0.76   22.99   19.11    5.34   67.20  542.24  631.67   10.27  385.69   18.82
   518    0.72   23.15   19.33    5.16   67.77  547.64  631.12   13.21  393.66   19.46
   519    0.73   22.96   19.28    5.29   67.24  539.08  626.77   11.18  391.60   18.86
   520    0.81   23.21   18.95    5.47   66.95  547.78  641.51   10.30  378.47   18.67
   521    0.78   23.32   19.44    5.20   68.12  553.15  637.82   10.22  398.42   19.53
   522    0.81   23.52   19.07    5.36   67.67  557.70  647.69   10.11  382.98   19.24
   523    0.81   23.60   19.03    5.42   67.46  562.64  654.44   10.41  382.66   19.24
   524    0.78   23.29   19.31    5.45   67.28  554.35  647.38    9.97  392.87   18.91
   525    0.79   23.46   19.07    5.71   66.50  560.09  662.15   11.87  383.35   18.47
   526    0.79   23.51   18.62    5.75   66.21  553.51  656.99   10.38  364.03   18.20
   527    0.73   23.37   18.50    5.71   65.81  544.71  646.70   11.03  359.50   18.04
   528    0.73   23.53   18.33    5.70   66.06  555.46  657.06   10.03  352.36   18.37
   529    0.79   23.74   18.55    5.59   66.52  559.49  657.38   10.41  360.66   18.72
   530    0.79   23.85   18.51    5.80   66.03  568.90  674.29   10.50  359.11   18.51
   531    0.72   23.67   18.80    5.62   66.33  562.89  661.80   11.07  370.37   18.75
   532    0.77   23.46   18.66    5.78   66.05  555.85  660.41   11.48  365.77   18.20
   533    0.72   23.66   18.46    5.92   65.58  561.11  670.75    8.80  357.25   18.05
   534    0.74   23.15   18.63    5.83   65.53  542.32  648.61   10.12  363.69   17.73
   535    0.82   23.56   18.52    5.73   66.16  560.59  663.48   11.34  360.12   18.43
   536    0.71   23.82   18.95    5.65   66.68  570.98  670.80   11.80  376.90   18.92
   537    0.76   23.62   18.51    5.87   65.89  560.44  668.32   10.68  359.25   18.13
   538    0.81   23.47   18.74    5.78   66.14  556.37  660.98   11.73  367.83   18.21
   539    0.73   23.71   18.76    5.62   66.71  562.49  661.46    9.65  369.04   18.73
   540    0.80   23.69   18.97    5.56   67.13  562.00  658.80    8.23  377.54   18.87
   541    0.73   23.54   18.82    5.87   65.91  552.22  660.07    9.45  372.66   17.91
   542    0.80   23.82   19.03    5.61   67.15  559.28  657.69    8.65  381.06   18.68
   543    0.79   23.78   19.01    5.65   67.06  564.88  664.75    9.95  379.19   18.74
   544    0.82   23.57   18.92    5.76   66.33  557.80  661.62   10.92  375.45   18.30
   545    0.75   23.93   18.91    6.05   65.60  565.47  680.10    9.82  374.97   17.90
   546    0.76   23.80   19.03    5.97   65.82  560.89  672.60    9.62  379.45   17.93
   547    0.69   23.85   19.11    5.91   66.03  566.89  676.26    8.44  383.31   18.22
   548    0.75   23.47   19.29    5.74   66.40  552.19  655.28    9.41  389.70   18.19
   549    0.70   23.63   19.22    5.97   65.61  550.65  662.21    9.45  387.68   17.67
   550    0.76   23.98   19.03    6.28   64.66  561.88  685.36    8.52  380.67   17.38
   551    0.78   24.13   18.97    5.80   66.57  574.72  680.10    9.92  377.70   18.67
   552    0.73   24.46   18.88    6.04   65.69  581.93  696.19   10.15  374.37   18.35
   553    0.78   24.34   18.89    5.95   66.15  578.77  689.58   11.29  375.24   18.46
   554    0.80   24.42   18.89    5.74   67.18  588.80  691.99    8.43  374.75   19.19
   555    0.75   24.36   19.20    5.83   66.73  580.31  686.71    8.98  387.52   18.76
   556    0.72   24.76   19.06    5.76   67.27  591.59  695.54    8.24  381.52   19.22
   557    0.75   24.44   19.02    5.47   67.98  582.26  675.93   11.06  381.27   19.67
   558    0.81   24.22   19.25    5.47   67.64  569.87  663.39   11.26  390.58   19.33
   559    0.77   23.66   18.75    5.82   65.90  547.77  653.98   10.07  369.68   17.88
   560    0.77   23.90   18.85    5.81   66.11  557.94  663.73   10.37  373.35   18.18
   561    0.77   23.98   18.50    6.12   65.16  560.83  678.18    9.93  359.81   17.64
   562    0.77   23.95   18.49    6.03   65.53  560.43  674.17   10.71  359.99   17.81
   563    0.78   24.08   18.86    6.10   65.43  571.57  688.26    9.73  373.84   17.96
   564    0.73   24.21   18.95    5.89   66.35  577.50  686.16    9.18  376.69   18.55
   565    0.79   24.20   18.66    5.91   66.26  577.90  687.16    9.29  365.34   18.52
   566    0.74   24.18   18.74    5.98   65.90  575.01  687.03   10.35  368.84   18.29
   567    0.73   24.42   18.55    6.01   65.94  580.27  693.47    9.84  361.11   18.37
   568    0.75   24.41   18.58    6.15   65.50  582.06  700.53   10.51  361.93   18.14
   569    0.74   24.52   18.54    5.93   66.11  580.41  690.37   10.31  361.13   18.55
   570    0.77   24.18   18.28    6.20   65.01  572.75  693.31   10.12  350.97   17.80
   571    0.71   24.10   18.45    6.07   65.36  564.81  680.41   10.03  357.13   17.83
   572    0.81   24.20   18.42    5.87   66.00  559.36  667.24    9.79  357.25   18.10
   573    0.75   24.03   18.25    6.09   65.16  559.11  675.37    9.59  350.03   17.65
   574    0.77   23.63   18.47    6.30   64.42  543.95  668.37    9.42  358.87   16.89
   575    0.74   23.59   18.62    5.97   65.72  547.37  659.07    7.93  363.83   17.57
   576    0.76   23.32   18.75    6.14   64.76  536.41  654.43    9.18  368.75   16.98
   577    0.82   23.68   18.53    6.17   64.99  552.60  671.87    9.57  360.16   17.34
   578    0.80   23.75   18.95    5.87   66.01  556.85  664.76    9.15  376.53   18.03
   579    0.77   23.80   18.82    5.82   66.52  564.19  670.29    8.96  371.14   18.34
   580    0.74   23.69   18.93    6.21   64.93  553.54  674.36    9.05  375.32   17.29
   581    0.80   23.63   18.68    6.10   65.39  553.49  669.99    8.72  365.85   17.49
   582    0.76   23.44   18.53    6.45   63.97  543.00  673.49    9.05  360.36   16.62
   583    0.75   24.01   18.40    6.15   65.44  566.06  684.55   10.46  355.52   17.72
   584    0.75   24.23   18.63    6.11   65.63  575.32  692.11    9.60  365.46   18.05
   585    0.84   24.00   18.64    5.90   66.24  566.65  675.58    9.29  365.60   18.24
   586    0.77   23.81   18.51    6.08   65.59  557.96  673.63    8.83  361.00   17.65
   587    0.78   23.52   18.68    6.13   65.11  544.85  662.49   10.75  368.87   17.21
   588    0.74   23.59   18.57    6.15   64.98  546.71  665.23    8.60  362.84   17.22
   589    0.75   23.26   18.83    5.93   65.59  537.32  647.31   10.86  372.95   17.39
   590    0.77   23.33   19.04    5.77   66.20  537.26  641.57   11.56  381.92   17.70
   591    0.80   23.39   18.63    5.80   66.20  543.36  648.78    9.67  364.45   17.81
   592    0.84   22.97   18.91    5.88   65.74  533.98  642.29    9.58  375.60   17.39
   593    0.79   23.10   18.63    6.01   65.12  532.16  645.16    9.38  365.80   17.10
   594    0.75   23.06   18.67    5.80   65.76  531.29  636.81    9.60  366.93   17.47
   595    0.72   22.94   18.78    5.86   65.52  530.56  638.30   11.27  370.90   17.33
   596    0.76   23.10   18.73    5.97   65.61  540.08  651.57   10.52  369.52   17.39
   597    0.68   23.20   19.02    5.76   66.28  539.40  643.48    9.63  381.40   17.77
   598    0.73   23.23   18.90    5.98   65.54  543.40  655.43   10.89  376.88   17.45
   599    0.75   23.40   18.94    5.87   65.99  547.71  655.77   11.51  378.61   17.78
   600    0.76   23.57   19.24    5.55   67.27  553.42  649.99   10.26  391.42   18.64
   601    0.76   23.00   18.91    5.75   66.17  533.59  637.10   10.93  376.83   17.65
   602    0.82   22.72   18.70    5.75   65.95  519.44  623.12   11.52  367.34   17.25
   603    0.79   22.70   18.75    5.84   65.47  513.89  620.88    9.42  370.53   16.92
   604    0.81   22.42   18.67    5.84   65.02  498.01  604.81   12.35  367.14   16.49
   605    0.76   22.80   18.72    5.72   65.93  516.35  618.99   10.48  368.91   17.22
   606    0.75   22.64   18.30    6.06   64.59  509.95  624.93   11.10  351.52   16.43
   607    0.72   22.69   18.23    6.09   64.36  509.00  625.09    9.53  348.87   16.35
   608    0.71   22.79   18.15    6.09   64.39  506.99  623.20   11.09  346.49   16.29
   609    0.73   22.27   18.35    6.07   64.17  495.23  610.53   10.75  355.01   16.03
   610    0.74   22.22   18.36    5.94   64.41  491.59  602.17   12.37  355.26   16.14
   611    0.79   22.17   18.57    5.80   64.98  486.75  591.95   11.99  363.60   16.27
   612    0.77   22.14   18.38    5.92   64.62  488.91  598.85   10.46  355.45   16.10
   613    0.84   22.07   18.57    5.95   64.49  486.35  597.27   11.95  363.62   15.98
   614    0.77   22.10   18.44    5.90   64.73  485.96  594.96    9.79  359.17   16.06
   615    0.82   21.92   18.18    5.79   64.89  480.58  585.43   11.01  347.92   16.11
   616    0.77   22.04   18.60    5.53   65.92  483.37  579.10    9.71  364.06   16.68
   617    0.78   22.16   18.50    5.67   65.54  487.60  588.45    8.93  359.47   16.51
   618    0.83   21.97   18.12    5.61   65.47  475.28  573.87   10.14  344.56   16.29
   619    0.80   22.05   18.12    5.71   65.13  473.94  575.96    9.05  344.94   16.07
   620    0.80   22.19   18.11    5.66   65.45  481.13  581.62   10.23  344.45   16.35
   621    0.78   22.55   17.99    5.31   67.24  499.68  587.95   10.38  340.27   17.63
   622    0.78   22.67   18.38    5.38   66.51  497.16  587.71    9.29  355.52   17.40
   623    0.79   22.70   18.26    5.64   65.62  498.94  598.40    9.68  351.57   16.91
   624    0.75   22.70   17.97    5.77   64.96  495.43  599.59   10.85  339.95   16.56
   625    0.78   22.55   18.16    5.41   66.35  494.34  586.00   11.77  347.84   17.25
   626    0.79   22.66   17.90    5.48   66.05  497.96  592.10   11.49  337.03   17.20
   627    0.81   22.81   18.28    5.64   65.70  503.10  602.76   11.67  352.85   17.02
   628    0.76   23.08   18.16    5.78   65.39  515.11  619.89   10.71  348.34   17.07
   629    0.83   23.22   18.14    5.75   65.65  521.15  624.78   11.10  347.71   17.30
   630    0.76   23.08   18.01    5.93   64.75  517.04  627.33   11.20  343.35   16.84
   631    0.79   23.10   17.92    6.06   64.27  518.64  633.82   11.30  338.73   16.65
   632    0.79   23.27   18.25    6.04   64.71  529.63  643.77   12.23  352.16   16.98
   633    0.83   23.18   18.34    6.03   64.42  528.08  641.80   12.94  354.07   16.96
   634    0.87   23.50   18.53    5.97   64.89  537.90  649.59   11.45  361.12   17.32
   635    0.86   23.56   18.45    5.91   65.37  549.71  658.95   10.20  358.78   17.77
   636    0.82   23.25   18.49    5.75   65.32  526.66  630.27   10.76  359.45   17.45
   637    0.78   23.49   18.50    5.90   65.19  537.09  646.01   11.90  360.12   17.44
   638    0.81   23.39   18.52    6.04   64.83  530.91  645.22    8.57  360.67   17.01
   639    0.85   23.41   18.48    5.97   65.28  537.41  648.87    9.62  359.11   17.32
   640    0.80   23.29   18.71    5.87   65.50  537.64  645.66   11.52  369.47   17.51
   641    0.82   23.21   18.55    6.05   64.73  531.10  645.60   12.68  363.35   17.00
   642    0.81   23.07   18.68    6.10   64.33  525.58  642.10   11.96  368.11   16.77
   643    0.82   23.15   18.51    6.08   64.33  524.71  640.66   11.39  362.87   16.77
   644    0.79   22.96   18.71    6.26   63.64  513.39  636.10   11.23  369.81   16.19
   645    0.81   23.26   18.93    5.83   65.50  525.71  632.33   11.71  377.50   17.26
   646    0.78   23.32   19.09    5.71   66.17  532.46  634.69   11.71  383.85   17.69
   647    0.80   23.33   19.09    5.71   66.21  528.78  630.89   11.77  386.57   17.59
   648    0.78   22.97   19.19    5.40   66.91  516.01  607.17   11.13  388.72   17.92
   649    0.76   23.00   19.39    5.53   66.39  521.18  616.97   13.11  397.03   17.76
   650    0.77   22.99   19.26    5.37   67.25  523.22  613.40   11.08  391.35   18.20
   651    0.76   22.88   19.37    5.40   66.94  519.24  610.69   12.05  395.16   17.99
   652    0.82   22.77   19.06    5.48   66.62  516.06  610.15   12.69  381.80   17.72
   653    0.80   22.54   18.91    5.64   65.74  504.90  604.54   12.12  376.39   17.07
   654    0.77   23.14   18.98    5.56   66.41  522.51  619.17   13.82  379.23   17.75
   655    0.73   23.16   18.84    5.51   66.79  525.99  620.91   11.82  375.79   17.96
   656    0.75   23.61   18.95    5.52   67.10  540.79  636.07   11.64  379.29   18.36
   657    0.80   23.32   19.29    5.44   67.03  527.07  619.78   10.04  391.71   18.14
   658    0.76   23.38   18.91    5.44   67.23  537.98  630.67   12.15  376.25   18.46
   659    0.84   23.42   19.29    5.36   67.77  545.40  635.30   12.58  392.16   18.88
   660    0.80   23.50   19.50    5.37   67.86  547.32  637.58   11.44  401.14   18.91
   661    0.77   23.39   19.60    5.32   68.08  545.30  633.97   10.67  404.21   18.97
   662    0.80   23.24   19.47    5.48   67.50  543.53  637.44   10.57  400.33   18.53
   663    0.78   23.18   19.21    5.51   67.06  531.52  626.69   11.45  391.20   18.10
   664    0.76   23.51   19.22    5.47   67.43  546.53  640.13   11.54  391.22   18.64
   665    0.81   23.55   19.37    5.43   67.67  553.47  645.84   12.13  396.44   18.93
   666    0.85   23.53   19.35    5.34   68.15  551.26  640.51   10.89  396.39   19.10
   667    0.73   23.52   19.36    5.44   67.65  548.00  640.48   10.35  394.52   18.76
   668    0.80   23.36   19.21    5.63   66.76  541.58  640.86   11.29  388.73   18.12
   669    0.79   23.84   19.22    5.60   67.27  559.04  657.15   10.10  389.43   18.69
   670    0.80   24.10   19.21    5.59   67.46  571.44  669.24   12.43  388.04   19.07
   671    0.76   23.94   19.30    5.94   66.03  563.47  674.07   10.00  391.93   18.06
   672    0.77   24.15   19.48    5.66   67.14  571.56  671.70   10.10  399.62   18.91
   673    0.79   24.28   19.38    5.64   67.48  577.14  676.55   11.65  394.99   19.12
   674    0.80   24.70   19.46    5.60   67.59  586.64  684.69    9.09  397.95   19.48
   675    0.80   24.62   19.21    5.78   67.00  583.05  687.55    9.87  386.94   18.95
   676    0.83   24.67   19.39    5.68   67.10  581.65  682.59    9.72  395.12   19.14
   677    0.77   24.43   19.37    5.89   66.17  574.80  683.37   10.93  394.53   18.48
   678    0.78   24.35   19.15    6.06   65.50  573.18  688.14   10.15  385.28   18.09
   679    0.80   24.46   18.90    5.88   66.15  576.15  684.42    8.98  375.44   18.54
   680    0.78   24.50   18.91    5.89   65.85  575.24  683.75   11.26  375.62   18.50
   681    0.75   24.50   18.81    6.10   65.14  573.67  690.21   11.09  370.91   18.02
   682    0.81   24.37   18.66    6.04   65.21  570.05  684.50   11.48  365.39   18.03
   683    0.76   24.39   18.70    6.01   65.14  568.24  681.54    9.55  366.58   18.04
   684    0.75   24.78   18.64    6.01   65.52  586.80  700.06   13.82  364.23   18.54
   685    0.74   24.71   18.46    6.13   65.05  587.38  704.92   11.96  357.14   18.32
   686    0.77   24.53   17.93    6.07   65.08  581.97  697.48   11.31  336.71   18.29
   687    0.77   24.56   17.99    6.38   64.11  579.75  707.28   11.40  339.09   17.65
   688    0.84   24.94   17.98    6.41   64.44  595.25  723.96   11.74  338.93   17.98
   689    0.79   24.58   18.04    6.46   63.99  579.88  710.53   11.62  341.01   17.52
   690    0.79   24.68   18.56    6.12   64.87  586.00  703.30   11.86  360.91   18.30
   691    0.79   24.08   18.76    6.35   63.20  551.57  677.75   11.50  368.83   17.01
   692    0.76   24.07   18.40    5.73   65.52  553.99  656.76   11.68  354.52   18.25
   693    0.79   23.75   18.59    5.73   65.31  551.07  653.96   12.75  361.96   18.17
   694    0.84   23.80   18.59    5.79   65.51  552.78  657.73   12.19  362.03   18.09
   695    0.80   23.83   18.62    5.56   66.37  555.11  651.85   12.77  363.15   18.67
   696    0.78   23.94   18.87    5.52   66.39  547.46  642.76   12.27  373.46   18.55
   697    0.78   23.94   18.85    5.48   66.35  549.89  643.76   12.51  372.20   18.72
   698    0.79   23.85   18.97    5.30   66.98  547.19  635.01   13.62  378.48   19.09
   699    0.82   23.27   18.74    5.55   66.04  526.78  623.28   11.26  369.99   17.88
   700    0.77   23.66   18.73    5.71   65.59  542.71  644.69   12.99  368.84   17.99
   701    0.73   23.79   18.27    5.79   65.78  552.70  657.69   10.93  350.35   18.09
   702    0.81   23.89   18.59    5.76   65.91  553.39  657.47   12.67  362.30   18.16
   703    0.79   23.90   18.97    5.62   66.36  554.91  653.89   10.62  377.44   18.52
   704    0.75   23.65   18.89    5.46   66.74  541.10  634.29   10.35  373.88   18.51
   705    0.78   23.42   18.76    5.86   65.17  529.28  636.82   11.17  369.13   17.31
   706    0.75   23.44   18.87    5.50   66.51  531.13  625.85   11.48  373.39   18.12
   707    0.80   23.78   18.81    5.68   66.10  545.25  646.33   10.37  370.77   18.12
   708    0.76   24.15   18.59    5.44   67.60  564.53  657.03   11.01  362.10   19.25
   709    0.76   24.22   18.80    5.64   67.09  568.97  668.65   10.45  370.62   18.87
   710    0.82   24.13   18.71    5.54   67.55  569.43  665.49   10.07  366.87   19.13
   711    0.74   24.18   18.89    5.65   67.19  563.94  663.77   12.15  373.94   18.72
   712    0.76   24.19   18.69    5.45   67.90  564.11  657.09   10.16  366.05   19.20
   713    0.73   24.09   18.96    5.56   67.50  566.45  663.25   10.31  376.67   18.99
   714    0.81   23.95   19.06    5.50   67.43  560.99  655.62   10.85  380.73   18.99
   715    0.77   24.29   18.90    5.41   68.02  576.43  667.94   11.72  374.18   19.67
   716    0.83   24.24   18.85    5.41   67.55  569.78  661.54   12.93  372.69   19.46
   717    0.77   24.09   18.84    5.43   67.34  563.17  655.53   12.97  372.10   19.22
   718    0.79   24.18   18.84    5.64   66.60  568.36  667.89   10.97  372.26   18.86
   719    0.91   23.84   18.87    5.65   66.24  555.40  655.30    9.95  373.33   18.47
   720    0.77   24.23   18.96    5.26   68.11  565.61  652.19   10.85  378.02   19.74
   721    0.74   23.86   18.78    5.15   68.16  557.67  640.60   10.93  369.94   19.82
   722    0.77   24.09   18.88    5.07   68.65  576.50  656.76   10.92  373.76   20.65
   723    0.83   24.09   18.69    5.36   67.65  569.07  658.98   11.97  366.02   19.58
   724    0.80   24.22   18.70    5.53   67.13  577.97  673.68   10.43  366.16   19.40
   725    0.83   23.88   18.57    5.52   67.01  560.68  656.02    9.96  361.38   18.93
   726    0.78   23.87   18.94    5.52   66.89  558.03  653.59    9.26  375.68   18.84
   727    0.81   24.21   19.02    5.49   67.21  569.81  664.05    9.47  379.04   19.27
   728    0.76   24.29   18.87    5.75   66.16  572.99  676.34   11.29  373.15   18.75
   729    0.75   23.96   18.80    5.63   66.41  561.34  660.49   10.29  370.20   18.69
   730    0.78   24.00   18.38    5.87   65.66  564.95  672.77   11.49  354.11   18.26
   731    0.83   24.20   18.83    5.63   66.44  573.34  672.68   11.21  371.47   19.02
   732    0.90   23.65   18.80    5.74   65.67  550.93  654.11   10.46  370.90   18.15
   733    0.83   23.87   18.38    5.84   65.33  557.99  664.74    9.78  354.25   18.13
   734    0.80   23.77   18.41    5.54   66.52  559.80  655.97   10.54  355.40   18.85
   735    0.79   23.97   18.53    5.65   66.27  568.15  668.09   11.25  360.03   18.83
   736    0.86   24.10   18.65    5.39   67.03  561.87  652.75   12.09  364.94   19.29
   737    0.78   23.96   18.59    5.42   66.73  560.05  652.11   12.99  362.11   19.15
   738    0.84   23.65   18.58    5.44   66.27  553.60  646.23   11.71  361.97   18.92
   739    0.81   24.00   18.85    5.30   67.15  570.29  658.11   10.98  372.52   19.78
   740    0.80   23.99   18.54    5.71   65.82  567.24  669.35   11.81  359.93   18.66
   741    0.81   23.94   18.55    5.79   65.33  558.50  663.51   10.79  360.97   18.25
   742    0.83   24.21   18.51    5.40   66.78  574.79  666.20   12.39  359.80   19.63
   743    0.83   24.49   18.32    5.38   66.86  581.81  672.30   10.59  352.08   19.91
   744    0.83   24.56   18.33    5.39   66.82  586.54  677.63   10.80  352.50   20.00
   745    0.80   24.43   18.46    5.68   66.15  584.95  685.97   10.69  357.44   19.23
   746    0.81   24.30   18.33    5.42   66.95  572.33  664.40   10.49  352.37   19.51
   747    0.91   24.36   18.43    5.54   66.69  573.89  670.11   11.36  356.55   19.25
   748    0.80   24.21   18.43    5.72   66.14  567.58  670.06   10.34  356.23   18.65
   749    0.80   24.17   18.31    5.84   65.81  566.25  672.93   11.67  351.54   18.36
   750    0.78   24.20   18.45    5.85   65.67  562.84  670.09    9.83  357.00   18.23
   751    0.80   24.40   18.49    5.50   67.03  570.48  665.03   10.58  358.94   19.27
   752    0.83   23.98   18.35    5.54   66.62  560.11  656.35   10.34  353.20   18.85
   753    0.79   24.18   18.54    5.75   65.89  565.43  668.78   11.78  360.89   18.54
   754    0.77   24.11   18.23    5.71   65.86  555.17  657.19   11.16  347.97   18.33
   755    0.83   23.59   18.37    5.56   65.98  540.21  637.09   12.71  353.92   18.24
   756    0.80   23.76   18.69    5.01   68.26  543.65  622.30   11.57  366.70   19.77
   757    0.79   23.50   18.36    5.20   67.19  531.83  616.45   12.06  353.67   18.88
   758    0.78   23.23   18.54    5.27   67.09  526.41  613.48    9.89  360.34   18.52
   759    0.79   23.42   18.32    4.91   68.43  540.22  615.57   13.04  352.37   19.97
   760    0.79   23.71   18.40    4.80   68.73  553.04  625.07   10.75  355.46   20.74
   761    0.79   23.56   18.03    5.09   67.58  544.38  625.52   11.13  340.89   19.56
   762    0.84   23.37   18.00    4.93   68.06  533.11  609.11   10.15  340.56   19.68
   763    0.76   23.46   18.01    5.22   66.99  531.77  617.19   11.10  340.85   18.81
   764    0.76   23.32   18.35    5.21   66.90  529.69  614.80   11.18  354.00   18.77
   765    0.83   23.10   18.16    5.09   67.51  523.40  604.60   11.37  346.98   18.90
   766    0.80   23.08   18.13    5.00   68.03  530.50  608.62   10.59  345.97   19.40
   767    0.77   23.34   18.40    5.07   67.63  532.80  613.17   12.25  356.27   19.27
   768    0.78   23.78   18.51    4.99   68.47  550.55  628.33   10.22  359.48   20.07
   769    0.82   23.28   18.18    5.07   67.64  524.23  604.62   10.02  346.32   19.00
   770    0.77   23.61   18.28    5.11   67.86  545.14  626.77   10.34  350.23   19.54
   771    0.81   23.43   17.70    5.50   66.24  534.57  629.27   11.26  328.94   18.22
   772    0.82   23.34   17.82    5.60   66.23  534.76  632.83   11.68  332.80   18.01
   773    0.77   23.44   17.80    5.56   66.02  535.45  632.27   11.99  332.24   18.11
   774    0.82   23.73   17.98    5.57   66.34  553.95  651.13   11.37  339.21   18.61
   775    0.81   23.71   18.18    5.46   66.75  555.93  649.10   12.85  347.41   18.95
   776    0.83   23.95   18.11    4.97   68.10  566.06  643.35   11.94  344.80   20.61
   777    0.80   23.79   17.77    5.25   67.10  556.07  642.36   11.21  332.45   19.48
   778    0.85   23.72   18.32    5.40   66.50  556.21  647.66   12.03  353.13   19.08
   779    0.79   23.75   18.31    4.98   68.15  559.89  637.54   10.57  353.18   20.38
   780    0.82   23.62   18.52    5.20   67.28  551.06  635.66   10.95  359.99   19.47
   781    0.79   23.46   18.83    5.37   67.02  549.57  639.93   10.60  372.41   18.97
   782    0.77   23.71   18.58    5.18   68.04  556.66  640.57   10.47  362.77   19.70
   783    0.77   23.93   18.57    5.33   67.48  569.63  658.71    9.70  362.53   19.66
   784    0.83   23.83   18.61    5.45   67.40  567.68  660.68   11.35  363.54   19.30
   785    0.79   23.71   18.84    5.31   67.77  562.38  650.76   11.79  373.46   19.50
   786    0.86   23.64   18.66    5.21   68.25  562.21  647.30   11.15  366.83   19.77
   787    0.79   23.71   19.23    5.15   68.41  569.38  652.27   11.65  389.78   20.18
   788    0.86   24.09   18.98    4.95   69.26  587.87  664.56   11.04  378.09   21.37
   789    0.85   23.97   19.03    5.01   68.79  591.33  669.96   11.07  381.51   21.28
   790    0.82   23.67   19.01    5.19   67.98  574.29  658.57    9.22  380.56   20.21
   791    0.78   23.74   18.89    5.11   68.11  572.47  654.22    9.30  376.53   20.38
   792    0.79   23.76   18.77    5.20   68.04  571.17  655.63   10.51  371.27   20.10
   793    0.79   23.85   18.21    5.26   67.81  569.17  655.83   11.64  350.03   19.85
   794    0.81   23.88   18.34    5.15   68.27  577.20  660.25   10.80  354.64   20.41
   795    0.80   24.12   18.63    4.96   69.18  590.00  666.99    8.20  364.89   21.41
   796    0.77   24.11   18.91    5.07   68.59  581.25  661.55   10.48  375.72   20.79
   797    0.79   23.81   18.33    5.12   67.75  559.23  641.29    9.95  353.84   19.94
   798    0.82   23.45   18.66    5.43   66.74  552.01  644.25   10.54  366.18   18.90
   799    0.76   23.32   18.51    5.36   66.42  550.94  640.93    8.96  361.72   19.03
   800    0.82   23.23   18.55    5.02   67.76  542.32  621.33   10.10  362.37   19.69
   801    0.74   23.17   18.59    5.03   67.67  534.43  613.48    9.61  364.45   19.44
   802    0.81   23.31   18.44    5.27   67.28  540.86  627.69   10.62  358.82   18.98
   803    0.83   23.40   18.41    5.52   66.24  542.64  638.07    9.45  357.57   18.40
   804    0.85   23.67   18.43    5.46   66.99  552.44  645.67    9.78  357.72   18.84
   805    0.81   23.57   18.13    5.49   66.69  540.66  635.09    9.80  345.33   18.41
   806    0.80   23.79   18.54    5.58   66.38  548.98  646.46   10.95  362.24   18.45
   807    0.84   23.98   18.52    5.60   66.68  559.98  658.28    9.82  361.87   18.71
   808    0.80   23.79   18.58    5.47   66.82  555.11  648.85    9.35  363.05   18.88
   809    0.74   23.60   18.91    5.51   66.47  545.86  640.82    9.12  375.83   18.53
   810    0.78   23.28   18.74    5.27   67.28  534.79  621.60   11.32  369.24   18.80
   811    0.85   23.58   18.41    5.48   66.74  544.29  638.34   11.45  356.36   18.55
   812    0.82   23.58   18.53    5.40   67.23  545.10  636.31    9.21  361.32   18.77
   813    0.75   23.50   18.62    5.57   66.54  541.06  638.18   10.09  364.24   18.25
   814    0.82   23.62   18.24    5.60   66.08  548.15  646.44   12.18  350.48   18.37
   815    0.77   23.20   18.30    5.51   66.11  531.68  626.75   11.14  351.96   18.11
   816    0.78   23.29   18.19    5.55   65.95  539.54  635.88   11.01  347.86   18.25
   817    0.80   23.29   18.19    5.40   66.45  538.08  629.32   11.02  346.95   18.56
   818    0.75   23.21   18.47    5.49   66.21  533.09  627.33    9.92  357.73   18.21
   819    0.79   23.40   18.10    5.48   66.53  541.98  635.86   10.46  343.82   18.49
   820    0.78   23.28   18.63    5.18   67.39  540.02  623.98   10.94  364.03   19.18
   821    0.79   23.13   18.83    5.20   67.54  532.71  617.30   10.74  371.33   18.91
   822    0.79   23.11   18.38    5.32   66.88  533.34  622.03   12.33  354.03   18.61
   823    0.78   23.30   18.53    5.14   67.97  539.73  622.48   10.27  359.49   19.28
   824    0.78   23.60   18.48    5.03   68.33  552.65  631.75   11.60  357.73   20.01
   825    0.78   23.46   18.46    5.17   67.67  545.38  629.14   10.69  357.39   19.37
   826    0.80   23.73   18.55    5.03   68.46  561.99  641.07   10.18  361.34   20.31
   827    0.88   24.08   18.24    5.18   68.18  569.41  653.26   10.52  349.14   20.10
   828    0.84   23.88   17.83    5.06   68.35  564.13  644.35   11.23  333.63   20.26
   829    0.90   23.46   18.38    4.85   68.97  549.65  623.20   11.74  354.52   20.47
   830    0.85   23.32   18.12    5.09   67.85  546.04  627.13   10.96  344.64   19.62
   831    0.90   23.38   18.26    4.82   68.92  552.24  624.96   11.56  349.49   20.64
   832    0.73   23.43   17.84    5.38   66.81  551.27  641.96   11.20  333.97   18.99
   833    0.76   23.37   17.72    5.35   66.71  545.86  635.49   11.88  329.50   18.91
   834    0.74   23.21   17.95    5.41   66.38  535.69  627.26   11.73  337.52   18.47
   835    0.88   23.16   17.82    5.52   66.18  531.59  627.17   11.03  332.78   18.08
   836    0.84   22.76   18.12    5.51   65.85  511.10  606.22   12.10  343.98   17.52
   837    0.86   23.15   17.73    5.47   66.27  533.42  627.01   10.53  329.89   18.26
   838    0.83   23.19   17.67    5.45   66.34  536.12  629.26   10.64  327.95   18.37
   839    0.90   23.28   17.61    5.44   66.35  532.39  624.94   10.47  325.45   18.30
   840    0.91   23.12   18.14    5.52   66.32  531.34  626.88   11.41  345.02   18.07
   841    0.80   23.21   17.48    5.62   66.20  536.52  635.44   11.91  320.38   18.00
   842    0.85   23.51   17.70    5.83   65.86  548.93  655.26   11.25  327.95   17.91
   843    0.85   23.64   17.63    5.57   67.11  554.16  651.20    9.98  325.90   18.63
   844    0.79   23.73   17.97    5.48   67.46  552.30  646.23   11.70  338.39   18.79
   845    0.76   23.34   17.62    5.42   67.48  542.90  634.70   10.79  325.36   18.66
   846    0.95   23.29   17.78    5.40   67.64  543.94  635.35    8.85  331.09   18.72
   847    0.92   23.20   17.67    5.60   66.56  532.52  630.79    9.08  327.30   17.93
   848    0.86   22.93   17.76    5.63   66.58  529.86  629.25    6.56  330.46   17.79
   849    0.92   23.12   17.76    5.65   66.68  542.33  642.44    8.90  330.82   18.09
   850    0.94   23.03   17.93    5.65   66.45  538.94  638.90    9.24  337.76   18.01
   851    0.89   23.14   17.79    5.58   66.82  545.37  643.01    8.98  332.37   18.34
   852    0.90   23.36   17.57    5.75   66.24  551.83  655.24    7.70  324.04   18.16
   853    0.89   23.30   17.57    5.61   66.46  553.85  652.52    7.86  324.34   18.51
   854    0.91   23.17   17.86    5.49   66.88  543.30  637.64    8.56  334.36   18.50
   855    0.90   23.28   17.67    5.45   67.41  554.62  647.66    8.30  328.32   18.92
   856    0.88   23.66   17.52    5.36   67.78  564.30  654.26    8.39  323.72   19.43
   857    0.94   23.27   17.76    5.47   67.30  555.47  649.07    7.49  331.43   18.90
   858    0.87   22.85   17.73    5.65   66.39  546.27  646.32    9.29  330.45   18.21
   859    0.80   23.05   17.57    5.67   66.62  544.61  645.26   11.02  324.34   18.12
   860    0.91   23.42   17.99    5.61   67.06  556.10  654.77    9.03  339.90   18.57
   861    0.92   23.38   18.01    5.63   66.82  545.82  645.23    8.47  339.68   18.24
   862    0.92   23.54   18.04    5.49   67.71  561.35  655.69    7.78  340.90   19.02
   863    0.92   23.28   18.05    5.25   68.20  542.53  628.64    7.44  341.45   19.08
   864    0.87   23.43   17.93    5.27   68.28  540.46  627.37    6.86  336.90   18.96
   865    0.84   23.53   18.11    5.14   68.57  544.59  627.22    7.59  343.53   19.44
   866    0.89   23.44   17.81    5.18   68.32  543.95  627.91    7.97  332.20   19.30
   867    0.82   23.32   17.74    5.42   67.63  540.76  632.82   10.58  330.34   18.58
   868    0.80   23.25   17.70    5.31   67.60  537.57  625.73   11.46  328.83   18.78
   869    0.81   23.39   17.71    5.30   67.93  539.96  627.82   11.65  329.14   18.87
   870    0.82   23.45   18.03    5.26   67.82  542.11  628.80   10.35  340.59   19.03
   871    0.81   23.11   17.74    5.08   68.53  533.63  614.47   10.08  330.14   19.25
   872    0.80   23.67   17.94    5.36   67.44  547.09  636.92   11.68  337.35   18.93
   873    0.72   23.62   17.76    5.53   67.09  553.08  648.76   12.24  330.61   18.69
   874    0.74   23.21   17.95    5.59   66.72  537.02  634.74    8.44  337.34   18.09
   875    0.74   23.27   17.87    5.75   66.03  541.64  645.06   11.24  334.81   17.87
   876    0.73   22.90   18.11    6.07   64.48  530.51  646.06    8.55  343.67   16.94
   877    0.76   22.85   17.80    6.13   64.42  527.26  645.11    9.75  332.15   16.75
   878    0.81   23.16   17.86    6.12   64.74  540.66  658.16    9.54  334.38   17.11
   879    0.81   23.12   17.31    6.29   63.97  533.83  657.89    9.09  314.00   16.65
   880    0.86   23.32   17.78    6.03   64.87  536.66  650.57   12.27  330.99   17.18
   881    0.81   22.95   18.12    5.96   65.18  531.21  642.44   10.90  344.26   17.17
   882    0.78   23.51   18.40    5.69   66.68  552.28  653.56    9.58  354.99   18.30
   883    0.81   23.60   18.04    5.70   66.76  558.19  659.98    9.88  341.35   18.43
   884    0.84   23.63   18.10    5.48   67.30  557.01  651.05    9.82  343.50   18.92
   885    0.77   23.82   18.06    5.54   67.16  564.54  660.79   10.25  341.78   18.98
   886    0.78   23.71   17.97    5.47   67.62  557.12  650.86    9.60  338.71   18.94
   887    0.75   23.22   18.03    5.75   66.23  541.13  644.52   10.22  341.27   17.86
   888    0.81   23.27   18.03    5.69   66.15  537.71  639.04    9.61  341.09   17.89
   889    0.80   23.35   18.26    5.61   66.54  542.66  641.27   11.18  349.63   18.20
   890    0.79   23.31   18.30    5.62   66.46  543.50  642.49    9.43  351.06   18.20
   891    0.79   23.25   18.47    5.71   66.14  544.20  646.24   10.80  357.61   18.03
   892    0.77   22.79   18.34    5.98   65.26  533.74  645.66   11.83  352.48   17.20
   893    0.74   22.55   18.53    5.68   65.99  517.64  618.68   12.17  360.07   17.34
   894    0.76   22.61   18.95    5.83   65.61  522.15  628.78   11.79  377.04   17.16
   895    0.77   22.93   18.67    5.62   66.60  524.57  623.48    9.72  366.88   17.67
   896    0.82   22.79   18.72    5.53   66.58  515.11  610.84    9.13  368.26   17.59
   897    0.78   23.02   18.83    5.52   67.14  532.45  627.94    9.56  373.29   18.11
   898    0.79   23.30   18.16    5.68   66.39  534.10  635.28    9.69  347.26   17.80
   899    0.82   23.18   18.38    5.58   66.28  532.19  629.58   10.02  356.02   17.98
   900    0.78   23.16   18.07    5.64   66.25  528.67  628.32    9.97  344.19   17.74
   901    0.80   23.06   18.16    5.91   65.33  527.06  636.57   10.76  346.50   17.14
   902    0.78   23.50   18.03    5.75   66.12  545.63  649.30    9.40  342.00   17.97
   903    0.74   23.63   18.52    5.55   66.68  559.31  655.60    9.47  361.42   18.82
   904    0.81   23.01   18.39    5.76   65.71  538.87  642.94   11.72  357.07   17.76
   905    0.85   23.05   18.33    5.73   65.78  537.05  639.74   10.71  356.88   17.79
   906    0.87   22.86   18.64    5.80   65.72  534.79  640.07    9.89  367.01   17.58
   907    0.79   22.90   18.98    5.61   66.45  533.89  632.37    9.24  379.41   17.96
   908    0.80   23.32   18.70    5.49   66.94  545.86  640.06   10.62  370.21   18.58
   909    0.80   23.33   18.58    5.53   66.87  547.48  643.34   12.57  365.44   18.51
   910    0.82   23.29   18.83    5.71   66.37  553.85  656.07   10.90  374.28   18.29
   911    0.83   23.80   19.01    5.67   66.94  567.30  668.13   13.05  381.22   18.75
   912    0.78   23.36   18.94    5.81   66.11  546.26  652.00   11.31  376.82   17.87
   913    0.76   23.37   18.75    5.77   66.35  549.42  653.51   10.53  368.78   18.05
   914    0.73   23.21   18.80    6.05   65.02  551.15  665.64   10.17  371.38   17.53
   915    0.75   23.61   18.71    5.82   65.88  561.11  667.03   13.26  368.14   18.26
   916    0.81   24.11   18.87    5.55   67.49  586.28  682.69   10.74  374.26   19.59
   917    0.73   24.13   18.82    5.86   66.46  587.00  694.49   11.56  372.50   18.87
   918    0.77   23.95   19.29    5.82   66.44  583.01  689.21   11.32  390.24   18.84
   919    0.80   23.65   19.29    5.76   66.28  569.83  673.75   11.05  391.23   18.62
   920    0.75   24.06   18.86    5.87   66.37  578.04  685.94   12.24  375.35   18.61
   921    0.80   24.11   19.26    5.97   65.99  581.30  693.01   11.99  389.93   18.48
   922    0.81   24.21   19.46    5.73   66.95  586.10  688.90   12.35  397.67   19.14
   923    0.78   24.07   19.52    5.86   65.97  581.53  688.98   11.70  401.39   18.73
   924    0.77   23.99   19.44    5.86   65.92  575.52  682.92   11.45  398.15   18.57
   925    0.75   24.09   19.24    5.89   65.98  579.20  687.80   10.31  391.90   18.60
   926    0.74   24.45   19.33    5.74   66.50  592.80  696.04   10.60  396.11   19.30
   927    0.79   24.33   19.17    5.90   65.76  587.56  696.71   11.38  387.88   18.79
   928    0.80   24.47   19.24    5.82   66.31  590.85  697.00   10.09  390.99   19.06
   929    0.79   23.82   19.37    5.92   65.92  578.55  688.41    9.65  395.17   18.51
   930    0.83   23.84   19.56    5.92   65.90  576.82  686.76   10.36  402.90   18.46
   931    0.78   24.02   19.44    5.76   66.76  584.41  688.43   10.49  397.58   19.02
   932    0.75   23.78   19.53    5.76   66.63  577.31  681.10   11.33  402.18   18.84
   933    0.84   23.94   19.03    5.79   66.58  582.50  687.51   11.28  381.10   18.90
   934    0.77   23.93   19.38    5.85   66.26  580.27  687.26   10.57  395.29   18.72
   935    0.78   24.01   19.10    5.99   65.61  577.48  689.99   11.13  384.12   18.33
   936    0.82   24.28   18.85    5.86   66.22  583.49  690.87   12.15  373.91   18.79
   937    0.79   24.17   18.46    5.81   66.21  581.16  686.76   10.31  359.51   18.83
   938    0.78   23.90   18.58    5.91   65.61  571.75  681.21   10.75  362.34   18.35
   939    0.78   23.95   18.60    5.58   66.76  572.69  670.32   10.75  363.01   19.11
   940    0.80   23.60   19.12    5.74   66.04  558.95  662.00   11.49  384.10   18.38
   941    0.77   23.62   18.90    5.61   66.75  567.35  665.89   11.54  375.63   18.90
   942    0.78   23.84   19.09    5.63   66.72  569.62  668.90    9.16  383.17   18.92
   943    0.78   24.01   19.31    5.38   67.73  574.01  664.51    9.54  392.19   19.68
   944    0.78   23.75   19.00    5.57   66.84  562.37  659.59    9.84  381.01   18.85
   945    0.77   23.55   19.41    5.49   66.77  552.04  646.43   12.59  397.79   18.75
   946    0.80   23.53   19.44    5.65   66.10  552.13  652.07   10.38  397.90   18.38
   947    0.84   23.32   19.14    5.79   65.26  552.45  657.34   10.36  385.68   18.09
   948    0.85   23.57   19.55    5.76   65.76  564.29  668.08   13.22  402.77   18.48
   949    0.83   23.55   19.80    5.63   66.07  561.33  660.44   10.98  414.98   18.69
   950    0.81   23.33   19.32    6.02   64.78  550.27  663.95   10.99  395.18   17.55
   951    0.83   23.34   19.29    6.00   64.85  552.05  664.78   11.58  395.34   17.64
   952    0.82   23.43   19.60    5.88   65.32  552.71  661.18   12.99  408.41   17.89
   953    0.82   23.10   19.08    6.09   64.15  540.49  656.55   13.10  384.72   17.18
   954    0.81   23.06   19.15    6.12   64.01  541.24  658.71   11.16  387.87   17.13
   955    0.84   23.08   19.59    6.07   64.29  537.45  652.86   11.48  404.90   17.13
   956    0.83   23.01   19.48    6.21   63.75  527.30  648.21   11.59  402.82   16.62
   957    0.80   23.12   19.24    6.17   63.95  536.60  655.86   10.99  393.38   16.93
   958    0.78   23.29   19.30    5.98   64.91  544.59  656.69   11.65  394.74   17.48
   959    0.83   23.60   19.18    6.32   64.14  560.01  685.23   12.65  388.72   17.26
   960    0.82   23.18   19.21    6.29   63.85  542.02  666.09   11.44  390.55   16.85
   961    0.84   23.14   19.07    6.19   63.89  535.70  655.71   11.33  384.41   16.87
   962    0.83   23.29   19.54    6.16   64.50  546.96  665.89   10.32  403.22   17.21
   963    0.84   23.49   19.25    5.94   65.33  555.97  666.65   11.72  393.01   17.86
   964    0.86   23.55   19.72    5.73   66.13  562.28  665.05   13.40  411.66   18.49
   965    0.84   23.80   19.55    5.93   66.00  578.72  688.88   10.58  404.84   18.50
   966    0.81   23.83   19.63    5.99   65.86  581.53  694.06   11.10  407.37   18.44
   967    0.83   23.94   19.58    6.05   65.61  577.05  691.85   11.44  407.36   18.20
   968    0.81   23.66   19.38    6.32   64.42  571.61  696.82   10.40  396.99   17.55
   969    0.85   24.05   19.19    6.12   65.43  586.66  704.01   10.79  388.89   18.31
   970    0.83   24.14   19.45    5.93   66.29  594.14  704.12   10.76  398.62   18.92
   971    0.83   23.92   19.32    6.09   65.65  582.53  698.82   10.64  395.28   18.26
   972    0.83   23.70   19.17    5.93   66.25  574.75  684.91   10.29  387.33   18.39
   973    0.81   23.65   18.94    6.24   65.04  565.86  688.01    8.83  377.80   17.54
   974    0.83   23.89   19.02    5.70   66.98  572.23  674.13    9.36  380.47   18.82
   975    0.79   23.79   19.24    5.69   66.90  569.18  670.69   10.39  388.99   18.76
   976    0.82   23.49   19.43    5.69   66.67  560.87  662.14    8.21  396.47   18.54
   977    0.76   23.75   19.61    5.54   67.30  571.78  667.78   10.97  404.83   19.20
   978    0.75   23.68   19.03    5.55   67.41  564.50  660.97   11.01  382.87   18.96
   979    0.76   23.54   19.38    5.82   66.28  562.47  668.40   10.05  397.26   18.30
   980    0.74   23.52   19.02    5.90   65.80  560.57  669.75   10.08  380.64   18.06
   981    0.80   23.77   19.17    5.91   66.00  567.63  677.10   10.37  389.83   18.24
   982    0.85   23.54   19.17    5.86   66.05  564.86  672.41    9.84  390.77   18.27
   983    0.80   23.36   18.99    5.79   66.05  554.86  659.89    9.13  383.57   18.14
   984    0.81   23.47   18.82    5.82   65.84  557.28  663.18   10.75  375.37   18.16
   985    0.85   23.45   19.20    5.71   66.40  552.69  654.61    9.26  391.35   18.27
   986    0.79   23.24   19.17    5.83   65.84  538.87  645.40    9.33  388.95   17.62
   987    0.79   23.36   18.85    5.75   66.13  543.08  646.59   10.76  376.34   17.91
   988    0.88   23.34   18.78    5.94   65.33  542.54  653.09   11.35  373.47   17.51
   989    0.85   23.20   18.78    5.98   65.17  538.74  650.82   10.71  374.07   17.33
   990    0.85   23.40   19.40    5.70   66.45  551.71  653.44   10.34  400.05   18.26
   991    0.81   23.28   18.68    5.87   65.46  543.76  651.83   10.57  369.04   17.67
   992    0.86   23.09   18.66    5.73   66.02  534.98  637.66    9.27  370.40   17.73
   993    0.90   23.38   18.86    5.85   65.63  545.52  652.85    9.59  380.07   17.76
   994    0.83   23.03   18.77    5.98   65.45  535.04  646.90   10.70  373.38   17.24
   995    0.80   23.02   18.86    5.71   66.32  535.29  637.46    9.16  377.33   17.77
   996    0.85   23.00   18.71    5.93   65.53  532.81  642.98   10.18  370.00   17.26
   997    0.85   23.57   18.94    5.82   66.04  560.07  666.00   10.12  378.62   18.23
   998    0.89   23.04   18.91    5.68   66.28  533.35  634.51   10.25  378.80   17.78
   999    0.81   23.14   18.66    5.62   66.83  543.34  642.34    8.13  368.81   18.19
  1000    0.83   23.33   19.18    5.61   66.66  550.04  648.75    8.08  389.49   18.40
  1001    0.88   23.09   18.64    5.95   65.27  544.80  655.55   10.55  368.63   17.55
  1002    0.87   23.14   18.92    5.69   66.50  553.03  654.26   10.44  379.67   18.32
  1003    0.80   23.15   18.56    6.00   65.09  549.75  662.59   10.72  364.71   17.58
  1004    0.79   22.77   18.51    5.89   65.12  528.70  637.54    9.96  363.69   17.22
  1005    0.82   23.10   18.04    5.98   65.17  552.70  664.85   10.69  343.93   17.69
  1006    0.81   23.22   18.78    5.95   65.57  560.98  671.87   10.04  373.19   17.98
  1007    0.83   23.16   18.73    6.09   64.89  554.05  670.39    8.90  372.43   17.52
  1008    0.78   23.11   18.84    6.02   65.04  553.56  666.97    9.70  378.07   17.65
  1009    0.86   23.20   18.79    5.92   65.23  554.28  664.20    9.86  374.16   17.85
  1010    0.82   23.41   19.13    5.78   66.09  564.33  668.93   10.20  388.94   18.43
  1011    0.84   23.53   18.66    5.77   66.37  563.16  667.48   10.19  370.23   18.41
  1012    0.83   23.53   18.92    5.78   66.29  563.87  668.67    9.47  378.98   18.41
  1013    0.86   23.59   18.96    5.82   66.19  566.46  672.65    8.89  380.47   18.39
  1014    0.93   23.54   19.38    5.71   66.59  567.09  669.10   12.52  399.39   18.67
  1015    0.86   23.58   18.88    5.89   65.78  569.06  677.81   11.17  380.55   18.32
  1016    0.89   23.77   19.54    5.85   65.81  583.44  690.63    9.55  406.18   18.80
  1017    0.84   24.00   19.71    5.77   66.43  594.69  698.99   11.83  411.76   19.28
  1018    0.81   24.10   19.51    5.64   66.90  591.13  690.76    9.09  402.17   19.50
  1019    0.83   24.02   19.32    5.52   67.29  580.68  675.95   10.64  395.81   19.51
  1020    0.82   23.98   19.27    5.26   68.12  582.06  668.49    9.81  393.73   20.25
  1021    0.78   23.87   19.10    5.53   67.44  580.20  675.78    9.42  385.32   19.47
  1022    0.79   23.95   19.02    5.67   67.04  585.99  686.48   10.08  381.29   19.29
  1023    0.79   23.71   18.86    5.61   67.03  582.63  681.04    8.74  375.22   19.34
  1024    0.86   23.81   18.72    5.53   67.28  579.78  675.62   10.39  370.71   19.44
  1025    0.79   23.94   18.99    5.45   67.67  583.55  676.65   11.20  380.99   19.76
  1026    0.81   23.91   18.84    5.60   67.24  580.46  678.55   10.39  375.08   19.30
  1027    0.80   23.82   18.93    5.74   66.54  576.05  679.34    9.50  378.61   18.83
  1028    0.80   23.83   19.12    5.42   67.62  575.20  667.08   11.44  386.65   19.61
  1029    0.82   24.17   18.96    5.56   67.21  588.32  685.02   10.18  379.90   19.63
  1030    0.80   24.13   19.28    5.60   66.75  581.87  679.97   10.79  393.75   19.34
  1031    0.84   24.27   19.19    5.71   66.20  587.08  689.11    8.29  391.18   19.22
  1032    0.84   23.84   18.91    5.65   65.80  570.43  670.44    7.64  378.53   18.89
  1033    0.84   23.61   19.16    5.90   65.25  563.96  673.03    9.09  387.89   18.16
  1034    0.93   23.77   19.20    5.87   65.52  576.37  684.32    9.35  388.90   18.56
  1035    0.80   23.70   19.13    5.58   66.33  568.09  665.67    9.26  385.42   18.99
  1036    0.85   23.84   19.06    5.74   66.20  579.63  682.80    7.76  382.02   18.94
  1037    0.80   24.06   18.97    5.61   66.65  585.16  683.82    8.90  378.99   19.40
  1038    0.78   24.10   19.10    5.86   65.83  593.18  700.55    8.47  385.12   19.05
  1039    0.79   24.06   18.51    5.61   66.71  586.86  685.36   10.31  360.29   19.46
  1040    0.80   24.27   18.15    5.79   66.31  591.05  696.02    9.90  345.65   19.14
  1041    0.88   24.39   18.10    5.74   66.55  592.01  695.30   11.07  343.85   19.28
  1042    0.80   24.26   18.43    5.90   65.79  587.96  696.93   11.04  357.04   18.81
  1043    0.84   23.82   18.32    5.85   65.72  570.07  677.09   10.58  353.11   18.44
  1044    0.77   23.80   18.34    6.05   65.28  573.67  688.17   11.07  354.08   18.12
  1045    0.76   23.82   18.05    6.22   65.12  579.65  700.82    7.21  343.40   17.94
  1046    0.82   24.30   17.82    6.07   65.76  594.02  709.45    8.85  334.55   18.61
  1047    0.75   24.21   18.04    6.07   65.72  587.82  703.40    8.16  342.96   18.44
  1048    0.78   24.32   18.44    6.01   65.79  585.45  698.72    8.40  358.52   18.50
  1049    0.85   23.98   18.55    6.17   64.99  576.40  695.63    8.48  362.89   17.95
  1050    0.81   24.43   18.26    5.98   65.58  589.37  701.25    7.98  351.43   18.68
  1051    0.85   23.87   18.28    6.40   64.12  570.89  699.18   10.47  352.11   17.40
  1052    0.86   24.28   18.48    6.20   64.96  583.61  704.17   10.08  360.28   18.07
  1053    0.87   24.37   18.71    5.85   66.38  589.02  696.35   11.05  370.83   18.94
  1054    0.89   24.11   18.78    6.09   65.43  583.27  699.55   10.18  373.86   18.28
  1055    0.87   23.71   18.85    6.00   65.18  562.31  675.11   11.04  377.00   17.91
  1056    0.80   23.92   19.10    6.33   64.17  571.48  696.92   10.28  388.73   17.54
  1057    0.77   23.75   18.95    6.50   63.65  565.60  698.12    9.33  382.55   17.09
  1058    0.79   23.52   18.99    6.42   63.53  551.36  680.46    8.90  383.64   16.88
  1059    0.86   24.03   18.74    6.39   63.89  576.45  704.49   11.77  374.23   17.55
  1060    0.78   23.62   18.89    6.29   64.19  561.04  684.81   10.45  380.38   17.35
  1061    0.76   23.58   18.78    6.36   63.90  556.59  683.14   10.59  373.88   17.12
  1062    0.73   23.73   19.12    6.41   64.11  570.84  699.63    8.90  386.00   17.38
  1063    0.76   23.80   19.27    6.39   63.97  577.05  704.85    8.49  392.34   17.57
  1064    0.86   23.91   18.87    6.47   63.97  581.21  712.52    9.27  375.37   17.53
  1065    0.91   24.46   18.99    6.51   64.43  602.15  734.98    8.38  380.22   17.97
