#time, _distVP, _dist67, _distF,  _domz1, _flattenA, _projA, _domeA, _hrot, _projA_RF, _rad
     0    0.63   19.33   15.60    8.59   52.45  382.86  614.26   25.71  254.69   11.39
     1    0.70   20.06   15.64    7.96   55.43  406.70  605.37   23.41  256.37   12.11
     2    0.83   20.71   15.79    7.66   57.23  431.46  615.69   20.44  261.29   12.79
     3    0.81   20.39   15.79    7.59   57.29  425.02  605.72   19.63  262.67   12.71
     4    0.79   20.67   15.65    7.64   57.35  431.67  614.59   19.09  257.20   12.81
     5    0.79   20.87   15.74    7.45   58.15  437.71  611.89   17.95  260.75   13.07
     6    0.79   20.78   15.91    7.41   58.12  431.68  604.03   15.84  265.34   12.97
     7    0.83   21.15   15.88    7.31   58.84  444.45  612.12   15.88  265.08   13.33
     8    0.83   21.04   15.85    7.32   58.76  441.33  609.53   14.89  264.38   13.25
     9    0.81   20.91   15.93    7.18   59.10  434.85  596.58   14.86  266.26   13.23
    10    0.77   21.39   15.96    6.80   61.11  454.46  599.40   14.75  267.17   14.04
    11    0.78   21.70   15.77    6.83   61.15  460.47  606.84   17.13  261.03   14.14
    12    0.81   21.81   16.00    6.61   62.35  473.54  610.56   17.07  268.82   14.71
    13    0.78   21.54   16.21    6.74   61.76  465.86  608.08   17.78  275.76   14.38
    14    0.76   21.80   16.30    7.00   60.93  474.65  628.23   17.17  278.79   14.29
    15    0.95   21.64   15.76    7.11   60.34  467.54  626.13   15.94  260.35   14.02
    16    0.85   21.92   15.93    7.19   60.25  476.58  638.63   16.96  266.04   14.15
    17    0.88   22.14   15.91    6.89   61.64  486.45  635.30   16.96  265.47   14.68
    18    0.91   22.24   16.32    7.01   61.15  483.69  637.60   17.09  279.62   14.49
    19    0.91   21.91   16.09    6.97   61.02  474.89  627.24   16.19  271.94   14.33
    20    0.80   22.08   16.03    6.81   61.61  479.87  625.39   17.70  269.84   14.62
    21    0.92   21.92   16.13    6.92   61.22  478.07  628.13   16.75  273.54   14.46
    22    0.78   21.58   16.51    6.77   61.41  468.59  612.39   18.69  286.82   14.40
    23    0.93   21.79   16.58    6.83   61.40  473.81  619.86   16.17  289.96   14.46
    24    0.89   21.94   16.77    6.82   61.61  479.87  625.88   16.26  295.79   14.60
    25    0.87   21.82   16.76    6.77   61.71  476.97  620.44   17.53  296.94   14.60
    26    0.91   22.14   16.90    6.78   61.82  484.38  628.65   15.12  300.65   14.76
    27    0.83   21.90   16.79    6.89   61.32  479.86  628.70   18.99  298.17   14.53
    28    0.92   21.74   16.39    6.85   61.55  480.18  627.22   17.69  283.95   14.58
    29    0.93   21.73   16.19    6.85   61.39  476.37  623.67   14.60  276.81   14.49
    30    0.82   22.14   16.52    6.45   63.11  488.14  618.60   17.78  288.10   15.27
    31    0.85   21.99   16.29    6.70   62.27  488.44  629.28   16.84  279.73   14.95
    32    0.82   22.36   16.60    6.65   62.63  503.01  641.43   16.54  291.41   15.37
    33    0.89   22.36   16.87    6.79   61.88  496.93  641.53   16.16  301.50   15.04
    34    0.86   22.17   16.92    6.85   61.59  488.92  635.92   16.79  303.01   14.79
    35    0.91   21.85   16.70    6.79   61.49  479.35  623.84   15.84  297.26   14.63
    36    0.84   21.92   16.97    6.85   61.26  474.93  621.98   16.60  305.56   14.46
    37    0.85   21.93   16.75    6.71   61.76  478.05  619.34   17.68  297.41   14.69
    38    0.85   21.71   16.76    6.78   61.64  477.99  622.14   15.43  296.80   14.61
    39    0.90   21.60   16.88    6.67   61.77  474.89  614.50   16.36  301.82   14.66
    40    0.88   21.36   16.88    6.62   61.68  464.04  601.57   16.37  302.92   14.46
    41    0.86   21.75   16.72    6.60   61.97  476.19  612.79   17.09  296.19   14.78
    42    0.87   22.01   16.65    6.69   62.05  488.38  628.55   18.06  294.93   14.97
    43    0.86   21.78   16.59    6.74   61.63  482.65  624.93   16.03  293.21   14.77
    44    0.84   21.83   16.61    6.68   61.93  480.39  620.43   14.16  292.43   14.78
    45    0.80   22.00   16.86    6.69   62.06  488.24  628.32   13.69  302.15   14.97
    46    0.75   21.82   16.82    6.63   62.39  488.84  626.69   15.34  301.41   15.05
    47    0.76   22.14   16.99    6.81   62.12  495.43  640.66   14.84  305.08   14.99
    48    0.79   21.78   17.37    6.41   63.34  487.25  615.88   14.21  318.34   15.31
    49    0.78   22.08   17.24    6.33   63.82  501.67  627.17   15.87  316.44   15.78
    50    0.79   22.31   17.04    6.42   63.67  509.27  638.43   17.10  308.21   15.83
    51    0.70   22.29   17.23    6.36   63.56  503.45  630.08   17.56  315.96   15.78
    52    0.79   22.25   16.94    6.56   62.83  501.32  636.35   15.51  305.57   15.44
    53    0.77   22.25   16.84    6.41   63.36  509.06  637.73   14.54  301.81   15.85
    54    0.77   22.09   17.01    6.33   63.83  504.06  629.57   16.00  306.96   15.84
    55    0.68   21.97   17.13    6.59   62.57  498.41  634.40   16.91  310.81   15.34
    56    0.75   22.47   17.02    6.26   64.10  517.02  639.64   15.59  308.38   16.28
    57    0.78   22.32   17.19    6.33   63.64  511.00  636.55   16.59  317.01   16.01
    58    0.74   21.89   17.50    6.23   64.05  496.28  617.86   16.45  327.97   15.80
    59    0.80   21.95   17.62    5.95   65.18  500.23  611.26   13.98  330.24   16.35
    60    0.76   21.65   17.64    5.79   65.36  486.60  591.45   17.40  331.47   16.28
    61    0.76   21.76   17.48    6.05   64.48  487.25  601.90   14.35  325.42   15.84
    62    0.73   21.73   17.45    6.24   63.83  487.29  609.50   13.98  324.15   15.54
    63    0.76   21.67   17.44    6.15   64.00  481.13  599.64   14.42  321.81   15.53
    64    0.75   21.83   17.53    6.43   63.25  490.53  620.00   13.87  327.33   15.36
    65    0.70   22.12   17.57    6.28   63.82  501.36  624.80   13.90  329.20   15.85
    66    0.71   21.97   17.63    5.96   64.86  501.74  613.16   13.08  330.41   16.37
    67    0.75   21.96   17.59    6.04   64.52  494.92  609.31   14.86  327.80   16.06
    68    0.72   21.99   17.51    6.05   64.60  494.93  609.77   12.52  326.09   16.04
    69    0.75   22.04   17.32    5.76   65.79  500.78  604.61   14.01  317.83   16.72
    70    0.82   22.13   17.52    5.87   65.55  503.30  611.06    9.47  325.34   16.59
    71    0.80   21.95   17.13    6.02   64.68  494.66  608.16   12.48  311.48   16.09
    72    0.78   21.57   17.33    6.37   63.19  482.78  609.93   13.61  318.13   15.25
    73    0.79   21.91   17.17    6.48   62.91  492.99  624.70   14.76  311.21   15.34
    74    0.78   21.85   16.94    6.49   63.13  493.79  625.93   14.52  303.98   15.35
    75    0.77   22.03   17.01    6.46   63.07  498.28  629.17   13.96  307.85   15.50
    76    0.85   22.10   17.45    6.50   63.16  503.80  636.32   12.87  322.56   15.58
    77    0.84   22.02   17.51    6.36   63.49  501.75  628.52   12.32  326.17   15.74
    78    0.78   21.99   17.12    6.59   62.47  496.52  632.61   14.45  313.77   15.29
    79    0.82   21.93   17.40    6.28   63.59  495.03  618.60   14.66  323.37   15.69
    80    0.83   21.93   16.88    6.30   63.26  492.78  617.03   12.05  303.45   15.60
    81    0.84   22.06   17.20    6.32   63.27  499.63  624.88   13.17  313.89   15.74
    82    0.81   22.19   17.34    6.26   63.73  504.28  626.92   11.41  318.82   15.96
    83    0.82   22.16   17.06    6.12   64.14  501.88  619.37   11.46  309.04   16.11
    84    0.78   22.20   16.68    6.32   63.56  504.31  629.48   13.34  295.75   15.86
    85    0.88   22.28   16.82    6.18   64.11  506.56  626.18   14.25  301.34   16.14
    86    0.88   22.10   17.53    6.11   64.37  506.87  623.89   11.83  327.16   16.26
    87    0.86   22.42   17.66    5.89   65.37  518.46  627.18   10.56  335.94   16.95
    88    0.75   22.92   17.64    6.04   65.16  534.49  648.68   11.91  335.18   17.11
    89    0.77   22.62   17.80    6.19   64.46  525.90  646.02   17.48  344.26   16.61
    90    0.76   22.66   17.96    6.01   65.04  525.64  638.87   14.90  345.78   16.92
    91    0.76   23.02   17.93    6.14   64.85  544.11  662.26   13.87  346.46   17.17
    92    0.70   22.94   17.61    6.11   64.88  540.48  657.37   14.49  334.01   17.14
    93    0.83   22.99   17.92    6.15   64.91  546.86  665.49   14.94  346.99   17.22
    94    0.81   23.06   17.90    5.99   65.49  544.54  656.79   15.83  344.89   17.47
    95    0.85   23.24   17.87    6.07   65.44  549.49  665.06   13.72  342.21   17.44
    96    0.87   23.43   17.90    5.93   66.04  556.26  666.37   12.11  344.81   17.90
    97    0.84   23.48   17.96    6.06   65.57  557.46  672.35   11.08  347.92   17.68
    98    0.82   23.30   18.26    6.21   64.96  555.45  676.07   11.55  360.83   17.35
    99    0.75   24.02   18.09    6.09   65.62  572.45  688.54    9.15  352.76   18.01
   100    0.71   23.67   17.96    6.16   65.19  562.82  681.62   12.47  348.57   17.62
   101    0.79   23.74   17.94    5.98   66.07  571.10  682.95   12.06  348.41   18.20
   102    0.80   23.51   18.07    6.22   65.07  559.02  680.41   12.35  351.99   17.40
   103    0.82   23.62   17.98    5.92   66.38  570.19  680.11   12.27  347.67   18.28
   104    0.69   23.65   18.01    5.99   66.02  570.63  682.96   13.74  350.30   18.16
   105    0.65   23.59   17.98    6.31   64.98  567.23  692.00   13.40  348.23   17.46
   106    0.82   23.48   18.12    6.14   65.58  562.20  680.26   12.18  353.25   17.64
   107    0.69   22.95   17.98    6.36   64.47  542.14  668.70   11.76  345.81   16.75
   108    0.79   23.25   17.98    6.42   64.44  552.84  681.81   14.85  345.72   16.92
   109    0.72   23.33   18.08    6.32   64.80  555.73  680.98   12.44  352.93   17.15
   110    0.68   23.13   17.83    6.32   64.63  550.86  676.14   13.33  344.49   17.03
   111    0.73   23.18   17.56    6.55   63.83  547.40  681.87   13.02  331.86   16.57
   112    0.79   22.91   17.69    6.58   63.63  543.99  679.47   14.88  337.93   16.46
   113    0.76   23.37   17.82    6.54   63.77  557.54  691.67   12.99  344.84   16.83
   114    0.82   23.34   17.79    6.55   63.93  559.95  694.29   13.81  342.79   16.88
   115    0.75   23.41   18.05    6.33   64.41  561.76  687.29   13.06  352.49   17.29
   116    0.73   23.37   18.41    6.28   64.55  563.65  687.08   12.77  364.65   17.43
   117    0.78   23.29   18.21    6.17   65.33  567.06  686.17   14.80  355.81   17.72
   118    0.80   23.40   18.23    6.06   65.64  568.17  683.01   12.93  355.80   17.96
   119    0.79   23.40   18.31    6.46   64.45  573.34  704.25   13.00  362.63   17.35
   120    0.93   23.42   18.20    6.67   63.83  573.86  713.15   12.49  356.85   17.03
   121    0.84   23.48   18.04    6.55   64.27  574.81  709.05   12.76  350.27   17.25
   122    0.79   23.48   18.44    6.56   64.12  580.46  715.16   13.35  368.41   17.37
   123    0.81   23.68   18.50    6.06   65.84  583.91  698.94   13.75  374.44   18.36
   124    0.83   23.42   18.37    6.10   65.56  577.82  694.20   12.91  364.18   18.13
   125    0.83   23.47   18.23    6.17   65.36  575.99  695.15   11.92  356.41   17.95
   126    0.83   23.27   18.13    6.12   65.48  565.62  682.79   12.22  352.51   17.78
   127    0.78   23.52   18.28    6.04   65.84  579.56  693.69   12.12  358.52   18.30
   128    0.80   23.55   18.05    5.98   66.09  577.00  689.10   14.46  347.61   18.34
   129    0.74   23.59   18.22    5.91   66.30  585.07  694.27   13.47  356.53   18.72
   130    0.84   23.38   18.49    5.64   67.06  572.01  671.54   13.45  365.13   18.97
   131    0.84   23.47   18.74    5.75   66.71  578.82  682.36   12.67  378.37   18.89
   132    0.84   23.74   18.73    5.89   66.59  593.03  701.83   12.28  379.26   18.96
   133    0.82   24.04   18.88    5.95   66.64  604.68  715.61   10.90  381.85   19.15
   134    0.81   23.59   18.90    5.93   66.46  598.79  708.86   12.25  382.00   19.04
   135    0.83   23.53   18.80    5.86   66.64  590.21  697.66   11.50  380.91   18.96
   136    0.88   23.73   18.84    5.84   66.97  594.64  701.38    9.57  382.34   19.13
   137    0.85   23.86   18.81    6.12   65.92  606.38  723.61   10.26  378.18   18.83
   138    0.87   23.87   18.54    6.07   66.10  596.40  711.95    9.91  366.12   18.66
   139    0.77   24.17   18.57    6.03   66.81  616.21  730.08   12.00  367.93   19.28
   140    0.82   24.19   19.00    5.91   67.32  619.48  728.79    8.83  384.49   19.64
   141    0.85   24.13   19.06    5.77   67.73  613.39  717.66    9.77  388.24   19.80
   142    0.86   24.03   19.19    5.81   67.29  604.16  709.69   10.10  392.84   19.47
   143    0.82   23.93   19.10    5.91   66.73  600.47  709.70    8.40  388.42   19.13
   144    0.91   24.28   18.94    5.89   66.99  617.44  726.14    9.54  383.42   19.62
   145    0.89   24.41   19.14    5.45   68.49  620.80  713.88    9.75  391.47   20.84
   146    0.90   24.10   18.63    5.77   67.17  604.28  708.57    9.46  367.66   19.55
   147    0.82   24.03   18.99    5.79   67.05  599.39  704.18    8.82  382.30   19.38
   148    0.82   24.02   19.02    5.64   67.65  600.05  699.68    9.69  382.61   19.75
   149    0.96   23.92   19.12    5.69   67.51  600.65  701.97    9.57  386.31   19.65
   150    0.85   23.85   19.14    5.67   67.56  606.15  706.64   10.16  387.17   19.86
   151    0.93   24.04   19.16    5.86   66.96  605.44  713.07   10.49  389.17   19.37
   152    0.83   24.10   19.18    5.85   66.83  607.17  714.44    8.91  390.41   19.44
   153    0.86   23.96   18.66    6.37   65.07  605.27  732.52    9.04  371.36   18.30
   154    0.94   24.16   19.02    6.07   66.29  623.05  738.35   10.48  386.52   19.38
   155    0.88   24.17   18.88    6.24   65.73  616.44  738.41   10.09  383.10   18.84
   156    0.94   24.09   19.03    6.09   66.34  614.86  730.82   10.56  387.97   19.12
   157    0.90   24.30   18.78    6.12   66.29  627.38  744.74   10.75  377.33   19.37
   158    0.88   24.06   19.22    6.03   66.55  614.69  728.71   11.74  395.95   19.23
   159    0.87   24.26   18.90    6.18   65.99  616.49  736.05   10.37  382.33   18.97
   160    0.88   24.29   18.96    6.16   66.16  614.93  733.81   11.83  382.34   18.97
   161    0.88   23.84   18.75    6.05   66.31  601.39  715.93    9.75  373.11   18.85
   162    0.92   23.79   19.03    6.06   66.15  601.40  716.37   11.31  384.77   18.83
   163    0.92   24.41   18.83    6.02   66.87  627.87  741.26   12.28  378.99   19.61
   164    0.95   24.52   18.96    6.13   66.47  628.68  746.19   12.43  384.60   19.40
   165    0.85   24.42   19.22    6.09   66.66  627.90  744.21   10.47  395.35   19.44
   166    0.88   24.50   19.20    5.70   68.10  633.18  734.79   11.06  392.81   20.54
   167    0.83   24.65   19.01    5.88   67.43  636.47  744.58   12.15  386.83   20.18
   168    0.84   24.89   19.18    6.00   67.30  654.32  766.87   10.10  393.53   20.37
   169    0.85   24.51   19.08    5.86   67.57  639.98  747.34   12.12  389.58   20.32
   170    0.89   24.66   18.98    6.10   66.97  642.80  759.35   12.13  384.83   19.82
   171    0.82   24.85   19.25    5.87   67.82  654.85  762.74    9.89  397.31   20.69
   172    0.84   24.95   18.95    6.09   67.01  652.35  768.40   11.27  384.12   20.10
   173    0.82   24.33   18.98    6.19   66.33  635.21  755.17   11.00  385.01   19.43
   174    0.80   24.16   18.70    6.37   65.54  619.54  746.53    9.76  374.91   18.67
   175    0.82   24.60   19.04    6.00   67.38  643.57  756.13    9.73  391.80   20.08
   176    0.81   24.60   19.22    6.11   66.89  646.88  763.84   10.83  395.90   19.90
   177    0.87   24.67   19.20    6.04   67.00  641.69  756.03   10.38  393.45   19.92
   178    0.86   24.53   19.21    6.54   65.01  643.73  777.91   13.22  397.99   18.93
   179    0.85   24.47   19.31    6.33   65.95  644.55  770.11   11.12  398.29   19.37
   180    0.84   24.60   19.09    6.25   66.34  646.96  769.38   10.31  390.03   19.59
   181    0.79   24.54   19.17    6.02   67.06  642.44  755.99   11.99  394.44   19.99
   182    0.85   24.58   19.12    6.18   66.40  642.28  762.05   10.66  393.13   19.62
   183    0.82   24.50   19.25    6.39   65.75  637.07  765.11   13.26  399.59   19.06
   184    0.87   24.98   18.90    6.26   66.38  656.89  779.51   10.57  382.95   19.84
   185    0.90   25.17   19.14    6.12   67.11  668.14  785.49   12.69  393.97   20.43
   186    0.87   25.09   19.11    6.09   67.05  659.29  775.42   13.56  391.55   20.27
   187    0.94   24.60   19.27    6.23   66.18  641.94  763.35   13.10  399.12   19.52
   188    0.85   24.44   19.54    6.11   66.71  638.70  755.73   13.14  410.29   19.68
   189    0.90   24.88   19.57    6.11   66.88  658.23  775.21   13.35  409.89   20.20
   190    0.90   24.69   19.51    5.80   67.67  642.42  747.77   13.31  405.01   20.53
   191    0.76   24.77   19.44    5.76   67.86  647.23  751.21   11.74  401.47   20.75
   192    0.85   24.95   19.38    6.07   66.86  651.76  767.26   11.38  398.69   20.12
   193    0.80   24.49   19.52    6.07   66.66  636.62  751.81   12.19  403.04   19.74
   194    0.87   24.68   19.23    6.12   66.76  643.66  761.10   12.20  394.79   19.79
   195    0.87   24.84   19.48    5.91   67.58  653.26  762.69   10.28  404.88   20.54
   196    0.83   24.92   19.09    6.07   66.95  650.62  766.07   13.55  388.52   20.09
   197    0.80   24.88   19.02    5.93   67.43  644.26  754.26   12.47  383.02   20.26
   198    0.80   24.63   19.03    5.97   67.23  635.04  746.77   11.46  383.34   19.91
   199    0.82   24.45   19.02    6.15   66.72  635.64  754.23    9.36  387.07   19.52
   200    0.85   24.25   19.05    6.19   66.37  626.61  746.45   11.58  386.37   19.21
   201    0.86   24.16   19.05    6.19   66.34  623.90  743.95   12.22  385.93   19.13
   202    0.89   24.14   18.73    6.17   66.18  615.21  734.27   12.20  372.57   18.96
   203    0.80   23.93   19.26    6.09   66.42  612.82  728.90   13.02  393.85   19.06
   204    0.86   24.16   18.85    6.13   66.30  614.97  732.70   12.43  379.28   19.03
   205    0.94   24.43   19.28    6.10   66.72  627.54  743.99   11.96  394.97   19.43
   206    0.77   24.37   19.49    5.94   67.38  633.71  744.21   12.10  402.90   19.95
   207    0.82   24.41   19.33    5.79   67.92  626.45  731.47   12.31  398.41   20.11
   208    0.88   24.30   19.29    5.88   67.36  616.32  724.70   11.59  398.37   19.61
   209    0.89   24.42   19.22    6.13   66.64  625.89  743.57   11.90  394.42   19.31
   210    0.91   24.68   19.23    6.19   66.51  635.52  755.63   10.67  394.50   19.43
   211    0.88   24.57   19.13    6.24   66.36  629.10  750.88   10.82  389.48   19.17
   212    0.84   24.46   19.21    6.26   66.33  625.86  748.73    9.55  388.89   19.03
   213    0.90   24.56   18.78    6.51   65.81  632.91  765.51    9.47  375.48   18.74
   214    0.86   24.94   19.04    6.43   66.07  646.60  776.29   10.42  384.53   19.21
   215    0.80   25.06   19.17    6.36   66.30  654.13  780.64   10.84  389.57   19.56
   216    0.96   24.81   19.25    6.52   65.63  648.60  781.65   11.03  395.41   19.10
   217    0.88   24.84   19.42    6.34   66.18  648.46  774.42   10.34  402.64   19.44
   218    0.91   25.14   19.50    6.21   66.63  656.45  777.26    9.80  404.87   19.93
   219    0.86   24.75   19.18    6.29   66.00  642.50  766.44   10.34  390.69   19.40
   220    0.84   24.63   19.48    6.03   66.95  645.67  759.66   10.40  402.53   20.05
   221    0.87   24.70   19.41    6.16   66.90  651.81  770.43   10.40  401.43   19.93
   222    0.84   24.54   19.38    6.01   67.54  649.58  762.80   11.85  402.08   20.20
   223    0.89   24.45   19.60    5.97   67.62  648.94  760.47   13.35  411.45   20.29
   224    0.81   24.76   19.05    6.27   66.67  656.26  779.39    9.64  385.49   19.79
   225    0.89   24.63   19.35    6.17   66.88  660.14  779.31    8.66  399.18   20.12
   226    0.92   24.81   19.25    6.30   66.44  660.41  784.55   11.00  394.04   19.84
   227    0.89   25.21   19.22    6.21   66.75  664.95  785.64   10.30  391.31   20.15
   228    0.83   25.16   19.42    5.96   67.69  675.84  787.09   12.56  399.15   21.02
   229    0.88   25.15   19.18    6.18   67.17  674.85  794.39   11.24  391.26   20.47
   230    0.89   25.33   19.30    5.83   68.38  681.79  787.99   10.81  398.46   21.54
   231    0.85   25.76   19.16    5.73   68.89  691.01  793.73   12.47  392.38   22.06
   232    0.89   25.61   18.97    5.98   67.96  678.60  790.48   10.23  382.93   21.05
   233    0.86   25.16   19.28    5.88   68.02  664.82  773.22   11.36  395.36   20.92
   234    0.90   25.11   19.29    5.86   67.89  659.42  767.09   12.13  395.96   20.83
   235    0.81   25.05   19.47    5.86   67.90  658.58  766.25   12.64  401.77   20.80
   236    0.92   25.29   19.61    6.01   67.41  677.37  790.45   13.05  409.95   20.94
   237    0.89   24.87   19.45    6.27   66.47  659.54  782.69   10.95  402.38   19.87
   238    0.94   25.22   19.53    6.19   66.95  670.19  790.26   11.97  404.87   20.32
   239    0.84   25.27   19.70    5.93   67.95  678.97  789.12   12.88  412.80   21.18
   240    0.88   24.86   19.16    6.36   66.33  655.84  782.42   12.00  389.69   19.60
   241    0.92   25.24   19.28    6.00   67.44  669.60  782.44   13.20  394.22   20.75
   242    0.89   24.74   19.34    6.27   66.39  652.09  775.04   12.51  397.85   19.70
   243    0.96   24.60   19.14    6.23   66.60  646.24  767.96   11.21  388.40   19.62
   244    0.84   24.56   19.27    5.96   67.50  644.17  755.44   12.94  394.68   20.18
   245    0.88   24.44   19.31    6.17   66.54  638.37  757.51   12.45  394.91   19.56
   246    0.86   24.23   19.14    6.05   66.84  633.36  748.12   12.68  387.92   19.68
   247    0.83   24.75   19.13    5.67   68.38  655.29  756.04   14.22  388.83   21.22
   248    0.83   24.76   19.33    5.77   68.05  666.27  770.57   12.48  396.94   21.26
   249    0.82   24.63   19.09    5.95   67.60  653.47  764.31   11.34  385.91   20.45
   250    0.83   24.46   19.32    5.66   68.23  645.97  746.30   12.56  394.80   20.99
   251    0.86   24.75   19.12    5.83   67.68  649.04  755.41    9.44  386.76   20.63
   252    0.91   24.31   18.99    5.95   67.13  632.49  743.15   11.55  381.04   19.90
   253    0.88   24.58   19.35    5.82   67.56  641.05  747.12   10.14  395.39   20.44
   254    0.90   24.94   19.47    6.01   67.23  654.45  767.46    9.47  400.78   20.34
   255    0.88   24.89   19.31    6.17   66.42  645.34  764.45   10.93  392.55   19.74
   256    0.92   24.89   19.43    6.15   66.33  651.24  769.48    9.96  397.11   19.94
   257    0.87   25.43   19.49    5.78   68.01  672.75  777.42   10.94  401.21   21.41
   258    0.83   24.96   19.14    6.07   66.53  652.05  767.55   12.27  386.30   20.12
   259    0.78   25.02   19.24    6.12   66.55  656.60  773.84   11.89  392.39   20.14
   260    0.82   24.82   19.15    5.73   67.69  649.52  752.16   12.70  387.53   20.92
   261    0.81   24.97   19.26    5.84   67.40  659.28  766.17   12.72  393.35   20.88
   262    0.85   25.17   19.07    5.79   67.62  657.35  762.37   13.07  383.18   20.96
   263    0.87   25.34   19.16    5.82   67.63  665.98  772.02   11.48  387.50   21.12
   264    0.90   25.20   19.22    5.95   66.86  656.98  767.94   12.22  388.71   20.54
   265    0.91   25.64   19.62    5.54   68.51  674.01  770.10   12.94  405.60   22.13
   266    0.86   26.02   19.75    5.48   69.06  696.48  790.44   13.16  411.71   22.97
   267    0.89   26.23   19.76    5.52   68.92  701.05  796.23   11.96  410.01   22.99
   268    0.90   25.79   19.78    5.69   68.15  686.17  787.46   12.70  411.28   22.04
   269    0.89   26.04   20.17    5.29   70.05  698.98  786.38   12.44  427.95   23.69
   270    0.82   25.71   19.88    5.35   69.42  685.88  775.32   12.22  414.89   23.09
   271    0.89   25.85   19.74    5.27   69.73  692.97  779.91    9.49  408.90   23.56
   272    0.79   25.42   19.69    5.85   67.65  675.61  782.55   12.39  408.65   21.32
   273    0.87   25.46   19.84    5.69   68.21  683.05  784.20   13.36  414.10   21.96
   274    0.89   25.43   19.48    5.79   67.89  679.50  784.39   11.76  400.13   21.58
   275    0.86   25.60   19.35    5.83   67.62  685.77  792.05   13.66  394.42   21.64
   276    0.89   25.86   19.62    6.10   67.11  700.36  816.89   11.40  405.96   21.32
   277    0.95   25.71   19.47    5.90   67.60  691.44  800.22   10.89  398.38   21.61
   278    1.04   25.64   19.41    5.85   67.52  685.66  792.94    9.37  396.37   21.57
   279    0.92   25.49   19.45    6.09   66.92  684.36  800.57   10.98  397.66   20.92
   280    0.88   25.47   19.35    6.14   66.72  681.26  799.21   13.38  392.58   20.73
   281    0.93   25.38   19.11    6.32   66.16  680.70  805.75   12.87  383.99   20.30
   282    0.91   25.56   18.92    6.27   66.53  681.46  804.59   12.32  377.24   20.43
   283    0.89   25.50   18.86    6.43   65.80  678.98  808.58   12.87  375.53   20.01
   284    0.86   25.51   19.51    6.10   66.91  680.68  797.02   12.62  400.45   20.82
   285    0.90   25.73   19.64    5.82   67.98  693.57  799.68   12.18  407.15   21.87
   286    0.90   25.48   19.44    6.01   67.15  676.26  789.48   11.76  396.38   20.90
   287    0.99   25.45   19.15    6.34   66.32  673.89  799.59   11.27  385.20   20.10
   288    1.03   25.82   19.24    6.14   67.31  690.32  808.48    8.65  390.03   20.96
   289    0.90   25.66   19.48    6.30   66.39  675.98  800.22   12.11  398.70   20.23
   290    0.86   25.37   19.26    6.41   66.02  670.56  799.22   11.19  389.64   19.86
   291    0.97   25.64   19.69    6.31   66.67  686.07  810.89    9.38  406.94   20.45
   292    0.82   25.69   19.64    6.28   66.72  687.85  811.45    9.05  404.81   20.57
   293    0.93   25.96   19.79    6.16   67.36  697.28  816.01   11.03  411.03   21.10
   294    0.91   26.20   19.50    6.08   67.53  713.10  828.75   11.48  400.16   21.71
   295    0.89   25.72   19.48    6.32   66.41  688.27  813.43   10.72  398.93   20.49
   296    0.96   25.74   19.48    6.52   65.59  690.61  823.75   12.40  399.15   20.12
   297    0.89   26.18   19.31    6.25   66.60  713.10  835.44   10.46  392.54   21.28
   298    0.96   26.34   19.25    6.43   66.27  722.55  852.17    9.75  390.38   21.09
   299    0.95   26.38   19.48    6.58   65.83  714.00  849.42   12.19  398.60   20.57
   300    0.95   26.46   19.41    6.42   66.46  722.99  852.20   12.30  396.32   21.12
   301    0.98   26.46   19.49    6.07   67.64  725.43  840.83   12.26  399.12   22.05
   302    0.90   26.24   19.63    5.89   68.16  711.98  820.42   12.21  404.20   22.19
   303    0.89   25.76   19.60    6.20   66.95  693.96  814.21   12.25  403.40   20.92
   304    0.93   25.92   19.63    5.77   68.43  697.65  801.96   12.01  404.41   22.12
   305    0.96   26.21   19.61    6.15   67.42  710.18  828.60   12.03  403.83   21.45
   306    0.88   26.33   19.76    6.09   67.61  712.65  828.61   11.27  409.70   21.68
   307    1.00   26.30   19.60    5.95   68.07  711.85  822.56   10.46  404.42   22.02
   308    0.98   26.01   19.48    6.16   67.09  695.21  814.11   11.34  398.81   21.04
   309    0.92   26.03   19.63    6.18   66.98  697.59  816.97   13.13  405.91   21.07
   310    0.92   26.22   19.51    5.99   67.72  712.24  824.38   11.12  401.03   21.93
   311    0.98   26.60   19.44    6.02   67.76  721.39  835.01   11.91  399.07   22.07
   312    0.91   26.40   19.44    6.13   67.38  718.20  835.86   11.80  399.43   21.71
   313    0.87   26.25   19.43    6.18   67.34  712.10  831.70   13.28  398.60   21.43
   314    0.99   26.29   19.63    6.14   67.31  713.88  831.98   11.20  406.16   21.57
   315    0.95   26.53   19.76    6.05   67.99  722.63  837.38   14.53  411.76   22.02
   316    0.94   26.28   19.72    6.38   66.79  711.07  838.45   14.14  409.53   20.93
   317    0.93   26.16   19.36    6.58   65.96  710.59  846.31    9.26  396.14   20.47
   318    0.99   26.49   19.45    6.47   66.48  715.50  846.69   14.83  398.86   20.83
   319    0.94   26.44   19.67    6.44   66.61  714.35  844.04   14.10  407.35   20.88
   320    0.92   26.79   19.90    6.50   66.64  731.12  863.45   13.11  418.51   21.15
   321    0.96   26.93   19.71    6.32   67.34  737.65  862.81   13.34  410.11   21.73
   322    0.99   27.06   19.57    6.50   66.96  749.98  882.42   13.80  405.55   21.60
   323    0.91   26.99   19.36    6.48   66.89  740.12  871.46   12.10  396.25   21.43
   324    0.95   26.55   19.28    6.61   66.34  722.01  858.90   14.00  393.45   20.69
   325    1.10   26.08   19.45    6.50   66.81  710.03  842.33   13.31  401.08   20.64
   326    1.04   26.20   19.50    6.45   66.93  718.69  848.89   11.97  401.95   20.96
   327    0.92   26.40   19.28    6.24   67.55  718.54  840.36   12.17  392.58   21.45
   328    1.08   26.27   19.66    6.31   67.12  717.21  841.75    9.10  408.49   21.25
   329    0.98   26.31   19.35    6.25   67.41  715.31  837.67   11.59  395.28   21.34
   330    0.99   26.34   19.38    6.55   66.33  719.44  853.83   12.14  396.54   20.75
   331    0.93   26.45   19.39    6.65   65.93  726.87  865.16   12.15  396.59   20.73
   332    0.91   26.73   19.61    6.57   66.42  736.96  872.31   10.37  407.12   21.13
   333    1.00   26.55   19.48    6.56   66.41  728.80  863.47   10.22  402.09   20.97
   334    1.00   26.52   20.00    6.61   66.29  737.36  874.12   11.30  423.63   21.06
   335    0.94   26.52   20.08    6.35   67.18  737.65  863.98   13.66  426.99   21.66
   336    0.94   26.50   19.71    6.42   67.07  731.44  860.57   12.45  410.03   21.34
   337    0.97   26.40   19.96    6.13   68.14  730.02  847.45   10.45  421.12   22.03
   338    0.97   26.87   19.99    6.11   68.33  754.59  871.58   12.77  420.94   22.70
   339    0.91   26.82   20.61    5.98   68.89  759.12  871.02   11.43  446.64   23.19
   340    0.95   26.75   20.14    6.15   68.04  744.60  862.92   12.28  425.27   22.35
   341    1.01   26.67   20.50    5.87   68.93  741.02  848.93   11.84  441.38   23.02
   342    0.96   26.48   20.04    6.09   67.87  732.85  849.03   14.05  421.11   22.19
   343    0.92   26.11   19.80    6.32   67.25  717.38  842.49   12.53  411.67   21.22
   344    1.01   26.89   19.89    6.04   68.44  744.19  858.30   12.72  415.75   22.63
   345    0.91   26.33   19.78    6.26   67.36  717.75  840.52   11.47  410.72   21.37
   346    0.86   26.51   19.84    6.19   68.11  730.18  850.03   11.94  412.80   21.87
   347    0.91   26.17   20.02    6.27   67.46  717.95  840.89   13.00  420.92   21.37
   348    0.93   26.28   20.23    6.03   68.15  717.62  831.29   12.92  428.86   21.97
   349    0.92   26.03   19.99    6.25   67.42  710.15  832.47   13.32  418.74   21.21
   350    0.88   25.94   19.92    6.25   67.41  704.02  826.21   11.88  415.85   21.06
   351    0.93   26.22   19.98    6.26   67.84  719.44  842.05   13.41  419.43   21.43
   352    0.91   26.66   19.58    6.15   68.43  728.12  846.68   10.71  402.27   21.91
   353    0.89   26.63   19.65    6.18   68.02  727.19  846.91   12.11  404.88   21.81
   354    0.98   26.57   19.85    6.21   67.91  726.96  847.58   11.17  413.74   21.74
   355    0.97   27.02   19.89    6.23   67.97  747.24  868.85   11.22  415.37   22.20
   356    0.85   26.84   20.19    6.25   67.56  738.13  860.54   11.64  428.23   21.91
   357    0.87   26.39   20.40    6.25   67.52  719.57  841.86   11.68  438.97   21.45
   358    0.87   26.99   20.32    6.25   67.68  737.92  860.17   11.77  434.74   21.92
   359    0.89   26.80   20.40    6.11   68.27  732.13  848.86   11.51  438.22   22.13
   360    0.86   26.92   20.23    6.45   67.29  736.44  866.53   12.56  429.41   21.41
   361    0.93   26.81   20.06    6.38   67.55  729.86  857.26   13.86  424.11   21.40
   362    0.94   27.16   20.11    6.39   67.80  746.94  874.59   13.19  427.15   21.81
   363    0.88   26.88   20.02    6.29   67.93  735.98  859.88   12.26  424.10   21.76
   364    0.85   26.86   20.22    5.98   69.07  740.59  852.41   11.75  432.21   22.71
   365    0.89   27.06   19.99    6.28   68.06  742.44  865.85   13.27  423.83   21.96
   366    0.86   26.97   19.97    6.20   68.01  735.80  856.23   11.84  420.10   21.98
   367    0.80   26.97   19.63    6.46   67.32  733.27  863.85   12.22  407.21   21.30
   368    0.87   27.04   19.54    6.58   66.90  736.20  871.97   14.04  402.37   21.09
   369    0.87   26.73   19.65    6.28   67.68  720.26  843.84   12.89  407.18   21.39
   370    0.83   26.89   19.65    6.42   67.32  734.92  864.16   11.47  407.31   21.42
   371    0.87   26.86   19.63    6.51   67.03  727.26  859.90   12.68  406.94   21.04
   372    0.90   26.82   19.72    6.20   67.83  731.87  852.28   12.04  412.29   21.88
   373    0.88   27.04   19.80    6.12   68.28  742.83  860.11   11.72  413.79   22.37
   374    0.89   26.76   19.93    6.28   67.67  736.32  859.71   12.71  419.02   21.81
   375    0.88   26.83   19.83    6.06   68.14  736.25  851.18   11.98  415.28   22.37
   376    0.88   26.73   20.06    6.03   68.27  731.68  845.43   13.39  426.53   22.33
   377    0.93   27.04   20.24    6.07   68.13  752.08  867.44   12.36  434.72   22.75
   378    0.89   27.11   20.11    6.27   67.60  745.54  868.73   13.20  426.49   22.05
   379    0.87   27.07   19.80    6.18   67.83  751.66  871.31   12.41  413.80   22.44
   380    0.91   27.33   19.82    5.87   69.38  764.23  872.00   12.50  417.09   23.66
   381    0.98   27.23   20.08    5.78   69.79  761.73  866.26   11.62  430.53   23.86
   382    0.91   27.51   20.37    5.83   69.73  781.05  887.28   13.05  444.15   24.25
   383    0.87   27.89   20.13    5.69   69.93  796.56  897.76   10.47  432.95   25.13
   384    0.85   27.92   20.21    5.74   70.26  793.82  897.02   12.10  434.76   24.87
   385    0.89   27.87   20.20    5.74   70.24  791.29  894.30   13.27  434.44   24.81
   386    0.86   27.72   19.95    5.99   69.31  776.27  888.44   12.09  422.30   23.63
   387    0.99   27.59   20.22    5.91   69.43  777.05  886.47   11.28  432.09   23.87
   388    0.86   27.54   20.61    5.77   69.69  777.01  881.06   12.78  451.39   24.33
   389    0.83   27.68   20.61    5.89   69.59  781.75  890.22   14.19  449.29   24.07
   390    0.93   28.00   20.51    5.80   70.11  795.10  900.37   12.99  445.79   24.71
   391    0.84   27.69   20.09    6.04   69.08  772.86  887.19   14.37  427.84   23.37
   392    0.89   27.54   20.44    5.85   69.72  768.15  875.20   12.69  441.24   23.82
   393    0.81   27.89   20.49    5.74   70.13  784.14  887.30   12.59  443.03   24.60
   394    0.85   27.76   20.52    5.82   69.82  776.12  881.96   13.53  445.85   24.14
   395    0.89   27.89   20.64    5.89   69.77  785.68  894.07   12.79  450.57   24.19
   396    0.87   27.80   20.85    5.76   70.05  786.51  890.32   13.39  460.66   24.61
   397    0.86   28.05   21.10    5.69   70.66  797.79  899.04   12.98  470.39   25.16
   398    0.82   27.75   21.19    5.67   70.59  782.82  883.29   13.79  474.05   24.82
   399    0.89   27.53   20.71    5.90   69.75  765.56  874.46   13.61  451.90   23.60
   400    0.85   27.63   20.73    5.79   70.07  774.53  879.39   13.75  452.81   24.19
   401    0.87   27.47   20.90    5.75   70.09  761.84  865.43   11.37  459.15   23.95
   402    0.81   27.29   20.86    5.55   70.61  751.72  848.03   13.90  459.95   24.33
   403    0.84   27.32   20.89    5.69   69.92  754.08  855.26   12.79  459.12   23.95
   404    0.87   27.17   20.68    5.88   68.92  751.26  859.54   12.58  450.78   23.27
   405    0.87   27.03   20.74    5.85   69.21  749.18  856.37   11.72  454.06   23.30
   406    0.88   26.94   20.17    6.05   68.62  744.80  859.20   11.88  429.17   22.63
   407    0.85   26.64   20.38    6.13   68.09  735.78  853.46   13.39  438.91   22.16
   408    0.90   26.74   20.49    6.07   68.48  738.69  853.91   12.23  443.24   22.41
   409    0.87   27.44   20.76    5.56   70.56  773.55  870.13   14.81  455.45   24.93
   410    0.86   27.23   20.89    5.47   70.72  759.10  852.59   10.97  460.07   24.83
   411    0.87   27.52   20.71    5.56   70.73  776.01  872.56    9.65  453.94   25.01
   412    0.82   27.18   20.57    5.71   70.01  755.18  857.15   11.18  446.66   23.91
   413    0.92   27.49   20.52    5.74   69.77  776.86  879.88   12.61  445.27   24.41
   414    0.81   27.67   20.42    5.98   69.34  774.81  886.55   12.56  441.29   23.62
   415    0.88   27.64   20.49    5.72   70.06  770.29  872.65   11.10  443.58   24.29
   416    0.85   27.81   20.34    5.83   69.61  776.09  882.58   13.78  437.60   24.09
   417    0.88   27.99   20.61    5.80   70.04  799.01  904.11   13.26  453.42   24.84
   418    0.82   27.82   20.33    5.92   69.53  791.16  900.86   14.75  438.53   24.23
   419    0.87   28.17   20.57    5.84   70.08  803.41  909.93   12.80  447.74   24.83
   420    0.82   28.00   20.69    6.17   69.10  800.98  919.92   13.37  453.55   23.76
   421    0.87   28.04   20.27    5.87   70.05  801.44  909.15   12.57  439.90   24.67
   422    0.75   28.25   21.04    5.82   70.14  816.03  921.92   12.47  469.42   25.23
   423    0.85   28.47   20.83    6.01   69.63  819.01  932.17   10.40  458.48   24.68
   424    0.85   28.56   20.76    6.25   68.99  822.96  945.31   13.59  456.08   24.07
   425    0.85   28.03   20.24    6.41   67.99  796.66  925.41   13.01  436.21   22.98
   426    0.85   27.85   20.58    6.41   68.03  797.95  926.74   12.36  447.49   23.01
   427    0.86   28.03   20.40    6.39   68.01  798.01  925.91   10.10  440.27   23.07
   428    0.85   27.89   20.19    6.42   67.77  787.43  916.55   12.01  431.29   22.72
   429    0.89   28.00   20.52    6.15   68.79  792.80  910.98   11.84  445.45   23.60
   430    0.77   28.17   20.62    6.17   68.89  797.68  916.74   11.48  448.22   23.67
   431    0.88   27.95   20.60    6.38   68.21  791.87  919.40   11.80  447.49   22.94
   432    0.82   28.29   20.82    6.51   68.04  795.99  928.74   10.97  456.30   22.71
   433    0.85   27.84   20.62    6.24   68.81  783.26  905.22   12.28  449.37   23.09
   434    0.88   28.29   20.70    6.26   68.91  800.17  922.74   13.22  452.51   23.48
   435    0.92   28.27   20.70    6.28   69.21  805.84  929.41   13.05  452.47   23.55
   436    0.90   27.74   20.83    6.14   69.24  785.39  903.33   11.90  458.78   23.43
   437    0.81   27.50   20.55    6.17   68.85  769.59  888.56   13.73  446.38   22.95
   438    0.86   27.95   20.69    6.01   69.52  794.11  907.29   12.32  453.40   24.02
   439    0.93   28.03   20.55    6.16   69.09  793.04  911.67   11.89  446.62   23.58
   440    0.93   27.86   20.51    6.27   68.51  789.41  912.41   14.02  446.37   23.18
   441    0.91   27.80   20.40    6.44   68.05  785.55  915.49   12.34  442.13   22.63
   442    0.94   27.97   20.72    5.95   69.68  799.60  910.27   12.02  456.31   24.37
   443    0.95   28.00   20.58    6.27   68.82  793.72  916.58   12.51  452.54   23.29
   444    0.86   28.10   20.24    6.47   68.03  794.00  924.97   12.96  434.51   22.77
   445    0.83   28.09   20.17    6.46   68.04  783.45  914.13   14.50  430.17   22.53
   446    0.82   28.07   20.60    6.43   68.19  784.79  914.12   12.71  447.70   22.65
   447    0.86   28.20   20.57    6.49   68.18  794.62  926.39   12.64  446.97   22.74
   448    0.89   27.84   20.27    6.65   67.40  775.06  913.68   13.89  434.18   21.87
   449    0.84   27.86   20.56    6.75   67.21  786.26  929.03   12.25  446.88   21.91
   450    0.85   28.03   20.44    6.63   67.85  793.50  931.21   13.16  441.61   22.36
   451    0.85   28.55   20.60    6.41   68.79  818.68  947.47   13.60  449.35   23.52
   452    0.86   28.27   20.30    6.69   67.64  807.67  947.86   12.27  436.87   22.56
   453    0.87   28.66   20.43    6.59   68.25  824.38  960.29   12.04  440.44   23.21
   454    0.93   28.30   20.12    6.60   67.86  796.56  933.14   10.63  427.73   22.50
   455    0.89   28.50   20.55    6.30   68.82  809.48  933.76   11.96  446.36   23.60
   456    0.88   28.40   20.66    6.23   68.95  804.92  926.50   11.98  450.69   23.67
   457    0.83   28.60   20.63    6.29   68.91  809.03  932.91   12.06  447.27   23.61
   458    0.80   28.17   20.81    6.19   69.07  796.32  916.25   14.89  456.53   23.57
   459    0.82   28.31   20.88    6.09   69.55  802.31  918.17   12.85  459.94   24.03
   460    0.90   28.14   20.93    6.22   69.19  799.60  920.78   11.88  462.09   23.56
   461    0.89   28.11   21.13    5.86   70.21  797.95  905.43   10.15  472.13   24.60
   462    0.93   28.24   21.09    6.07   69.62  795.09  910.47   10.37  471.00   23.88
   463    0.86   28.30   20.96    6.34   68.87  802.12  927.94   10.75  463.36   23.31
   464    0.88   28.55   20.80    6.34   69.09  806.10  931.92   13.35  455.46   23.40
   465    0.84   28.38   20.85    6.04   69.82  802.98  917.27   15.15  458.59   24.17
   466    0.91   28.17   21.09    5.97   70.04  799.45  911.06   12.63  469.49   24.29
   467    0.86   28.67   21.09    6.01   70.20  828.17  941.30   11.11  469.11   24.93
   468    0.86   28.63   20.73    6.19   69.31  818.23  938.06   11.85  452.49   24.14
   469    0.87   28.57   20.79    6.06   69.69  814.20  929.07   11.07  455.18   24.42
   470    0.85   28.98   21.23    5.98   70.10  828.52  940.31   11.61  474.18   25.05
   471    0.87   28.90   21.00    6.11   69.59  830.66  947.47   13.10  464.29   24.69
   472    0.80   29.01   20.86    6.14   69.51  833.54  951.49   13.50  458.18   24.68
   473    0.86   28.98   20.94    6.12   69.32  827.80  945.16   12.21  461.95   24.57
   474    0.79   28.69   20.98    6.47   68.15  816.09  947.01   15.59  464.43   23.32
   475    0.88   29.02   21.05    6.46   68.61  838.20  968.83   13.25  469.72   23.88
   476    0.86   28.93   20.84    6.35   68.98  833.44  959.72   10.88  461.20   24.06
   477    0.84   28.65   20.98    6.39   68.55  823.30  951.21   11.44  464.55   23.69
   478    0.84   28.84   20.87    6.19   69.45  833.26  953.17   12.28  459.13   24.52
   479    0.87   28.74   21.18    6.09   69.81  827.62  943.52   11.59  472.84   24.69
   480    0.84   28.77   21.33    6.11   69.95  821.84  938.67   11.49  478.34   24.46
   481    0.87   28.47   20.88    6.26   69.39  813.10  935.57   10.03  459.26   23.81
   482    0.84   28.73   21.07    6.23   69.58  825.70  947.05   13.30  469.20   24.22
   483    0.80   28.46   20.75    6.37   68.96  807.85  934.73   12.03  454.34   23.38
   484    0.83   28.73   20.91    6.20   69.54  824.10  944.47   10.02  461.36   24.25
   485    0.85   28.35   20.93    6.10   69.99  814.44  930.76   10.57  464.00   24.31
   486    0.82   28.14   20.89    5.97   69.92  799.86  911.29   10.99  460.18   24.32
   487    0.81   28.02   20.88    6.07   69.57  791.79  907.04   10.24  459.14   23.80
   488    0.85   28.03   20.74    5.98   69.92  790.37  902.40   11.66  452.16   24.01
   489    0.85   28.25   20.42    6.13   69.56  794.81  912.52   12.25  437.69   23.69
   490    0.77   28.03   20.75    6.19   69.11  787.84  907.75   10.90  453.07   23.35
   491    0.80   28.07   21.00    5.98   69.93  789.99  901.83   11.40  464.85   24.02
   492    0.89   28.02   20.99    6.05   69.60  787.32  901.90   10.86  463.11   23.73
   493    0.79   27.94   21.13    5.83   70.06  786.13  892.55   10.42  469.84   24.37
   494    0.83   27.92   21.28    5.88   70.02  785.94  893.94   11.93  478.03   24.23
   495    0.75   28.16   21.29    5.61   71.02  791.86  890.41   10.52  478.06   25.26
   496    0.81   28.11   21.29    5.78   70.60  803.58  908.14   10.07  478.65   25.01
   497    0.79   28.43   21.20    5.63   71.51  815.71  914.77   10.94  477.21   25.88
   498    0.87   28.58   21.37    5.75   70.84  824.00  927.43    9.53  485.42   25.68
   499    0.89   28.30   21.29    5.89   70.25  804.49  913.11   10.58  479.56   24.67
   500    0.87   28.72   21.47    5.55   71.73  825.47  921.71   10.11  485.46   26.45
   501    0.84   28.49   21.35    5.78   70.76  815.71  920.05    9.84  481.35   25.36
   502    0.86   28.30   20.90    5.82   70.66  808.50  914.52    8.41  462.21   25.01
   503    0.85   28.31   21.20    5.67   71.00  808.61  909.02   11.43  476.50   25.54
   504    0.84   28.41   21.01    5.42   72.08  814.07  905.76    9.92  467.42   26.63
   505    0.85   28.76   21.46    5.47   71.84  828.78  922.31   10.19  489.23   26.85
   506    0.79   28.54   21.38    5.52   71.45  815.87  911.02   11.65  486.91   26.30
   507    0.81   28.33   21.30    5.49   71.22  807.89  902.04    8.95  483.81   26.17
   508    0.86   28.40   21.25    5.48   71.50  814.97  908.81   10.78  479.98   26.41
   509    0.87   28.54   21.10    5.68   70.66  814.54  915.46    9.78  473.10   25.66
   510    0.84   28.27   20.99    5.63   70.71  802.71  901.79   10.26  468.57   25.51
   511    0.89   28.71   21.14    5.45   71.77  833.13  925.91   12.28  480.12   27.06
   512    0.85   28.57   21.08    5.42   71.86  823.63  915.42   11.27  477.03   26.90
   513    0.87   28.78   21.12    5.44   71.91  840.98  933.65   10.11  473.52   27.30
   514    0.78   28.53   20.75    5.51   71.73  821.09  916.16   12.23  459.20   26.45
   515    0.81   28.79   21.08    5.47   72.10  836.71  930.35   10.99  476.28   27.07
   516    0.81   28.77   21.17    5.32   72.50  843.92  932.20   11.26  478.66   27.93
   517    0.87   28.58   21.27    5.52   71.82  833.20  928.52   11.88  483.85   26.78
   518    0.86   28.82   20.96    5.47   72.09  840.37  933.89   12.15  469.59   27.19
   519    0.86   28.62   21.31    5.04   73.23  837.55  916.91   10.86  485.47   28.96
   520    0.83   28.33   21.01    5.11   72.85  818.63  900.22   10.64  472.37   28.05
   521    0.77   28.35   21.01    5.17   72.59  826.26  909.68   10.41  475.89   28.03
   522    0.81   28.26   21.20    5.14   72.74  817.91  900.52   10.22  485.58   27.89
   523    0.83   27.89   20.91    5.11   72.22  793.93  875.54   14.11  470.86   27.28
   524    0.88   27.94   21.04    5.30   71.69  798.52  886.31   12.64  480.15   26.63
   525    0.83   27.92   20.88    5.72   70.28  795.46  897.62   11.56  472.19   25.01
   526    0.80   27.87   20.70    5.95   69.59  796.98  907.60   10.68  463.07   24.31
   527    0.87   28.08   20.72    5.91   69.83  808.00  917.08   11.60  462.35   24.73
   528    0.86   28.02   20.67    5.89   69.90  795.40  904.05   11.21  460.87   24.43
   529    0.82   27.42   20.58    6.26   68.30  778.65  901.25   12.42  452.70   22.93
   530    0.85   27.80   20.92    6.04   69.50  792.83  906.88   11.72  468.71   23.92
   531    0.87   27.53   20.96    5.94   69.63  785.77  895.98   12.05  472.37   24.04
   532    0.89   27.54   20.93    5.76   69.88  783.98  887.84   12.17  467.23   24.53
   533    0.83   27.47   20.86    6.12   68.66  779.65  896.86   11.27  464.18   23.34
   534    0.84   27.33   20.86    5.90   69.54  774.18  883.10   11.27  463.98   23.83
   535    0.84   27.05   21.27    5.59   70.52  767.66  865.53   12.15  484.78   24.64
   536    0.87   27.29   21.13    5.69   70.19  769.62  871.06   13.00  477.20   24.36
   537    0.82   27.31   21.33    5.47   70.82  767.38  861.00   12.43  488.55   25.06
   538    0.82   27.53   20.99    5.70   70.03  775.30  877.01   11.81  471.75   24.49
   539    0.82   27.63   21.03    5.76   70.03  782.26  886.03   12.00  475.77   24.50
   540    0.91   27.63   21.03    5.90   69.89  776.44  885.37    9.85  473.34   23.89
   541    0.84   27.72   21.27    5.88   70.06  782.38  890.43   10.42  482.35   24.13
   542    0.87   27.66   21.11    5.69   70.88  783.61  884.90   10.97  475.64   24.76
   543    0.88   27.51   21.13    5.89   70.13  777.69  886.33    9.48  476.23   23.95
   544    0.85   27.33   20.90    6.16   69.11  768.80  887.69   10.40  471.06   22.93
   545    0.89   27.19   20.74    6.17   69.41  765.89  885.13   11.72  466.04   22.84
   546    0.83   27.42   21.09    5.94   70.03  769.89  880.47   13.41  480.56   23.58
   547    0.89   27.47   21.14    5.47   71.31  776.50  870.09   11.17  479.14   25.32
   548    0.86   27.69   21.35    4.99   72.64  778.37  856.23   12.30  490.70   27.31
   549    0.89   27.57   21.06    5.34   71.49  781.91  871.21   11.10  479.25   25.96
   550    0.84   27.90   20.86    5.57   70.92  796.35  893.49   12.10  469.26   25.53
   551    0.95   27.91   20.98    5.53   71.20  789.54  884.99   11.28  472.90   25.51
   552    0.93   27.55   21.21    5.33   71.72  778.88  867.79   11.43  483.68   25.91
   553    0.94   27.62   21.28    5.24   72.07  776.42  862.20   11.46  484.53   26.21
   554    0.84   27.34   21.01    5.41   71.26  765.58  857.14   12.49  473.18   25.22
   555    0.77   27.24   20.73    5.71   70.11  759.04  861.02   12.59  459.58   24.01
   556    0.87   27.37   20.88    5.43   71.42  763.85  856.06   10.51  465.06   25.10
   557    0.83   26.92   20.77    5.23   71.91  742.60  828.02   10.67  459.84   25.22
   558    0.84   27.28   20.69    5.07   72.33  757.35  837.63   14.07  458.76   26.31
   559    0.82   27.25   20.75    4.90   73.22  758.50  833.50    9.79  460.58   27.09
   560    0.83   27.42   20.72    5.22   72.21  770.96  855.97   12.28  459.81   26.14
   561    0.81   27.42   20.79    5.12   72.54  774.77  856.63   11.10  462.51   26.65
   562    0.80   27.07   20.97    5.31   71.86  766.50  854.49   12.56  474.35   25.65
   563    0.81   27.34   20.66    5.30   71.87  775.35  863.00   11.73  458.02   25.95
   564    0.86   27.35   20.64    5.33   71.67  768.77  857.59   11.85  457.32   25.62
   565    0.89   27.45   20.71    5.28   71.92  765.83  852.89   10.92  460.09   25.74
   566    0.79   27.49   20.94    5.39   71.58  769.78  860.64   11.93  472.87   25.42
   567    0.84   27.41   20.48    5.42   71.26  758.55  850.47   13.48  448.86   24.98
   568    0.79   26.99   20.76    5.35   71.26  741.51  830.92   11.54  461.74   24.74
   569    0.86   26.69   21.15    5.38   71.11  728.14  818.61   10.49  481.34   24.24
   570    0.85   26.62   21.43    5.46   71.11  727.42  820.58   13.41  493.45   23.94
   571    0.85   26.81   21.58    5.32   71.56  732.42  820.91   10.91  499.56   24.57
   572    0.88   26.66   21.10    5.67   70.41  718.76  819.42   10.56  478.46   23.00
   573    0.89   26.90   20.96    5.63   70.71  732.80  832.05   12.49  474.65   23.52
   574    0.86   26.62   21.05    5.87   69.34  721.92  829.70   12.66  477.63   22.51
   575    0.89   26.69   20.82    5.86   69.26  722.09  829.59   12.32  468.26   22.54
   576    0.93   26.90   21.14    5.76   69.77  729.06  832.97   11.84  481.76   23.02
   577    0.85   26.84   20.76    5.82   69.23  727.03  833.15   13.52  465.06   22.78
   578    0.81   26.47   20.55    5.90   68.86  710.77  819.84   13.39  455.89   22.11
   579    0.89   26.71   20.95    5.69   69.64  724.79  826.18   12.87  471.78   23.11
   580    0.89   26.85   20.86    5.80   69.30  732.57  837.87   12.44  466.82   23.00
   581    0.84   27.20   20.58    5.91   69.60  753.74  862.98   11.24  456.73   23.26
   582    0.79   26.78   20.82    5.96   69.09  727.26  838.34   12.40  465.27   22.41
   583    0.92   27.03   20.99    5.44   70.86  741.03  833.55   12.39  472.02   24.40
   584    0.81   27.05   20.92    5.35   71.29  742.79  832.17   12.62  469.46   24.78
   585    0.82   26.96   20.85    5.48   70.88  738.40  832.34   11.06  465.20   24.18
   586    0.85   26.58   21.06    5.77   69.62  720.87  825.20   12.67  474.56   22.76
   587    0.86   27.12   21.23    5.70   70.51  742.45  843.92   12.66  482.96   23.60
   588    0.80   26.84   21.27    5.77   70.07  734.46  838.66   11.86  484.61   23.14
   589    0.86   26.89   21.17    6.00   69.30  742.41  855.09   12.88  480.14   22.69
   590    0.81   27.04   20.95    5.86   69.50  742.45  850.04   14.43  471.00   23.08
   591    0.82   26.84   21.00    5.86   69.39  733.62  840.94   13.51  473.35   22.87
   592    0.88   27.13   20.76    5.70   70.06  750.69  852.50   12.55  462.56   23.80
   593    0.86   27.14   20.96    5.71   70.42  751.01  852.86   11.85  470.22   23.80
   594    0.87   27.09   21.12    5.56   70.67  753.60  850.17   13.04  478.70   24.36
   595    0.81   27.16   21.02    5.39   71.04  749.53  840.24   11.09  474.34   24.84
   596    0.83   27.06   21.03    5.38   70.67  745.87  836.24   13.01  475.65   24.77
   597    0.88   26.83   21.08    5.63   69.94  734.85  834.03    9.86  479.08   23.59
   598    0.86   26.77   20.75    5.56   70.48  730.39  827.01   12.29  463.65   23.69
   599    0.88   26.73   20.84    5.76   69.84  727.97  831.80   14.07  467.98   22.99
   600    0.89   26.60   20.32    5.79   69.52  721.75  826.61   12.70  447.85   22.74
   601    0.91   26.72   20.73    5.57   70.34  727.53  824.53   11.65  465.27   23.58
   602    0.82   26.41   20.68    5.83   69.37  708.57  814.86   12.31  460.36   22.26
   603    0.82   26.69   20.63    5.65   70.09  729.28  829.27   11.98  457.95   23.36
   604    0.79   26.44   20.99    5.31   71.02  729.69  817.94   11.17  473.47   24.52
   605    0.78   26.31   20.76    5.45   70.67  707.87  800.94   10.80  462.20   23.38
   606    0.81   26.67   20.73    5.26   71.31  721.11  807.67   10.66  462.59   24.44
   607    0.85   26.43   20.53    5.76   69.93  713.08  816.91   10.34  452.64   22.58
   608    0.85   26.75   20.69    5.62   70.25  731.77  830.66   12.77  459.45   23.52
   609    0.82   26.76   20.83    5.68   69.95  733.70  834.58   10.84  466.49   23.40
   610    0.81   26.72   20.96    5.46   71.00  735.68  828.96   12.56  471.58   24.17
   611    0.86   26.41   20.62    5.64   70.18  718.09  817.49   12.22  455.53   23.09
   612    0.88   26.22   20.99    5.60   70.11  704.10  802.26   12.86  470.85   22.81
   613    0.92   26.12   20.68    5.79   69.38  705.33  810.11   11.71  459.04   22.29
   614    0.94   26.28   20.65    5.70   69.64  708.42  810.12   10.33  456.44   22.63
   615    0.86   26.32   20.84    5.43   70.62  709.52  801.88   12.66  463.90   23.50
   616    0.87   26.36   20.81    5.39   70.76  715.91  806.83   12.68  463.20   23.83
   617    0.80   26.39   20.74    5.25   71.33  714.98  801.23   12.32  461.93   24.29
   618    0.91   26.09   20.93    5.05   72.01  704.64  784.44   12.20  470.09   24.72
   619    0.80   25.93   20.89    5.29   70.91  702.23  789.74   13.63  469.54   23.77
   620    0.89   26.45   20.94    5.18   71.65  731.07  814.93   13.66  472.31   25.05
   621    0.86   26.51   20.71    4.94   72.56  740.82  817.00   11.74  467.08   26.35
   622    0.87   26.54   21.08    4.79   73.37  740.28  812.02   12.21  484.93   26.98
   623    0.85   26.21   20.72    5.01   72.52  729.65  808.16   11.73  469.82   25.68
   624    0.77   26.33   20.57    5.23   71.80  732.62  818.27   11.67  464.37   24.89
   625    0.82   26.53   20.30    5.06   72.21  733.04  813.04   11.79  449.74   25.59
   626    0.87   26.88   20.54    4.81   73.21  762.28  834.53   11.74  459.74   27.63
   627    0.83   26.66   20.82    4.87   72.88  753.74  827.96   12.26  471.43   27.05
   628    0.88   26.29   20.39    5.20   71.75  735.40  819.79   12.76  453.88   25.12
   629    0.85   26.54   20.78    5.13   72.65  749.32  831.56   11.61  471.22   25.81
   630    0.84   26.91   20.74    5.05   73.27  763.20  842.96   11.62  470.33   26.57
   631    0.82   26.90   20.78    5.00   73.47  753.64  831.69   11.68  471.43   26.50
   632    0.89   26.85   20.57    5.04   73.15  759.71  839.19   12.31  463.65   26.50
   633    0.84   27.09   20.73    5.16   72.72  778.59  861.85   11.00  472.26   26.59
   634    0.87   26.93   20.76    5.51   71.46  774.62  869.67   11.86  471.48   25.12
   635    0.84   27.35   20.72    5.41   71.78  787.94  879.27   11.44  471.66   25.90
   636    0.84   27.28   20.68    5.23   72.19  782.84  868.34   10.96  467.32   26.44
   637    0.86   27.48   20.84    5.36   71.48  796.08  885.84   12.77  475.82   26.32
   638    0.84   27.49   20.92    4.87   72.78  800.02  874.08   13.11  479.45   28.58
   639    0.84   27.25   21.21    4.91   72.55  779.13  854.51   12.53  492.57   27.70
   640    0.86   27.27   21.13    4.77   73.14  780.96  852.07   12.16  487.34   28.43
   641    0.85   27.34   20.87    4.89   72.79  782.10  856.85   12.42  471.63   27.89
   642    0.82   27.48   21.17    4.62   74.10  782.75  849.34   13.15  485.57   29.28
   643    0.80   27.16   21.14    4.85   72.87  756.83  830.45   10.66  483.42   27.24
   644    0.85   26.85   20.96    5.05   71.55  745.92  825.47   10.91  473.87   26.05
   645    0.91   26.92   20.81    4.98   72.09  750.19  827.66   12.92  467.29   26.47
   646    0.92   26.85   20.81    5.29   71.02  745.58  832.94   10.96  465.97   25.09
   647    0.87   26.45   20.74    5.36   70.73  729.09  818.91   12.55  462.32   24.33
   648    0.88   26.53   20.61    5.10   71.62  733.56  814.94   10.65  460.66   25.43
   649    0.88   26.59   20.83    5.00   71.94  736.02  814.11   11.55  469.62   25.93
   650    0.87   26.33   20.71    5.17   71.09  725.78  809.34   12.01  464.28   24.93
   651    0.91   26.77   20.79    5.11   71.80  746.80  828.39   11.19  469.46   25.82
   652    0.87   26.98   21.05    5.05   72.26  753.25  832.94   11.08  483.01   26.27
   653    0.85   27.09   21.15    5.42   71.84  755.19  847.03   13.35  486.59   24.89
   654    0.90   26.89   21.20    5.23   72.43  755.09  840.63   10.56  489.65   25.59
   655    0.89   26.92   21.14    5.41   71.79  751.13  842.73   13.18  485.82   24.79
   656    0.89   26.31   21.33    5.38   71.47  731.96  822.56   14.77  496.05   24.33
   657    0.89   26.62   21.40    5.55   71.20  753.29  849.76   12.75  499.17   24.36
   658    0.89   27.09   21.23    5.01   72.99  780.55  859.01   13.13  500.60   27.29
   659    0.86   26.93   21.42    4.96   72.77  770.82  847.71   10.58  503.66   27.21
   660    0.90   27.18   21.37    5.34   71.92  769.63  858.92   11.58  495.97   25.59
   661    0.91   26.68   21.78    5.36   71.32  745.35  835.20   12.53  515.69   24.81
   662    0.87   26.51   21.67    5.53   70.55  732.92  828.51   12.17  507.48   23.86
   663    0.89   26.33   21.33    5.61   70.27  729.36  827.77   11.75  490.97   23.50
   664    0.88   26.64   21.76    5.36   71.55  746.67  836.34   12.92  517.25   24.87
   665    0.91   26.96   21.38    5.49   71.21  760.08  854.43   11.57  500.36   24.77
   666    0.88   26.97   21.62    5.69   70.26  760.98  862.42   12.29  509.71   24.12
   667    0.84   26.75   21.30    5.67   70.49  748.70  849.24   12.24  492.19   23.85
   668    0.85   26.87   21.62    5.78   70.26  761.87  866.30   10.63  508.95   23.88
   669    0.84   26.97   21.65    5.80   70.10  768.21  873.38   11.99  514.05   23.99
   670    0.85   27.30   21.88    5.44   71.57  781.39  873.92   11.81  522.80   25.58
   671    0.85   27.59   21.89    5.29   72.16  795.35  882.95   13.26  523.80   26.56
   672    0.85   27.48   21.63    5.24   72.22  795.57  881.52   11.89  511.48   26.77
   673    0.89   27.74   21.17    5.60   71.30  803.10  901.16   13.55  487.27   25.62
   674    0.82   27.32   21.40    5.37   71.69  783.85  874.07   14.19  499.18   25.91
   675    0.83   27.07   21.64    5.31   71.51  767.48  855.49   13.80  510.37   25.67
   676    0.84   26.93   21.72    5.30   71.47  767.51  855.29   13.29  513.06   25.70
   677    0.80   27.24   21.79    5.35   71.98  783.60  873.08   11.77  517.60   25.99
   678    0.88   27.75   22.12    5.27   72.85  813.10  899.83   12.98  535.63   27.20
   679    0.83   27.24   21.91    5.44   71.72  778.50  870.94   13.57  523.66   25.50
   680    0.78   27.07   21.94    5.24   72.20  768.30  854.01   14.04  525.03   25.97
   681    0.83   27.20   21.90    5.25   72.59  770.23  856.32   13.60  524.94   25.98
   682    0.83   27.35   21.88    4.93   73.55  772.20  848.20   13.45  526.52   27.38
   683    0.82   27.02   22.16    5.24   72.19  763.60  849.40   12.86  539.73   25.82
   684    0.84   26.99   22.41    4.89   73.42  765.04  839.70   13.60  554.41   27.35
   685    0.82   27.08   21.99    5.03   72.85  772.12  851.32   12.13  532.82   26.93
   686    0.76   26.89   22.39    4.89   73.21  768.38  843.20   12.48  550.26   27.43
   687    0.77   27.33   22.02    5.06   72.84  785.98  866.06   14.38  533.93   27.24
   688    0.83   27.46   21.87    5.02   73.15  794.65  873.39   13.33  525.65   27.70
   689    0.82   27.10   21.77    5.10   72.53  772.80  854.16   12.21  517.30   26.65
   690    0.81   26.45   21.92    5.15   72.13  753.47  836.43   13.91  527.20   25.85
   691    0.85   26.16   22.37    5.29   71.27  736.69  824.20   13.09  548.99   24.81
   692    0.88   26.74   21.78    5.14   71.88  749.84  832.41   13.85  515.85   25.79
   693    0.84   26.72   21.88    5.17   72.01  752.22  835.93   12.15  525.28   25.72
   694    0.87   26.72   22.05    5.54   70.77  755.63  851.64   11.81  531.88   24.48
   695    0.84   26.60   21.95    5.37   71.15  742.04  832.23   11.32  528.60   24.68
   696    0.92   26.78   21.97    5.09   72.17  750.50  831.55   13.73  532.47   26.00
   697    0.84   26.82   22.36    4.92   72.71  753.62  829.20   12.80  550.95   26.85
   698    0.89   27.09   21.94    4.88   73.22  763.80  838.23   13.97  526.83   27.35
   699    0.88   27.01   21.95    5.24   71.84  757.52  843.22   13.28  524.04   25.64
   700    0.87   26.99   22.22    4.98   72.64  753.99  831.34   12.44  535.59   26.61
   701    0.87   27.30   22.22    5.05   72.54  761.86  841.46   12.23  535.94   26.55
   702    0.88   27.28   21.76    4.71   73.54  760.43  829.60   14.29  513.52   28.07
   703    0.82   27.41   21.80    4.64   73.92  770.76  838.01   11.40  514.12   28.75
   704    0.88   27.10   21.58    4.62   73.60  761.77  828.36   14.40  503.23   28.56
   705    0.87   26.73   21.91    4.54   73.81  737.91  802.26   12.91  520.58   28.14
   706    0.84   26.67   22.01    4.59   73.63  736.53  802.22   12.42  523.60   27.85
   707    0.88   26.86   21.98    4.75   73.35  738.51  809.07   13.76  519.90   27.10
   708    0.83   26.53   21.77    5.06   71.80  725.88  805.85   13.95  511.12   25.37
   709    0.84   26.44   21.96    4.72   73.10  724.52  794.23   13.19  520.80   26.77
   710    0.86   26.87   22.04    4.67   73.65  743.29  811.39   12.69  521.21   27.67
   711    0.89   26.48   21.58    5.00   72.07  720.54  798.53   12.93  500.69   25.45
   712    0.91   26.30   21.74    4.89   72.43  715.14  789.81   12.55  506.83   25.73
   713    0.81   26.43   21.68    4.72   72.93  726.42  796.11   12.33  505.72   26.84
   714    0.87   26.17   21.73    4.51   73.43  706.85  770.33   11.40  508.84   27.21
   715    0.88   26.19   21.51    4.80   72.43  710.99  782.93   12.45  498.97   25.98
   716    0.85   26.05   21.69    4.89   71.94  708.71  783.42   12.23  506.91   25.51
   717    0.87   25.88   21.44    5.19   71.06  695.68  779.92   12.72  496.49   23.93
   718    0.86   25.72   21.79    4.72   72.48  698.90  768.62   13.47  514.86   25.91
   719    0.90   25.33   21.73    5.07   71.44  685.57  766.03   13.12  515.95   24.04
   720    0.89   25.77   21.65    5.14   71.13  690.92  773.47   12.11  509.82   23.97
   721    0.86   25.78   21.36    5.22   70.81  696.79  781.92   13.24  493.28   23.86
   722    0.84   25.17   21.60    5.19   70.78  670.98  755.33   10.83  506.52   23.16
   723    0.85   25.35   21.77    5.08   70.90  676.54  757.36   10.80  514.04   23.72
   724    0.83   25.54   22.03    5.02   71.28  696.06  774.97   14.75  526.73   24.56
   725    0.82   25.81   22.04    5.00   71.78  702.38  780.51   12.54  528.88   24.86
   726    0.78   25.85   22.22    4.92   72.44  714.97  790.52   12.86  535.61   25.60
   727    0.85   25.77   22.17    4.66   72.88  714.08  781.91   13.93  538.51   26.72
   728    0.84   25.67   22.20    5.14   71.06  712.99  795.61   13.55  539.34   24.64
   729    0.86   25.99   22.21    5.18   71.37  721.61  805.56   11.91  539.90   24.75
   730    0.81   26.02   21.78    4.94   72.29  722.01  798.12   11.40  515.72   25.75
   731    0.81   25.99   21.44    5.40   70.41  717.27  808.40   11.22  501.29   23.85
   732    0.85   25.95   21.37    5.45   70.37  715.85  808.91   12.49  497.09   23.61
   733    0.79   26.18   21.71    5.12   71.52  738.49  820.53   13.76  510.85   25.50
   734    0.86   26.09   21.56    5.08   72.05  735.89  816.43   10.96  504.96   25.61
   735    0.86   26.28   21.63    5.19   71.64  736.88  821.17   11.38  507.29   25.18
   736    0.88   26.23   21.56    5.37   71.54  738.45  828.70   10.09  505.34   24.56
   737    0.88   26.25   21.69    5.39   71.28  739.03  829.92   11.43  514.14   24.51
   738    0.85   25.98   22.16    5.09   72.26  728.50  809.62   12.83  533.87   25.31
   739    0.81   26.33   21.75    4.99   72.18  739.83  817.69   14.70  514.95   26.09
   740    0.80   26.21   22.04    4.92   72.58  737.50  813.16   11.32  529.31   26.31
   741    0.81   26.14   21.71    4.99   72.63  723.83  801.64   11.97  509.68   25.58
   742    0.85   26.17   21.52    5.20   72.00  732.69  817.07   12.30  503.53   25.04
   743    0.82   26.02   21.47    5.15   71.58  722.81  805.79   12.50  504.18   24.90
   744    0.88   26.16   21.43    5.06   72.18  729.67  809.60   12.10  502.35   25.49
   745    0.82   26.01   21.72    5.17   71.98  724.86  808.57   10.38  512.17   24.88
   746    0.84   25.64   21.80    5.49   70.98  708.26  802.71    9.90  518.69   23.26
   747    0.87   25.72   21.61    5.69   70.00  711.57  813.01   12.41  511.52   22.74
   748    0.83   25.30   21.74    5.50   70.48  690.39  784.95   10.79  517.67   22.73
   749    0.91   25.30   21.82    5.43   70.76  691.51  783.90   12.12  524.09   22.97
   750    0.84   25.56   21.63    5.19   72.22  707.02  791.32   11.92  514.63   24.27
   751    0.83   24.97   21.67    5.23   71.57  690.92  776.60   14.00  515.67   23.63
   752    0.83   25.11   21.73    5.31   71.39  693.04  781.26   12.83  516.56   23.42
   753    0.86   25.37   21.78    5.26   71.81  700.85  787.46   11.95  519.51   23.83
   754    0.88   25.17   21.47    5.06   72.22  694.09  774.13   11.48  506.80   24.36
   755    0.84   25.46   21.57    5.04   72.09  696.38  775.82   10.29  511.09   24.51
   756    0.82   25.72   21.66    5.04   72.09  708.45  787.91   11.82  515.36   24.88
   757    0.85   25.60   21.06    5.38   70.81  703.99  794.49   11.52  487.04   23.52
   758    0.81   25.80   21.51    5.08   71.89  709.01  789.62   13.22  504.92   24.76
   759    0.80   25.61   21.36    5.33   71.25  705.53  794.40   10.38  497.70   23.73
   760    0.87   25.92   21.39    5.27   71.72  724.11  810.87   11.17  502.50   24.51
   761    0.84   25.76   21.73    4.95   72.95  712.26  788.83   10.66  517.32   25.38
   762    0.89   25.60   21.93    4.84   72.93  711.39  784.63   11.93  528.94   25.81
   763    0.91   25.76   21.99    5.15   71.78  707.18  790.27   13.60  530.19   24.41
   764    0.86   25.56   21.56    5.23   71.38  699.62  785.13   14.16  504.92   23.91
   765    0.86   25.27   21.58    5.46   70.83  690.00  783.11   12.20  510.96   22.86
   766    0.88   25.61   21.79    5.29   71.73  709.73  797.12   14.65  517.45   24.01
   767    0.91   25.73   21.64    5.31   71.64  710.97  799.23   12.73  514.30   23.96
   768    0.87   25.57   21.40    5.30   71.28  707.72  795.53   12.64  499.09   23.91
   769    0.92   25.50   21.41    5.03   72.32  710.54  789.60   12.82  506.34   25.00
   770    0.92   25.80   21.33    5.13   71.98  722.11  804.33   13.62  501.70   24.97
   771    0.87   25.97   20.96    5.49   71.20  721.65  815.92   13.80  490.68   23.67
   772    0.87   25.82   21.39    5.40   71.22  713.39  804.67   11.83  504.59   23.72
   773    0.87   25.78   21.47    5.49   71.19  706.68  801.01   13.94  508.71   23.23
   774    0.97   25.45   21.32    5.59   70.79  691.15  789.07   11.45  497.83   22.46
   775    0.88   25.72   21.57    5.54   71.79  698.19  794.06    9.87  512.94   22.84
   776    0.84   25.75   21.56    5.72   70.84  699.93  802.42   12.49  513.76   22.33
   777    0.86   25.61   21.21    5.85   70.34  694.65  801.92   13.31  501.06   21.81
   778    0.86   25.24   21.91    5.87   70.24  684.87  792.60   11.52  529.14   21.51
   779    0.83   25.25   21.67    5.62   70.77  679.41  778.37   12.17  521.10   22.04
   780    0.88   25.21   21.36    5.50   70.63  676.65  771.34   10.61  502.32   22.33
   781    0.83   25.26   21.46    5.48   70.73  683.27  777.20   11.72  506.57   22.59
   782    0.86   25.64   21.72    5.59   70.39  690.85  788.58   11.93  514.39   22.47
   783    0.85   25.61   21.39    5.52   71.13  691.99  787.16   12.31  501.93   22.73
   784    0.87   25.35   21.35    5.59   70.58  682.79  780.44   12.03  502.91   22.25
   785    0.84   25.29   21.48    5.50   71.30  690.99  785.64   12.61  505.52   22.74
   786    0.82   25.23   21.67    5.52   70.87  679.39  774.79   11.06  513.19   22.34
   787    0.83   25.26   21.53    5.57   70.80  683.44  780.67   11.45  506.52   22.30
   788    0.91   25.09   21.52    5.30   71.35  683.64  771.66   12.39  507.25   23.16
   789    0.88   24.65   21.32    5.26   71.30  664.32  750.85   12.64  502.71   22.73
   790    0.84   24.73   21.70    5.31   70.74  669.02  757.38   11.62  513.11   22.69
   791    0.88   25.12   21.33    5.06   71.66  686.31  766.29   13.73  495.25   24.13
   792    0.85   25.47   21.53    5.06   71.99  701.13  781.04   11.76  504.73   24.60
   793    0.92   24.92   21.31    5.29   70.56  673.94  761.42   12.17  497.49   22.93
   794    0.85   24.95   21.34    5.20   71.25  669.60  754.21   11.57  500.98   23.09
   795    0.80   25.46   21.30    5.25   71.63  692.90  779.07   12.37  499.76   23.63
   796    0.88   25.11   21.52    5.10   71.93  682.43  763.88   10.29  507.29   23.83
   797    0.84   25.77   21.15    5.31   71.40  703.40  791.47   11.55  488.78   23.75
