#time, _distVP, _dist67, _distF,  _domz1, _flattenA, _projA, _domeA, _hrot, _projA_RF, _rad
     0    0.63   19.33   15.60    8.59   52.45  382.86  614.26   25.71  254.69   11.39
     1    0.73   20.79   16.24    7.80   56.83  434.28  625.01   22.46  276.03   12.76
     2    0.72   21.40   16.73    7.25   59.27  453.00  618.02   22.77  293.56   13.57
     3    0.71   21.74   17.50    6.57   62.14  469.97  605.09   25.04  321.36   14.67
     4    0.70   22.02   17.79    6.07   64.16  480.40  595.77   24.10  331.71   15.63
     5    0.70   22.04   17.57    6.05   64.21  479.16  593.85   23.07  323.53   15.63
     6    0.74   22.29   17.97    5.60   66.26  493.97  592.06   22.95  338.55   16.85
     7    0.78   22.52   18.07    5.39   67.25  507.36  598.48   23.69  343.67   17.67
     8    0.87   22.98   18.39    5.52   67.16  522.86  618.24   24.35  355.64   17.84
     9    0.89   23.05   18.81    5.05   69.11  533.24  613.20   23.93  372.46   19.32
    10    0.80   23.43   18.45    5.11   69.20  547.15  628.98   21.83  357.02   19.59
    11    0.83   23.64   18.79    5.07   69.60  557.86  638.18   21.07  370.31   20.06
    12    0.91   23.62   18.74    4.87   70.27  554.24  628.53   19.44  367.91   20.54
    13    0.96   23.48   18.88    5.07   69.47  549.98  630.31   16.59  373.70   19.81
    14    0.92   23.25   18.86    5.09   69.18  544.56  625.50   17.05  372.82   19.58
    15    0.99   23.13   18.88    4.68   70.68  540.64  609.25   17.74  373.77   20.71
    16    1.00   23.23   18.76    4.43   71.65  537.53  598.94   15.62  368.95   21.52
    17    0.88   23.04   18.55    4.60   70.89  531.15  597.24   13.23  360.58   20.69
    18    0.96   23.05   18.60    4.46   71.48  529.98  592.13   13.94  363.28   21.15
    19    0.90   23.47   19.04    4.38   72.06  552.24  612.31   16.53  381.85   22.24
    20    0.97   23.44   19.02    4.42   71.88  552.54  613.65   16.15  380.73   22.10
    21    0.91   23.25   19.29    4.25   72.28  544.05  600.53   16.13  392.56   22.49
    22    1.00   23.47   19.15    4.22   72.56  552.17  607.72   16.44  387.96   22.95
    23    1.05   23.51   18.91    4.30   72.52  553.76  611.58   15.55  377.15   22.64
    24    0.97   23.73   19.37    4.36   72.40  566.45  625.75   17.63  396.92   22.87
    25    1.02   23.74   19.37    4.17   72.93  565.67  620.01   14.93  395.44   23.67
    26    1.02   23.31   19.24    4.03   73.40  554.99  605.72   14.88  391.20   23.93
    27    1.02   23.33   19.35    3.92   73.87  551.98  599.95   14.08  395.00   24.37
    28    1.08   23.30   19.53    4.12   73.00  552.20  605.19   12.08  402.73   23.40
    29    1.00   23.40   19.60    4.27   72.37  560.55  617.41   13.91  405.48   23.05
    30    1.07   23.27   19.65    4.13   72.82  552.83  606.08   12.96  406.21   23.37
    31    0.99   23.03   20.10    4.09   72.75  543.06  595.38   15.78  424.61   23.17
    32    1.04   23.19   19.93    4.07   73.06  548.99  600.85   14.28  417.87   23.48
    33    1.04   23.30   19.96    3.75   74.45  546.29  590.17   14.32  419.24   25.06
    34    0.99   23.47   19.76    3.75   74.44  547.61  591.51   11.86  409.99   25.11
    35    1.00   23.58   19.64    3.62   74.95  552.27  593.15   12.42  405.18   26.09
    36    1.03   23.52   19.72    3.56   75.30  557.18  596.71   11.14  409.33   26.68
    37    0.91   23.39   19.91    3.54   75.49  549.71  588.79   13.23  418.61   26.48
    38    0.99   23.51   20.03    3.26   76.53  557.92  591.04   12.61  422.64   28.86
    39    1.01   23.47   19.96    3.49   75.33  554.72  592.69   12.04  419.55   27.04
    40    0.97   23.64   20.11    3.47   75.68  557.94  595.49   11.95  426.68   27.32
    41    1.01   23.77   20.07    3.37   76.17  565.11  600.52   13.62  426.05   28.36
    42    1.06   23.98   20.15    3.60   75.51  572.22  612.55   11.63  428.45   27.12
    43    0.95   24.08   20.19    3.37   76.32  580.04  615.39   14.18  429.62   29.09
    44    0.90   24.04   19.86    3.48   75.58  576.00  613.66   13.19  416.73   28.11
    45    1.01   23.99   19.62    3.32   76.55  570.84  605.07   12.99  407.33   29.06
    46    0.98   24.35   19.93    3.48   76.08  593.17  630.89   10.73  420.12   28.87
    47    1.01   24.45   20.06    3.39   76.50  595.49  631.19   11.57  425.99   29.68
    48    1.02   24.19   20.05    3.64   75.35  580.47  621.75   11.74  423.48   27.21
    49    1.01   24.39   20.17    3.57   75.67  583.58  623.31   13.45  428.61   27.80
    50    1.03   24.45   20.05    3.31   76.73  585.60  619.64   12.94  425.57   29.84
    51    0.96   24.78   20.14    3.60   75.68  599.33  639.67   15.74  427.89   28.31
    52    0.99   24.95   19.96    3.63   75.64  609.39  650.47   14.01  420.24   28.53
    53    1.00   24.89   19.91    3.84   74.87  611.48  657.46   11.53  419.37   27.27
    54    0.88   24.58   20.00    3.74   75.02  603.45  647.05   16.44  422.90   27.55
    55    0.86   24.52   20.27    3.67   75.36  602.39  644.32   16.18  434.58   27.98
    56    0.90   24.81   20.17    3.36   76.59  613.66  648.87   13.91  431.24   30.72
    57    0.90   24.53   20.51    3.36   76.39  599.63  634.75   16.01  446.37   30.09
    58    0.86   24.35   20.81    3.14   77.27  598.39  629.02   15.45  459.35   31.91
    59    0.88   24.30   20.64    3.14   77.23  596.95  627.64   15.53  451.01   31.81
    60    0.88   24.46   20.47    3.03   77.63  594.11  622.63   14.53  443.98   32.72
    61    0.87   24.75   20.83    3.12   77.44  618.58  648.74   15.12  461.31   33.16
    62    0.84   24.50   20.51    3.37   76.40  608.26  643.66   12.20  446.30   30.39
    63    0.99   24.79   20.86    3.55   75.84  620.89  660.07   12.83  461.83   29.63
    64    1.03   24.63   20.91    3.72   75.05  617.03  660.29   11.32  462.18   28.23
    65    1.01   24.43   20.79    3.41   76.38  607.65  643.80   13.59  456.52   30.08
    66    0.93   24.31   20.82    3.41   76.22  600.43  636.67   13.66  457.26   29.72
    67    0.97   24.20   20.87    3.68   75.21  593.71  635.88   12.86  461.24   27.53
    68    1.02   23.75   20.96    3.72   74.73  578.76  622.01   11.20  464.94   26.60
    69    1.10   24.09   20.73    3.48   75.86  595.68  633.38   10.26  455.98   28.99
    70    1.17   23.99   21.00    3.42   76.13  591.38  627.73    8.75  469.39   29.26
    71    1.18   24.67   20.89    3.32   76.73  613.25  647.45    8.13  462.56   31.10
    72    1.24   24.37   21.07    3.31   76.57  601.83  635.97    8.77  470.18   30.58
    73    1.10   24.60   20.51    3.63   75.39  610.06  651.04   10.63  446.61   28.59
    74    1.06   24.73   21.00    3.45   76.29  619.48  656.53    9.72  468.87   30.31
    75    1.15   24.37   20.85    3.45   76.05  607.80  644.96   10.59  459.38   29.73
    76    1.14   24.29   20.29    3.39   76.40  602.58  638.47   11.46  434.51   29.95
    77    1.10   24.16   20.35    3.42   76.09  598.19  634.60   14.68  437.20   29.55
    78    1.10   24.23   20.66    3.30   76.30  606.65  640.53   12.65  451.80   30.91
    79    1.19   24.59   20.71    3.26   76.59  616.39  649.44   14.21  454.85   31.73
    80    1.09   24.41   20.50    3.39   76.13  602.64  638.48   13.67  444.11   29.97
    81    1.09   24.61   20.85    3.21   76.87  610.19  642.32   13.90  457.44   31.82
    82    1.23   24.15   20.87    3.25   76.50  597.58  630.48   13.26  458.65   30.87
    83    1.16   23.97   20.65    3.29   76.11  586.28  620.04   13.80  449.91   29.98
    84    1.22   24.14   20.68    3.39   76.06  600.92  636.79   12.95  451.94   29.87
    85    1.17   24.40   20.80    3.25   76.60  608.12  640.90   13.57  457.13   31.43
    86    1.17   24.45   21.15    3.21   76.95  610.26  642.26   12.96  473.40   31.88
    87    1.15   24.52   21.11    3.16   77.09  614.74  645.85   11.60  473.09   32.51
    88    1.19   24.61   21.18    3.15   77.24  613.33  644.17   12.09  473.26   32.57
    89    1.20   24.44   20.98    2.90   78.31  605.91  631.97   12.00  466.59   34.73
    90    1.21   24.66   20.93    3.43   76.05  614.44  651.12   12.12  464.81   30.21
    91    1.16   24.81   21.19    3.06   77.59  622.84  651.93   13.06  475.21   33.92
    92    1.14   25.05   20.89    3.12   77.50  635.13  665.30   11.92  463.64   34.00
    93    1.07   25.27   21.42    2.96   78.17  637.44  664.60   11.53  487.20   35.77
    94    1.18   25.49   21.26    3.16   77.48  649.53  680.58   10.32  480.03   34.28
    95    1.29   25.42   21.12    2.99   78.14  644.31  672.03   11.45  473.74   35.80
    96    1.13   25.56   21.04    2.98   78.16  651.28  678.82   13.20  468.53   36.28
    97    1.20   26.07   20.92    2.83   78.97  669.68  694.42   13.51  463.89   39.13
    98    1.11   25.89   20.71    3.01   78.23  664.72  692.87   13.73  454.40   36.63
    99    1.05   25.94   20.82    3.05   78.05  667.25  696.15   14.54  459.47   36.33
   100    1.05   26.24   20.80    2.95   78.63  682.62  709.61   14.13  458.69   38.29
   101    1.10   26.34   20.85    3.05   78.06  693.04  721.87   14.53  461.74   37.70
   102    1.20   26.42   20.77    3.06   78.01  689.30  718.33   12.58  458.88   37.39
   103    1.16   26.65   20.89    3.08   78.12  698.93  728.29   15.06  464.04   37.70
   104    1.18   26.91   20.61    3.02   78.44  703.31  731.50   13.68  451.38   38.63
   105    1.09   26.75   20.74    2.96   78.51  690.51  717.67   12.32  456.75   38.61
   106    1.13   26.79   20.93    3.13   77.88  704.83  735.32   14.00  466.51   37.35
   107    1.14   26.85   20.99    2.98   78.51  706.65  734.26   12.93  467.08   39.17
   108    1.03   27.05   20.85    3.00   78.62  709.42  737.25   13.44  462.48   39.18
   109    1.12   27.01   20.57    3.12   78.16  705.58  735.77   15.79  447.03   37.56
   110    1.10   27.25   20.30    3.22   77.82  708.82  740.96   15.36  436.72   36.67
   111    1.11   27.09   20.77    3.13   78.21  707.24  737.68   14.27  456.69   37.50
   112    1.09   26.92   20.96    3.31   77.50  700.28  734.35   14.18  464.94   35.32
   113    1.13   27.02   21.11    3.24   77.74  705.40  738.05   13.18  471.28   36.25
   114    1.16   27.04   20.74    3.28   77.47  705.42  738.85   14.58  454.47   35.86
   115    1.13   27.05   21.08    3.23   77.79  708.01  740.34   12.55  469.07   36.53
   116    1.17   27.13   21.07    3.31   77.46  706.30  740.39   14.17  469.56   35.60
   117    1.12   27.13   21.03    3.26   77.61  705.39  738.35   14.42  467.64   36.09
   118    1.09   27.17   21.21    3.31   77.55  702.09  736.21   13.35  475.48   35.38
   119    1.13   26.99   21.18    3.19   78.12  697.20  728.77   14.69  473.78   36.40
   120    1.12   26.68   21.40    2.73   79.60  679.59  702.72   13.23  483.50   40.92
   121    1.23   26.60   21.26    2.96   78.86  680.79  707.99   12.27  476.75   38.06
   122    1.18   26.74   21.57    3.15   78.05  690.13  720.86   13.15  491.74   36.49
   123    1.08   26.94   21.28    3.16   78.09  698.44  729.49   15.36  479.51   36.73
   124    1.10   26.95   21.04    3.14   78.35  701.46  732.15   12.47  470.19   37.08
   125    1.18   26.96   20.81    3.49   77.14  702.03  739.91   11.18  459.29   33.76
   126    1.17   26.94   20.61    3.55   76.85  699.73  738.97   11.84  452.76   33.14
   127    1.15   27.18   20.35    3.42   77.24  713.96  750.25   11.68  439.21   34.97
   128    1.18   27.33   20.40    3.51   76.91  716.63  754.98   11.55  439.79   34.24
   129    1.11   27.09   20.57    3.05   78.56  709.70  738.52   10.26  449.15   38.58
   130    1.10   26.95   21.06    3.24   77.97  694.53  727.24    9.87  470.59   35.69
   131    1.19   26.82   20.94    3.17   78.15  696.07  727.28   10.00  463.23   36.52
   132    1.14   26.51   20.89    3.50   76.74  685.76  723.92   10.52  462.21   32.92
   133    1.10   26.54   20.78    3.51   76.71  685.02  723.29    9.95  456.17   32.84
   134    1.16   26.53   20.90    3.29   77.51  681.96  715.52    9.84  463.40   34.67
   135    1.18   26.33   20.96    3.25   77.48  673.74  706.54    9.99  465.05   34.63
   136    1.18   26.22   21.19    3.02   78.20  669.74  697.99   11.01  475.81   36.83
   137    1.15   26.50   21.54    3.35   77.11  687.42  722.25   11.59  491.06   34.36
   138    1.21   26.36   21.51    3.09   78.11  680.85  710.57    9.95  489.73   36.56
   139    1.28   26.32   21.45    3.30   77.54  683.26  717.11    8.68  486.17   34.60
   140    1.30   26.41   21.34    3.27   77.73  684.75  718.00   10.39  481.45   34.95
   141    1.21   26.05   21.19    3.18   77.90  669.82  701.16   10.46  474.82   35.15
   142    1.11   26.38   21.10    3.42   77.42  683.40  719.73   11.81  470.43   33.53
   143    1.09   26.21   21.33    3.26   77.69  675.65  708.59   11.36  481.21   34.66
   144    1.17   26.39   21.42    3.21   77.83  684.56  716.65   10.10  485.36   35.51
   145    1.13   26.66   21.21    3.31   77.66  702.50  736.46   11.53  476.81   35.48
   146    1.14   26.35   21.62    3.13   78.43  686.84  717.31   12.18  494.98   36.46
   147    1.18   26.78   21.39    3.17   78.17  704.80  735.98   10.74  485.33   36.98
   148    1.14   26.61   21.36    3.00   78.52  685.77  713.71   12.21  484.24   37.87
   149    1.19   26.24   21.49    3.23   77.69  668.75  701.24   12.71  490.85   34.53
   150    1.07   26.01   21.49    2.90   78.87  664.12  690.26   13.07  490.69   37.85
   151    1.22   26.28   21.53    2.97   78.60  673.15  700.53   11.89  493.26   37.54
   152    1.17   25.94   21.52    3.26   77.44  665.72  698.78   11.96  495.03   34.12
   153    1.20   25.53   21.63    3.12   77.91  653.98  684.26   12.86  501.66   34.90
   154    1.18   25.72   21.84    3.07   78.10  666.44  695.72   11.21  511.31   36.07
   155    1.21   25.80   21.56    3.10   78.17  667.69  697.53   12.26  498.14   35.83
   156    1.15   25.98   21.55    3.05   78.21  669.95  698.84   12.19  496.87   36.47
   157    1.19   26.22   21.22    3.15   77.85  679.41  710.20   11.30  479.12   35.92
   158    1.19   25.98   21.39    3.12   77.83  667.87  698.12   11.06  487.85   35.62
   159    1.22   26.40   21.35    2.97   78.75  679.75  707.02   13.70  486.13   37.97
   160    1.27   26.47   21.40    3.11   77.92  682.54  712.50   13.42  488.95   36.52
   161    1.22   26.61   21.31    2.97   78.66  687.45  714.74   11.50  486.13   38.36
   162    1.28   26.65   21.45    2.73   79.44  679.78  702.87   12.94  491.53   40.96
   163    1.35   26.82   21.75    2.95   78.57  692.44  719.42   10.40  505.44   38.83
   164    1.33   26.98   21.27    3.12   78.12  704.60  734.72   10.97  484.40   37.55
   165    1.29   26.69   21.65    3.18   77.88  697.64  729.07   13.67  502.74   36.49
   166    1.28   26.71   21.53    3.24   77.59  698.75  731.37   11.54  497.52   35.94
   167    1.25   26.90   22.02    2.91   78.85  702.63  728.80   10.23  519.02   39.92
   168    1.33   26.77   22.02    2.99   78.77  708.99  736.66    9.95  519.01   39.27
   169    1.24   26.87   21.93    3.09   78.43  710.13  739.69    9.69  516.51   38.15
   170    1.30   27.22   21.83    2.82   79.47  729.45  754.04    8.49  511.95   42.58
   171    1.33   26.42   22.11    3.15   78.24  693.88  724.61   10.64  525.08   36.67
   172    1.30   26.48   22.06    3.24   77.80  698.91  731.57   11.67  523.48   35.93
   173    1.35   26.52   22.29    3.20   78.08  704.46  736.17   10.86  537.22   36.68
   174    1.26   26.57   22.19    2.90   79.13  705.76  731.77   10.37  529.82   40.21
   175    1.26   26.50   22.24    3.10   78.35  713.99  743.86    9.83  534.39   38.18
   176    1.25   25.92   22.54    2.96   78.53  686.73  713.83   10.10  548.23   38.44
   177    1.22   25.67   22.25    3.13   78.04  670.95  701.35   10.36  532.17   35.69
   178    1.25   25.68   22.46    2.99   78.62  676.11  703.76   10.09  546.05   37.53
   179    1.24   25.72   22.54    2.83   79.07  683.53  708.35   10.97  551.88   39.84
   180    1.24   26.22   22.41    2.81   79.39  704.71  729.09   10.84  546.27   41.36
   181    1.15   26.31   22.25    2.84   79.18  709.13  734.11   11.85  537.37   41.15
   182    1.34   26.10   22.19    2.89   78.93  701.77  727.66   14.05  534.80   40.08
   183    1.18   26.27   22.15    2.80   79.51  711.77  735.95   13.05  533.06   41.92
   184    1.22   26.00   21.98    2.83   79.37  690.42  715.31   13.04  520.73   40.18
   185    1.18   26.25   22.17    2.84   79.12  699.82  724.76   13.25  529.63   40.66
   186    1.16   26.14   21.91    2.88   78.62  692.91  718.68   13.98  521.38   39.67
   187    1.23   26.02   22.02    2.80   79.02  702.95  727.20   13.94  525.88   41.37
   188    1.23   26.13   22.05    2.55   80.00  700.30  720.32   13.20  525.86   45.03
   189    1.20   25.95   22.35    2.25   81.22  696.86  712.40   13.59  538.47   50.43
   190    1.20   26.09   22.70    2.31   81.13  700.93  717.27   14.90  554.64   49.53
   191    1.29   26.20   22.07    2.38   80.72  700.37  717.83   12.04  523.63   48.00
   192    1.31   26.03   22.31    2.66   79.82  695.99  717.79   12.68  533.87   43.03
   193    1.26   25.94   22.50    2.45   80.54  690.69  709.22   13.63  547.37   46.06
   194    1.31   26.17   22.24    2.60   80.33  698.22  719.02   10.88  534.87   44.11
   195    1.33   26.15   22.38    2.37   80.97  690.08  707.34   11.91  542.81   47.57
   196    1.38   25.98   22.11    2.60   79.91  687.40  708.34   12.60  528.34   43.32
   197    1.33   26.04   22.12    2.44   80.68  684.89  703.28   12.35  530.29   45.85
   198    1.31   26.38   22.13    2.44   80.66  707.59  725.89   13.76  532.88   47.41
   199    1.33   26.33   21.70    2.69   79.55  697.40  719.83   12.00  511.17   42.55
   200    1.38   26.26   21.60    2.74   79.43  693.17  716.43    9.56  502.95   41.60
   201    1.37   26.55   21.88    2.69   79.93  707.00  729.43    8.93  514.34   43.12
   202    1.39   26.22   22.09    2.87   78.87  695.21  720.74   10.11  526.17   39.98
   203    1.34   26.32   22.06    2.75   79.47  697.01  720.42    8.34  525.34   41.70
   204    1.28   25.94   22.07    2.52   80.27  689.43  709.02   11.29  527.16   44.81
   205    1.36   26.05   21.90    2.51   79.96  696.29  715.78    9.66  517.48   45.34
   206    1.38   26.16   21.65    2.69   79.57  705.28  727.63    8.28  503.80   43.08
   207    1.37   26.39   21.72    2.70   79.86  719.28  741.78    7.98  508.21   43.77
   208    1.32   25.96   21.68    2.46   80.56  697.56  716.16    9.82  505.33   46.42
   209    1.42   25.67   21.66    2.37   80.65  683.97  701.27    8.07  506.09   47.11
   210    1.34   25.86   21.50    2.29   80.95  688.71  704.86    9.10  501.01   48.97
   211    1.35   25.66   21.74    2.65   79.73  682.51  704.26    7.59  511.57   42.27
   212    1.34   25.74   22.14    2.45   80.43  685.22  703.79    7.52  534.13   45.66
   213    1.32   25.89   22.01    2.58   79.91  689.06  709.54    9.12  522.57   43.86
   214    1.36   25.50   22.11    2.58   79.62  670.49  691.02    8.75  528.53   42.68
   215    1.26   25.65   22.25    2.40   80.17  680.44  698.22    9.29  542.55   46.27
   216    1.27   25.73   22.06    2.60   79.43  677.81  698.68    8.93  528.57   42.80
   217    1.42   25.79   22.42    2.34   80.32  683.55  700.36    9.36  548.73   47.70
   218    1.47   25.63   22.43    2.39   79.92  673.74  691.31    7.92  545.34   46.09
   219    1.35   25.69   22.41    2.36   80.14  672.17  689.38    8.74  545.06   46.43
   220    1.35   25.59   22.31    2.49   79.79  668.51  687.71   10.51  543.98   43.89
   221    1.29   25.21   22.32    2.06   80.96  652.70  665.69    9.21  540.53   51.46
   222    1.23   25.25   22.16    2.40   79.94  654.98  672.77   10.29  535.49   44.58
   223    1.31   24.81   22.22    2.66   78.44  625.06  646.99   10.12  540.22   38.70
   224    1.44   24.99   22.14    2.32   79.93  638.00  654.60    9.62  539.14   44.90
   225    1.36   24.78   21.90    2.86   78.10  634.14  659.52    8.26  527.15   36.71
   226    1.34   24.96   21.97    2.49   79.84  641.93  661.10    8.23  529.59   42.25
   227    1.33   25.19   22.02    2.60   79.15  649.99  670.92   10.18  529.92   41.06
   228    1.33   25.10   22.01    2.64   79.08  641.91  663.46    8.51  527.35   40.02
   229    1.24   25.21   21.93    2.60   79.24  646.66  667.49    9.66  521.15   40.94
   230    1.32   25.17   21.87    2.44   79.85  641.78  660.20    9.95  515.50   43.02
   231    1.34   24.79   22.03    2.44   79.50  627.52  645.86   10.04  522.84   42.19
   232    1.44   25.18   22.44    2.21   80.66  649.23  664.17    8.38  548.00   47.95
   233    1.31   24.90   22.48    2.52   79.41  642.77  662.42    9.08  547.75   41.82
   234    1.27   24.76   22.24    2.41   79.44  629.70  647.61    9.28  535.33   42.79
   235    1.37   25.14   22.36    2.36   79.87  643.39  660.49   11.04  539.05   44.64
   236    1.41   24.71   22.43    2.34   79.77  637.11  653.98    9.02  544.66   44.51
   237    1.36   25.16   22.26    2.32   80.18  654.38  670.94    8.61  535.94   46.06
   238    1.39   24.82   22.73    2.21   80.43  639.52  654.51    9.33  557.88   47.20
   239    1.39   24.77   22.38    2.23   80.21  633.70  649.03    9.24  540.41   46.29
   240    1.45   24.97   22.35    2.42   79.73  643.20  661.31   10.94  536.94   43.46
   241    1.57   25.19   22.59    2.25   80.72  660.25  675.82   10.33  552.14   47.82
   242    1.31   25.54   22.35    2.19   80.95  668.65  683.44    9.34  538.67   49.59
   243    1.41   25.69   21.97    2.42   80.20  678.03  696.06    9.63  520.76   45.83
   244    1.39   25.78   22.07    2.42   80.20  678.63  696.63    8.64  526.64   45.90
   245    1.42   25.85   22.16    2.00   81.67  682.65  694.83   10.19  530.62   55.39
   246    1.42   25.53   22.38    2.57   79.74  673.40  693.83    9.33  542.84   42.96
   247    1.33   25.64   21.91    2.61   79.40  678.65  699.77   10.05  519.46   42.62
   248    1.32   25.70   22.39    2.45   80.30  688.98  707.49   10.76  544.77   45.97
   249    1.45   25.80   22.23    2.66   79.40  692.28  714.09    9.83  537.04   42.80
   250    1.54   25.73   22.08    2.49   80.15  683.94  703.01    8.11  528.74   45.02
   251    1.54   25.48   22.31    2.48   80.11  685.79  704.82    8.05  540.25   45.18
   252    1.50   25.54   22.50    2.32   80.49  688.26  704.87    9.19  552.00   48.29
   253    1.56   25.51   21.96    2.11   81.38  689.56  703.15    9.57  528.09   53.14
   254    1.51   25.31   22.56    2.13   81.20  682.85  696.73    9.86  555.54   52.11
   255    1.48   25.29   22.50    2.07   81.26  673.86  687.03    8.41  552.21   52.73
   256    1.59   25.39   22.60    2.24   80.67  679.13  694.56    9.57  558.45   49.35
   257    1.41   25.26   22.47    2.34   80.00  674.21  691.02    8.73  550.48   47.08
   258    1.53   24.85   22.74    2.14   80.77  663.30  677.34   10.43  563.80   50.40
   259    1.36   24.93   22.75    1.89   81.75  662.91  673.82   10.12  563.55   56.68
   260    1.35   25.09   22.79    1.74   82.44  654.08  663.25   11.21  561.66   60.74
   261    1.39   25.02   22.63    1.97   81.74  654.54  666.44   10.13  552.20   53.77
   262    1.37   24.94   22.53    2.05   81.33  645.86  658.71   10.58  548.17   51.19
   263    1.36   24.73   22.45    2.14   81.41  644.60  658.64   11.70  542.48   49.03
   264    1.39   24.76   22.55    2.04   81.63  650.06  662.83   10.61  548.49   51.67
   265    1.31   24.62   22.62    1.90   81.79  648.64  659.67   11.24  553.97   55.21
   266    1.39   24.86   22.47    2.17   80.81  653.91  668.43   11.87  545.80   48.95
   267    1.36   25.04   22.69    2.36   80.44  656.95  674.05   10.48  555.86   45.56
   268    1.36   25.12   22.62    2.29   80.65  663.16  679.34   10.77  551.45   47.17
   269    1.32   25.10   22.84    2.10   81.41  661.79  675.27   12.60  561.63   51.27
   270    1.34   25.26   22.63    2.40   80.22  661.79  679.58   11.22  550.74   45.04
   271    1.38   25.40   22.65    2.52   79.89  666.63  686.16   11.39  553.67   43.44
   272    1.40   25.08   22.68    2.19   81.12  647.79  662.58   11.28  552.79   48.08
   273    1.42   24.91   22.93    2.34   80.63  654.16  671.00   13.06  564.60   45.69
   274    1.38   25.26   22.94    2.33   80.41  661.77  678.44   14.08  564.36   46.42
   275    1.35   25.13   22.92    2.29   80.56  659.41  675.55   12.35  565.57   46.97
   276    1.39   24.84   23.00    2.04   81.37  641.06  653.77   12.21  568.29   51.09
   277    1.38   24.74   22.87    2.44   79.84  635.12  653.45   13.06  562.64   42.70
   278    1.36   25.10   22.62    2.37   80.48  644.81  662.09   11.74  549.85   44.53
   279    1.38   25.04   22.77    2.32   80.48  646.23  662.88   13.00  558.73   45.40
   280    1.44   25.09   22.80    2.39   80.17  650.08  667.69   10.25  558.93   44.49
   281    1.44   24.93   22.74    2.58   79.85  644.31  664.89   10.73  554.81   41.03
   282    1.47   25.06   23.06    2.44   80.10  651.37  669.77   10.85  569.95   43.66
   283    1.42   25.08   23.41    2.18   81.10  654.96  669.54   10.25  587.21   48.92
   284    1.41   25.04   23.38    2.32   80.66  662.10  678.69    9.62  587.31   46.54
   285    1.32   24.92   23.31    2.62   79.50  653.35  674.63   10.97  581.43   40.95
   286    1.49   25.39   23.07    2.36   80.51  676.95  694.14   10.07  575.55   46.77
   287    1.38   25.25   23.20    2.38   80.32  671.27  688.79   10.91  581.03   45.99
   288    1.48   24.91   23.28    2.15   81.20  659.04  673.15   10.57  583.77   49.97
   289    1.43   24.80   23.19    1.86   82.77  656.23  666.74   12.77  579.16   57.13
   290    1.46   24.78   23.31    2.04   81.75  652.76  665.49   12.80  584.47   51.96
   291    1.45   24.64   23.21    2.33   80.51  652.91  669.60   13.47  577.96   45.79
   292    1.51   24.89   23.09    2.70   79.40  654.49  677.06   13.36  572.18   39.92
   293    1.49   24.50   23.13    2.68   79.42  644.43  666.59   12.57  575.51   39.67
   294    1.46   24.98   23.13    2.38   80.47  666.49  684.01   11.94  575.84   45.67
   295    1.44   25.14   23.43    2.25   81.29  668.00  683.54   13.36  589.04   48.40
   296    1.45   24.68   23.27    2.47   80.14  651.23  670.07   11.83  577.41   43.19
   297    1.43   24.65   23.13    2.55   79.79  646.82  666.87   12.63  571.75   41.69
   298    1.52   24.91   23.21    2.55   79.98  650.34  670.39   11.02  575.73   41.89
   299    1.53   24.61   23.03    2.61   79.67  644.57  665.69   12.24  564.80   40.56
   300    1.50   24.07   23.45    2.38   80.20  625.26  642.71   11.48  587.61   43.03
   301    1.55   24.03   23.12    2.49   79.65  614.23  633.46   10.61  567.67   40.43
   302    1.55   24.20   23.22    2.36   80.58  629.50  646.70    9.72  576.42   43.60
   303    1.52   24.02   23.14    2.40   80.21  616.40  634.10   11.17  572.22   42.16
   304    1.50   24.37   23.07    2.33   80.56  635.17  651.90    9.31  569.61   44.54
   305    1.48   24.21   23.33    2.42   80.50  631.03  649.03   12.48  580.70   42.78
   306    1.57   24.17   23.45    2.47   80.21  629.65  648.53    9.36  587.39   41.77
   307    1.48   24.53   23.50    2.37   80.37  645.53  662.91   11.34  589.90   44.46
   308    1.51   24.95   23.82    2.31   80.76  658.74  675.10    9.89  604.40   46.62
   309    1.45   24.41   23.65    2.50   79.73  628.26  647.55   10.36  592.83   41.26
   310    1.55   24.78   23.78    2.39   80.59  647.67  665.30   10.46  600.67   44.30
   311    1.54   24.76   23.77    2.39   80.78  651.26  668.93   10.79  598.70   44.49
   312    1.41   24.66   23.89    2.33   80.72  647.67  664.36   12.02  605.24   45.43
   313    1.40   24.97   23.64    2.39   80.58  650.98  668.63    9.38  594.91   44.50
   314    1.48   24.86   23.46    2.47   80.56  646.97  665.74    8.53  583.79   42.99
   315    1.50   24.84   23.06    2.47   80.56  639.91  658.71   10.00  562.54   42.50
   316    1.47   25.02   22.87    2.76   79.30  644.81  668.45    8.79  552.21   38.53
   317    1.47   25.35   23.00    2.77   79.56  655.00  678.76   10.62  558.96   39.02
   318    1.51   25.12   22.98    2.62   79.92  641.27  662.53    8.86  559.91   40.24
   319    1.46   24.96   23.32    2.42   80.63  635.42  653.51    7.96  575.18   42.97
   320    1.43   24.86   22.92    2.37   80.66  633.20  650.44    8.40  555.49   43.79
   321    1.41   24.80   22.95    2.27   80.80  631.26  647.15    8.32  556.47   45.36
   322    1.44   24.89   23.08    2.37   80.43  640.39  657.65    9.13  561.78   44.25
   323    1.50   24.97   22.99    2.35   80.67  651.31  668.27    8.69  558.82   45.35
   324    1.38   24.37   23.13    2.39   80.50  629.50  647.14    9.71  566.10   43.08
   325    1.45   24.39   23.22    2.22   81.23  632.87  647.97    9.44  571.24   46.56
   326    1.44   24.72   23.03    1.93   82.59  638.90  650.30    7.72  560.32   53.59
   327    1.38   24.67   23.06    2.26   81.11  638.86  654.53    8.21  561.07   46.19
   328    1.41   24.41   23.01    2.22   81.27  628.05  643.24    9.05  558.63   46.09
   329    1.38   24.25   22.95    2.39   80.60  631.15  648.80    9.66  556.33   43.18
   330    1.34   24.42   22.73    2.64   79.64  632.12  653.75    9.83  545.31   39.37
   331    1.38   24.58   22.61    2.41   80.41  637.67  655.52    9.34  539.53   43.38
   332    1.36   24.61   22.52    2.32   80.89  643.81  660.38   11.56  534.92   45.33
   333    1.39   24.59   22.72    2.31   80.82  630.98  647.45   11.51  544.87   44.59
   334    1.36   24.52   22.76    2.23   81.29  634.30  649.61   11.47  546.85   46.36
   335    1.35   24.89   22.67    2.44   80.58  650.53  668.93    7.77  543.02   43.62
   336    1.44   24.68   22.86    2.41   80.63  641.05  658.96   10.20  551.22   43.55
   337    1.36   24.40   23.06    2.33   81.03  630.82  647.50    8.22  560.52   44.31
   338    1.33   24.78   23.00    2.19   81.68  648.56  663.31   10.33  558.47   48.20
   339    1.43   24.54   23.26    1.98   82.17  629.77  641.71    8.58  572.29   51.71
   340    1.45   24.23   23.11    2.12   81.48  621.04  634.87    8.17  563.95   47.64
   341    1.42   24.30   23.10    2.31   80.80  624.03  640.46    8.94  563.41   44.16
   342    1.46   24.86   22.95    2.21   81.45  641.13  656.09    9.39  554.54   47.35
   343    1.39   24.96   22.55    2.26   81.13  650.99  666.71    9.64  537.05   46.97
   344    1.38   25.05   22.76    2.03   82.10  652.35  665.02    8.87  546.80   52.05
   345    1.53   24.48   22.72    2.55   80.08  623.20  643.34    9.26  543.44   40.14
   346    1.40   24.35   22.54    2.37   80.52  620.76  638.12    9.98  535.42   42.83
   347    1.49   24.29   22.38    2.42   80.14  611.26  629.27   10.11  527.48   41.49
   348    1.52   24.24   22.30    2.59   79.62  614.51  635.21    7.71  524.18   39.10
   349    1.43   24.02   22.60    2.39   80.35  604.08  621.78   10.20  537.86   41.35
   350    1.26   24.06   22.59    2.66   79.15  599.20  621.07   10.81  537.28   37.21
   351    1.42   23.92   22.47    2.54   79.78  597.48  617.45    9.84  531.63   38.69
   352    1.45   23.72   22.26    2.48   79.74  589.84  608.93   11.00  521.93   39.03
   353    1.36   23.84   22.04    2.42   80.16  596.01  614.07   11.67  511.72   40.44
   354    1.45   23.96   22.44    2.21   81.05  602.49  617.49   10.28  529.74   44.53
   355    1.41   23.86   22.31    2.38   80.34  595.37  612.80    9.72  524.22   41.06
   356    1.44   24.17   22.38    2.44   80.31  613.78  632.21    8.20  526.90   41.21
   357    1.47   24.39   22.40    2.34   80.91  622.80  639.70    9.62  528.90   43.50
   358    1.43   24.48   22.56    2.07   81.73  621.78  634.86   10.49  536.56   48.94
   359    1.42   24.41   22.58    1.81   82.89  616.99  626.99   10.83  538.12   55.07
   360    1.39   24.38   22.63    2.08   81.72  610.68  623.89   12.54  539.71   47.88
   361    1.50   24.37   22.41    2.15   81.51  613.55  627.78    8.82  530.71   46.46
   362    1.48   24.34   22.67    2.16   81.43  609.64  623.98    9.52  542.20   46.01
   363    1.58   24.21   23.14    1.91   82.40  613.52  624.64    9.55  565.10   52.13
   364    1.57   24.14   22.53    2.25   80.92  608.27  623.88    8.49  536.63   44.12
   365    1.42   24.26   22.59    2.11   81.70  608.55  622.22    9.74  538.26   46.96
   366    1.51   24.04   22.55    2.27   81.11  602.85  618.71   10.58  536.79   43.42
   367    1.46   24.28   22.64    2.18   81.37  621.36  635.93    8.58  543.46   46.51
   368    1.61   24.17   22.81    2.25   81.59  616.09  631.64    8.52  553.34   44.75
   369    1.59   24.33   22.81    2.12   81.97  621.24  635.01    7.56  555.18   47.75
   370    1.57   24.52   22.69    2.30   81.30  629.39  645.73    8.37  547.22   44.64
   371    1.58   24.70   22.88    2.21   81.75  637.84  652.82    8.39  554.74   47.09
   372    1.52   24.54   22.69    2.35   81.09  639.03  656.11    7.70  546.98   44.38
   373    1.45   24.58   23.02    2.27   81.52  634.88  650.73    8.17  559.62   45.66
   374    1.61   24.21   23.10    2.03   82.13  620.31  632.90    7.33  564.35   49.70
   375    1.48   23.97   23.18    1.97   82.41  612.55  624.39    6.14  566.57   50.53
   376    1.51   24.01   23.12    1.95   82.66  612.96  624.65    5.85  564.65   50.90
   377    1.56   24.07   22.99    1.79   83.35  610.61  620.33    6.21  558.57   55.29
   378    1.56   23.92   23.08    1.98   82.52  602.84  614.86    7.09  566.11   49.43
   379    1.62   24.27   23.12    1.82   83.62  618.40  628.43    6.99  567.64   55.13
   380    1.52   24.22   23.17    1.68   83.84  615.43  624.01    6.90  570.09   59.04
   381    1.54   24.41   23.11    1.84   83.17  623.22  633.56    6.73  568.45   54.77
   382    1.58   24.44   23.03    1.81   83.32  625.35  635.27    6.37  565.42   56.02
   383    1.59   24.40   23.00    1.78   83.25  622.62  632.23    5.03  564.57   56.62
   384    1.54   24.67   23.07    2.01   82.67  633.49  645.87    6.85  569.25   51.14
   385    1.58   24.46   23.10    1.74   83.74  618.25  627.41    5.32  571.55   57.53
   386    1.63   24.43   22.90    1.80   83.46  623.89  633.79    6.31  559.13   55.96
   387    1.58   24.52   23.24    1.82   83.48  630.52  640.62    4.33  575.52   56.01
   388    1.74   24.51   23.22    2.00   82.81  621.45  633.68    5.23  571.75   50.47
   389    1.54   24.75   22.77    1.86   83.31  631.45  641.97    6.88  549.26   55.02
   390    1.58   24.27   22.85    2.05   82.28  606.13  618.99    6.21  553.23   48.13
   391    1.60   24.12   22.73    2.27   81.15  605.18  621.03    7.20  549.87   43.60
   392    1.64   24.40   22.66    1.80   83.29  620.83  630.67    5.51  547.92   55.83
   393    1.64   24.24   22.72    1.84   83.22  612.21  622.56    5.02  548.82   53.79
   394    1.62   24.37   22.69    1.56   84.13  612.21  619.51    6.02  547.94   63.36
   395    1.65   24.01   22.71    1.63   83.67  595.74  603.83    4.24  549.39   58.81
   396    1.56   24.25   22.72    1.91   82.62  603.18  614.34    4.60  549.91   51.19
   397    1.60   24.29   22.75    1.73   83.45  607.49  616.54    4.63  549.34   56.86
   398    1.73   24.39   22.77    1.64   83.54  609.07  617.17    3.57  551.14   60.03
   399    1.76   24.25   22.41    1.77   83.43  606.05  615.63    2.26  534.26   55.25
   400    1.68   23.82   22.73    1.98   82.35  591.99  604.04    2.97  549.13   48.49
   401    1.72   23.72   22.59    2.11   81.90  585.22  598.93    3.97  541.28   45.15
   402    1.69   23.90   22.64    2.23   81.19  590.64  606.02    3.35  544.78   43.19
   403    1.70   23.88   22.72    2.03   81.91  587.67  600.27    4.62  549.29   47.16
   404    1.78   23.56   22.91    2.21   81.16  580.42  595.49    5.17  556.22   42.87
   405    1.65   24.09   22.71    1.91   82.62  599.03  610.18    4.82  546.18   50.87
   406    1.70   24.19   22.87    1.98   82.32  608.63  620.65    5.41  554.65   49.88
   407    1.76   24.18   22.85    2.12   81.79  603.72  617.52    5.54  555.70   46.39
   408    1.74   24.73   22.82    2.20   81.62  621.48  636.39    6.33  552.47   46.02
   409    1.69   24.78   22.83    2.47   80.87  627.67  646.54    6.50  552.77   41.65
   410    1.75   24.63   23.05    2.19   81.64  623.49  638.17    4.73  563.48   46.50
   411    1.85   24.54   22.95    2.05   82.00  622.80  635.65    6.20  558.20   49.44
   412    1.73   24.56   23.16    1.76   83.13  616.18  625.56    5.18  566.59   56.71
   413    1.78   24.45   23.06    1.75   83.25  610.92  620.27    4.86  561.77   56.31
   414    1.84   24.74   22.94    1.72   83.50  631.90  640.89    3.31  557.80   59.27
   415    1.88   24.86   23.17    1.99   82.32  633.56  645.70    5.50  568.34   51.62
   416    1.82   24.85   23.01    2.24   81.50  629.88  645.34    6.65  560.88   45.83
   417    1.83   24.98   23.12    2.10   82.27  634.54  648.09    6.61  565.19   49.11
   418    1.87   24.78   22.85    2.08   82.12  628.20  641.43    5.09  552.87   49.18
   419    1.92   24.75   23.04    2.09   82.07  621.27  634.71    5.92  563.04   48.29
   420    1.89   24.72   22.98    2.20   81.46  619.70  634.53    5.83  560.48   46.01
   421    1.84   25.18   23.11    2.13   82.00  642.95  656.82    5.61  567.49   49.19
   422    1.89   25.38   22.76    2.10   82.12  648.82  662.29    6.09  549.92   50.32
   423    1.91   25.22   23.28    2.14   81.99  638.57  652.63    2.57  573.77   48.56
   424    1.84   25.50   23.17    1.97   82.63  653.54  665.36    4.41  570.34   53.86
   425    1.90   25.43   23.20    1.90   82.78  647.01  658.01    5.61  570.13   55.16
   426    1.96   25.38   23.25    1.82   83.02  654.66  664.73    4.30  571.63   58.15
   427    1.94   25.14   23.46    1.97   82.40  644.85  656.75    5.56  582.41   53.00
   428    1.85   25.30   23.51    1.87   83.00  650.50  661.18    5.64  588.11   56.23
   429    1.88   25.80   23.57    2.05   82.75  675.15  688.06    5.51  591.31   53.34
   430    1.97   25.84   23.60    2.03   82.49  668.70  681.24    5.37  593.03   53.56
   431    1.86   25.76   23.51    2.05   82.37  677.32  690.21    3.34  590.58   53.53
   432    1.89   25.65   23.68    2.00   82.30  662.01  674.24    3.59  595.79   53.66
   433    1.85   25.63   23.58    1.83   82.93  661.63  671.78    5.30  591.23   58.53
   434    1.92   25.46   23.60    1.91   82.48  653.31  664.45    4.88  592.07   55.34
   435    1.84   25.44   23.38    1.74   83.03  653.43  662.66    5.38  580.04   60.48
   436    1.91   25.54   23.55    1.72   83.41  660.00  668.95    4.51  590.97   61.93
   437    1.78   25.79   23.33    1.93   82.76  672.59  684.00    5.97  579.60   56.32
   438    1.85   25.71   23.40    2.31   81.12  659.37  675.81    5.39  582.41   46.56
   439    1.82   25.48   23.45    2.07   82.36  656.22  669.33    4.85  585.27   51.51
   440    1.87   25.87   23.50    2.19   82.11  678.49  693.14    4.49  588.68   50.51
   441    1.95   25.84   23.36    2.29   81.52  676.01  692.17    4.54  582.00   48.07
   442    1.74   25.90   23.44    1.97   82.48  676.76  688.62    6.39  587.06   55.63
   443    1.79   26.11   23.70    1.78   83.37  687.54  697.12    5.29  599.23   62.43
   444    1.69   26.21   23.25    2.11   82.14  698.46  712.08    5.43  576.24   53.75
   445    1.82   26.23   23.32    2.16   82.09  697.55  711.83    5.41  583.27   52.51
   446    1.82   26.32   23.27    2.01   82.58  702.02  714.36    6.07  578.09   56.57
   447    1.72   26.03   23.31    2.02   82.54  692.37  704.79    6.65  580.60   55.64
   448    1.74   26.41   23.27    1.80   83.33  707.04  716.83    6.90  580.54   63.50
   449    1.68   26.57   23.48    1.78   83.72  711.18  720.76    6.15  589.03   64.51
   450    1.82   26.41   23.29    1.79   83.80  705.48  715.14    7.52  580.22   63.75
   451    1.82   26.58   23.61    1.70   84.00  710.76  719.47    7.32  595.65   67.41
   452    1.84   26.14   23.32    1.71   83.78  689.39  698.26    8.47  580.82   64.92
   453    1.89   26.41   23.27    1.92   82.98  700.43  711.68    7.64  579.49   58.94
   454    1.83   25.74   23.48    1.85   83.38  673.60  683.95    7.05  591.64   59.03
   455    1.76   25.65   23.23    1.77   83.56  673.00  682.51    6.75  577.48   61.36
   456    1.81   25.79   23.47    1.70   83.77  677.03  685.80    7.09  589.67   64.11
   457    1.85   25.84   23.42    1.61   84.41  680.25  688.04    5.78  584.86   68.07
   458    1.86   26.20   23.15    1.75   83.58  693.68  702.98    4.96  571.81   63.85
   459    1.83   26.51   23.12    1.60   84.43  709.12  716.78    5.96  569.20   71.40
   460    1.81   26.59   22.79    1.82   83.65  708.34  718.33    5.97  553.97   63.02
   461    1.77   26.40   22.80    2.01   83.08  700.28  712.57    6.14  552.92   56.55
   462    1.80   26.27   22.69    2.21   82.06  698.20  713.14    6.13  548.44   51.46
   463    1.73   25.98   22.68    2.07   82.63  687.73  700.84    5.16  547.70   53.91
   464    1.85   26.08   22.81    2.02   82.52  687.16  699.57    5.00  554.97   55.25
   465    1.81   26.15   22.56    2.16   82.34  687.00  701.28    5.49  540.68   51.74
   466    1.85   26.29   22.74    1.87   83.39  693.89  704.49    4.45  548.67   60.08
   467    1.90   26.47   22.24    2.14   82.43  700.87  714.94    4.34  526.13   53.11
   468    1.89   26.82   22.33    2.20   82.00  719.01  733.90    4.72  530.77   53.02
   469    1.86   26.70   22.62    2.15   82.15  714.03  728.15    3.58  542.31   53.98
   470    1.78   26.58   22.52    2.18   82.26  716.92  731.52    5.38  539.49   53.37
   471    1.84   26.56   22.81    1.90   83.14  724.34  735.33    5.93  552.26   61.56
   472    1.72   27.03   22.69    2.18   82.29  736.90  751.39    6.44  545.94   55.01
   473    1.76   26.54   23.04    2.00   82.86  710.56  722.74    5.75  563.18   57.59
   474    1.75   26.80   22.67    1.96   83.01  720.54  732.22    6.04  543.81   59.53
   475    1.84   26.59   22.68    2.16   82.45  709.10  723.40    3.64  544.07   53.31
   476    1.79   26.56   22.55    2.16   82.41  713.94  728.17    4.10  537.23   53.79
   477    1.85   26.82   22.97    1.73   83.60  724.73  733.74    4.82  560.34   67.61
   478    1.73   26.82   22.94    1.44   85.00  723.74  729.87    4.08  558.46   80.78
   479    1.75   26.85   22.81    1.72   84.08  725.64  734.53    4.31  551.80   68.09
   480    1.83   26.79   22.68    1.60   84.45  726.12  733.79    4.32  546.18   73.05
   481    1.81   27.17   22.47    1.64   84.01  728.67  736.80    5.95  537.69   71.33
   482    1.99   26.83   22.44    1.78   83.59  718.28  727.90    4.70  535.08   65.02
   483    1.92   26.88   22.56    1.81   83.30  718.82  728.77    4.21  540.88   64.03
   484    1.79   26.56   22.81    1.85   83.25  713.80  724.17    5.30  553.77   62.38
   485    1.91   27.12   22.59    2.12   82.55  733.82  747.60    4.02  542.90   56.08
   486    1.91   27.13   22.36    1.89   83.43  738.77  749.62    4.53  531.17   63.14
   487    1.92   27.20   22.56    2.07   82.66  739.12  752.15    4.05  540.49   57.97
   488    1.87   27.06   22.49    2.10   82.68  738.99  752.43    4.29  536.55   57.11
   489    1.85   26.98   22.21    2.26   81.89  728.49  744.23    4.54  523.19   52.33
   490    1.98   27.48   22.59    2.24   82.00  750.45  765.82    4.17  540.23   54.44
   491    1.85   27.32   22.59    2.30   81.80  750.54  766.79    4.49  540.84   53.05
   492    1.87   27.33   22.75    2.29   81.96  747.87  763.90    3.94  547.80   53.21
   493    1.85   27.17   22.90    2.15   82.58  741.80  755.97    4.42  554.74   55.93
   494    1.84   27.42   22.80    2.15   82.61  756.62  770.69    4.14  550.42   57.21
   495    1.81   27.21   22.75    1.75   83.78  742.35  751.61    4.82  546.50   68.29
   496    1.87   27.08   22.77    1.62   84.31  733.03  740.87    4.56  549.06   72.96
   497    1.93   27.41   23.04    1.69   84.18  752.60  761.24    4.18  562.89   71.52
   498    1.89   27.18   22.69    1.82   83.47  740.09  750.11    5.26  545.61   65.63
   499    1.90   27.05   22.70    2.06   82.66  733.92  746.92    4.37  546.14   57.64
   500    1.91   27.18   23.09    2.01   83.14  744.06  756.38    3.61  564.69   59.89
   501    1.86   27.30   23.39    2.17   82.51  747.70  762.13    4.08  579.24   55.89
   502    1.87   27.33   22.95    2.08   83.06  751.56  764.72    4.08  556.29   58.62
   503    1.81   27.49   23.17    2.22   82.53  764.68  779.71    3.37  567.16   56.03
   504    1.98   27.30   23.36    2.24   82.19  753.58  768.95    3.82  578.04   54.68
   505    1.93   27.16   23.29    2.16   82.49  749.34  763.61    4.21  574.28   56.30
   506    1.97   27.11   23.28    2.04   82.86  745.60  758.32    4.49  575.57   59.13
   507    1.89   27.53   23.39    1.77   83.91  759.45  768.92    5.33  578.80   69.11
   508    1.85   27.72   23.46    1.83   83.62  764.83  775.01    4.87  579.49   67.28
   509    1.86   27.34   23.33    1.63   84.34  753.02  761.03    5.47  575.96   74.16
   510    1.92   27.57   23.46    1.69   84.21  757.38  765.95    4.24  580.62   72.20
   511    1.89   27.27   23.51    1.87   83.66  744.91  755.57    2.78  584.03   64.19
   512    1.95   27.31   23.83    1.95   83.39  756.42  767.98    2.97  600.93   62.72
   513    2.03   26.97   23.70    2.04   82.77  738.35  751.06    2.34  591.83   58.59
   514    1.91   26.67   23.56    2.14   82.48  723.09  737.12    3.85  585.45   54.82
   515    1.97   27.10   23.60    2.21   82.31  739.23  754.19    2.78  588.22   54.34
   516    1.96   26.65   23.29    2.38   81.47  717.20  734.58    2.72  573.39   49.21
   517    1.85   26.80   23.63    2.18   82.39  718.94  733.52    5.02  591.48   53.55
   518    1.78   26.51   23.49    2.08   82.68  698.21  711.45    4.80  585.98   54.45
   519    1.99   26.34   23.42    2.40   81.49  694.01  711.72    3.55  579.29   47.26
   520    1.89   26.76   23.16    2.39   81.68  716.28  733.86    2.16  568.48   48.88
   521    1.91   26.67   23.19    2.22   82.24  706.31  721.41    4.24  570.74   51.77
   522    2.00   26.87   23.38    1.94   83.10  712.49  723.99    3.33  577.70   59.33
   523    1.90   26.85   23.27    1.86   83.29  704.17  714.69    3.52  570.88   61.15
   524    1.91   26.80   23.23    1.94   83.09  708.71  720.21    3.59  569.18   59.02
   525    1.94   26.63   23.12    1.87   83.26  701.55  712.15    3.49  564.70   60.71
   526    1.89   26.92   23.23    2.29   81.83  713.82  729.96    2.71  568.08   50.71
   527    1.91   26.77   22.79    2.51   80.88  709.61  729.04    3.92  545.94   46.24
   528    1.95   27.10   22.85    2.18   82.29  723.02  737.64    3.36  549.64   53.77
   529    1.87   27.28   22.94    2.15   82.56  729.55  743.70    3.53  554.28   55.07
   530    1.99   27.54   22.96    2.10   82.79  744.01  757.41    3.91  554.01   57.57
   531    2.03   27.59   22.80    1.85   83.72  750.91  761.23    3.13  547.31   65.67
   532    2.00   27.60   22.60    1.92   83.50  754.76  765.97    3.18  540.40   63.48
   533    1.99   27.79   22.65    2.30   82.18  767.75  784.00    2.85  541.48   54.24
   534    2.02   28.21   23.04    2.08   83.34  791.78  804.90    3.12  560.73   61.76
   535    1.98   28.20   22.97    2.11   83.31  793.82  807.35    3.87  558.56   61.02
   536    2.03   28.16   23.25    2.12   83.07  789.21  802.91    2.44  570.71   60.34
   537    1.89   28.24   22.91    2.24   82.69  789.89  805.28    4.25  554.45   57.18
   538    1.97   28.37   23.34    2.24   82.53  792.50  807.79    2.33  573.35   57.54
   539    1.96   28.36   23.36    2.25   82.40  784.04  799.55    4.26  574.74   56.56
   540    1.98   27.89   23.05    2.14   82.47  764.82  778.84    2.83  561.06   57.88
   541    1.93   27.17   23.04    2.09   82.87  737.49  750.82    2.71  560.23   57.24
   542    1.90   27.53   22.78    2.10   82.49  745.60  759.02    3.50  546.49   57.64
   543    1.99   27.15   23.07    2.25   82.10  736.48  752.05    3.69  560.89   53.15
   544    2.00   27.34   22.79    2.22   82.33  734.77  749.85    4.04  546.25   53.82
   545    2.05   27.44   22.57    2.31   82.08  741.32  757.66    3.88  535.21   52.30
   546    1.92   27.53   22.79    2.10   82.76  747.34  760.77    4.83  545.63   57.76
   547    1.93   27.26   22.50    2.19   82.29  732.01  746.69    3.26  533.09   54.32
   548    2.03   27.61   22.86    2.09   82.72  747.03  760.36    4.32  550.52   57.95
   549    1.97   27.20   22.56    1.98   83.17  727.01  738.90    4.09  535.87   59.57
   550    2.05   27.52   22.94    1.92   83.36  737.90  749.14    4.15  554.49   62.04
   551    2.09   27.40   23.11    1.80   83.76  741.82  751.67    6.05  563.29   66.32
   552    1.91   27.49   22.78    1.71   84.27  749.67  758.50    5.23  549.39   70.51
   553    1.95   27.32   23.36    1.64   84.50  742.97  751.05    5.09  576.81   72.87
   554    1.96   27.40   23.26    1.91   83.59  740.14  751.22    3.54  571.35   62.63
   555    1.97   27.60   23.18    1.89   83.57  751.39  762.28    3.12  569.18   64.08
   556    1.95   27.72   23.38    1.95   83.67  761.89  773.46    4.78  580.63   63.10
   557    1.87   27.49   23.39    1.83   84.06  754.38  764.56    3.85  581.44   66.40
   558    1.79   27.58   23.29    2.04   83.53  763.13  775.83    3.70  578.83   60.51
   559    1.97   27.76   23.02    2.16   83.03  765.68  779.89    5.10  563.01   57.59
   560    1.90   27.98   23.00    2.04   83.54  778.68  791.37    4.36  561.91   61.73
   561    1.85   27.99   22.88    2.33   82.43  784.33  801.01    3.96  555.20   54.69
   562    1.80   27.90   22.99    2.36   82.20  778.59  795.71    3.30  559.92   53.65
   563    1.87   28.34   23.01    2.40   82.05  804.03  821.66    4.06  562.66   54.59
   564    1.79   28.15   23.06    1.99   83.55  797.08  809.12    3.69  563.60   64.73
   565    1.87   28.57   23.34    2.11   83.52  821.37  834.90    1.57  577.39   63.10
   566    1.73   28.44   23.14    1.94   84.12  815.04  826.44    3.06  564.91   67.84
   567    1.85   28.49   23.40    1.82   84.16  809.01  818.96    2.78  579.23   71.77
   568    1.86   28.76   23.30    1.92   83.84  825.03  836.22    3.96  577.29   69.26
   569    1.86   28.64   23.37    2.05   83.64  833.85  846.58    4.65  582.66   65.86
   570    1.79   28.54   23.35    1.89   84.42  825.60  836.36    4.31  584.96   70.57
   571    1.88   28.37   23.67    1.78   84.77  824.02  833.55    3.91  597.62   74.58
   572    1.86   28.58   23.50    2.04   84.07  838.90  851.58    4.17  590.31   66.38
   573    1.85   28.79   23.42    1.92   84.05  852.57  863.74    2.97  585.08   71.54
   574    1.92   28.71   23.55    1.93   84.19  851.59  862.81    3.96  589.40   71.32
   575    1.88   28.70   23.40    1.91   84.39  848.96  859.95    3.06  580.79   71.82
   576    1.91   29.01   23.32    1.89   84.35  860.27  871.11    3.43  575.35   73.21
   577    2.00   28.80   23.67    1.89   84.48  851.39  862.12    3.31  593.68   72.82
   578    1.81   28.75   23.52    2.17   83.27  848.14  862.45    5.14  590.64   63.37
   579    1.86   28.85   23.70    2.01   83.80  841.64  853.96    4.92  596.60   67.51
   580    1.91   29.08   23.69    1.54   85.32  839.01  846.00    3.49  598.78   87.70
   581    2.01   29.12   23.73    1.76   84.60  847.08  856.39    2.40  601.36   77.41
   582    1.84   29.09   23.73    1.90   84.25  847.04  857.97    3.70  600.24   71.84
   583    1.84   28.75   23.78    1.97   83.96  827.28  839.06    4.80  602.77   67.79
   584    1.70   28.85   23.84    2.01   83.68  826.57  838.88    3.47  608.45   66.36
   585    1.89   28.45   23.84    1.98   83.72  806.62  818.50    2.19  608.08   65.90
   586    1.93   28.67   24.15    1.58   85.18  831.13  838.50    0.47  622.97   84.77
   587    1.88   28.45   24.30    1.80   84.42  813.71  823.47    1.88  629.69   72.87
   588    1.85   28.56   24.08    1.76   84.70  819.66  828.92    2.73  619.85   75.18
   589    1.84   28.36   24.19    1.77   84.17  803.57  813.03    2.81  623.38   73.02
   590    1.89   28.13   24.11    1.53   85.02  796.76  803.68    1.32  618.75   83.80
   591    1.87   28.39   24.23    1.95   83.80  817.62  829.11    1.62  625.02   67.81
   592    1.82   28.42   23.99    1.64   84.96  813.95  821.97    1.79  612.91   79.88
   593    1.75   28.62   24.20    1.58   85.03  820.34  827.71    1.45  621.39   83.67
   594    1.88   28.60   24.13    1.70   84.58  821.68  830.38    2.59  619.00   77.57
   595    1.88   28.65   24.13    1.70   84.75  835.34  843.96    2.11  622.26   79.20
   596    1.78   28.50   24.17    1.34   86.22  828.91  834.17    2.76  622.03   98.78
   597    1.86   28.77   24.22    1.30   85.98  832.65  837.52    2.30  625.06  102.72
   598    1.81   28.71   24.32    1.26   86.13  834.31  838.84    1.47  629.48  106.35
   599    1.79   28.48   24.10    1.65   84.71  821.69  829.81    2.14  620.26   80.12
   600    1.94   28.66   24.27    1.52   85.03  833.31  840.12    1.46  628.15   88.16
   601    1.76   28.68   24.38    1.57   85.04  835.66  843.01    2.52  632.36   85.32
   602    1.87   28.45   24.25    1.90   83.82  827.58  838.47    1.20  625.47   70.36
   603    1.79   28.43   24.29    1.70   84.80  826.08  834.77    1.19  627.20   78.04
   604    1.78   28.65   24.28    1.57   85.30  849.28  856.59    1.94  629.43   86.88
   605    1.82   28.79   24.38    1.75   84.77  862.15  871.37    0.94  636.53   79.13
   606    1.77   28.94   24.66    1.93   84.27  861.39  872.67    2.66  652.17   71.95
   607    1.72   29.04   24.68    2.19   83.26  878.19  892.81    2.65  654.79   64.90
   608    1.79   28.72   24.61    1.63   85.14  858.08  866.02    2.42  654.21   84.43
   609    1.74   28.57   24.50    2.03   83.86  847.02  859.53    1.97  652.18   67.41
   610    1.63   28.50   24.40    1.86   84.24  845.62  856.10    3.14  641.34   73.13
   611    1.79   28.40   24.20    1.72   84.57  832.71  841.60    1.90  637.26   77.83
   612    1.86   28.87   24.14    1.54   85.37  858.34  865.33    1.63  637.65   89.61
   613    1.91   28.87   24.17    1.73   84.68  858.11  867.08    1.44  635.99   79.78
   614    1.81   29.03   24.18    1.69   84.62  870.00  878.49    3.62  630.99   82.96
   615    1.91   29.08   24.20    1.55   85.12  881.25  888.37    3.24  637.84   91.12
   616    1.74   29.14   24.14    1.73   84.83  883.26  892.23    2.49  634.82   82.02
   617    1.92   29.12   24.25    1.52   85.64  872.34  879.17    3.20  631.22   92.02
   618    1.67   29.32   24.26    1.60   85.30  879.36  886.97    2.87  638.22   88.18
   619    1.70   28.88   23.94    1.94   84.05  866.49  877.92    3.85  624.30   71.91
   620    1.79   28.98   24.19    1.77   84.81  878.51  887.93    3.76  637.78   79.78
   621    1.84   28.90   24.04    1.77   84.76  875.32  884.76    3.20  629.81   79.44
   622    1.82   29.17   23.78    1.64   85.22  877.86  885.82    3.30  611.22   86.24
   623    1.93   28.89   23.80    2.25   83.18  862.47  877.91    2.44  611.38   62.17
   624    1.96   28.63   23.77    1.79   84.52  846.83  856.43    1.19  609.67   76.30
   625    1.91   28.64   23.64    1.84   84.07  860.67  870.82    1.57  605.05   75.52
   626    1.85   28.96   23.69    2.13   83.20  879.31  893.16    2.64  608.57   66.65
   627    1.88   29.23   23.55    1.89   84.14  900.94  911.65    3.24  598.46   76.98
   628    1.94   29.37   23.78    1.94   83.63  903.50  914.87    3.19  612.41   75.08
   629    1.81   29.25   23.79    1.98   83.50  895.42  907.30    2.45  610.51   72.88
   630    1.84   29.22   23.89    1.81   84.09  878.63  888.51    4.27  613.85   78.05
   631    1.77   28.81   23.69    1.69   84.38  858.03  866.58    1.63  602.95   81.57
   632    1.88   28.61   23.90    1.79   84.14  845.17  854.80    1.32  611.78   76.04
   633    1.78   28.79   23.90    1.77   84.75  859.70  869.05    3.58  614.31   78.40
   634    1.70   28.46   23.67    1.89   84.19  848.15  858.92    3.57  601.54   72.41
   635    1.88   28.29   23.82    1.74   84.62  844.25  853.37    1.69  609.07   77.97
   636    1.81   28.66   23.75    2.03   83.55  861.23  873.68    3.29  613.28   68.69
   637    1.88   28.41   23.57    2.02   83.72  858.43  870.75    3.49  598.09   68.80
   638    1.94   28.64   23.42    2.01   83.98  863.51  875.78    4.45  589.52   69.31
   639    1.94   28.75   23.71    1.66   85.09  873.15  881.36    4.74  606.89   84.55
   640    1.93   28.75   23.45    1.77   84.61  864.02  873.41    3.41  594.39   78.59
   641    1.95   28.46   23.50    1.95   83.88  840.20  851.71    3.29  592.51   69.57
   642    1.90   28.15   23.74    1.66   84.88  822.37  830.62    3.78  606.63   79.62
   643    1.97   28.07   23.50    1.85   84.37  811.04  821.37    3.27  592.25   70.72
   644    1.87   28.01   23.32    1.99   83.44  815.25  827.33    3.00  586.62   66.04
   645    1.77   27.84   23.32    2.09   83.33  806.24  819.53    4.76  583.02   62.50
   646    1.75   27.87   23.29    1.95   83.72  809.27  820.85    4.35  586.82   66.89
   647    1.85   27.97   23.40    1.98   83.75  811.44  823.30    2.53  590.79   66.31
   648    1.74   28.31   23.48    1.91   84.09  822.92  833.96    3.02  597.10   69.54
   649    1.78   28.15   23.14    2.33   82.43  822.55  839.23    1.88  584.29   57.27
   650    1.81   28.59   23.45    2.25   82.82  831.66  847.20    2.63  597.07   59.84
   651    1.82   28.60   23.27    2.25   82.86  838.49  853.97    1.78  588.92   60.43
   652    1.65   28.49   23.23    2.20   83.04  831.98  846.73    4.08  589.19   61.34
   653    1.71   28.25   23.20    2.24   82.89  815.58  830.94    3.76  585.78   59.03
   654    1.96   28.26   22.96    2.15   83.46  819.99  834.14    4.01  579.01   61.67
   655    1.89   28.32   23.11    1.92   84.27  823.78  834.90    3.39  584.76   69.35
   656    1.89   27.95   23.30    1.96   84.01  805.70  817.38    2.97  587.52   66.33
   657    1.85   27.71   23.26    1.83   84.40  803.62  813.75    2.97  590.95   70.74
   658    1.97   28.17   23.14    1.70   84.99  816.44  825.14    1.34  581.25   77.11
   659    1.82   27.88   23.05    1.86   84.04  814.12  824.62    3.12  578.44   70.42
   660    1.75   27.87   23.45    1.76   84.33  803.65  813.03    1.80  598.71   73.36
   661    1.83   27.71   23.32    1.96   83.85  810.74  822.35    3.11  593.57   66.93
   662    1.84   27.73   23.57    1.94   83.89  807.17  818.57    2.48  609.70   67.21
   663    1.84   27.78   23.35    1.90   84.16  808.62  819.49    2.25  599.37   68.84
   664    1.79   28.29   23.31    2.16   83.30  831.47  845.70    3.66  593.33   62.36
   665    1.82   28.08   23.24    2.21   83.00  815.33  830.27    3.03  585.63   59.80
   666    1.80   28.00   23.25    2.36   82.69  813.47  830.51    1.56  585.96   56.08
   667    1.68   28.16   23.65    2.17   83.26  819.84  834.22    2.68  605.41   61.19
   668    1.71   28.43   23.65    2.13   83.57  828.58  842.42    3.41  605.71   62.95
   669    1.73   28.51   23.59    1.90   84.18  835.08  845.98    2.80  602.54   70.94
   670    1.74   28.73   23.27    1.73   84.72  836.03  844.97    2.59  587.83   77.91
   671    1.72   28.97   23.83    1.80   84.63  843.82  853.56    2.81  612.60   75.53
   672    1.77   28.99   23.35    1.86   84.57  841.97  852.41    3.25  588.29   72.95
   673    1.74   29.08   23.48    2.08   83.70  845.87  859.03    1.34  594.18   65.78
   674    1.70   29.29   23.61    2.08   83.57  859.31  872.50    1.80  601.43   66.71
   675    1.81   28.99   23.49    1.87   84.27  852.17  862.72    2.11  594.63   73.45
   676    1.77   28.87   23.50    1.94   84.27  857.67  869.01    1.82  593.82   71.47
   677    1.72   28.98   23.90    1.98   84.09  866.44  878.37    2.71  618.95   70.49
   678    1.72   29.08   23.81    1.94   84.04  861.84  873.17    2.07  611.13   71.82
   679    1.79   29.14   23.91    1.64   85.23  872.31  880.30    1.02  612.75   85.56
   680    1.83   29.53   23.95    1.80   84.58  898.01  907.72    1.16  615.34   80.33
   681    1.76   29.44   24.04    1.74   84.61  899.86  908.87    2.87  619.03   83.35
   682    1.77   29.35   23.87    2.03   83.52  882.88  895.40    1.12  610.34   70.18
   683    1.72   29.13   24.00    2.12   83.15  861.15  874.83    2.50  617.36   65.71
   684    1.64   29.12   23.72    1.97   84.16  862.46  874.23    3.45  604.52   70.60
   685    1.76   29.08   23.89    1.57   85.32  857.63  864.93    2.75  610.80   87.78
   686    1.71   29.09   23.97    1.72   84.75  856.99  865.87    4.12  614.72   80.08
   687    1.80   29.17   24.00    1.77   84.54  859.03  868.39    4.21  617.32   78.31
   688    1.75   29.31   23.85    1.74   84.65  864.41  873.47    2.66  607.37   79.98
   689    1.82   29.15   23.68    1.81   84.44  853.28  863.18    3.58  599.99   75.80
   690    1.93   28.90   23.65    1.90   84.02  839.15  850.04    3.69  599.96   71.31
   691    1.78   28.85   23.60    1.58   84.87  841.05  848.47    5.17  598.01   85.48
   692    1.85   28.75   23.63    1.56   85.41  831.82  839.08    2.95  600.42   85.42
   693    1.74   28.89   23.55    2.08   83.77  841.39  854.54    3.11  593.26   65.42
   694    1.74   28.85   23.79    2.01   84.15  851.43  863.64    3.27  608.11   68.53
   695    1.74   28.90   23.51    1.92   83.96  848.41  859.60    3.76  593.26   71.18
   696    1.82   29.01   23.57    2.10   83.21  848.60  862.04    4.64  595.39   65.31
   697    1.81   28.77   23.67    1.93   83.80  840.43  851.67    2.65  600.44   70.36
   698    1.87   28.83   23.68    2.29   82.42  850.56  866.58    3.18  602.65   60.29
   699    1.75   28.83   23.71    2.29   82.46  847.99  864.04    3.83  602.57   60.05
   700    1.82   28.64   23.83    2.44   81.99  849.04  867.28    3.01  607.25   56.64
   701    1.68   28.92   23.71    2.06   83.40  856.76  869.67    3.45  602.52   67.18
   702    1.85   28.47   23.78    1.72   84.70  833.98  842.85    2.78  607.88   78.00
   703    1.82   28.71   23.93    1.75   84.84  853.13  862.32    4.20  613.53   78.43
   704    1.85   28.70   24.12    1.68   84.91  852.31  860.69    2.63  621.98   81.81
   705    1.79   28.53   23.52    1.92   84.16  837.22  848.32    4.12  593.40   70.51
   706    1.81   28.87   23.54    2.11   83.44  855.47  869.06    3.27  596.37   65.48
   707    1.77   29.02   23.73    2.09   83.48  864.15  877.43    3.04  608.13   66.83
   708    1.73   28.87   23.56    2.09   83.59  859.09  872.35    3.24  597.78   66.51
   709    1.78   29.19   23.72    1.92   84.08  868.83  879.93    3.05  605.29   73.08
   710    1.80   29.43   23.79    1.89   84.27  869.41  880.15    3.44  610.97   74.27
   711    1.81   29.37   23.55    2.02   83.72  860.51  872.93    4.47  595.09   68.68
   712    1.84   29.05   23.81    1.53   85.80  858.07  865.00    4.14  609.55   89.93
   713    1.88   29.18   23.75    1.92   84.15  866.48  877.63    1.74  606.15   72.73
   714    1.64   29.16   23.54    1.91   84.25  862.50  873.53    7.02  592.20   72.80
   715    1.83   29.15   23.59    2.11   83.33  864.40  877.98    4.35  598.32   66.17
   716    1.89   28.91   23.70    2.06   83.49  853.85  866.70    3.83  598.05   67.08
   717    1.84   29.06   23.82    1.84   84.22  869.39  879.53    4.60  605.04   76.29
   718    1.84   28.83   24.05    1.76   84.44  861.42  870.74    5.64  620.07   78.69
   719    1.87   28.97   24.26    1.78   84.30  857.91  867.40    6.08  630.05   77.70
   720    1.90   29.02   24.04    1.99   83.47  862.57  874.61    6.39  619.80   69.88
   721    1.88   29.14   24.25    1.55   85.10  870.62  877.76    5.04  632.25   89.96
   722    1.78   29.61   24.37    2.06   83.49  900.62  913.49    4.38  637.07   70.60
   723    1.79   29.72   24.43    1.79   84.59  904.01  913.58    5.41  641.11   81.38
   724    1.81   29.72   24.08    1.91   84.16  896.84  907.88    4.35  622.19   75.55
   725    1.77   29.44   24.18    2.05   83.54  888.67  901.41    4.72  628.66   70.02
   726    1.80   29.51   24.35    1.94   84.03  889.65  901.00    4.03  636.07   74.00
   727    1.79   29.43   24.02    2.22   83.08  888.96  903.98    4.07  622.41   64.87
   728    1.78   29.47   24.06    1.96   83.86  888.69  900.29    4.45  625.22   73.17
   729    1.74   29.26   24.02    2.29   82.90  875.89  891.87    4.93  619.92   62.10
   730    1.76   29.10   23.99    2.47   82.24  868.89  887.61    6.09  615.89   57.21
   731    1.72   28.73   23.85    2.08   83.42  848.89  862.07    3.61  612.81   65.95
   732    1.84   29.18   23.61    2.19   82.90  865.77  880.39    1.93  603.00   64.02
   733    1.77   29.04   23.64    2.16   83.07  864.53  878.71    3.43  604.60   64.85
   734    1.73   29.19   23.80    2.29   82.78  874.79  890.85    2.39  609.53   61.87
   735    1.85   29.09   23.87    2.02   83.64  862.88  875.30    3.41  614.36   68.88
   736    1.70   28.89   23.78    1.70   84.63  866.06  874.69    4.26  610.66   81.96
   737    1.67   28.78   23.85    2.13   83.00  852.38  866.19    2.84  613.73   64.77
   738    1.76   28.80   23.66    2.06   83.41  845.52  858.41    3.51  603.77   66.39
   739    1.67   28.30   23.87    2.19   82.87  820.71  835.41    2.92  612.10   60.64
   740    1.68   28.49   23.85    2.20   82.67  835.20  849.95    3.24  612.69   61.57
   741    1.68   28.77   23.85    2.04   83.19  853.93  866.58    5.30  611.21   67.60
   742    1.69   28.71   23.86    1.77   84.26  853.63  863.04    3.99  609.96   77.62
   743    1.71   28.87   24.20    1.91   83.80  862.17  873.24    4.68  630.19   72.63
   744    1.76   28.86   24.30    1.76   84.49  861.95  871.23    2.92  635.40   78.86
   745    1.68   28.58   24.25    2.06   83.27  856.14  869.04    3.54  632.96   67.15
   746    1.69   28.62   24.13    2.16   83.04  850.84  865.04    4.60  628.02   63.82
   747    1.60   28.42   23.92    2.39   82.17  840.01  857.58    4.37  615.84   57.04
   748    1.62   28.25   23.38    2.31   82.41  819.19  835.51    6.22  585.48   57.62
   749    1.60   28.32   23.55    2.43   82.11  833.52  851.58    5.85  595.01   55.89
   750    1.58   28.47   23.82    2.44   82.14  840.23  858.52    5.34  610.61   55.98
   751    1.68   28.24   23.68    2.40   82.25  825.75  843.46    4.10  601.88   55.90
   752    1.67   28.52   23.88    2.34   82.56  834.21  850.99    3.66  611.77   57.90
   753    1.72   28.31   23.66    2.47   82.00  833.19  851.94    5.52  601.27   54.90
   754    1.69   28.41   23.55    2.13   83.09  838.21  852.07    3.37  594.90   63.62
   755    1.67   28.34   23.53    2.29   82.73  834.14  850.18    2.96  593.48   59.12
   756    1.85   28.70   23.82    2.23   82.84  844.01  859.21    3.51  608.04   61.32
   757    1.77   28.18   23.94    1.97   83.48  827.49  839.23    6.16  614.04   67.92
   758    1.71   28.11   23.75    1.86   84.10  815.54  826.03    3.77  607.16   70.59
   759    1.78   27.98   24.08    1.86   84.03  813.23  823.64    4.69  619.52   70.64
   760    1.64   28.16   23.93    1.90   83.89  824.55  835.41    4.57  615.29   70.18
   761    1.71   28.54   23.84    1.58   85.35  842.99  850.36    5.83  608.31   85.92
   762    1.85   28.40   23.84    2.35   82.69  829.73  846.58    3.48  605.57   57.47
   763    1.65   28.29   24.08    2.18   83.22  822.68  837.14    4.34  621.18   61.22
   764    1.73   28.19   23.66    2.05   83.69  823.07  835.81    4.10  597.95   65.01
   765    1.66   28.31   23.58    1.87   84.22  834.85  845.45    3.85  595.28   71.86
   766    1.78   28.18   23.74    1.58   85.30  823.60  831.05    3.71  603.91   83.64
   767    1.71   28.22   23.80    1.76   84.70  833.40  842.68    4.95  609.68   76.31
   768    1.67   28.30   23.52    1.93   83.88  832.42  843.68    3.69  593.57   69.65
   769    1.68   28.45   23.43    1.96   83.88  836.08  847.73    4.16  587.88   68.85
   770    1.64   28.55   23.45    2.34   82.48  838.79  855.61    6.66  587.98   58.15
   771    1.69   28.31   23.68    2.27   83.23  827.27  842.97    3.82  599.43   59.24
   772    1.71   28.44   23.75    1.82   84.59  834.22  844.20    4.49  600.41   73.84
   773    1.66   28.75   23.51    1.68   84.66  852.66  861.09    2.98  590.78   81.61
   774    1.66   28.56   23.48    2.03   83.28  846.24  858.78    3.34  587.83   67.28
   775    1.77   28.52   23.58    1.91   83.77  835.17  846.19    3.05  595.49   70.59
   776    1.79   28.53   23.50    2.23   83.04  852.62  867.78    2.66  591.37   62.02
   777    1.59   28.45   23.70    2.28   82.73  842.52  858.43    4.37  602.04   59.92
   778    1.59   28.35   23.76    1.99   83.38  835.24  847.20    3.89  605.92   67.94
   779    1.74   28.59   23.99    1.92   84.27  844.16  855.29    1.93  617.02   70.98
   780    1.85   28.73   24.09    1.69   84.81  852.93  861.51    3.23  623.42   80.97
   781    1.86   28.58   24.25    1.63   85.07  842.43  850.34    3.22  628.69   83.13
   782    1.80   28.57   23.92    1.86   84.58  855.46  865.84    3.99  614.55   74.29
   783    1.70   28.72   24.18    1.84   84.59  860.61  870.81    5.40  626.30   75.34
   784    1.66   28.69   23.89    1.97   84.24  858.42  870.14    5.57  610.70   70.43
   785    1.75   28.58   23.68    2.18   83.48  841.97  856.51    4.42  598.36   62.46
   786    1.64   28.51   23.73    1.90   84.14  842.50  853.37    2.90  603.81   71.63
   787    1.62   28.35   23.98    1.84   84.19  827.91  838.09    4.67  614.99   72.64
   788    1.67   28.41   23.66    2.13   83.17  843.69  857.46    3.75  599.25   64.20
   789    1.69   28.46   23.75    1.72   84.67  841.25  850.14    3.87  603.46   78.57
   790    1.78   29.03   24.19    1.71   84.87  870.04  878.80    3.34  626.78   81.75
   791    1.74   28.94   24.06    1.63   85.09  861.10  868.96    5.47  618.90   85.14
   792    1.76   28.52   24.05    1.73   84.77  850.98  859.90    4.61  618.73   79.33
   793    1.73   28.58   24.15    1.52   85.58  856.53  863.37    3.79  626.42   90.33
   794    1.81   28.72   24.41    1.55   85.45  850.97  858.04    3.23  640.14   88.43
   795    1.75   28.30   24.15    1.82   84.59  832.69  842.62    4.77  625.84   73.90
   796    1.65   27.95   23.86    2.15   83.39  820.44  834.57    6.25  610.48   61.75
   797    1.84   28.65   24.06    2.10   83.58  861.10  874.52    5.24  623.31   66.28
   798    1.81   28.65   24.21    2.04   83.72  863.29  875.99    4.01  630.73   68.22
   799    1.71   28.32   24.70    1.83   84.08  840.91  850.95    6.11  654.99   74.22
   800    1.62   28.52   24.41    1.75   84.55  853.11  862.34    5.03  643.20   78.27
   801    1.57   28.69   24.12    1.78   84.87  867.54  877.00    4.78  627.33   78.67
   802    1.85   28.20   24.02    1.51   85.54  834.93  841.64    4.81  621.50   88.91
   803    1.62   28.18   24.27    1.21   86.59  834.04  838.22    5.79  634.31  110.27
   804    1.76   28.14   24.36    1.61   85.03  830.26  838.03    4.44  635.93   82.63
   805    1.66   28.40   24.31    1.77   84.58  834.99  844.38    6.57  631.19   76.05
   806    1.74   27.94   24.26    1.76   84.87  815.42  824.71    6.19  628.10   74.68
   807    1.72   28.27   24.13    2.05   83.98  833.19  845.98    5.42  621.22   65.69
   808    1.59   28.28   24.13    1.90   84.37  829.67  840.59    5.85  621.65   70.41
   809    1.76   27.89   24.32    1.78   84.60  815.44  824.99    4.13  634.88   73.76
   810    1.65   27.61   24.33    1.92   83.65  803.08  814.24    5.54  637.10   67.56
   811    1.79   27.80   24.10    1.90   83.74  803.96  814.89    6.27  620.18   68.27
   812    1.74   27.96   24.09    1.90   84.10  809.67  820.60    3.97  621.07   68.76
   813    1.73   27.73   23.75    2.04   83.69  792.95  805.64    7.01  602.30   62.83
   814    1.72   27.97   23.95    1.91   84.13  807.79  818.80    4.91  613.23   68.39
   815    1.73   28.37   24.18    1.91   84.30  841.88  852.92    5.43  622.34   71.07
   816    1.68   28.25   24.04    1.94   84.20  825.02  836.42    3.37  613.82   68.68
   817    1.76   28.11   23.73    2.05   83.57  821.58  834.32    3.91  600.85   64.90
   818    1.64   28.17   24.12    2.13   83.17  826.70  840.57    2.93  621.68   62.75
   819    1.68   28.23   23.84    2.25   82.69  823.20  838.64    4.61  607.50   59.41
   820    1.83   28.26   24.27    2.10   83.17  827.64  841.11    3.60  633.01   63.68
   821    1.76   28.18   24.03    2.36   82.43  821.89  838.97    3.97  619.21   56.59
   822    1.78   28.33   24.27    2.34   82.38  836.22  852.94    4.02  633.36   58.12
   823    1.77   28.05   23.83    2.40   82.34  814.16  831.79    3.78  610.50   55.26
   824    1.88   27.94   23.85    2.41   82.14  819.81  837.68    3.91  611.70   55.27
   825    1.79   27.80   23.79    2.36   81.98  801.51  818.52    1.55  608.70   55.33
   826    1.83   27.75   23.90    2.49   81.70  801.28  820.27    4.05  612.44   52.55
   827    1.65   28.16   23.61    2.64   81.21  819.44  840.95    6.59  596.30   50.68
   828    1.62   27.78   23.87    2.48   81.75  805.43  824.27    4.60  607.87   53.02
   829    1.84   27.60   23.70    2.63   80.94  789.57  810.85    3.95  599.08   49.14
   830    1.73   27.22   23.96    2.38   81.67  768.91  786.30    4.70  616.16   52.62
   831    1.67   27.33   23.82    2.35   81.72  771.95  788.96    5.13  610.76   53.35
   832    1.60   26.89   24.03    2.36   81.61  754.80  771.86    5.50  621.93   52.14
   833    1.72   27.15   24.05    2.21   82.47  765.88  780.82    4.57  620.21   56.29
   834    1.60   27.28   23.96    2.33   81.95  770.48  787.18    5.03  614.31   53.72
   835    1.65   27.30   23.85    2.42   81.68  778.80  796.80    3.60  608.47   52.42
   836    1.69   27.58   23.91    2.29   82.27  792.16  808.25    4.12  612.25   56.15
   837    1.57   27.56   23.86    2.12   82.80  796.98  810.70    7.09  611.32   60.87
   838    1.59   27.27   24.06    2.10   83.10  791.46  804.90    6.31  620.50   61.05
   839    1.70   27.30   24.28    2.19   82.84  787.13  801.84    5.39  631.31   58.19
   840    1.59   27.10   23.96    2.23   82.46  773.92  789.21    6.02  615.17   56.23
   841    1.66   27.13   24.10    2.11   83.07  780.59  794.16    5.90  622.75   59.96
   842    1.70   27.34   24.20    2.07   83.41  790.50  803.61    6.93  629.60   61.70
   843    1.56   27.40   24.10    1.95   83.51  791.56  803.15    7.19  622.62   65.45
   844    1.60   27.32   24.14    1.79   84.28  784.04  793.74    6.78  624.70   70.49
   845    1.68   27.25   24.29    2.11   82.94  785.96  799.52    6.76  632.36   60.37
   846    1.66   26.96   24.41    2.07   83.36  788.10  801.12    7.97  639.52   61.70
   847    1.63   27.32   24.10    2.12   83.16  808.58  822.22    6.44  622.54   61.90
   848    1.70   27.35   23.93    2.09   83.12  808.61  821.89    8.54  614.24   62.69
   849    1.69   27.55   24.05    1.88   84.16  811.60  822.29    8.03  618.02   69.64
   850    1.61   27.76   24.11    1.90   84.14  818.49  829.41    7.70  620.49   69.52
   851    1.66   27.81   24.07    1.90   84.07  829.48  840.33    8.64  620.66   70.61
   852    1.75   27.14   24.09    1.87   83.78  796.81  807.41    7.28  620.73   68.68
   853    1.61   27.35   24.30    2.01   83.33  803.00  815.33    9.44  632.79   64.47
   854    1.66   27.45   24.33    1.96   83.22  800.10  811.73    6.75  632.56   66.02
   855    1.64   27.58   24.12    2.15   82.61  813.65  827.69    6.67  625.36   61.43
   856    1.83   27.63   24.05    2.17   82.55  819.33  833.66    5.64  618.66   61.27
   857    1.76   27.31   24.09    2.33   81.98  803.54  820.25    5.75  616.21   55.95
   858    1.66   26.94   24.03    2.38   81.67  786.63  804.00    5.30  614.85   53.82
   859    1.69   26.90   24.39    2.23   82.46  782.91  798.20    6.49  633.41   56.87
   860    1.64   26.83   24.39    1.80   84.21  789.57  799.37    7.56  634.45   70.63
   861    1.68   26.71   24.64    1.94   83.40  766.77  778.22    7.86  644.05   63.82
   862    1.57   26.88   24.35    1.83   83.64  784.34  794.44    9.46  629.47   69.20
   863    1.64   26.85   24.26    2.03   83.06  774.49  787.02    6.86  627.50   61.77
   864    1.66   26.89   24.39    2.11   82.68  788.91  802.45    6.42  631.38   60.65
   865    1.61   26.99   24.19    2.09   82.67  783.03  796.39    6.66  623.99   60.59
   866    1.70   27.09   24.20    1.94   83.06  783.69  795.15    6.18  623.97   65.15
   867    1.60   26.59   24.36    2.07   82.55  753.17  766.25    9.15  632.08   58.91
   868    1.46   26.51   24.21    1.78   83.45  743.43  753.00    7.37  623.69   67.39
   869    1.69   26.65   24.12    1.80   83.39  747.91  757.67    6.19  620.51   67.16
   870    1.66   26.85   23.87    2.12   82.18  755.44  769.13    7.14  605.94   57.85
   871    1.71   26.55   23.99    2.02   82.63  751.21  763.66    7.17  613.37   60.16
   872    1.67   26.57   24.15    2.04   82.34  746.36  759.11    6.76  623.20   59.11
   873    1.64   26.92   24.08    1.90   83.09  753.00  764.01    8.82  615.80   63.86
   874    1.70   26.84   24.04    1.93   83.12  745.87  757.19    7.53  614.75   62.45
   875    1.68   26.94   23.98    2.33   81.69  755.01  771.67    6.05  610.45   52.74
   876    1.76   27.26   24.12    2.07   82.72  773.25  786.29    5.26  619.25   60.54
   877    1.70   27.50   24.25    2.00   83.03  780.71  792.93    6.83  625.76   63.00
   878    1.63   27.39   23.77    1.94   83.21  770.31  781.72    7.23  598.74   64.21
   879    1.86   26.93   24.06    2.04   82.92  751.95  764.63    5.22  615.15   59.69
   880    1.78   26.90   24.03    1.95   83.29  756.77  768.38    6.06  615.35   62.59
   881    1.59   26.59   23.73    1.78   83.73  744.07  753.67    7.48  602.32   67.31
   882    1.69   26.88   23.76    1.90   83.39  755.51  766.49    6.64  604.17   64.18
   883    1.66   26.77   23.54    1.77   83.65  758.58  768.00    6.16  591.51   69.23
   884    1.63   26.78   23.77    1.71   83.84  755.45  764.24    3.71  604.43   71.20
   885    1.54   26.83   24.07    1.73   83.54  763.94  772.92    6.86  619.33   71.25
   886    1.49   26.59   23.90    1.59   84.07  758.98  766.57    7.46  610.38   76.55
   887    1.64   26.56   23.99    1.67   83.55  748.34  756.76    7.33  614.41   71.98
   888    1.60   26.20   24.25    1.72   83.28  727.31  736.28    7.48  626.13   67.99
   889    1.55   26.70   24.08    1.88   83.16  749.30  760.02    8.40  616.41   64.35
   890    1.60   26.35   24.03    2.19   82.27  736.68  751.30    8.53  612.93   54.74
   891    1.55   26.44   24.15    2.14   82.26  741.97  756.03    7.91  619.26   56.15
   892    1.67   26.41   24.15    2.11   82.39  751.11  764.68    5.11  620.26   57.77
   893    1.62   26.49   24.33    2.04   82.61  734.31  746.98    5.69  628.07   58.36
   894    1.56   26.59   24.24    1.97   83.02  745.45  757.20    5.81  627.02   61.33
   895    1.64   26.57   24.25    2.05   82.55  744.42  757.26    7.06  623.92   58.78
   896    1.65   26.42   23.85    1.92   83.09  734.75  745.98    5.45  603.46   61.81
   897    1.69   26.49   24.15    2.11   82.28  743.84  757.45    4.99  618.09   57.14
   898    1.65   26.48   24.23    2.04   82.84  751.08  763.79    5.66  624.31   59.57
   899    1.61   26.64   24.43    1.99   82.74  752.00  764.08    5.29  634.82   61.07
   900    1.72   26.55   24.13    2.26   81.59  754.37  770.04    4.37  617.55   54.22
   901    1.67   26.96   24.45    1.70   83.59  765.85  774.51    4.08  634.63   72.65
   902    1.66   26.83   24.26    2.06   82.46  760.25  773.20    4.37  624.06   59.75
   903    1.73   26.99   24.63    1.83   83.17  771.98  782.09    5.92  642.63   68.09
   904    1.74   26.99   24.68    1.86   83.17  769.68  780.18    4.48  646.17   66.72
   905    1.71   27.12   24.54    1.70   83.91  777.61  786.34    4.37  640.69   73.46
   906    1.66   27.22   24.49    2.03   82.79  782.24  794.83    5.36  635.90   62.24
   907    1.69   26.88   24.27    2.22   82.02  777.40  792.46    5.16  624.97   56.89
   908    1.67   26.86   24.48    1.96   82.64  763.45  775.16    5.89  634.94   62.89
   909    1.70   26.99   24.24    1.95   83.12  771.35  782.91    4.93  623.69   63.89
   910    1.77   26.84   24.05    1.98   82.89  764.19  776.09    4.88  614.71   62.48
   911    1.87   27.14   24.34    1.97   82.84  771.75  783.50    4.88  630.48   63.45
   912    1.77   26.63   23.95    2.24   82.12  763.07  778.40    4.76  609.79   55.41
   913    1.76   26.74   23.77    2.39   81.31  762.29  779.81    6.65  601.29   52.00
   914    1.66   26.86   24.19    2.24   82.05  766.46  781.82    5.62  623.04   55.59
   915    1.72   27.07   24.27    1.86   83.43  777.21  787.64    6.24  624.91   67.54
   916    1.64   26.82   24.22    1.89   83.30  771.75  782.63    8.35  625.74   65.77
   917    1.74   27.06   24.08    1.66   84.30  781.73  789.99    6.69  617.31   75.78
   918    1.75   27.11   23.88    1.76   83.54  781.01  790.30    7.35  607.34   71.64
   919    1.73   27.21   24.07    2.08   82.46  790.08  803.27    7.91  617.03   61.48
   920    1.68   27.28   23.87    1.98   82.66  799.72  811.58    5.70  608.28   65.40
   921    1.86   27.16   24.39    1.94   82.81  782.96  794.41    4.46  633.02   65.13
   922    1.84   27.45   24.58    1.76   83.76  797.64  806.93    4.48  643.75   73.12
   923    1.80   27.26   24.13    1.80   83.73  784.73  794.54    4.72  618.63   70.17
   924    1.78   27.12   24.29    1.91   83.45  780.97  792.01    4.71  628.59   66.09
   925    1.85   27.07   24.60    1.81   83.62  791.12  800.97    5.71  647.60   70.60
   926    1.80   27.33   24.51    2.12   82.48  799.57  813.32    5.46  642.60   61.01
   927    1.70   27.23   24.37    1.88   83.27  792.44  803.12    5.92  636.66   68.08
   928    1.83   27.02   24.16    1.99   83.08  771.26  783.32    4.91  622.56   62.65
   929    1.71   27.36   24.20    1.81   83.91  795.03  804.94    5.37  624.01   70.73
   930    1.74   27.11   24.11    2.00   83.16  788.64  800.81    4.57  620.47   63.74
   931    1.70   27.45   23.91    1.99   82.98  795.49  807.47    4.63  611.25   64.72
   932    1.68   27.47   24.17    1.75   83.87  799.37  808.60    3.71  623.81   73.51
   933    1.85   27.45   24.17    1.72   84.24  810.94  819.83    4.29  626.50   75.84
   934    1.84   27.46   24.03    1.98   83.35  796.68  808.61    3.78  614.25   64.98
   935    1.65   27.53   24.43    2.18   82.85  809.62  824.12    4.69  634.24   60.22
   936    1.68   27.22   24.14    1.97   83.44  792.16  803.90    2.75  620.43   65.09
   937    1.66   27.00   24.18    2.09   82.55  786.66  799.93    3.93  623.68   61.05
   938    1.71   27.46   23.99    2.07   82.72  814.55  827.61    4.09  616.33   63.62
   939    1.59   27.26   24.20    2.12   82.84  805.67  819.36    4.87  626.60   61.58
   940    1.73   27.45   24.51    1.94   83.29  828.97  840.39    4.33  647.06   68.90
   941    1.85   27.38   24.13    2.00   83.18  820.57  832.74    5.00  626.81   66.25
   942    1.72   27.54   24.29    2.17   82.55  824.82  839.14    3.80  632.20   61.69
   943    1.86   27.16   24.15    1.96   83.46  813.31  824.96    4.39  622.64   67.01
   944    1.75   26.92   23.98    2.30   82.31  805.07  821.26    5.02  614.35   56.89
   945    1.78   27.02   24.15    2.24   81.89  807.97  823.32    4.04  624.26   58.51
   946    1.79   27.48   24.22    2.20   82.56  839.77  854.54    4.35  626.99   61.85
   947    1.77   27.32   24.16    2.07   82.98  831.57  844.59    6.87  625.88   65.00
   948    1.65   27.20   24.38    1.51   84.99  828.28  835.03    5.19  637.45   87.99
   949    1.71   27.18   24.48    1.63   84.56  844.49  852.41    5.32  644.31   83.24
   950    1.65   27.58   24.56    1.56   84.83  856.63  863.80    4.82  646.34   88.38
   951    1.75   27.39   24.55    1.76   84.11  850.77  860.10    5.33  645.65   77.68
   952    1.63   27.49   24.26    1.86   83.49  847.91  858.37    5.28  632.13   73.39
   953    1.60   26.90   24.13    1.98   83.41  819.52  831.45    5.84  626.12   66.78
   954    1.84   26.79   24.25    2.15   82.62  808.61  822.72    4.21  633.77   60.92
   955    1.76   27.07   24.33    2.13   82.57  823.96  837.82    4.71  635.40   62.55
   956    1.63   26.84   24.30    2.08   82.89  808.73  821.96    4.64  633.60   62.80
   957    1.68   26.64   24.23    1.92   83.29  801.84  813.03    4.15  626.99   67.36
   958    1.80   26.97   24.40    2.04   82.98  817.18  829.83    4.65  638.50   64.79
   959    1.97   26.67   24.39    2.15   82.23  792.75  806.92    4.46  638.51   59.64
   960    1.66   26.79   24.16    1.96   82.94  795.23  806.85    4.75  626.66   65.65
   961    1.65   27.12   24.51    1.78   83.90  816.12  825.63    5.33  646.65   73.93
   962    1.83   27.11   24.18    2.22   82.21  817.42  832.54    5.00  630.85   59.60
   963    1.78   26.91   24.29    1.94   83.12  801.61  812.98    4.52  635.02   66.84
   964    1.79   26.74   24.26    1.61   84.34  810.29  817.98    4.53  632.45   81.10
   965    1.73   27.02   24.17    1.74   83.57  795.63  804.73    4.26  625.09   73.65
   966    1.53   27.02   24.11    1.98   82.69  801.43  813.28    3.98  625.30   65.55
   967    1.64   27.28   24.18    1.97   82.98  815.24  827.07    5.45  626.00   66.70
   968    1.67   27.25   24.36    1.98   82.77  799.87  811.81    5.47  636.64   65.20
   969    1.71   27.05   23.89    1.91   83.07  799.45  810.50    5.27  610.92   67.57
   970    1.83   27.21   23.95    2.02   82.75  806.31  818.74    4.74  616.42   64.48
   971    1.73   27.50   23.67    2.32   81.59  837.01  853.48    5.04  602.97   58.59
   972    1.71   27.65   23.78    1.89   83.43  848.24  858.98    3.84  609.64   72.55
   973    1.66   27.32   23.71    2.15   82.42  818.89  833.04    5.35  606.22   61.58
   974    1.71   27.22   23.87    1.85   83.71  823.18  833.53    5.14  614.17   71.69
   975    1.72   27.49   23.91    1.84   83.63  807.36  817.54    5.69  614.47   70.87
   976    1.75   27.75   24.09    1.41   85.47  839.48  845.30    5.60  624.93   95.41
   977    1.76   27.23   24.09    1.26   85.89  817.52  822.09    4.32  626.77  103.97
   978    1.70   27.54   24.38    1.42   85.29  830.67  836.54    5.32  641.64   94.10
   979    1.73   27.45   23.98    1.49   85.00  834.56  841.11    4.38  624.73   89.91
   980    1.70   27.58   23.81    1.70   84.54  839.08  847.71    4.92  618.03   79.49
   981    1.72   27.62   24.06    1.46   85.22  845.39  851.64    4.69  633.46   92.99
   982    1.81   27.79   24.16    1.70   84.14  848.18  856.82    4.75  634.92   80.30
   983    1.85   27.85   24.35    1.55   84.63  855.83  862.99    3.70  644.52   88.40
   984    1.78   28.02   24.31    1.50   85.07  857.65  864.28    3.73  641.13   91.78
   985    1.83   28.27   24.28    1.65   84.62  869.84  878.00    4.09  639.62   84.49
   986    1.82   28.39   24.53    1.30   86.04  883.50  888.38    4.22  655.60  108.59
   987    1.68   28.56   24.30    1.65   85.00  904.68  912.74    5.41  644.24   88.25
   988    1.63   28.54   23.95    1.91   83.82  903.99  915.04    4.23  623.68   76.11
   989    1.55   28.62   23.94    1.96   83.48  892.47  904.11    5.46  624.49   73.37
   990    1.55   28.54   24.37    2.01   83.50  887.63  899.91    3.70  644.58   71.17
   991    1.72   28.44   24.18    2.12   83.25  869.37  883.03    4.70  633.51   66.35
   992    1.71   28.42   24.34    2.17   83.16  864.36  878.66    3.96  639.32   64.58
   993    1.82   28.31   24.28    1.65   84.68  857.48  865.55    4.10  637.38   83.72
   994    1.77   28.82   24.21    1.80   84.30  889.89  899.62    4.39  633.92   79.55
   995    1.71   28.22   24.46    1.89   83.65  867.32  878.14    4.88  649.27   73.85
   996    1.84   28.28   24.22    1.68   84.41  877.49  885.89    4.19  640.83   84.01
   997    1.81   28.55   24.34    1.68   84.53  894.30  902.71    2.49  645.21   85.54
   998    1.83   28.32   24.15    1.84   84.01  888.88  899.05    3.68  634.09   77.85
   999    1.79   28.37   24.30    1.66   84.74  877.09  885.34    2.95  642.43   84.75
  1000    1.80   28.23   24.56    1.45   85.18  872.94  879.09    4.00  653.95   96.64
  1001    1.81   28.10   24.85    1.38   85.72  875.33  880.86    3.13  671.30  101.70
  1002    1.79   28.18   24.80    1.59   84.95  882.60  890.05    2.07  669.79   89.38
  1003    1.84   27.88   24.30    1.60   85.16  868.53  876.11    3.29  649.22   87.29
  1004    1.79   27.67   24.43    1.57   85.30  866.95  874.21    2.99  654.61   88.91
  1005    1.71   27.82   24.56    1.61   84.95  863.48  871.20    3.01  656.06   86.07
  1006    1.69   27.56   24.37    1.77   84.23  847.81  857.25    3.23  650.20   76.97
  1007    1.79   27.63   24.40    1.84   83.84  862.34  872.50    2.85  649.79   75.64
  1008    1.71   27.57   24.07    2.26   82.81  851.21  866.79    1.60  629.89   61.12
  1009    1.83   27.70   23.93    1.86   84.22  857.28  867.66    2.16  622.63   74.47
  1010    1.71   27.52   23.99    2.25   83.04  851.69  867.21    0.99  630.78   61.26
  1011    1.63   27.41   24.61    2.03   83.60  840.65  853.18    1.59  656.46   66.88
  1012    1.64   27.56   24.78    1.75   84.31  854.29  863.51    1.97  665.76   78.42
  1013    1.68   28.07   24.85    1.75   84.43  877.39  886.57    2.33  667.15   80.63
  1014    1.95   28.45   24.52    1.85   84.61  889.69  899.98    2.24  648.89   77.48
  1015    1.89   28.52   24.40    1.80   84.29  877.93  887.66    2.32  640.04   78.54
  1016    1.78   28.73   24.46    1.90   84.18  902.03  912.90    2.73  643.44   76.54
  1017    1.83   28.62   24.55    1.79   84.35  896.34  905.94    1.51  650.86   80.61
  1018    1.82   28.38   24.60    1.88   83.55  889.34  899.99    2.07  652.36   76.24
  1019    1.71   28.49   25.05    1.82   83.79  893.96  903.93    2.19  676.19   79.00
  1020    1.74   28.39   24.77    2.10   83.18  901.49  914.85    3.22  665.38   69.44
  1021    1.59   28.30   24.94    2.04   82.87  881.62  894.27    5.30  675.66   69.72
  1022    1.74   28.59   25.05    1.66   84.58  908.04  916.27    4.35  681.59   87.69
  1023    1.71   28.39   25.05    1.71   84.31  871.05  879.82    4.87  679.96   81.82
  1024    1.78   28.54   25.21    1.75   84.34  898.11  907.23    3.24  688.31   82.70
  1025    1.76   28.75   25.18    1.85   83.82  920.89  931.18    3.52  686.92   80.11
