#time, _distVP, _dist67, _distF,  _domz1, _flattenA, _projA, _domeA, _hrot, _projA_RF, _rad
     0    0.63   19.33   15.60    8.59   52.45  382.86  614.26   25.71  254.69   11.39
     1    0.67   20.97   16.22    7.80   57.13  443.17  633.82   25.24  275.49   12.94
     2    0.66   21.70   16.43    7.31   59.55  471.02  638.45   23.36  282.94   13.91
     3    0.70   22.03   16.96    6.72   61.76  475.57  617.09   21.70  301.41   14.62
     4    0.73   22.64   17.44    6.14   64.19  492.46  610.63   21.84  318.53   15.83
     5    0.81   22.56   17.85    6.04   64.56  498.06  612.27   23.25  333.66   16.15
     6    0.88   22.84   17.99    5.81   65.56  502.50  608.20   18.80  339.12   16.67
     7    0.97   23.46   18.12    5.33   67.92  531.54  620.47   14.21  343.93   18.54
     8    0.97   23.77   18.79    4.98   69.51  545.67  623.24   15.81  370.06   19.93
     9    1.02   23.83   18.77    5.08   69.07  543.64  624.29   17.29  369.78   19.58
    10    0.85   23.32   18.71    4.69   70.34  530.18  599.10   16.66  367.62   20.32
    11    0.94   23.46   18.98    4.58   70.73  531.40  597.06   16.70  378.63   20.75
    12    0.86   23.50   19.22    4.46   71.44  541.57  603.71   19.90  387.96   21.56
    13    0.93   23.39   19.29    4.64   70.58  535.48  602.72   19.17  391.09   20.70
    14    1.01   23.22   19.39    4.42   71.34  533.65  594.86   16.50  394.46   21.41
    15    1.06   23.70   19.35    4.56   70.97  541.82  606.81   13.21  392.77   21.19
    16    1.05   23.63   19.41    4.31   72.08  546.39  604.48   12.49  394.78   22.33
    17    1.00   23.70   19.87    4.32   72.17  556.47  614.68   12.25  413.78   22.68
    18    1.08   23.56   20.04    4.06   73.17  548.41  599.83   13.38  420.93   23.54
    19    0.98   23.50   20.04    4.27   72.25  548.81  605.82   14.83  420.78   22.59
    20    1.08   23.05   19.86    4.11   72.73  533.73  586.44   13.44  413.58   22.73
    21    1.02   23.25   19.94    4.13   72.71  537.62  591.00   13.10  416.68   22.77
    22    1.13   23.33   20.13    4.13   72.57  537.00  590.41   12.61  425.45   22.74
    23    1.15   23.24   20.18    3.93   73.39  531.20  579.55   13.43  427.13   23.45
    24    1.09   23.96   20.44    3.70   74.55  555.89  598.61   13.97  439.13   25.76
    25    1.06   23.79   20.15    3.98   73.39  546.23  595.79   14.54  426.22   23.81
    26    1.11   23.41   20.05    4.07   72.90  538.91  590.56   12.86  423.08   23.13
    27    1.12   23.70   20.15    3.80   74.00  542.42  587.56   13.88  426.48   24.60
    28    1.15   24.03   20.07    3.76   74.31  557.16  601.32   12.62  423.58   25.45
    29    1.15   24.09   19.84    4.09   73.10  559.76  611.95   12.07  413.65   23.84
    30    1.08   24.13   19.96    4.00   73.38  565.85  615.90   10.62  417.95   24.49
    31    1.06   23.98   19.94    3.99   73.49  558.79  608.39   11.75  416.80   24.31
    32    1.13   24.03   20.23    3.65   74.67  561.17  602.71   12.76  428.80   26.30
    33    1.06   24.18   20.21    3.58   75.05  565.74  605.63   11.19  428.88   26.96
    34    1.22   24.09   20.38    3.65   74.63  561.04  602.59   11.01  435.61   26.29
    35    1.12   23.98   20.39    3.63   74.63  558.04  599.19   11.43  436.02   26.26
    36    1.14   23.90   20.42    3.58   74.72  556.68  596.66   12.41  437.86   26.53
    37    1.09   23.39   20.45    3.69   74.04  535.85  578.41   12.91  438.51   24.94
    38    1.13   23.71   20.30    3.80   73.76  546.84  591.79   12.19  432.93   24.83
    39    1.12   23.90   20.00    3.66   74.44  548.51  590.31    7.76  419.31   25.68
    40    1.07   23.67   20.31    3.92   73.33  540.65  588.72   11.28  433.44   23.89
    41    1.11   23.86   19.91    3.91   73.37  549.05  596.74   10.66  416.39   24.31
    42    1.15   24.10   20.20    3.74   74.17  560.40  603.96   11.46  428.81   25.74
    43    1.15   24.41   20.44    3.71   74.50  575.30  618.32    9.38  439.26   26.51
    44    1.13   24.70   20.36    3.72   74.53  585.42  628.55    9.12  435.88   26.92
    45    1.16   24.65   20.23    4.03   73.34  588.96  639.55    8.94  432.24   25.30
    46    1.11   24.68   20.24    4.00   73.48  587.24  637.17    9.90  432.09   25.37
    47    1.05   24.58   20.40    4.10   73.16  586.96  639.54    7.46  438.62   24.82
    48    1.11   24.52   20.48    3.84   74.01  580.91  626.85    7.65  441.91   26.01
    49    1.11   24.57   20.73    3.69   74.97  583.53  625.94    7.58  451.22   27.03
    50    1.15   24.46   20.53    3.83   74.36  578.55  624.20    8.19  443.48   25.98
    51    1.09   24.25   20.28    3.63   74.85  569.61  610.73    6.47  431.58   26.78
    52    1.13   24.42   20.07    3.58   75.20  582.19  622.08    6.95  423.75   27.69
    53    1.17   24.46   20.42    3.62   74.84  574.60  615.37    8.52  438.81   27.10
    54    1.13   24.48   20.53    3.69   74.36  578.74  621.23    9.73  446.22   26.80
    55    1.16   24.49   20.64    3.65   74.87  587.33  628.90    7.73  451.45   27.42
    56    1.15   24.48   20.54    3.55   75.38  582.34  621.62    8.81  444.49   27.88
    57    1.22   24.93   20.39    3.33   76.28  602.08  636.59    7.41  439.89   30.44
    58    1.21   25.23   20.65    3.34   76.51  615.73  650.35    7.12  452.31   31.05
    59    1.24   25.28   21.14    3.32   76.35  618.33  652.61    7.35  472.35   31.31
    60    1.17   25.13   21.02    3.26   76.52  614.43  647.40    6.61  467.21   31.67
    61    1.13   25.24   20.98    2.80   78.71  622.27  646.59    7.37  467.48   36.76
    62    1.20   25.09   20.73    2.93   77.95  603.97  630.63    4.43  455.48   34.26
    63    1.14   25.19   21.08    3.40   76.29  616.85  652.80    7.13  469.76   30.59
    64    1.07   25.42   21.05    3.16   77.11  618.78  649.72    7.07  471.62   32.79
    65    1.18   25.43   21.06    3.17   77.17  624.38  655.72    6.26  469.07   32.89
    66    1.12   25.61   21.08    3.20   77.01  626.61  658.36    7.20  469.04   32.80
    67    1.18   25.52   20.64    3.46   76.06  622.30  659.62    9.04  449.48   30.34
    68    1.14   25.27   20.59    3.36   76.43  612.58  647.68    8.02  447.86   30.71
    69    1.14   25.17   20.65    3.39   75.98  605.75  641.59    9.27  451.13   30.11
    70    1.15   25.33   20.84    3.10   77.27  615.62  645.55    8.31  459.13   33.12
    71    1.20   25.45   20.70    3.43   75.92  613.91  650.44    7.12  454.14   30.24
    72    1.07   24.77   21.04    3.59   75.25  592.96  633.21    9.04  466.78   28.06
    73    1.27   25.21   20.95    3.22   76.92  607.59  639.86    7.87  461.95   31.63
    74    1.18   24.69   20.32    3.60   75.20  583.57  624.00    8.30  435.19   27.59
    75    1.20   24.82   20.12    3.57   75.43  592.48  632.11    6.77  428.29   28.23
    76    1.17   24.25   20.34    3.54   75.21  570.05  609.04    3.57  437.56   27.42
    77    1.24   24.34   20.27    3.29   76.24  572.92  606.71    4.80  435.23   29.32
    78    1.09   24.26   20.60    3.27   76.19  567.04  600.29    6.59  447.71   29.25
    79    1.17   24.10   20.58    3.27   76.26  559.77  593.14    6.12  445.60   28.85
    80    1.22   23.77   20.44    3.56   74.93  550.93  590.49    5.50  439.98   26.40
    81    1.14   23.65   20.71    3.69   74.44  553.33  595.75    6.81  452.67   25.73
    82    1.09   23.81   20.70    3.85   73.82  555.43  601.63    6.09  452.02   24.90
    83    1.13   24.15   20.88    3.51   75.20  563.33  601.67    5.14  459.74   27.32
    84    1.13   24.01   21.07    3.19   76.40  558.62  590.26    6.81  466.74   29.48
    85    1.20   24.02   21.20    3.20   76.41  562.65  594.53    5.68  473.53   29.58
    86    1.14   24.29   21.17    3.30   76.19  568.84  602.85    7.72  473.40   29.05
    87    1.15   24.17   21.17    3.24   76.17  569.17  601.75    4.99  473.49   29.62
    88    1.19   24.13   21.33    3.31   75.87  564.00  598.04    4.68  480.37   28.80
    89    1.14   24.46   21.30    3.19   76.12  577.86  609.55    5.30  480.18   30.41
    90    1.16   24.65   21.04    3.46   75.21  587.82  625.08    7.02  470.07   28.78
    91    1.05   24.38   21.14    3.13   76.40  574.99  605.50    5.20  473.90   30.79
    92    1.19   24.52   21.20    3.00   77.00  577.91  605.82    6.76  478.29   32.19
    93    1.13   24.15   21.27    2.80   77.70  576.47  600.85    5.71  481.10   34.13
    94    1.17   24.28   21.09    2.93   77.55  583.85  610.59    5.03  471.38   33.14
    95    1.07   24.61   21.22    3.04   77.42  597.59  626.32    7.95  474.97   32.80
    96    1.10   24.44   21.24    2.98   77.30  582.35  609.88    7.86  478.89   32.62
    97    1.13   24.99   20.87    3.17   77.21  609.69  641.03    6.31  464.11   32.15
    98    1.08   24.91   20.85    3.15   77.09  599.87  630.67    9.53  461.65   31.91
    99    1.19   25.00   20.34    3.09   77.17  607.52  637.28    7.24  442.09   32.79
   100    1.15   24.97   20.82    2.62   78.99  610.37  631.57    6.53  462.11   38.43
   101    1.02   24.62   20.71    2.81   78.05  598.28  622.81    6.03  459.64   35.26
   102    1.13   24.56   20.84    2.69   78.39  588.89  611.37    6.74  464.37   36.15
   103    1.10   24.85   20.90    3.09   76.70  605.68  635.28    7.68  469.53   32.78
   104    1.09   24.87   20.89    2.74   77.95  601.72  625.03    8.65  469.39   36.29
   105    1.15   24.49   20.55    2.99   76.76  584.69  612.48    5.56  453.03   32.61
   106    1.15   24.70   20.75    2.72   77.90  592.81  615.73    7.93  463.02   36.06
   107    1.14   24.65   20.77    2.84   77.44  592.17  617.26    8.12  462.59   34.57
   108    1.10   25.07   20.61    2.93   77.22  607.48  634.17    5.02  452.57   34.44
   109    1.13   24.59   20.52    3.12   76.31  587.50  617.82    5.75  452.81   31.51
   110    1.20   24.84   20.79    3.12   76.66  602.77  633.07    6.07  464.40   32.29
   111    1.11   25.06   20.80    2.97   77.47  605.80  633.20    4.89  464.46   33.94
   112    1.09   25.10   20.93    2.89   77.92  606.17  632.07    7.11  469.18   34.84
   113    1.08   24.82   21.28    2.84   77.91  596.32  621.35    7.79  484.44   34.84
   114    1.13   24.82   21.30    2.83   77.97  601.31  626.23    6.65  484.10   35.18
   115    1.13   24.76   21.43    2.92   77.58  602.10  628.62    5.51  491.28   34.24
   116    1.06   24.97   21.62    3.13   76.74  612.96  643.41    7.58  502.33   32.73
   117    1.12   24.99   21.60    2.96   77.22  609.44  636.63    6.66  499.65   34.26
   118    1.11   24.74   21.52    2.83   77.61  596.22  621.05    5.69  498.19   34.95
   119    1.09   24.85   21.79    2.54   78.84  604.46  624.48    7.10  512.80   39.09
   120    1.15   25.10   21.66    2.66   78.79  619.61  641.51    6.85  507.16   38.40
   121    1.10   24.98   21.81    2.95   77.84  614.23  641.30    7.48  511.28   34.58
   122    1.07   24.77   21.77    2.81   77.98  605.34  629.82    5.33  511.97   35.70
   123    1.11   24.73   21.96    2.91   77.53  605.71  632.08    7.23  523.90   34.53
   124    1.08   24.77   21.98    2.76   78.33  607.64  631.18    5.39  523.01   36.47
   125    1.06   24.69   21.98    2.95   77.29  601.93  628.95    5.44  525.07   33.95
   126    1.08   24.75   21.91    3.11   76.89  613.29  643.44    8.41  521.92   32.89
   127    1.03   24.50   21.78    2.91   77.34  601.70  628.03    8.08  516.12   34.34
   128    0.99   24.81   21.69    3.07   76.98  606.49  635.84    5.92  513.67   32.95
   129    0.92   24.67   21.58    2.91   77.50  598.83  625.06    9.87  505.10   34.24
   130    1.05   24.69   21.80    2.87   77.47  604.70  630.22    6.20  515.49   34.99
   131    0.97   24.63   21.83    2.82   77.36  602.49  627.17    6.76  517.03   35.41
   132    1.12   24.77   21.87    2.59   78.55  607.69  628.49    5.02  520.04   38.60
   133    1.18   24.77   21.50    2.79   77.55  605.82  629.96    5.50  497.43   35.95
   134    1.10   24.63   21.74    2.85   77.15  598.81  623.97    6.72  514.57   34.90
   135    1.04   24.36   21.61    2.94   76.86  588.59  615.51    5.27  508.89   33.29
   136    1.09   24.24   22.02    3.06   76.25  588.73  617.74    6.42  528.51   32.19
   137    1.11   24.17   21.99    2.62   78.23  587.44  608.77    5.84  524.78   36.93
   138    1.13   24.63   21.75    2.67   78.18  598.83  620.85    4.68  512.63   37.07
   139    1.08   24.67   22.08    2.35   79.21  602.96  619.93    6.22  535.30   42.08
   140    1.04   24.84   22.06    2.41   79.08  609.92  627.92    5.51  528.50   41.41
   141    1.15   25.04   22.01    2.86   77.58  622.88  648.23    6.22  528.21   36.10
   142    1.09   25.21   21.81    2.76   78.02  625.16  648.85    5.12  520.57   37.37
   143    1.12   25.32   21.74    2.71   78.28  632.53  655.32    5.21  514.40   38.46
   144    1.06   25.29   21.82    2.70   78.33  631.20  653.78    4.52  517.67   38.55
   145    1.16   25.65   21.78    2.92   77.67  635.54  661.97    4.44  519.73   36.11
   146    1.10   25.66   21.72    2.89   77.84  642.57  668.45    4.05  518.70   36.85
   147    1.02   25.76   21.79    2.69   78.31  649.11  671.57    5.27  520.52   39.70
   148    1.07   26.14   21.77    2.66   78.60  673.12  694.97    7.76  517.23   41.62
   149    1.12   25.64   21.54    2.69   78.36  655.05  677.38    7.71  508.40   40.16
   150    1.08   25.75   21.60    2.80   78.03  660.90  685.25    6.54  506.45   38.91
   151    0.95   25.91   21.70    2.63   79.07  667.05  688.45    7.81  511.13   41.66
   152    0.95   26.00   21.88    2.77   78.32  668.77  692.48    6.67  524.76   39.84
   153    1.00   25.89   21.60    2.74   78.55  663.89  687.17    8.29  506.16   39.90
   154    1.01   25.79   21.88    2.71   78.58  663.63  686.28    6.57  523.54   40.39
   155    1.03   26.01   22.14    2.28   80.21  674.69  690.62    7.00  538.03   48.31
   156    1.10   25.91   22.03    2.44   79.25  672.11  690.40    7.06  530.19   45.12
   157    1.12   26.01   22.36    2.43   79.46  677.53  695.70    5.76  544.78   45.62
   158    0.98   26.19   22.15    2.31   80.05  684.50  700.89    7.31  538.45   48.34
   159    1.14   26.21   22.46    2.20   80.69  692.80  707.71    6.09  552.59   51.12
   160    1.19   26.08   22.32    2.97   78.13  682.34  709.68    5.31  540.31   38.06
   161    1.09   26.13   22.39    2.69   78.88  691.54  713.88    7.79  549.31   42.29
   162    1.15   26.37   22.28    2.76   78.73  695.76  719.35    5.97  541.86   41.48
   163    1.15   26.66   22.39    2.69   78.92  705.39  727.83    6.09  550.70   43.01
   164    1.09   26.32   22.36    2.95   77.79  696.95  723.95    6.30  549.92   39.06
   165    1.20   26.26   22.01    3.12   76.95  695.73  726.01    6.88  532.72   37.02
   166    1.12   26.30   22.31    2.86   77.96  696.05  721.44    7.28  550.27   40.12
   167    1.18   26.39   22.22    3.12   77.19  700.35  730.47    7.76  544.55   37.34
   168    1.23   26.17   22.12    2.94   77.66  688.27  715.09    7.49  538.27   38.71
   169    1.23   26.16   22.27    2.95   77.87  686.33  713.26    6.93  546.60   38.53
   170    1.23   26.12   22.14    2.89   77.81  686.56  712.49    8.55  537.73   39.22
   171    1.20   26.14   22.00    2.59   79.17  686.38  707.17    6.31  530.80   43.40
   172    1.22   26.43   22.01    2.61   79.54  690.37  711.37    6.47  534.36   43.44
   173    1.17   26.34   21.95    3.11   77.80  694.28  724.35    6.85  532.03   37.06
   174    1.17   26.86   22.26    2.95   78.21  723.70  750.72    6.53  547.57   40.48
   175    1.21   26.93   22.41    2.91   77.97  722.97  749.22    6.61  558.70   40.98
   176    1.16   26.90   22.34    3.23   76.72  713.16  745.62    6.99  554.10   36.72
   177    1.23   26.76   22.46    3.03   77.64  714.17  742.57    5.45  560.34   39.06
   178    1.21   26.43   22.33    2.52   79.44  703.75  723.39    7.26  551.62   45.65
   179    1.27   26.44   22.45    2.32   80.38  701.12  717.60    6.30  550.89   49.34
   180    1.16   26.58   22.75    2.27   80.39  707.12  722.92    7.14  569.99   50.74
   181    1.22   26.24   22.65    2.66   78.95  693.87  715.73    7.69  562.54   42.86
   182    1.13   26.25   22.58    2.44   79.71  698.15  716.49    8.04  560.67   46.75
   183    1.14   26.36   22.43    2.44   79.76  704.47  722.85    9.51  549.86   47.13
   184    1.21   26.66   22.29    2.35   80.06  710.03  726.99    6.76  541.66   49.29
   185    1.19   26.52   22.59    2.42   79.65  706.05  724.06    8.24  553.72   47.67
   186    1.19   26.46   22.48    2.20   80.36  707.28  722.16    7.05  558.21   52.21
   187    1.17   26.15   22.13    2.51   79.36  691.86  711.28    7.66  537.42   45.14
   188    1.18   26.05   22.58    2.57   79.12  691.31  711.69    7.14  556.56   44.10
   189    1.15   25.99   22.46    2.51   78.95  683.47  702.85    7.47  554.69   44.65
   190    1.16   26.30   22.57    2.43   79.51  699.50  717.76    7.56  559.70   46.94
   191    1.16   26.44   23.00    2.34   80.11  703.29  720.18    7.50  582.62   48.92
   192    1.19   26.21   22.80    2.14   81.02  693.02  707.10    5.58  570.18   52.53
   193    1.16   25.98   22.98    2.22   80.56  688.07  703.21    5.47  575.17   50.43
   194    1.21   26.26   23.31    2.19   80.88  696.01  710.65    8.68  591.79   51.79
   195    1.16   26.42   23.37    2.28   80.55  707.66  723.56    6.70  595.50   50.63
   196    1.10   26.16   23.44    2.28   80.46  691.15  707.14    6.20  592.90   49.36
   197    1.06   26.44   23.30    2.49   79.78  703.75  722.79    6.81  589.69   46.31
   198    1.15   26.51   23.24    2.39   80.28  702.49  720.05    7.63  586.75   47.99
   199    1.18   25.95   23.41    2.68   79.18  684.78  707.02    5.88  601.37   41.98
   200    1.20   26.22   23.32    2.77   78.72  694.17  717.88    6.89  598.98   41.29
   201    1.20   26.40   23.02    2.71   79.17  698.95  721.62    6.44  582.49   42.43
   202    1.25   26.33   23.08    2.74   78.81  690.67  713.81    7.48  582.75   41.56
   203    1.23   26.57   23.28    2.56   80.02  707.10  727.39    8.27  592.42   45.17
   204    1.30   26.64   23.08    2.60   79.36  710.94  731.75    6.40  582.94   44.87
   205    1.17   26.90   23.09    2.63   79.58  723.53  744.89    7.07  585.20   45.09
   206    1.19   26.83   23.07    2.39   80.53  724.45  742.01    4.98  582.93   49.46
   207    1.23   27.06   22.96    2.20   80.97  730.93  745.75    7.99  575.46   53.99
   208    1.39   27.41   22.99    2.52   80.14  750.23  769.72    5.67  578.43   48.71
   209    1.26   27.41   22.91    2.29   80.96  742.98  759.13    5.33  573.20   52.69
   210    1.21   27.02   22.74    2.52   80.24  732.40  751.96    7.01  571.64   47.53
   211    1.22   27.30   23.19    2.36   80.69  743.81  760.94    6.13  593.27   51.32
   212    1.19   27.16   23.21    2.60   79.89  742.64  763.49    7.23  594.09   46.76
   213    1.20   27.27   22.52    2.75   79.45  741.31  764.76    6.38  564.00   44.21
   214    1.22   26.95   23.12    2.43   80.42  729.52  747.75    6.26  591.16   48.92
   215    1.24   27.04   23.10    2.52   79.88  735.15  754.66    7.09  599.52   47.76
   216    1.16   27.36   23.01    2.35   80.82  747.01  764.01    7.55  590.06   51.70
   217    1.18   27.57   23.15    2.66   79.68  757.82  779.61    7.66  595.05   46.72
   218    1.35   27.33   22.82    2.89   79.04  750.17  776.01    5.48  577.68   42.76
   219    1.27   27.76   22.81    2.97   79.26  773.27  800.60    5.25  573.92   42.91
   220    1.16   27.79   23.40    2.48   80.42  776.96  795.87    7.59  604.09   51.11
   221    1.13   27.84   23.46    2.36   80.81  772.01  789.04    6.53  605.88   53.34
   222    1.14   27.74   23.62    2.27   80.87  774.46  790.30    5.93  611.87   55.35
   223    1.13   27.75   23.41    2.43   80.25  773.13  791.25    5.79  608.11   51.89
   224    1.27   28.07   23.42    2.89   79.37  782.10  807.89    6.01  604.69   44.55
   225    1.15   28.12   23.70    2.73   80.01  790.53  813.46    5.40  620.07   47.52
   226    1.19   27.99   23.62    2.67   80.24  787.32  809.34    6.29  621.72   48.23
   227    1.21   28.13   23.61    2.68   80.26  797.89  820.11    5.51  618.55   48.65
   228    1.19   28.23   23.97    2.27   82.08  807.54  823.28    5.84  639.85   57.81
   229    1.16   28.33   24.15    2.47   81.45  809.31  828.04    4.44  648.20   53.41
   230    1.21   27.91   24.30    2.45   80.98  798.47  816.85    5.86  659.90   53.19
   231    1.23   28.10   24.40    2.05   82.20  798.93  811.78    4.68  668.83   62.91
   232    1.14   28.39   24.14    2.34   81.23  806.93  823.64    4.92  655.96   56.16
   233    1.25   28.22   24.36    2.49   80.37  799.52  818.53    5.31  668.87   52.42
   234    1.20   28.30   24.19    2.41   80.86  809.96  827.72    6.04  660.48   54.78
   235    1.25   28.18   23.96    2.44   80.76  797.12  815.42    5.95  648.02   53.19
   236    1.20   28.43   24.16    2.82   79.35  807.81  832.46    6.44  661.91   46.93
   237    1.09   28.29   24.02    2.86   80.09  795.91  821.24    4.56  658.36   45.68
   238    1.25   28.87   23.70    2.64   80.33  806.19  827.65    6.34  632.82   49.94
   239    1.22   28.63   23.65    2.27   81.45  806.29  822.12    5.41  634.09   57.57
   240    1.15   28.82   23.63    2.22   81.40  811.47  826.57    6.06  637.63   59.21
   241    1.27   28.31   23.60    2.57   79.89  789.41  809.76    7.04  636.14   50.16
   242    1.25   28.23   23.75    2.83   79.74  787.41  812.15    4.92  642.69   45.70
   243    1.20   28.50   23.89    2.68   79.69  799.99  822.14    6.88  654.88   48.84
   244    1.17   28.53   24.09    2.47   80.88  798.23  817.04    6.38  652.26   52.60
   245    1.18   28.90   23.97    2.38   81.43  821.43  838.78    4.87  650.51   56.16
   246    1.28   28.58   23.75    2.67   80.35  804.93  826.98    5.08  635.23   49.24
   247    1.16   28.44   23.66    2.68   80.20  792.04  814.21    5.85  632.70   48.36
   248    1.13   28.58   23.99    2.43   80.73  798.20  816.35    6.37  647.22   53.47
   249    1.26   28.43   23.77    2.78   79.69  796.24  820.17    6.51  647.80   46.92
   250    1.14   28.36   23.82    2.71   80.08  797.12  819.79    6.05  650.41   48.15
   251    1.27   28.76   23.79    2.82   79.72  813.57  838.21    5.90  645.29   47.25
   252    1.25   28.78   24.00    2.69   80.40  819.75  842.14    5.78  659.59   49.76
   253    1.22   28.87   23.84    2.53   80.81  826.16  845.82    6.51  646.16   53.25
   254    1.28   28.75   24.33    2.36   81.41  821.09  838.16    6.40  663.34   56.56
   255    1.19   29.00   24.26    2.64   80.68  826.45  847.95    7.51  656.83   51.11
   256    1.23   28.80   24.17    2.54   80.76  817.72  837.58    7.81  652.26   52.49
   257    1.25   28.57   24.14    2.53   80.20  804.07  823.80    9.40  646.46   51.80
   258    1.10   28.63   24.13    2.59   79.79  814.00  834.70    6.87  648.09   51.26
   259    1.23   28.63   23.98    2.61   79.92  816.75  837.64    6.02  646.32   51.20
   260    1.22   28.63   24.58    2.58   79.68  814.71  835.22    7.98  675.05   51.52
   261    1.25   28.72   24.27    2.65   79.45  816.19  837.75    8.19  656.84   50.43
   262    1.23   28.40   24.35    2.77   79.21  804.23  827.92    5.10  659.99   47.59
   263    1.24   28.51   24.39    2.80   79.44  815.08  839.23    6.59  663.44   47.78
   264    1.26   28.23   23.96    2.93   78.62  795.06  821.70    8.12  641.77   44.59
   265    1.12   28.49   23.95    2.79   79.29  809.85  833.88    6.73  649.79   47.60
   266    1.21   28.53   23.94    2.53   79.13  809.31  829.01    8.70  649.02   52.16
   267    1.16   28.69   24.07    2.54   79.77  817.11  836.88    8.34  649.15   52.56
   268    1.10   28.73   24.24    2.55   79.33  815.81  835.76    7.55  662.10   52.26
   269    1.14   28.39   24.27    2.51   79.54  796.65  815.96    8.14  666.67   51.85
   270    1.13   28.18   24.22    2.63   78.74  781.94  803.18   10.20  655.61   48.72
   271    1.15   28.18   24.22    2.54   79.26  786.62  806.47    8.21  647.87   50.56
   272    1.19   28.32   24.23    2.67   79.73  794.30  816.20    7.87  646.13   48.77
   273    1.19   28.28   24.43    2.44   80.25  788.64  806.93    7.47  661.38   52.66
   274    1.20   28.47   24.24    2.37   80.51  800.54  817.81    7.23  655.58   54.89
   275    1.19   28.19   24.33    2.60   79.45  794.44  815.20    9.59  660.95   50.00
   276    1.14   28.06   24.25    2.68   78.80  787.23  809.38    9.60  658.27   48.09
   277    1.18   28.95   24.11    2.79   79.15  824.07  848.03    9.81  648.08   48.46
   278    1.17   28.55   24.39    2.55   79.81  808.56  828.63    7.69  660.78   51.66
   279    1.29   28.49   24.41    2.42   79.72  800.02  817.98    6.14  665.45   53.87
   280    1.23   28.21   24.14    2.75   78.75  792.22  815.50    8.92  654.37   47.28
   281    1.24   28.33   24.48    2.32   80.53  807.31  823.79    7.16  671.23   56.56
   282    1.19   28.61   24.06    2.49   79.84  817.83  836.92    8.43  652.90   53.46
   283    1.14   28.74   24.31    2.40   80.24  825.65  843.30    9.03  669.82   55.97
   284    1.27   28.80   24.28    2.30   80.55  820.74  836.96    8.29  674.70   57.90
   285    1.24   28.51   24.49    2.43   80.15  810.94  829.05    7.70  685.26   54.37
   286    1.21   28.35   24.20    2.37   80.22  804.65  821.89    7.76  671.87   55.20
   287    1.16   28.47   24.26    2.43   80.20  813.14  831.23    9.14  670.92   54.53
   288    1.17   28.47   24.50    2.11   80.99  808.65  822.18   10.24  690.47   62.14
   289    1.14   28.28   24.78    2.27   80.92  801.84  817.57    8.75  696.12   57.43
   290    1.23   28.27   24.44    2.13   80.86  802.28  816.13    9.57  687.06   61.00
   291    1.16   28.32   24.46    2.06   80.68  798.41  811.32   10.44  686.57   62.74
   292    1.11   28.11   24.42    2.11   80.66  798.04  811.57    9.08  676.50   61.35
   293    1.13   28.10   24.53    2.36   80.10  794.97  811.99    8.23  670.51   54.89
   294    1.28   28.04   24.50    2.23   80.51  791.66  806.89    6.56  670.26   57.59
   295    1.17   28.07   24.55    2.43   80.20  798.69  816.77    8.17  671.77   53.61
   296    1.28   27.85   24.51    2.45   80.04  788.60  807.09    8.32  674.04   52.40
   297    1.24   28.18   24.29    2.31   80.19  801.35  817.73    9.14  671.27   56.31
   298    1.24   28.43   24.44    2.24   81.33  812.57  827.93    9.87  673.96   58.84
   299    1.20   28.04   24.32    2.26   80.60  791.70  807.32    9.77  675.13   56.91
   300    1.17   28.21   24.38    2.38   79.84  796.33  813.72    9.19  675.59   54.42
   301    1.31   28.24   24.24    2.54   79.21  795.03  814.89    9.90  662.90   51.08
   302    1.21   28.21   24.16    2.35   80.47  798.30  815.21    8.22  660.78   55.28
   303    1.24   27.85   24.69    2.29   80.67  775.74  791.82    7.37  682.51   55.06
   304    1.16   27.96   24.65    2.26   81.39  790.87  806.48    5.32  686.49   56.87
   305    1.21   28.11   24.50    2.49   79.67  797.59  816.61    6.70  678.62   52.28
   306    1.25   28.01   24.75    2.45   80.58  786.98  805.38    6.51  688.95   52.42
   307    1.27   28.20   24.80    2.14   81.64  791.32  805.34    7.46  689.53   59.84
   308    1.20   28.38   25.19    2.14   81.99  806.58  820.58    7.27  707.26   60.99
   309    1.34   28.29   25.02    2.27   80.98  802.96  818.74    6.11  709.36   57.42
   310    1.28   28.28   24.79    2.21   81.24  801.34  816.22    7.11  691.58   58.90
   311    1.28   28.68   25.07    2.08   82.08  816.21  829.33    7.53  705.75   63.60
   312    1.25   28.53   24.88    2.26   81.67  810.78  826.38    8.02  688.22   58.29
   313    1.30   28.73   24.75    1.91   82.54  817.64  828.65    6.36  678.67   69.18
   314    1.29   29.38   24.97    2.07   82.18  851.18  864.21    8.79  687.73   66.48
   315    1.31   29.09   24.93    2.11   82.34  832.41  845.98    7.76  691.88   63.82
   316    1.30   29.40   24.78    2.05   82.54  853.94  866.74    7.23  685.77   67.23
   317    1.27   29.50   24.92    1.95   82.76  849.68  861.16    7.98  691.84   70.41
   318    1.23   29.32   25.06    1.92   82.56  839.06  850.21    7.44  702.45   70.48
   319    1.23   29.43   25.23    2.00   82.62  854.05  866.13    8.14  707.04   69.10
   320    1.30   29.38   24.85    2.16   81.86  850.31  864.57    5.38  685.91   63.63
   321    1.27   29.68   24.76    2.03   82.57  855.61  868.06    6.47  675.97   68.23
   322    1.30   30.02   25.10    1.97   82.97  879.23  890.95    7.11  697.98   72.09
   323    1.23   29.75   25.15    2.12   82.42  870.91  884.64    9.12  699.60   66.32
   324    1.26   29.66   24.86    2.29   81.53  870.67  886.69    8.04  681.66   61.67
   325    1.29   29.75   25.24    2.00   82.21  869.24  881.32    5.93  700.34   70.29
   326    1.30   29.78   24.91    2.09   82.00  866.81  880.12    7.77  681.11   66.99
   327    1.28   29.64   24.85    1.77   83.23  861.69  871.12    6.93  680.16   78.26
   328    1.17   29.53   24.99    2.13   81.80  854.37  868.23    7.41  683.62   64.80
   329    1.27   29.46   24.86    1.96   82.23  856.94  868.57    6.44  678.09   70.58
   330    1.27   29.42   25.15    2.03   82.33  856.75  869.22    6.60  691.30   68.28
   331    1.28   29.52   25.00    1.97   82.73  861.41  873.18    6.94  684.53   70.52
   332    1.33   29.69   25.18    1.95   82.83  870.74  882.19    8.56  694.26   72.19
   333    1.25   29.52   25.15    2.09   82.65  862.73  876.06    6.66  700.33   66.62
   334    1.27   29.53   25.05    2.11   82.65  859.77  873.28    7.11  694.49   65.97
   335    1.23   29.73   25.21    2.07   82.50  873.89  886.86    7.34  702.87   68.35
   336    1.28   29.58   25.10    1.88   82.97  874.24  884.95    6.89  695.66   74.76
   337    1.29   29.53   25.11    1.85   83.20  872.66  882.96    6.29  700.16   76.03
   338    1.26   29.11   24.72    2.31   82.06  851.44  867.77    5.29  672.45   59.81
   339    1.21   29.20   24.91    2.51   81.53  851.46  870.85    5.78  683.83   55.19
   340    1.22   29.13   24.77    2.21   82.15  850.51  865.45    7.15  674.89   62.29
   341    1.39   29.01   24.76    2.47   80.92  847.50  866.30    6.95  673.12   55.74
   342    1.41   28.83   24.91    2.19   82.14  827.38  841.99    5.71  674.05   61.29
   343    1.25   28.83   24.65    2.19   81.94  831.67  846.34    6.66  659.48   61.48
   344    1.29   28.66   24.77    2.16   82.27  828.79  843.09    6.37  669.06   62.02
   345    1.42   28.46   24.90    1.96   82.90  814.67  826.33    4.09  675.13   67.11
   346    1.33   28.80   24.73    2.15   82.19  827.23  841.29    6.92  670.52   62.37
   347    1.42   28.74   24.70    2.20   81.97  818.79  833.61    6.67  660.92   60.25
   348    1.38   28.75   25.07    2.15   82.43  832.04  846.06    6.08  688.55   62.81
   349    1.39   28.44   25.00    2.08   82.82  812.86  826.09    5.07  684.17   63.12
   350    1.50   28.57   25.07    2.21   82.24  820.61  835.48    5.48  680.60   60.30
   351    1.51   28.35   24.85    2.23   81.98  813.66  828.85    5.39  671.09   59.20
   352    1.49   28.50   24.72    1.95   82.65  819.12  830.69    6.05  661.43   67.69
   353    1.55   28.47   24.65    2.14   82.24  816.99  831.01    5.68  657.99   61.72
   354    1.49   28.81   24.88    2.20   82.15  825.43  840.24    7.42  666.61   60.76
   355    1.44   28.72   24.90    2.41   81.77  823.36  841.14    5.46  670.76   55.64
   356    1.39   28.93   24.87    2.30   81.98  834.05  850.21    5.00  670.96   58.91
   357    1.44   28.57   24.69    2.33   81.69  812.16  828.76    6.00  661.09   56.70
   358    1.44   29.09   24.90    2.09   82.46  838.53  851.84    6.56  666.80   64.86
   359    1.43   28.80   25.48    2.00   82.64  814.48  826.59    4.95  693.22   65.91
   360    1.43   28.71   25.26    2.23   81.62  812.27  827.45    5.80  685.71   59.13
   361    1.39   29.06   25.32    1.99   82.30  822.88  834.88    5.84  687.18   66.86
   362    1.37   29.01   24.95    2.22   81.67  822.66  837.76    7.97  669.65   60.02
   363    1.48   28.77   25.02    1.99   82.19  821.33  833.32    7.95  674.82   66.75
   364    1.40   29.18   24.76    2.22   81.72  836.64  851.76    5.89  661.97   60.97
   365    1.39   29.04   24.67    2.53   80.41  828.26  847.92    6.49  657.30   53.38
   366    1.43   29.12   24.40    2.45   80.92  830.98  849.35    9.42  642.65   55.28
   367    1.29   29.29   24.79    2.09   82.32  834.98  848.28    6.74  666.35   64.62
   368    1.25   29.49   25.09    1.89   82.79  852.01  862.77    8.49  685.54   72.77
   369    1.43   29.55   24.96    2.12   82.02  856.08  869.79    9.13  679.88   65.26
   370    1.31   29.37   25.03    1.98   82.31  851.48  863.37    9.99  685.33   69.40
   371    1.39   29.78   24.66    1.93   82.64  869.85  881.05    7.96  662.58   72.87
   372    1.37   29.75   24.91    1.71   83.41  873.84  882.58    7.61  671.37   82.18
   373    1.49   29.85   24.98    1.93   82.83  877.17  888.42    7.67  676.32   73.32
   374    1.41   29.64   24.66    1.90   82.54  862.11  872.96    8.18  665.63   73.30
   375    1.32   30.12   24.84    1.89   82.61  880.42  891.25    9.28  670.46   74.90
   376    1.30   30.00   24.70    1.71   83.60  878.12  886.80    7.73  663.40   82.82
   377    1.31   29.47   24.61    1.95   82.33  866.35  877.84   10.26  668.89   71.71
   378    1.33   29.39   24.76    2.08   82.14  863.11  876.29    9.69  675.00   66.98
   379    1.31   29.02   25.02    2.10   82.10  845.58  859.01   10.78  689.81   65.09
   380    1.42   29.38   25.24    1.99   82.81  869.24  881.18    9.53  701.70   70.64
   381    1.43   29.46   25.13    2.16   81.81  872.09  886.28    9.76  698.21   65.36
   382    1.38   29.81   25.08    2.02   82.08  878.04  890.44   10.57  697.90   70.10
   383    1.41   29.66   25.16    2.02   82.50  874.90  887.21   10.76  710.36   70.09
   384    1.30   29.83   25.12    2.19   82.15  886.88  901.43    8.15  709.70   65.67
   385    1.42   30.06   25.29    1.84   83.21  900.58  910.77    8.48  714.07   78.76
   386    1.30   30.44   25.37    1.79   83.82  918.24  927.87    9.26  709.83   82.40
   387    1.34   30.48   25.28    2.07   83.00  916.95  929.89    7.65  701.78   71.66
   388    1.32   30.29   25.07    1.80   83.70  913.69  923.41    7.11  698.25   81.63
   389    1.39   30.29   25.18    2.13   82.62  907.47  921.31    7.54  697.92   68.73
   390    1.40   29.79   25.06    2.29   81.90  881.07  897.03    8.75  690.88   62.49
   391    1.44   29.62   25.00    1.90   83.47  875.27  886.22    8.70  687.54   74.08
   392    1.38   29.63   25.21    2.01   83.40  878.80  891.08    7.06  694.62   70.48
   393    1.36   29.69   25.18    1.85   84.00  881.02  891.37    8.30  695.78   76.54
   394    1.40   29.67   25.54    1.69   84.22  874.22  882.70    9.59  712.73   83.39
   395    1.35   30.12   25.23    1.87   84.04  890.08  900.65    8.45  700.83   76.55
   396    1.34   29.53   25.41    2.02   83.44  871.42  883.80   10.27  709.25   69.65
   397    1.41   29.54   25.36    1.68   84.09  877.15  885.53    9.97  702.29   84.09
   398    1.39   29.69   25.30    1.87   83.71  878.31  888.81   10.00  697.39   75.81
   399    1.44   29.23   25.24    1.73   83.86  855.31  864.30    9.52  697.82   79.45
   400    1.35   29.05   25.64    1.54   84.25  850.04  857.05    8.42  717.28   88.66
   401    1.35   29.20   25.78    1.75   84.00  858.28  867.47    9.84  726.65   78.88
   402    1.51   29.24   25.41    1.76   83.97  856.09  865.36    7.12  702.72   78.37
   403    1.37   28.86   25.42    1.69   83.84  844.23  852.82    9.75  705.08   80.14
   404    1.38   28.84   25.40    1.94   82.82  847.85  859.22    8.41  703.97   70.58
   405    1.33   28.84   25.25    1.87   83.19  832.79  843.33    8.35  690.93   71.86
   406    1.40   28.93   24.90    2.08   82.04  839.65  852.80    9.37  673.40   65.32
   407    1.32   28.90   24.99    1.86   82.76  844.41  854.82    9.92  682.75   73.26
   408    1.34   29.02   25.22    1.97   82.42  852.21  863.90    8.34  691.98   70.00
   409    1.39   29.00   25.34    1.78   83.12  845.57  855.07    7.71  702.30   76.58
   410    1.34   29.06   25.51    1.88   82.39  849.80  860.45    9.33  711.99   72.97
   411    1.39   29.06   25.33    1.91   82.11  855.66  866.64    8.95  704.68   72.40
   412    1.34   29.47   25.72    1.68   83.36  881.81  890.24    9.21  726.37   84.28
   413    1.41   29.36   25.61    1.79   82.84  871.13  880.79    9.77  716.83   78.21
   414    1.31   29.43   25.70    1.60   83.68  871.31  878.95    6.93  723.53   87.22
   415    1.31   29.11   25.67    1.71   83.19  858.88  867.64    8.18  722.42   80.76
   416    1.35   29.14   25.78    1.79   82.62  857.52  867.17    9.05  725.49   77.05
   417    1.33   28.77   25.90    1.82   83.10  842.68  852.63    9.69  731.26   74.69
   418    1.33   29.22   25.70    1.65   83.71  863.51  871.60   10.61  723.47   84.23
   419    1.45   29.11   25.55    1.46   84.35  864.69  870.95   10.30  719.59   94.95
   420    1.45   29.02   25.43    1.50   84.22  852.73  859.32    9.14  712.22   91.47
   421    1.36   28.80   25.74    1.52   84.37  841.10  847.94   10.07  729.06   88.76
   422    1.38   28.99   25.23    1.66   84.07  850.55  858.76    8.50  700.89   82.41
   423    1.45   28.71   25.73    1.45   84.42  833.88  840.10    8.58  727.20   92.03
   424    1.48   28.72   26.00    1.46   84.42  840.23  846.48    9.11  756.51   92.45
   425    1.39   28.36   25.63    1.34   84.75  823.95  829.18    8.62  740.05   98.51
   426    1.36   28.42   25.59    1.38   85.03  823.64  829.24    8.71  726.87   95.36
   427    1.48   28.42   25.53    1.58   84.33  827.37  834.82    8.80  720.29   83.97
   428    1.43   28.49   25.60    1.28   85.47  826.54  831.29   11.35  727.71  103.24
   429    1.45   28.24   25.43    1.34   85.03  814.07  819.33    8.09  719.88   97.03
   430    1.45   27.80   25.55    1.69   83.57  790.30  798.91   11.20  721.51   75.10
   431    1.35   28.39   25.25    1.97   83.25  818.24  829.99    8.61  707.57   67.14
   432    1.39   28.13   25.17    1.81   83.44  808.07  817.94    9.88  704.95   71.98
   433    1.41   28.54   25.29    1.53   84.45  826.84  833.74   10.00  713.32   86.99
   434    1.34   28.65   25.30    1.45   85.04  828.97  835.14    9.40  711.85   91.84
   435    1.36   28.60   25.43    1.89   83.97  830.14  840.94   10.28  714.14   70.84
   436    1.32   28.84   25.60    1.75   84.32  835.83  845.01   10.76  721.80   76.94
   437    1.40   28.68   25.70    1.75   84.07  834.07  843.26   10.98  728.67   76.77
   438    1.27   29.02   25.75    1.87   83.50  851.01  861.52   10.74  719.95   73.47
   439    1.35   29.13   25.96    1.82   83.36  850.20  860.12   10.64  728.90   75.42
   440    1.36   29.13   26.29    1.52   84.44  851.84  858.69    9.74  750.84   89.80
   441    1.39   29.47   26.16    1.66   84.00  869.63  877.79    9.39  743.63   84.45
   442    1.48   29.66   25.99    1.65   84.43  875.95  884.07    9.17  737.31   85.21
   443    1.30   28.98   25.57    1.36   85.52  838.35  843.72    8.14  720.60   98.87
   444    1.37   29.03   25.91    1.63   84.40  847.89  855.82    9.25  740.75   83.54
   445    1.42   29.00   25.95    1.22   85.81  842.04  846.28    6.96  742.68  110.57
   446    1.36   29.06   25.52    1.69   84.05  842.48  850.98    9.30  722.86   80.36
   447    1.52   29.34   25.35    1.85   83.83  851.03  861.35   10.09  709.69   74.15
   448    1.42   29.47   25.48    1.73   84.37  860.88  869.88    7.23  720.67   79.91
   449    1.34   29.66   25.64    1.55   85.36  870.36  877.49    5.64  728.98   89.99
   450    1.37   29.69   25.60    1.70   84.52  867.83  876.51    8.14  719.53   81.88
   451    1.39   29.38   25.54    1.76   83.93  846.60  855.91    8.93  715.81   77.40
   452    1.38   29.37   25.64    1.68   84.54  853.83  862.21    8.38  717.53   81.94
   453    1.43   29.73   25.76    1.64   84.52  868.70  876.75   10.39  728.46   84.91
   454    1.47   29.64   25.89    1.73   84.39  871.24  880.19    7.44  737.29   81.00
   455    1.39   29.84   25.62    1.96   83.31  878.48  890.12    8.84  727.49   72.22
   456    1.33   29.64   25.67    1.80   84.05  873.22  882.90    8.73  728.48   78.30
   457    1.47   29.14   25.88    1.71   84.27  852.59  861.29    8.40  747.00   80.41
   458    1.41   29.26   25.66    1.60   84.35  865.01  872.64    8.50  736.25   86.68
   459    1.39   29.00   25.71    1.80   83.95  847.32  857.12    8.18  739.74   75.62
   460    1.35   29.29   25.59    1.64   84.31  861.36  869.38    8.74  728.60   84.34
   461    1.35   29.37   25.78    1.61   84.53  867.23  874.90    9.16  734.39   86.68
   462    1.38   29.05   25.59    1.79   84.49  841.10  850.71    8.65  713.03   75.77
   463    1.34   29.03   25.95    1.76   84.38  835.92  845.28    9.27  731.53   76.26
   464    1.28   29.37   25.94    1.58   84.84  858.29  865.73    8.93  740.25   87.03
   465    1.30   29.70   25.88    1.76   84.19  878.81  888.13    8.44  734.60   80.19
   466    1.40   29.48   26.15    1.24   86.12  864.80  869.21    7.60  759.34  111.39
   467    1.37   29.34   25.74    1.58   84.93  858.19  865.60    5.81  737.90   87.24
   468    1.30   29.04   25.86    1.55   85.03  838.31  845.41    6.71  745.68   86.91
   469    1.37   29.11   25.71    1.34   86.01  844.15  849.36    7.32  729.29  100.93
   470    1.30   29.32   25.93    1.22   86.52  857.60  861.83    8.21  741.80  112.56
   471    1.34   29.35   25.84    1.01   86.70  855.37  858.17    9.14  733.91  134.71
   472    1.27   29.17   26.05    1.58   84.64  844.05  851.44    9.08  740.47   85.89
   473    1.27   29.02   25.92    1.50   84.77  840.34  847.01    9.14  729.86   89.73
   474    1.35   29.36   25.87    1.65   84.35  853.81  861.91    8.77  727.75   83.26
   475    1.32   28.91   25.86    1.45   84.50  832.92  839.14    8.74  730.00   91.86
   476    1.31   28.87   25.51    1.86   83.33  836.29  846.77    9.22  707.42   72.34
   477    1.27   28.87   26.19    1.74   83.67  834.77  843.83   11.46  747.96   77.33
   478    1.38   29.07   26.22    1.43   84.83  848.36  854.38    8.10  750.92   94.91
   479    1.38   28.68   26.02    1.35   85.22  826.06  831.35    9.15  743.37   98.16
   480    1.30   28.63   25.99    1.55   84.55  823.82  830.94    9.43  746.45   85.39
   481    1.35   28.80   26.07    1.80   83.90  829.01  838.74    9.27  751.75   74.30
   482    1.31   28.75   25.59    1.92   83.35  826.16  837.34    7.83  724.76   69.36
   483    1.36   28.96   25.83    1.77   83.91  847.39  856.79    7.39  743.19   77.10
   484    1.34   29.11   25.92    1.80   84.14  848.10  857.85    9.41  748.93   75.87
   485    1.38   29.05   26.03    1.73   84.07  847.83  856.80    9.80  751.55   78.86
   486    1.39   29.17   26.09    1.77   83.97  859.84  869.27    8.92  758.77   78.11
   487    1.38   29.19   25.97    1.82   83.99  856.81  866.78    9.39  754.05   75.82
   488    1.31   29.29   25.84    1.70   84.64  869.27  877.87    8.28  745.98   82.38
   489    1.35   28.93   25.61    1.72   85.04  853.57  862.39    8.82  734.98   80.00
   490    1.30   29.16   25.89    1.71   84.76  856.61  865.40    8.32  751.38   80.42
   491    1.40   29.18   25.93    1.57   85.06  853.27  860.62    8.76  746.99   87.07
   492    1.39   29.12   25.79    1.49   84.92  852.90  859.47    6.92  738.07   91.65
   493    1.43   29.09   25.69    1.51   84.29  854.34  861.06    8.77  743.23   90.83
   494    1.42   28.94   25.92    1.38   84.77  844.01  849.54   10.16  747.93   98.26
   495    1.41   29.11   26.00    1.49   84.73  855.10  861.59    9.93  751.54   92.39
   496    1.35   29.49   25.96    1.17   85.70  870.27  874.09    9.96  755.60  119.44
   497    1.36   29.02   26.02    1.37   85.17  843.14  848.59    7.44  756.59   98.80
   498    1.37   28.86   26.22    1.50   84.40  845.53  852.22    7.89  752.81   90.17
   499    1.32   28.68   26.09    1.19   85.74  839.89  843.91    7.96  751.12  113.01
   500    1.37   28.96   26.27    1.24   85.92  854.27  858.68    8.01  759.19  110.01
   501    1.24   28.63   25.96    1.59   84.50  834.44  841.93    7.69  734.89   84.48
   502    1.28   28.79   26.10    1.77   84.33  845.84  855.30    6.52  751.90   76.75
   503    1.39   28.64   26.14    1.17   86.31  835.68  839.56    7.76  748.93  114.09
   504    1.40   28.56   26.31    0.88   87.05  824.81  826.82    7.36  757.68  149.73
   505    1.40   28.81   26.23    1.05   86.65  845.74  848.75    6.33  757.20  129.11
   506    1.26   28.70   26.12    1.10   85.96  837.03  840.38    8.53  752.08  122.03
   507    1.30   28.81   25.89    1.43   85.17  840.72  846.75    9.04  734.37   94.06
   508    1.34   28.78   26.03    1.29   85.40  838.09  842.92    8.92  738.60  103.77
   509    1.34   28.46   25.72    1.28   86.01  823.42  828.13    6.74  727.74  103.20
   510    1.36   28.63   25.76    1.24   86.04  820.23  824.62    7.12  720.36  106.17
   511    1.46   28.60   26.02    1.13   86.40  819.11  822.70    9.39  739.67  115.97
   512    1.47   28.87   25.90    1.06   86.73  827.46  830.59    9.38  739.50  124.45
   513    1.42   28.66   25.67    0.98   87.09  820.57  823.14    9.35  721.75  134.43
   514    1.35   28.69   25.77    1.16   85.97  828.07  831.89    9.00  734.07  114.03
   515    1.39   28.74   26.21    1.14   86.11  822.84  826.53    7.66  757.34  115.07
   516    1.36   28.70   25.98    0.95   86.60  817.26  819.65    8.11  747.24  138.11
   517    1.43   28.68   25.75    1.24   85.60  813.83  818.25    9.14  727.52  104.97
   518    1.37   28.82   25.55    1.26   85.55  816.85  821.42    7.93  722.69  103.75
   519    1.35   28.77   25.64    1.62   84.21  823.18  830.97    9.09  724.44   81.87
   520    1.36   29.04   25.59    1.43   85.15  828.72  834.75    8.11  720.81   92.74
   521    1.49   28.88   25.58    1.42   85.04  824.39  830.29   10.40  721.50   93.22
   522    1.40   28.62   25.56    1.46   84.82  815.59  821.84    8.85  718.43   89.84
   523    1.47   28.61   25.57    1.43   85.21  805.44  811.46   11.00  711.85   90.27
   524    1.51   28.84   25.56    1.58   84.70  816.37  823.81   11.71  715.31   82.94
   525    1.37   29.19   25.65    1.55   84.77  834.61  841.77   10.90  719.41   86.26
   526    1.40   29.06   25.42    1.67   84.03  833.55  841.87    8.32  716.10   80.34
   527    1.53   28.74   25.84    1.26   85.33  817.64  822.21   10.66  731.96  103.93
   528    1.46   28.98   25.82    0.91   86.24  834.01  836.17    8.97  732.74  147.03
   529    1.43   28.80   26.10    1.17   85.73  826.09  829.99    7.56  747.41  112.79
   530    1.49   29.14   25.68    1.37   85.04  843.33  848.76    8.97  724.20   98.90
   531    1.43   29.23   25.56    1.69   84.32  842.15  850.74    7.30  718.11   79.94
   532    1.38   28.98   25.71    1.52   84.81  829.52  836.32    9.92  722.58   87.78
   533    1.43   28.76   25.80    1.30   85.39  827.00  831.90    8.01  727.42  101.77
   534    1.44   28.81   25.95    1.33   85.28  822.44  827.60    6.91  733.02   98.87
   535    1.41   28.28   25.94    1.72   83.93  794.01  802.90    7.70  731.90   74.33
   536    1.37   28.56   25.86    1.78   83.53  814.42  823.94    7.93  732.05   73.78
   537    1.48   28.68   26.20    1.42   84.64  817.09  823.00    6.35  753.40   92.36
   538    1.43   28.91   26.24    1.06   85.60  830.40  833.49    6.81  759.20  125.51
   539    1.38   28.82   26.23    1.10   85.64  830.97  834.35    5.80  755.07  120.76
   540    1.49   28.95   26.20    1.39   84.76  834.62  840.25    6.87  749.59   96.34
   541    1.41   28.76   25.91    1.67   83.96  815.20  823.51    5.70  731.85   78.68
   542    1.40   28.86   26.09    1.52   84.49  829.50  836.29    4.77  742.83   87.90
   543    1.42   28.60   25.84    1.42   84.61  821.25  827.21    4.69  726.35   92.45
   544    1.46   28.51   26.07    1.42   84.45  813.09  819.04    4.96  745.43   91.56
   545    1.40   28.55   26.13    1.31   85.01  819.24  824.22    6.81  746.04  100.13
   546    1.49   28.56   25.84    1.44   84.45  824.71  830.83    4.13  733.36   91.64
   547    1.40   28.55   25.52    1.72   83.16  819.36  828.25    6.28  719.37   76.59
   548    1.48   28.39   25.77    1.99   82.82  814.18  826.21    4.47  728.46   66.10
   549    1.49   28.86   25.88    1.58   84.59  837.37  844.76    3.85  728.38   85.24
   550    1.51   28.58   26.13    1.59   84.33  818.30  825.86    4.93  743.61   82.50
   551    1.41   28.55   25.74    1.83   83.23  817.16  827.31    5.39  721.86   71.81
   552    1.39   28.27   25.75    1.57   83.91  809.89  817.24    5.01  725.67   82.74
   553    1.47   28.35   25.96    1.58   83.98  810.62  818.04    5.61  731.50   82.52
   554    1.44   28.35   25.73    1.57   83.69  808.34  815.65    8.08  722.14   82.81
   555    1.48   28.43   25.95    1.68   83.53  820.61  829.07    7.33  735.05   78.52
   556    1.50   28.11   25.59    1.83   82.98  798.27  808.33    8.94  712.78   70.50
   557    1.35   28.08   25.51    1.86   82.98  798.25  808.71    6.41  712.85   69.24
   558    1.42   27.48   25.35    1.90   82.87  770.20  781.13    6.62  707.81   65.49
   559    1.46   27.63   25.60    1.71   84.03  775.05  783.85    7.68  718.37   72.98
   560    1.39   27.40   25.70    1.77   83.24  761.69  771.13    4.26  717.49   69.41
   561    1.42   27.49   25.63    1.90   82.87  769.07  779.98    5.66  720.17   65.49
   562    1.33   27.29   25.46    1.80   83.27  752.98  762.76    5.24  705.64   67.53
   563    1.26   27.59   25.42    1.82   83.28  767.40  777.46    5.24  700.64   67.86
   564    1.34   27.27   25.37    1.42   84.31  752.37  758.33    6.47  703.82   84.95
   565    1.33   27.62   25.53    1.56   83.62  773.69  780.95    4.26  711.32   79.67
   566    1.40   27.59   25.61    1.47   84.05  778.57  785.00    7.03  718.04   84.81
   567    1.40   27.84   25.50    1.19   85.50  789.80  793.85    4.50  710.39  106.24
   568    1.46   27.79   25.98    1.33   85.44  788.79  793.94    6.43  734.39   95.08
   569    1.30   28.08   25.98    1.48   84.81  802.50  808.99    7.68  741.76   86.95
   570    1.22   27.98   25.88    1.26   85.47  798.52  803.12    6.70  727.42  101.34
   571    1.34   28.22   25.54    1.52   84.27  808.05  814.85    7.00  712.23   85.59
   572    1.41   28.38   25.48    1.64   84.02  808.65  816.65    5.08  705.56   79.46
   573    1.41   28.36   25.34    1.29   85.40  812.15  816.99    5.90  698.38  100.55
   574    1.49   28.00   25.57    1.51   84.22  795.51  802.26    8.16  719.30   84.65
   575    1.39   28.40   25.64    1.85   82.97  813.90  824.27    7.59  722.79   70.83
   576    1.38   28.45   26.10    1.62   83.82  814.76  822.62    8.67  746.87   80.71
   577    1.38   28.18   25.61    1.53   84.44  806.59  813.56    5.90  724.37   84.54
   578    1.47   28.12   25.68    1.60   84.25  803.30  810.98    7.22  724.27   80.49
   579    1.43   27.98   25.71    1.48   84.34  791.12  797.63    4.59  724.46   85.59
   580    1.39   27.97   25.73    1.45   84.50  790.01  796.24    6.04  727.15   87.23
   581    1.45   28.13   25.68    1.62   84.36  801.11  808.90    4.29  725.92   79.73
   582    1.58   27.75   25.72    1.37   84.97  778.61  784.12    4.33  724.76   91.08
   583    1.61   28.02   25.60    1.58   84.18  790.35  797.82    4.60  720.10   80.22
   584    1.55   28.03   25.75    1.56   84.02  785.24  792.53    3.79  734.22   80.66
   585    1.57   28.28   25.66    1.50   84.71  797.88  804.53    3.68  723.08   85.47
   586    1.48   28.06   25.51    1.80   83.43  788.77  798.57    6.17  712.85   70.55
   587    1.51   27.83   25.65    1.61   83.92  774.88  782.67    5.07  728.23   77.22
   588    1.44   27.61   25.58    1.76   83.42  769.89  779.22    4.88  718.07   70.53
   589    1.59   27.70   25.59    1.74   83.64  772.15  781.22    5.61  717.48   71.68
   590    1.47   27.80   25.77    1.63   84.45  772.84  780.79    4.02  723.38   76.27
   591    1.38   27.90   25.78    1.41   85.16  784.92  790.73    4.46  725.09   89.58
   592    1.53   28.18   25.67    1.62   84.45  798.71  806.58    4.82  721.65   79.11
   593    1.56   28.00   25.71    1.48   84.81  785.50  792.02    4.24  725.15   84.98
   594    1.50   27.79   25.60    1.46   84.80  782.15  788.46    4.70  727.74   85.92
   595    1.54   28.04   25.60    1.50   84.74  801.31  807.93    4.67  724.67   86.05
   596    1.42   28.30   25.90    1.32   85.18  805.86  810.90    4.82  731.14   98.01
   597    1.45   28.16   25.91    1.29   85.68  801.90  806.68    3.26  735.13   99.91
   598    1.45   28.31   25.63    1.31   85.77  819.11  824.06    5.73  723.03  100.37
   599    1.44   28.21   25.58    1.48   84.84  809.77  816.22    7.45  721.42   87.91
   600    1.50   28.39   25.52    1.43   84.83  822.32  828.34    8.47  721.59   92.16
   601    1.50   28.26   25.69    1.54   84.53  816.74  823.73    5.21  730.11   85.41
   602    1.51   27.75   25.48    1.54   84.19  787.58  794.65    4.81  715.51   82.00
   603    1.50   27.63   25.48    2.14   82.45  781.36  795.35    7.82  715.19   59.15
   604    1.38   27.94   25.65    1.86   83.44  797.66  808.15    7.40  726.95   69.10
   605    1.36   27.94   25.43    1.99   83.02  801.85  813.82    6.70  713.81   65.28
   606    1.39   27.95   25.68    1.76   83.89  800.68  809.95    7.12  728.75   73.47
   607    1.47   28.05   25.47    1.49   84.46  806.57  813.13    5.62  724.01   86.92
   608    1.49   28.62   25.40    1.38   84.68  837.49  843.03    4.50  715.93   97.42
   609    1.46   28.28   25.35    1.61   83.83  814.61  822.37    4.62  714.33   81.15
   610    1.55   28.54   25.51    1.74   84.09  831.61  840.75    4.75  715.91   76.76
   611    1.50   28.71   25.69    1.78   83.65  844.99  854.54    6.59  729.20   76.34
   612    1.46   28.16   25.28    1.78   83.59  818.27  827.85    4.68  714.12   73.89
   613    1.63   28.35   25.21    1.91   83.10  824.96  836.04    4.09  705.01   69.58
   614    1.47   28.08   25.19    1.85   82.36  808.17  818.52    5.74  711.46   70.41
   615    1.47   28.29   25.47    1.84   82.71  821.92  832.13    4.14  716.17   72.03
   616    1.63   28.01   25.34    1.48   83.91  814.32  820.82    5.42  706.28   88.14
   617    1.51   28.04   25.33    1.29   84.29  806.46  811.30    5.02  712.81   99.93
   618    1.47   28.42   25.29    1.39   84.15  829.51  835.12    5.69  710.66   96.00
   619    1.57   28.51   25.65    1.34   84.33  830.42  835.67    4.35  723.83   99.00
   620    1.56   28.03   25.47    1.14   85.43  807.78  811.47    4.39  719.94  113.13
   621    1.49   28.02   25.35    1.32   84.47  807.92  812.97    6.46  711.73   98.14
   622    1.60   27.83   25.44    1.48   84.00  803.26  809.71    4.61  721.85   87.22
   623    1.49   27.63   25.59    1.53   83.60  790.97  797.93    8.28  720.91   83.03
   624    1.55   27.75   25.61    1.39   84.28  795.19  800.87    6.79  728.09   91.64
   625    1.59   27.97   25.36    1.31   85.06  802.86  807.82    5.74  713.62   98.33
   626    1.56   28.21   25.32    1.28   85.19  816.02  820.74    4.81  707.67  102.25
   627    1.50   28.30   25.43    1.54   83.42  829.38  836.40    4.72  716.16   86.49
   628    1.54   28.01   25.02    1.54   83.81  810.48  817.49    4.10  692.81   84.67
   629    1.63   27.99   24.94    1.55   83.84  805.18  812.35    4.51  692.15   83.27
   630    1.61   27.95   24.89    1.42   83.97  798.06  804.03    5.33  686.13   89.88
   631    1.58   27.81   24.74    1.38   84.03  795.03  800.65    3.63  683.54   92.07
   632    1.54   27.77   24.64    1.22   84.97  790.69  794.97    5.24  676.01  103.60
   633    1.63   27.69   24.95    1.54   83.79  789.08  796.10    5.07  696.11   82.50
   634    1.55   27.72   24.92    1.25   84.79  792.61  797.12    5.58  689.66  101.43
   635    1.66   27.73   25.04    1.01   85.84  786.99  789.79    3.35  696.11  124.50
   636    1.52   27.45   24.89    1.27   84.60  775.59  780.29    4.38  691.66   97.50
   637    1.62   27.36   24.88    1.25   84.66  772.17  776.72    4.84  687.15   98.60
   638    1.71   27.57   24.74    1.47   83.61  779.65  786.01    3.26  684.74   85.33
   639    1.55   27.74   25.11    1.34   84.75  789.22  794.46    5.80  701.74   94.40
   640    1.59   27.35   24.65    1.18   85.16  765.90  769.85    3.66  676.96  104.29
   641    1.53   27.42   24.51    1.34   84.94  782.23  787.47    3.06  672.23   93.57
   642    1.50   27.44   24.68    1.77   83.26  784.75  794.15    3.39  682.72   71.60
   643    1.59   27.60   24.71    1.72   82.71  785.49  794.33    5.30  682.22   73.72
   644    1.50   27.52   24.84    1.88   82.64  784.90  795.63    4.39  696.48   67.31
   645    1.50   27.94   24.97    1.44   84.20  812.30  818.40    4.26  704.67   90.49
   646    1.50   28.08   24.70    1.49   84.21  816.99  823.56    3.03  687.43   87.91
   647    1.54   27.99   24.67    1.66   82.96  804.15  812.40    5.53  684.83   77.95
   648    1.52   28.01   24.80    1.42   84.14  809.59  815.47    4.64  692.51   91.71
   649    1.50   27.89   25.03    1.40   83.54  802.99  808.76    4.29  706.06   91.86
   650    1.51   27.65   25.07    1.54   82.93  785.41  792.47    5.34  703.13   81.90
   651    1.39   27.47   24.68    1.53   83.37  775.16  782.12    4.62  680.13   81.38
   652    1.42   27.41   24.84    1.68   83.08  773.43  781.94    5.30  677.52   73.93
   653    1.45   27.55   24.75    1.81   82.82  772.23  782.11    4.91  675.44   68.86
   654    1.55   27.47   24.92    1.52   83.85  773.81  780.71    5.01  677.07   81.59
   655    1.42   27.82   24.84    1.69   83.72  789.80  798.38    5.31  674.54   75.15
   656    1.44   28.18   24.89    1.80   83.28  804.66  814.47    4.09  676.03   71.90
   657    1.54   27.89   25.09    1.77   83.19  788.29  797.73    4.98  686.67   71.76
   658    1.55   27.91   24.67    1.90   82.34  794.96  805.89    4.42  664.13   67.54
   659    1.42   28.22   24.93    1.75   83.13  815.16  824.36    5.37  685.08   75.03
   660    1.49   28.03   24.96    1.63   83.88  804.07  812.01    4.13  676.64   79.28
   661    1.40   27.95   24.95    1.43   84.73  795.39  801.40    3.09  682.87   89.36
   662    1.42   28.15   24.83    1.64   83.79  807.23  815.26    4.34  680.12   79.19
   663    1.55   27.78   24.94    1.98   82.14  783.91  795.81    4.04  692.18   64.05
   664    1.45   27.50   25.00    1.77   82.80  773.16  782.66    4.19  692.16   70.24
   665    1.43   27.71   24.72    1.85   82.55  782.60  792.91    4.36  681.24   68.39
   666    1.51   27.78   25.02    1.49   83.90  789.29  795.90    2.01  688.07   84.78
   667    1.45   27.43   24.89    1.54   83.62  768.16  775.24    4.07  676.64   80.09
   668    1.37   27.32   25.16    1.46   84.42  768.47  774.79    5.04  698.74   84.44
   669    1.57   27.48   25.17    1.37   84.92  785.17  790.66    2.11  699.44   91.95
   670    1.55   27.31   25.17    1.37   84.89  774.25  779.73    3.57  700.15   90.81
   671    1.53   27.68   25.14    1.59   84.23  791.29  798.87    3.36  703.56   79.76
   672    1.52   27.57   25.32    1.67   83.98  790.51  798.85    3.98  706.29   76.24
   673    1.67   27.53   25.04    1.58   83.40  784.87  792.31    4.55  695.50   79.87
   674    1.69   27.72   24.78    1.78   83.16  787.76  797.33    5.86  678.39   71.25
   675    1.68   27.48   25.09    1.88   82.74  774.03  784.71    4.89  698.02   66.53
   676    1.63   27.38   25.16    1.49   83.72  767.28  773.86    6.93  703.06   82.69
   677    1.64   27.37   25.12    1.34   84.38  772.23  777.48    4.99  700.82   92.34
   678    1.74   27.60   25.23    1.58   83.73  781.84  789.31    3.75  708.10   79.42
   679    1.67   27.75   25.11    1.56   84.23  784.62  791.89    3.89  694.93   80.68
   680    1.67   27.50   24.87    1.87   82.69  774.24  784.81    4.25  684.30   66.87
   681    1.61   27.41   24.99    1.81   82.39  768.23  778.08    2.72  700.76   68.60
   682    1.57   27.46   25.12    1.58   82.91  769.33  776.74    4.17  708.99   78.47
   683    1.58   27.44   24.97    1.69   82.86  760.21  768.81    4.82  689.63   72.36
   684    1.65   27.80   25.11    1.55   83.45  784.73  791.86    4.66  692.86   81.45
   685    1.61   27.43   25.06    1.64   83.25  769.45  777.49    4.12  692.33   75.57
   686    1.56   27.49   25.09    1.63   83.42  772.00  779.99    3.76  687.61   76.01
   687    1.71   27.30   25.14    1.81   82.82  760.16  770.06    4.58  689.83   67.76
   688    1.57   27.31   25.20    1.53   83.61  759.47  766.46    3.57  694.91   79.68
   689    1.50   27.39   25.28    1.37   84.18  760.88  766.40    4.83  700.86   89.01
   690    1.64   27.54   25.16    1.29   84.43  766.95  771.77    5.78  693.66   95.40
   691    1.54   27.07   25.11    1.87   82.83  752.78  763.33    5.53  688.39   65.12
   692    1.62   27.07   25.25    1.52   83.48  747.89  754.77    4.31  693.18   79.08
   693    1.54   27.27   25.23    1.18   84.72  757.32  761.32    3.90  698.05  102.52
   694    1.45   26.83   25.13    1.61   83.17  740.12  747.92    5.28  690.45   73.83
   695    1.51   26.70   25.00    1.64   82.82  727.36  735.43    5.97  687.24   71.42
   696    1.42   26.60   24.99    1.88   81.94  738.53  749.21    4.32  691.40   63.58
   697    1.43   26.94   24.72    1.79   82.68  744.04  753.76    3.35  670.98   66.95
   698    1.51   27.03   24.89    1.78   82.57  750.73  760.26    4.17  687.79   68.16
   699    1.49   26.65   25.10    1.95   81.53  735.53  747.16    4.58  707.92   60.86
   700    1.45   26.99   24.95    2.00   81.66  758.77  770.90    3.10  701.70   61.49
   701    1.52   27.16   25.22    2.39   80.84  772.15  789.75    2.50  709.76   52.53
   702    1.47   27.40   25.04    2.01   82.57  774.44  786.71    3.65  703.95   62.38
   703    1.48   26.78   24.89    2.03   81.50  749.64  762.22    6.02  696.87   59.74
   704    1.48   27.14   25.15    1.76   82.95  759.66  768.97    4.83  708.94   69.69
   705    1.53   27.14   25.04    1.62   83.27  761.26  769.08    2.88  698.91   75.73
   706    1.53   27.09   25.05    1.47   83.17  755.15  761.58    2.61  699.46   82.34
   707    1.55   27.49   25.23    1.59   83.38  776.79  784.30    4.29  707.10   78.72
   708    1.58   27.41   25.36    1.72   82.81  774.82  783.72    2.48  713.37   72.56
   709    1.66   27.65   25.25    1.68   83.37  779.02  787.44    4.72  702.53   74.83
   710    1.62   27.67   25.62    1.82   82.82  783.36  793.36    5.34  719.00   69.43
   711    1.54   27.42   25.30    1.67   83.03  768.95  777.34    4.36  700.90   74.01
   712    1.64   27.22   25.53    1.44   83.85  756.75  762.88    4.55  712.18   84.38
   713    1.71   27.33   25.45    1.62   83.82  765.24  773.05    3.23  710.84   76.20
   714    1.65   27.57   25.27    1.63   83.36  773.49  781.47    4.70  703.57   76.21
   715    1.74   27.59   24.93    1.60   83.69  769.88  777.54    5.55  686.80   77.33
   716    1.66   27.10   25.27    1.76   83.15  749.68  759.01    4.52  702.46   68.72
   717    1.61   27.16   25.18    1.55   83.91  752.33  759.53    5.36  699.88   77.81
   718    1.71   27.05   25.20    1.41   84.11  753.49  759.35    5.31  702.28   85.74
   719    1.70   26.90   25.39    1.41   83.96  747.68  753.58    5.23  714.23   84.84
   720    1.69   26.66   25.30    1.46   83.59  742.02  748.30    5.00  711.99   81.84
   721    1.77   26.30   25.16    1.72   82.78  730.80  739.71    5.40  701.78   68.51
   722    1.64   26.26   25.40    1.89   81.97  732.98  743.82    4.64  716.20   62.70
   723    1.65   26.43   25.16    1.86   82.76  734.04  744.53    5.19  708.23   63.75
   724    1.60   26.47   25.38    2.03   82.18  739.31  751.87    4.03  718.97   58.98
   725    1.45   26.23   25.46    1.91   82.56  720.67  731.72    4.12  721.33   61.12
   726    1.67   25.83   25.49    1.82   82.24  710.65  720.69    5.16  727.51   63.07
   727    1.56   26.04   25.34    1.68   82.51  726.52  735.03    4.26  708.95   69.60
   728    1.53   26.07   25.06    1.91   81.76  721.70  732.83    4.80  701.05   60.99
   729    1.50   26.12   25.23    1.62   82.34  720.53  728.42    3.55  710.64   71.55
   730    1.59   26.29   25.39    1.67   82.61  731.24  739.66    3.20  715.87   70.39
   731    1.63   25.78   25.08    1.94   81.91  712.11  723.51    3.02  692.70   59.54
   732    1.50   25.88   25.43    1.74   83.00  724.39  733.53    3.17  707.19   67.11
   733    1.52   25.99   25.32    1.76   82.43  723.67  733.03    5.13  705.14   66.33
   734    1.53   26.16   25.51    1.60   83.39  738.00  745.63    2.18  711.02   74.38
   735    1.52   25.95   25.24    1.67   82.91  724.37  732.77    2.93  700.80   69.84
   736    1.50   26.12   25.43    1.42   84.18  724.09  730.09    3.35  707.17   81.63
   737    1.53   26.10   25.48    1.78   82.58  720.59  730.16    2.70  711.09   65.37
   738    1.56   25.98   25.23    1.93   82.05  715.08  726.43    4.90  700.31   59.87
   739    1.49   26.04   25.05    1.84   82.48  717.97  728.29    6.06  695.83   62.87
   740    1.67   26.05   24.84    1.39   84.33  723.45  729.11    6.57  680.90   83.81
   741    1.49   26.47   24.88    1.53   84.19  736.76  743.69    5.64  678.49   77.64
   742    1.56   26.85   24.45    1.51   83.79  760.73  767.48    6.09  650.17   81.05
   743    1.58   26.98   24.73    1.57   83.51  772.04  779.35    5.84  664.83   79.25
   744    1.64   27.06   25.00    1.74   83.05  775.67  784.75    5.66  680.62   71.96
   745    1.58   26.93   24.98    1.43   83.78  766.19  772.26    5.93  678.25   85.75
   746    1.72   26.78   24.59    1.59   83.31  756.73  764.25    6.20  666.07   76.71
   747    1.57   26.66   24.64    1.76   82.83  755.74  765.04    4.68  666.57   69.35
   748    1.64   26.78   24.74    1.37   83.92  766.17  771.66    4.77  668.81   89.86
   749    1.63   27.10   25.08    1.32   84.30  777.82  782.92    7.17  685.18   94.31
   750    1.70   27.11   25.34    1.38   84.17  783.59  789.21    6.46  701.46   90.81
   751    1.64   27.06   25.66    1.38   84.36  779.84  785.39    4.14  715.74   90.84
   752    1.61   27.09   25.57    1.52   83.67  780.63  787.46    3.78  704.42   82.68
   753    1.58   27.07   25.67    1.56   83.80  780.88  788.14    5.14  711.16   80.41
   754    1.56   26.93   25.66    1.25   85.08  770.46  775.00    5.86  711.14   98.49
   755    1.62   26.87   25.50    1.24   84.80  760.72  765.15    2.94  706.87   98.31
   756    1.57   27.09   25.32    1.17   85.32  767.14  771.02    3.65  694.22  105.38
   757    1.60   26.89   25.30    1.36   84.49  756.34  761.75    3.76  695.44   89.34
   758    1.58   26.98   25.35    1.61   83.37  761.40  769.18    3.58  692.35   75.95
   759    1.63   26.79   25.40    1.46   83.86  763.99  770.26    6.26  700.12   84.20
   760    1.67   26.15   25.16    1.27   84.69  724.49  729.16    6.32  686.96   91.67
   761    1.65   26.30   25.29    1.34   84.29  738.93  744.21    5.48  696.20   88.31
   762    1.52   26.42   25.28    1.57   83.71  738.83  746.19    5.77  695.22   75.68
   763    1.58   26.20   25.18    1.39   84.22  733.57  739.25    4.96  688.77   84.75
   764    1.63   25.94   25.27    1.37   84.23  728.63  734.17    4.89  696.15   85.18
   765    1.63   26.43   25.09    1.49   84.18  740.94  747.50    7.81  684.98   80.10
   766    1.63   26.26   25.04    1.36   84.65  734.67  740.08    7.53  682.91   86.86
   767    1.56   26.06   24.93    1.52   84.17  725.63  732.48    7.31  680.29   76.93
   768    1.60   26.31   24.92    1.55   84.56  735.93  743.13    5.21  674.54   76.23
   769    1.63   26.22   24.86    1.46   84.79  728.60  734.91    7.08  676.01   80.22
   770    1.66   26.23   25.02    1.49   84.36  732.03  738.62    6.32  683.01   78.96
   771    1.61   26.41   24.99    1.48   83.86  736.24  742.76    6.02  678.83   79.80
   772    1.64   25.98   24.94    1.49   83.95  723.23  729.82    5.20  671.32   78.07
   773    1.60   26.25   25.05    1.57   83.56  725.73  733.11    4.68  676.01   74.28
   774    1.58   26.40   25.07    1.47   83.81  738.60  745.05    4.51  679.96   80.51
   775    1.61   26.02   24.97    1.87   82.40  715.85  726.44    4.46  673.94   61.92
   776    1.59   25.99   25.00    1.60   83.03  708.82  716.51    5.75  677.85   71.29
   777    1.60   26.32   25.08    1.55   83.51  733.27  740.44    6.57  676.63   76.09
   778    1.57   26.22   25.11    1.79   82.80  731.46  741.10    6.80  682.33   66.07
   779    1.70   25.91   25.08    1.33   84.11  710.21  715.43    6.96  679.57   85.44
   780    1.66   25.82   25.21    1.81   82.40  708.54  718.51    5.90  686.49   63.08
   781    1.65   26.14   25.08    1.67   82.68  720.86  729.21    5.52  678.99   69.70
   782    1.68   26.23   25.03    1.43   83.56  725.82  731.90    5.88  679.75   81.35
   783    1.69   26.23   25.35    1.09   85.39  732.28  735.62    5.53  691.75  107.80
   784    1.58   26.60   25.02    1.62   83.19  743.27  751.09    6.00  676.43   74.03
   785    1.65   26.60   25.22    1.38   84.29  746.93  752.55    6.25  688.05   86.68
   786    1.51   26.26   25.12    1.33   84.37  736.11  741.27    6.77  683.09   88.92
   787    1.51   26.65   25.36    1.46   84.19  753.42  759.70    5.16  698.62   83.04
   788    1.57   26.70   25.38    1.22   84.70  749.54  753.81    5.96  701.06   98.63
   789    1.47   26.94   25.20    1.46   83.83  755.58  761.88    6.88  687.56   83.16
   790    1.52   26.83   25.18    1.37   84.41  758.51  764.04    6.52  686.64   88.65
   791    1.49   26.63   25.05    1.44   84.02  739.99  746.15    6.71  681.78   82.40
   792    1.54   26.74   25.23    1.35   84.42  751.65  757.01    5.82  695.37   89.11
   793    1.65   26.41   24.65    1.62   83.19  735.59  743.48    4.30  663.79   73.01
   794    1.60   26.17   25.06    1.36   84.06  732.45  737.91    6.16  684.74   86.23
   795    1.52   26.02   24.80    1.59   83.58  729.81  737.38    7.04  671.78   73.88
   796    1.54   25.96   24.72    1.50   84.36  725.43  732.14    5.05  670.88   77.65
   797    1.61   25.53   25.14    1.51   84.24  705.59  712.42    5.65  688.49   74.96
   798    1.53   25.85   24.70    1.70   82.96  715.08  723.84    5.94  673.54   67.63
   799    1.64   26.07   25.31    1.35   84.31  723.45  728.80    4.88  700.19   86.01
   800    1.64   26.33   25.26    1.04   85.45  730.76  733.80    6.69  698.74  112.05
   801    1.60   26.11   25.47    1.14   85.17  721.72  725.44    6.52  707.70  101.28
   802    1.66   26.00   25.23    1.14   84.96  714.08  717.81    5.14  703.23  100.05
   803    1.64   26.32   25.20    1.18   84.80  726.92  730.94    5.62  695.29   98.42
   804    1.52   25.84   25.60    1.12   85.11  709.48  713.04    4.62  716.03  101.56
   805    1.55   25.69   25.06    1.00   85.37  700.30  703.06    5.24  687.60  112.43
   806    1.59   26.06   25.30    1.16   84.99  711.81  715.70    6.70  700.03   97.90
   807    1.58   26.17   25.11    1.14   85.11  713.08  716.80    5.68  695.77  100.04
   808    1.62   26.35   25.38    1.33   84.67  723.85  729.06    5.20  705.22   87.13
   809    1.68   26.24   25.35    1.47   84.41  718.09  724.49    4.94  700.00   78.59
   810    1.61   26.37   25.53    1.34   84.59  724.73  729.96    5.94  711.13   87.03
   811    1.66   26.44   25.49    1.57   84.11  733.20  740.56    7.01  711.61   75.11
   812    1.54   26.57   25.23    1.51   84.18  735.50  742.30    5.81  693.00   78.19
   813    1.56   26.56   25.32    1.34   84.66  738.88  744.18    7.39  693.37   88.18
   814    1.51   26.52   25.57    1.46   84.26  739.06  745.39    6.74  708.81   81.23
   815    1.62   26.05   25.17    1.38   84.35  712.14  717.78    6.45  689.81   82.67
   816    1.46   26.32   25.46    1.38   84.18  729.02  734.63    5.52  699.72   84.80
   817    1.53   26.05   25.76    1.25   84.49  715.54  720.06    5.82  716.88   91.95
   818    1.51   25.99   25.49    1.35   84.37  715.51  720.85    7.24  703.82   85.15
   819    1.54   25.58   25.61    1.20   85.07  692.60  696.78    5.93  707.40   92.33
   820    1.58   25.32   25.48    1.03   85.58  677.11  680.11    6.86  705.55  104.90
   821    1.63   25.22   25.48    1.23   84.93  676.54  680.95    6.99  705.25   88.19
   822    1.60   25.72   25.72    1.15   85.15  696.35  700.15    7.54  722.98   96.96
   823    1.56   25.57   25.83    0.87   86.55  686.83  688.87    7.17  727.51  125.80
   824    1.59   25.55   25.97    0.85   86.66  691.22  693.14    6.07  729.37  129.62
   825    1.69   25.54   25.48    1.23   84.90  682.71  687.12    6.42  711.64   88.84
   826    1.64   25.70   25.51    1.12   85.52  690.57  694.13    6.74  706.73   98.99
   827    1.49   25.69   25.75    0.82   86.62  691.27  693.02    6.72  721.94  135.09
   828    1.71   25.73   25.68    1.26   85.10  691.44  696.07    5.27  718.00   87.99
   829    1.69   25.56   25.65    1.04   85.92  680.86  683.93    5.55  713.44  104.39
   830    1.59   25.79   25.60    1.02   85.78  697.11  700.00    7.33  711.82  109.68
   831    1.60   25.94   25.55    0.74   86.81  700.23  701.60    4.78  709.42  150.91
   832    1.66   26.08   25.60    0.91   86.36  705.88  708.14    5.20  710.05  123.45
   833    1.60   26.57   25.31    1.09   85.63  726.34  729.73    5.63  696.10  106.23
   834    1.54   26.68   25.57    1.08   85.81  734.27  737.54    3.41  707.21  109.05
   835    1.56   26.58   25.61    0.99   85.91  725.46  728.19    6.68  714.13  116.73
   836    1.67   27.04   25.13    1.20   85.46  745.82  749.97    4.95  683.96   99.49
   837    1.66   26.69   25.05    1.28   84.92  731.11  735.89    6.64  686.52   91.47
   838    1.59   26.29   25.44    1.32   84.72  721.30  726.40    6.89  704.87   87.64
   839    1.60   26.72   25.53    1.14   85.25  734.21  737.91    6.35  717.56  103.19
   840    1.61   26.21   25.20    1.24   84.85  710.79  715.24    6.55  696.93   92.03
   841    1.56   26.15   25.25    1.28   84.64  708.52  713.34    7.07  705.80   88.42
   842    1.70   26.68   25.59    1.08   85.42  735.57  738.86    5.48  713.37  108.98
   843    1.72   26.82   25.55    1.03   85.92  748.38  751.35    3.90  722.87  115.77
   844    1.76   26.79   25.52    0.94   86.20  750.22  752.60    4.43  723.52  127.74
   845    1.71   26.57   25.61    0.97   86.27  729.51  732.09    5.34  728.43  120.15
   846    1.72   27.15   25.70    0.78   86.62  761.09  762.60    5.66  735.10  156.57
   847    1.64   27.36   25.80    1.02   86.24  768.25  771.10    3.25  733.62  120.85
   848    1.64   26.93   25.88    1.09   86.12  744.13  747.49    4.46  732.11  109.10
   849    1.58   26.87   25.80    1.15   85.57  748.94  752.68    3.91  728.14  104.64
   850    1.61   26.63   25.66    1.25   85.58  733.89  738.40    5.08  718.00   94.28
   851    1.63   26.76   25.79    1.18   85.77  740.36  744.36    4.46  726.28  100.40
   852    1.72   26.96   25.63    0.98   86.77  749.52  752.17    5.89  715.54  122.01
   853    1.71   27.02   25.61    1.39   84.82  751.33  757.05    4.84  712.21   86.49
   854    1.63   27.19   26.02    0.80   87.25  762.04  763.64    5.69  733.25  152.67
   855    1.66   27.18   26.17    1.08   86.01  761.21  764.49    5.40  741.32  112.64
   856    1.71   27.30   26.08    1.21   85.29  767.55  771.76    5.35  741.52  101.53
   857    1.67   26.91   26.00    1.09   85.73  749.60  752.96    6.94  733.76  109.80
   858    1.66   26.64   26.06    1.19   85.34  740.65  744.70    6.72  740.45   99.89
   859    1.68   26.49   26.05    1.08   85.57  735.91  739.20    5.88  740.43  109.02
   860    1.63   26.72   25.72    1.18   85.53  743.14  747.13    6.93  721.22  100.89
   861    1.69   26.61   25.64    1.25   85.06  739.92  744.46    6.16  716.58   94.69
   862    1.80   26.34   25.67    1.14   85.37  729.02  732.74    5.87  720.18  102.18
   863    1.74   26.36   25.70    1.16   85.72  734.15  737.97    6.41  722.01  101.63
   864    1.79   26.33   25.59    1.36   84.97  727.73  733.15    7.10  715.87   85.96
   865    1.61   26.23   25.63    1.26   85.37  723.19  727.78    7.78  713.40   92.27
   866    1.68   26.00   25.95    0.99   86.00  712.94  715.63    7.85  737.47  115.48
   867    1.70   25.75   25.71    1.28   85.14  695.69  700.44    6.13  730.57   87.48
   868    1.67   25.78   25.51    1.41   84.60  694.76  700.68    5.46  712.48   78.96
   869    1.59   25.91   25.50    1.54   84.10  703.73  710.78    4.97  711.31   73.67
   870    1.66   25.77   25.63    1.28   85.21  690.62  695.39    5.74  725.92   86.70
   871    1.63   25.68   25.67    1.19   85.27  695.53  699.59    5.21  723.40   93.90
   872    1.60   25.98   25.61    1.29   85.15  704.35  709.18    5.71  717.47   87.88
   873    1.49   25.80   25.80    1.33   84.86  699.14  704.36    6.47  726.60   84.18
   874    1.58   25.65   25.66    1.28   85.07  688.50  693.27    5.08  720.24   86.48
   875    1.61   25.53   25.37    1.41   84.63  683.25  689.19    4.40  701.66   77.56
   876    1.63   25.69   25.30    1.59   84.58  695.53  703.09    3.36  701.57   70.56
   877    1.60   25.62   25.64    1.50   84.28  689.11  695.81    4.21  711.74   73.96
   878    1.63   25.75   25.45    1.28   84.75  696.34  701.11    4.68  700.99   87.40
   879    1.76   25.88   25.54    0.87   86.58  702.34  704.37    3.78  703.73  128.67
   880    1.61   25.90   25.61    0.84   86.69  703.75  705.61    3.16  706.98  133.79
   881    1.63   25.74   25.24    1.29   84.71  696.73  701.59    4.28  690.71   86.74
   882    1.60   26.11   25.47    0.99   86.15  713.03  715.77    3.82  702.21  114.60
   883    1.67   26.15   25.47    1.12   85.89  718.16  721.74    4.92  701.39  102.54
   884    1.59   25.99   25.44    1.06   85.80  711.44  714.59    4.48  698.54  107.57
   885    1.63   25.73   25.14    1.29   85.00  694.14  699.04    5.62  682.15   86.00
   886    1.57   26.11   25.28    1.25   85.17  713.08  717.62    6.36  693.28   91.43
   887    1.66   26.27   25.39    1.34   84.86  725.03  730.33    3.61  692.57   86.55
   888    1.62   26.32   25.47    1.48   84.60  729.23  735.75    4.26  698.78   79.08
   889    1.58   26.31   25.77    1.42   84.57  732.61  738.60    4.63  715.86   82.66
   890    1.63   26.35   25.74    1.24   85.07  729.91  734.34    4.89  713.21   94.60
   891    1.65   26.34   25.47    1.08   85.95  731.42  734.73    4.21  697.16  108.16
   892    1.77   26.64   25.59    1.51   84.23  747.42  754.18    4.59  701.27   79.65
   893    1.61   26.46   25.68    1.25   85.33  738.28  742.83    4.34  709.96   94.43
   894    1.76   26.27   25.62    1.55   84.41  730.27  737.40    3.40  706.69   76.00
   895    1.86   26.12   25.73    1.61   84.21  723.16  730.92    5.39  716.93   72.36
   896    1.69   26.55   25.75    1.44   85.08  744.62  750.73    4.42  716.95   83.16
   897    1.75   26.19   25.78    1.60   84.21  728.36  736.07    5.69  728.52   73.05
   898    1.71   26.25   25.48    1.47   84.83  731.45  737.89    5.29  708.65   79.79
   899    1.66   26.13   25.06    1.44   84.74  726.30  732.44    5.05  690.61   81.01
   900    1.70   26.33   25.52    1.54   84.11  730.16  737.26    3.55  707.50   76.14
   901    1.73   26.28   25.38    1.42   84.63  727.14  733.12    5.20  704.00   82.04
   902    1.65   26.46   25.36    1.22   85.18  730.69  735.02    5.17  701.01   95.63
   903    1.68   26.24   25.24    1.39   84.38  719.79  725.49    4.35  687.40   83.13
   904    1.70   26.43   25.30    1.50   84.30  728.48  735.21    4.12  692.13   77.88
   905    1.72   26.26   25.39    1.35   84.40  721.84  727.22    5.86  696.69   85.58
   906    1.77   26.00   25.39    1.28   84.47  715.98  720.73    5.52  702.09   89.93
   907    1.74   26.01   25.36    1.19   84.82  707.02  711.13    7.21  703.81   94.90
   908    1.76   26.28   25.53    1.01   85.64  724.75  727.56    5.65  713.66  115.15
   909    1.77   26.32   25.42    1.34   84.22  732.14  737.45    7.07  705.73   87.33
   910    1.55   26.46   25.14    1.29   84.22  737.78  742.59    8.73  686.24   92.02
   911    1.67   26.79   25.52    1.37   84.31  752.01  757.51    8.16  707.25   88.19
   912    1.71   26.84   25.49    1.40   83.96  749.13  754.88    8.08  708.05   86.07
   913    1.70   26.97   25.60    1.09   85.43  757.62  760.94    6.93  712.91  111.54
   914    1.67   26.65   25.71    1.24   84.59  741.26  745.69    5.85  717.91   95.94
   915    1.67   26.99   25.73    0.96   85.74  759.59  762.08    5.51  716.99  126.94
   916    1.63   26.76   25.57    1.17   84.96  748.82  752.78    6.61  713.74  102.04
   917    1.78   26.89   25.64    1.10   85.29  752.64  756.03    6.54  720.54  109.85
   918    1.74   27.19   25.50    0.94   86.00  762.15  764.56    7.82  716.63  129.14
   919    1.74   26.73   25.51    1.01   85.89  750.93  753.73    7.99  719.24  119.41
   920    1.70   26.66   25.52    0.82   86.70  741.06  742.77    7.35  717.55  145.09
   921    1.78   26.31   25.62    1.15   85.40  724.93  728.74    8.37  718.09  100.59
   922    1.85   26.49   25.35    1.46   84.00  728.98  735.27    8.26  701.98   80.39
   923    1.80   26.65   25.37    1.42   84.87  736.77  742.73    7.46  702.71   83.23
   924    1.76   26.94   25.26    1.39   84.52  744.54  750.21    6.75  696.51   86.11
   925    1.68   26.71   25.49    1.23   85.32  740.00  744.36    7.64  710.91   96.60
   926    1.72   26.44   25.36    1.21   85.03  729.27  733.54    7.49  702.19   96.15
   927    1.59   26.50   25.36    1.30   85.06  738.74  743.68    7.65  705.95   91.02
   928    1.66   26.70   25.58    1.29   84.80  749.17  754.01    7.09  728.29   93.18
   929    1.71   26.37   25.37    1.42   84.31  726.11  732.04    5.75  710.96   82.28
   930    1.67   26.12   25.53    1.51   83.90  714.82  721.64    6.66  718.83   76.00
   931    1.56   26.13   25.33    1.57   83.94  724.61  731.95    9.50  703.88   74.41
   932    1.61   26.23   25.55    1.15   85.56  722.52  726.30    8.45  719.57  100.53
   933    1.70   26.47   25.58    1.33   84.71  731.00  736.16    7.96  721.34   88.37
   934    1.65   26.55   25.56    1.21   85.20  736.23  740.48    7.56  717.07   97.16
   935    1.75   26.48   25.15    1.37   84.52  725.97  731.48    7.46  698.22   85.17
   936    1.64   26.74   25.24    1.50   84.18  739.15  745.81    5.91  702.40   79.32
   937    1.78   26.89   25.43    1.52   84.07  752.12  758.95    7.80  711.85   79.76
   938    1.69   26.89   25.89    1.17   85.32  749.33  753.25    8.76  728.93  102.51
   939    1.63   26.71   25.83    1.30   84.52  741.51  746.45    8.99  729.85   91.32
   940    1.65   26.66   25.76    1.41   84.22  741.84  747.73    7.48  722.19   84.23
   941    1.70   26.59   25.51    0.91   86.00  736.62  738.82    7.05  712.52  129.97
   942    1.63   27.17   25.70    1.07   85.64  768.66  771.89    7.08  724.32  114.44
   943    1.72   27.10   25.32    1.03   86.06  759.87  762.83    8.17  706.34  117.74
   944    1.67   27.30   25.72    1.07   85.94  770.30  773.52    7.45  722.20  114.85
   945    1.62   27.65   25.71    0.97   86.23  790.53  793.09    6.32  720.92  130.24
   946    1.70   27.57   26.05    0.99   86.60  786.72  789.38    7.63  733.69  127.33
   947    1.66   27.55   26.13    1.06   86.06  783.88  786.99    9.19  740.70  118.66
   948    1.61   27.41   26.22    1.14   85.28  777.07  780.79    8.36  743.83  108.62
   949    1.64   27.29   26.05    1.28   85.18  779.42  784.14    8.02  739.13   97.87
   950    1.66   27.32   26.46    1.22   85.61  785.18  789.46    8.87  766.11  102.93
   951    1.57   27.20   26.06    1.56   84.80  781.40  788.60    6.88  743.79   80.74
   952    1.71   27.03   26.08    1.71   84.17  779.53  788.28    8.70  745.43   73.52
   953    1.62   27.12   26.16    1.34   85.75  779.23  784.45    8.75  751.74   93.40
   954    1.66   26.78   25.94    1.25   85.79  759.59  764.11    8.04  741.58   97.36
   955    1.68   26.61   25.67    1.56   84.59  753.66  760.90    8.58  731.17   77.73
   956    1.64   26.67   26.03    1.23   85.73  754.67  759.04    9.38  747.05   98.23
   957    1.60   26.83   26.19    1.41   85.00  761.55  767.41    8.67  752.66   86.62
   958    1.64   26.58   26.02    1.50   84.64  750.07  756.76    8.87  742.13   80.36
   959    1.63   26.56   26.10    1.37   84.84  756.25  761.76    9.10  755.07   88.55
   960    1.67   26.70   26.19    1.29   85.49  763.96  768.77    9.60  755.53   95.15
   961    1.63   26.52   25.81    1.35   85.09  753.96  759.27   10.73  733.48   89.76
   962    1.73   26.36   25.74    1.54   84.35  742.22  749.26    9.39  728.27   77.64
   963    1.70   26.48   25.91    1.35   85.08  749.99  755.37   10.77  743.50   88.84
   964    1.61   26.73   25.82    1.09   85.55  753.93  757.29   10.95  739.87  110.40
   965    1.62   26.66   25.84    1.30   85.43  754.08  759.03    9.04  739.62   92.78
   966    1.64   26.85   26.08    0.93   86.23  755.72  758.04    8.97  750.08  130.08
   967    1.65   26.92   25.81    1.16   85.64  764.80  768.63   10.35  736.62  105.58
   968    1.66   27.22   25.84    1.40   84.83  784.46  790.19    8.19  745.66   90.09
   969    1.78   27.34   25.85    1.28   85.64  786.99  791.72    9.01  746.30   98.56
   970    1.60   27.47   25.62    1.15   85.59  786.12  789.88    8.38  736.04  109.32
   971    1.64   27.46   26.03    0.73   87.04  791.83  793.11    8.72  765.15  172.64
   972    1.59   27.65   25.99    0.98   86.56  796.08  798.71    7.48  758.95  129.53
   973    1.64   27.65   26.16    0.81   87.29  801.91  803.57    8.84  764.63  157.80
   974    1.59   27.75   26.56    1.06   86.37  816.67  819.82    6.95  796.71  122.58
   975    1.59   27.51   26.51    1.12   86.51  803.24  806.76    9.33  793.71  114.87
   976    1.62   27.66   26.31    1.36   84.99  813.51  818.93    7.54  773.54   95.65
   977    1.61   27.31   26.29    1.29   84.81  792.34  797.16    6.65  782.68   98.44
   978    1.70   27.46   26.18    1.38   85.10  801.31  806.89    7.49  769.75   93.02
   979    1.63   27.12   26.09    1.41   85.24  790.89  796.72    7.83  767.81   90.08
   980    1.65   27.50   26.26    1.02   86.31  800.46  803.32    8.02  767.66  125.42
   981    1.69   27.42   25.82    1.26   85.22  792.38  796.99    9.54  752.05  100.44
   982    1.67   27.45   26.12    1.42   84.65  805.16  811.08    7.45  760.79   91.01
   983    1.74   26.99   25.90    1.88   83.21  776.64  787.32    7.55  750.36   66.76
   984    1.67   27.12   25.93    1.43   85.37  791.86  797.88    7.36  755.89   88.81
   985    1.67   27.37   26.00    1.34   85.79  788.60  793.85    9.04  748.58   94.27
   986    1.66   27.21   26.04    1.43   84.91  786.10  792.11    9.27  746.88   88.35
   987    1.66   26.88   25.91    1.23   85.32  764.88  769.28    8.74  744.95   99.23
   988    1.69   26.87   25.90    1.46   84.72  767.72  774.01    9.90  746.79   84.54
   989    1.70   26.74   25.85    1.58   84.40  759.48  766.89   10.27  742.88   77.53
   990    1.60   27.02   26.02    1.54   83.98  778.04  785.08    8.06  745.54   81.25
   991    1.59   27.05   26.10    1.90   83.26  783.73  794.65    9.11  747.60   66.65
   992    1.64   27.03   26.12    2.03   82.76  785.75  798.30    9.60  746.85   62.60
   993    1.61   26.97   26.18    1.79   83.83  778.58  788.22    7.67  752.88   70.21
   994    1.49   27.23   26.25    1.78   83.58  775.00  784.51    8.17  755.02   70.36
   995    1.65   27.09   26.14    1.77   84.13  780.98  790.47    8.17  755.12   70.95
   996    1.75   27.51   26.41    1.69   83.91  792.74  801.28    7.56  761.79   75.61
   997    1.80   27.42   26.23    1.54   84.34  793.71  800.78    7.63  750.58   82.66
   998    1.66   26.97   26.31    1.75   83.53  771.62  780.80    7.50  754.21   71.20
   999    1.67   26.70   26.19    1.66   83.84  751.90  760.18    6.17  751.79   72.87
  1000    1.68   26.53   26.63    1.54   84.28  744.47  751.52    7.99  765.60   77.83
  1001    1.81   26.82   26.56    1.38   85.16  764.57  770.16    8.99  765.43   88.86
  1002    1.62   27.11   26.29    1.36   84.86  771.74  777.12    6.67  757.89   91.27
  1003    1.71   26.71   26.05    1.59   84.18  754.98  762.56    7.68  734.02   76.29
  1004    1.61   26.57   26.46    1.77   82.96  751.56  760.98    8.00  764.42   68.58
  1005    1.66   26.61   26.24    1.58   83.92  756.30  763.78    6.85  747.73   76.86
  1006    1.70   26.54   26.43    1.61   83.40  753.13  760.89    7.66  756.70   75.22
  1007    1.64   26.88   26.07    1.54   84.14  767.52  774.61    5.80  738.09   79.93
  1008    1.63   26.90   26.42    1.53   84.18  768.24  775.16    7.51  759.30   80.89
  1009    1.60   27.36   26.65    1.57   84.10  799.92  807.27    8.69  767.40   81.81
  1010    1.65   27.76   26.20    1.76   83.65  814.27  823.64    9.13  744.35   74.33
  1011    1.68   27.55   26.22    1.72   83.59  805.11  813.99    9.85  748.41   75.34
  1012    1.70   27.56   26.41    1.78   83.51  800.41  809.97    8.41  761.82   72.40
  1013    1.71   27.71   26.33    1.46   84.55  813.79  820.07    9.11  760.48   89.42
  1014    1.71   27.75   26.48    1.46   83.94  816.15  822.44    9.76  769.06   89.64
  1015    1.68   27.48   26.14    1.66   83.12  803.76  811.99    9.27  756.57   77.93
  1016    1.72   27.63   26.33    1.56   83.67  815.88  823.12   11.10  764.12   83.94
  1017    1.70   27.24   26.55    1.41   84.78  808.15  813.98    9.44  775.08   91.97
  1018    1.65   27.46   26.62    1.23   85.30  808.70  813.01   10.25  781.07  105.61
