#time, _distVP, _dist67, _distF,  _domz1, _flattenA, _projA, _domeA, _hrot, _projA_RF, _rad
     0    0.63   19.33   15.60    8.59   52.45  382.86  614.26   25.71  254.69   11.39
     1    0.64   20.50   16.18    7.70   56.80  422.75  608.62   21.06  274.02   12.59
     2    0.68   21.27   16.70    7.21   59.24  450.14  613.10   18.59  292.22   13.54
     3    0.73   21.80   17.03    6.82   61.21  470.34  616.31   18.26  303.80   14.38
     4    0.84   21.99   17.26    6.51   62.59  478.53  611.19   16.19  312.51   14.96
     5    0.74   22.10   17.42    6.05   64.07  470.56  585.25   19.80  318.47   15.40
     6    0.71   22.36   17.45    5.73   65.58  481.48  584.22   19.55  319.57   16.24
     7    0.76   22.53   17.46    5.71   65.84  493.75  595.71   19.41  320.11   16.63
     8    0.76   22.49   17.72    5.18   67.84  493.87  577.78   19.75  329.19   17.77
     9    0.73   22.66   18.36    5.28   67.53  499.70  587.04   19.41  353.67   17.70
    10    0.73   22.66   18.06    5.05   68.31  496.23  576.17   19.82  341.93   18.16
    11    0.72   23.15   18.17    4.81   69.60  513.03  585.30   20.16  346.02   19.39
    12    0.70   23.14   18.73    4.60   70.50  515.11  581.36   16.96  367.60   20.12
    13    0.77   23.37   18.40    4.76   70.01  520.18  590.99   17.38  355.13   19.78
    14    0.76   23.42   18.57    4.42   71.35  521.34  582.45   15.51  361.96   20.98
    15    0.84   23.37   19.02    4.29   71.93  526.75  584.38   18.31  379.85   21.67
    16    0.77   23.17   19.04    4.06   72.76  518.92  570.42   16.12  380.34   22.37
    17    0.72   22.79   19.25    4.16   72.04  502.18  556.36   18.77  389.09   21.28
    18    0.64   22.46   19.31    4.20   71.77  488.02  543.04   16.17  390.60   20.61
    19    0.67   22.42   19.44    4.24   71.61  492.98  549.07   15.99  395.82   20.64
    20    0.69   22.89   19.46    3.96   72.79  504.19  553.24   17.00  396.69   22.23
    21    0.61   22.97   19.00    3.80   73.70  506.01  551.10   15.81  378.53   23.09
    22    0.66   22.42   19.17    4.00   72.47  490.11  540.13   15.39  385.01   21.50
    23    0.65   22.36   19.32    3.94   72.52  482.42  530.83   18.04  391.05   21.47
    24    0.63   22.32   19.40    3.72   73.49  484.34  527.52   18.00  394.16   22.59
    25    0.65   22.91   19.74    3.47   74.97  508.74  546.20   17.23  408.28   25.10
    26    0.65   22.71   19.60    3.74   73.64  498.70  542.38   18.97  402.55   23.09
    27    0.60   22.97   19.55    3.62   74.25  510.68  551.56   15.97  400.08   24.27
    28    0.61   22.94   19.84    3.35   75.39  509.19  544.23   17.58  412.31   25.85
    29    0.69   23.25   19.85    3.32   75.63  525.33  559.75   15.76  412.55   26.82
    30    0.71   23.30   19.99    3.44   75.19  528.19  565.14   15.49  418.29   26.14
    31    0.63   23.32   20.08    3.43   75.31  527.75  564.36   14.10  422.22   26.22
    32    0.68   22.86   19.98    3.67   74.00  510.92  553.04   15.89  418.41   23.97
    33    0.64   23.05   19.65    3.69   74.02  513.93  556.41   15.39  404.77   24.01
    34    0.68   23.10   19.98    3.74   73.85  509.36  552.92   16.50  418.06   23.57
    35    0.76   23.19   20.17    3.60   74.38  513.89  554.29   15.60  426.19   24.53
    36    0.64   23.04   20.05    3.53   74.69  509.34  548.29   16.66  421.91   24.71
    37    0.66   23.10   20.01    3.57   74.53  509.53  549.22   15.20  419.73   24.52
    38    0.63   22.90   20.09    3.67   74.00  502.67  544.60   16.11  422.90   23.66
    39    0.62   23.40   20.32    3.33   75.85  523.79  558.34   16.27  433.38   26.70
    40    0.64   23.42   20.84    3.22   76.33  525.76  558.00   15.60  455.05   27.62
    41    0.68   23.27   20.49    3.25   76.18  519.73  552.60   16.47  440.16   27.09
    42    0.64   23.25   20.47    3.43   75.45  522.99  559.73   16.55  439.38   25.97
    43    0.63   23.21   20.27    3.51   74.97  518.88  557.34   17.30  431.12   25.27
    44    0.61   23.18   20.15    3.45   75.16  515.58  552.72   14.96  425.54   25.50
    45    0.72   23.16   19.77    3.48   75.03  511.51  549.24   17.67  409.91   25.14
    46    0.62   23.33   20.06    3.26   75.97  525.44  558.50   16.27  421.53   27.30
    47    0.72   23.77   20.09    3.66   74.65  542.33  584.07   17.84  423.80   25.42
    48    0.66   23.63   20.22    3.62   74.57  532.91  573.73   16.43  428.69   25.26
    49    0.73   23.13   20.51    3.86   73.45  521.19  567.82   13.70  441.32   23.40
    50    0.74   23.03   20.82    3.73   74.01  519.62  563.14   13.66  454.62   24.01
    51    0.71   22.62   20.52    3.76   73.57  500.44  544.66   14.08  440.99   23.04
    52    0.70   22.77   20.56    3.49   75.04  506.69  544.75   16.46  443.17   24.83
    53    0.80   22.72   20.81    3.33   75.74  508.01  542.67   13.23  454.10   25.91
    54    0.77   22.90   20.87    3.33   75.78  515.09  549.71   12.39  457.59   26.27
    55    0.81   22.44   20.84    3.18   76.24  497.20  528.76   14.61  455.96   26.45
    56    0.85   22.38   21.00    3.09   76.68  493.82  523.52   15.73  462.71   26.99
    57    0.84   22.72   20.67    3.11   76.63  497.01  527.13   13.24  448.39   26.99
    58    0.84   22.76   20.87    3.26   76.14  504.63  537.73   13.56  456.36   26.27
    59    0.79   22.63   20.78    3.22   76.38  504.65  536.87   11.21  452.41   26.58
    60    0.70   22.36   20.88    3.25   75.90  490.29  523.22   11.93  456.65   25.63
    61    0.76   22.61   20.77    3.07   76.61  495.40  524.79   10.37  451.96   27.20
    62    0.72   22.73   21.04    2.85   77.73  505.08  530.34   12.14  463.47   29.63
    63    0.84   22.63   20.91    2.95   77.17  499.26  526.42   10.58  457.78   28.37
    64    0.84   22.22   20.91    2.96   76.85  483.70  511.03   13.42  458.02   27.46
    65    0.91   22.45   20.78    3.01   76.85  494.90  523.02   11.21  452.32   27.70
    66    0.77   22.48   20.97    3.00   76.98  493.04  521.03    7.82  460.54   27.66
    67    0.84   22.57   20.67    2.88   77.66  495.94  521.72    8.65  448.20   28.85
    68    0.88   22.29   20.64    2.81   77.70  489.24  513.73    9.70  446.94   29.15
    69    0.82   22.31   20.56    2.79   77.57  485.53  509.81    7.10  443.17   29.05
    70    0.86   22.34   20.82    2.95   77.00  490.49  517.60    8.62  454.15   27.92
    71    0.86   22.77   20.69    2.90   77.53  506.79  532.88   11.11  449.32   29.29
    72    0.81   22.00   20.98    2.83   77.53  478.54  503.41   11.16  462.14   28.34
    73    0.76   22.06   20.79    2.68   78.06  477.29  499.62   10.87  454.82   29.67
    74    0.81   22.21   20.73    2.72   77.97  484.23  507.24    9.29  452.12   29.68
    75    0.83   22.40   20.79    3.30   75.41  487.13  521.07   10.12  453.41   25.15
    76    0.88   22.68   20.77    3.06   76.57  498.86  528.02    9.13  452.58   27.47
    77    0.94   22.83   21.25    2.92   77.11  501.04  527.62    9.12  473.95   28.74
    78    0.93   22.55   21.16    2.52   78.88  495.26  514.99   11.49  470.88   32.51
    79    0.96   22.68   21.28    2.84   77.61  500.59  525.60    8.10  476.10   29.51
    80    0.99   22.68   21.51    3.04   76.68  498.84  527.52    7.51  486.77   27.67
    81    0.91   22.45   21.07    2.89   77.24  491.25  517.18    7.15  468.49   28.52
    82    0.91   22.66   20.92    3.03   76.77  500.21  528.72    6.34  460.53   27.81
    83    0.91   22.90   20.85    2.91   77.29  511.95  538.24    7.03  457.09   29.48
    84    0.92   23.15   20.75    3.11   76.55  508.53  538.67    7.32  451.51   27.57
    85    0.97   22.84   21.25    3.06   76.53  496.28  525.50    7.83  474.01   27.31
    86    0.94   22.46   20.90    3.04   76.57  485.19  513.96    6.93  457.83   26.92
    87    0.93   22.78   21.01    2.98   76.93  499.19  526.73    7.79  462.98   28.19
    88    1.04   22.76   21.26    3.10   76.40  497.30  527.19    7.69  473.60   27.10
    89    0.97   22.80   21.57    3.09   76.24  498.57  528.34    7.53  488.04   27.21
    90    0.94   22.72   21.26    2.75   77.80  495.81  519.24    8.97  474.03   30.11
    91    0.94   22.94   20.97    2.50   79.00  500.70  520.15    6.88  461.19   33.07
    92    0.91   22.90   21.13    2.64   78.38  502.88  524.48    7.11  468.89   31.66
    93    0.93   22.69   21.35    2.61   78.41  496.90  518.03    7.03  478.75   31.61
    94    1.02   22.82   21.41    2.48   78.89  498.64  517.67    6.73  482.64   33.27
    95    0.92   23.03   21.50    2.48   78.94  513.10  532.21    8.22  486.76   34.11
    96    1.03   22.82   21.29    2.27   79.93  508.50  524.42    8.61  477.99   36.79
    97    0.89   22.74   21.45    2.64   78.30  506.73  528.44    9.65  484.31   31.82
    98    0.98   22.87   21.13    2.59   78.67  507.59  528.35    7.23  469.13   32.52
    99    1.01   22.87   21.03    2.62   78.54  501.49  522.82    7.80  464.11   31.75
   100    0.98   22.98   20.98    2.61   78.63  507.73  528.90   10.09  462.77   32.24
   101    0.93   22.91   21.07    2.62   78.51  507.17  528.43    6.52  467.72   32.14
   102    0.99   22.71   20.94    2.84   77.25  493.16  518.18    6.08  462.03   29.08
   103    1.00   22.67   21.11    2.72   77.84  498.77  521.72    6.88  469.91   30.56
   104    1.01   22.61   21.42    2.65   78.17  498.84  520.67    6.61  482.27   31.26
   105    0.96   22.60   21.71    2.65   78.15  501.19  523.03    7.89  494.80   31.40
   106    1.01   22.68   21.57    2.55   78.76  503.40  523.60    6.30  488.72   32.67
   107    1.06   22.73   21.27    2.76   77.66  505.32  528.93    6.00  476.96   30.55
   108    1.05   22.39   21.53    2.75   77.63  493.32  516.87    5.38  487.70   29.90
   109    1.00   22.21   21.85    2.83   77.29  488.48  513.33    7.17  503.12   28.91
   110    0.96   22.27   21.45    2.76   77.72  490.64  514.37    7.30  483.91   29.64
   111    0.94   22.50   21.32    2.43   79.14  492.51  510.79    8.34  477.82   33.48
   112    0.93   22.95   21.50    2.43   79.24  509.40  527.68    8.06  485.25   34.58
   113    1.04   22.57   21.17    2.61   78.38  497.85  518.91    8.37  470.98   31.71
   114    1.11   22.45   21.27    2.85   77.25  493.33  518.57    7.60  475.00   28.98
   115    1.02   22.64   21.37    2.63   77.97  494.50  515.90    8.23  479.96   31.29
   116    1.01   22.82   21.27    2.39   79.24  504.97  522.67    9.29  476.20   34.81
   117    1.02   22.91   21.20    2.62   78.41  507.12  528.41    8.19  472.77   32.12
   118    1.12   23.04   21.30    2.92   77.14  514.74  541.24    4.42  477.42   29.52
   119    1.07   23.30   20.94    2.68   78.31  525.86  548.10    6.40  461.38   32.60
   120    1.15   23.20   20.73    2.58   78.68  523.72  544.35    6.91  451.86   33.60
   121    1.18   23.03   20.74    2.64   78.46  518.44  539.98    5.83  452.99   32.63
   122    1.00   23.26   20.92    2.62   78.52  528.11  549.34    7.82  461.50   33.43
   123    1.06   22.82   20.96    2.83   77.59  511.44  536.32    6.33  462.76   30.19
   124    1.06   22.79   20.81    2.72   78.07  511.21  534.24    6.57  456.34   31.23
   125    1.01   23.19   21.10    2.50   79.08  522.31  541.63    7.37  467.92   34.53
   126    1.11   23.19   21.02    2.79   78.02  520.74  544.90    5.50  464.31   31.11
   127    1.10   22.95   20.66    2.52   79.09  507.90  527.51    6.09  447.56   33.39
   128    1.16   23.06   20.16    2.48   79.27  512.95  532.02    6.11  426.95   34.15
   129    1.16   22.79   20.28    2.62   78.44  505.63  526.96    7.88  433.22   32.00
   130    1.17   22.46   20.81    2.55   78.65  494.19  514.42    6.92  455.21   32.08
   131    1.19   22.49   20.68    2.60   78.51  498.48  519.40    5.13  449.19   31.85
   132    1.14   22.61   20.75    2.51   78.88  502.20  521.73    5.66  453.07   33.09
   133    1.15   22.83   20.53    2.71   78.05  508.51  531.37    4.49  443.89   31.18
   134    1.16   23.20   20.77    2.42   79.39  522.90  541.01    5.30  453.85   35.61
   135    1.18   23.12   20.85    2.35   79.63  521.78  538.81    5.83  458.15   36.57
   136    1.20   23.09   20.86    2.40   79.56  522.30  540.17    5.23  457.92   35.79
   137    1.12   23.04   20.70    2.45   79.29  516.97  535.63    6.75  451.49   34.75
   138    1.11   23.02   20.67    2.55   78.79  519.94  540.16    7.81  449.03   33.67
   139    1.13   23.12   20.72    2.52   79.08  523.79  543.43    8.18  450.98   34.36
   140    1.08   23.05   20.91    2.58   78.53  518.84  539.54    8.11  460.28   33.25
   141    1.11   23.28   20.59    2.73   78.03  527.03  550.22    6.78  446.88   32.06
   142    1.06   23.18   20.92    2.40   79.40  526.62  544.47    5.54  461.40   36.09
   143    1.15   23.40   21.38    2.24   80.11  534.66  550.19    6.91  481.60   39.05
   144    1.08   23.25   21.18    2.36   79.47  530.02  547.17    6.61  473.34   36.99
   145    1.18   23.26   21.35    2.33   79.69  533.22  550.06    6.29  480.39   37.52
   146    1.10   23.10   21.19    2.45   79.04  525.91  544.50    5.74  474.85   35.38
   147    1.14   23.24   21.14    2.48   78.99  535.84  554.92    7.34  471.98   35.59
   148    1.08   23.50   21.55    2.33   79.77  548.68  565.49    5.78  489.13   38.61
   149    1.19   23.70   21.47    2.25   80.15  555.10  570.73    6.27  485.04   40.38
   150    1.07   23.68   21.28    2.26   80.16  545.30  561.04    5.54  475.47   39.56
   151    1.03   23.81   20.76    2.49   79.21  550.69  569.90    5.64  455.24   36.43
   152    1.09   23.92   20.89    2.29   80.12  561.26  577.39    6.16  462.68   40.22
   153    1.09   23.60   20.92    2.40   79.34  545.00  562.78    4.82  465.23   37.37
   154    1.15   23.81   20.60    2.35   79.75  547.50  564.62    6.00  448.66   38.20
   155    1.08   23.94   20.87    2.24   80.23  554.90  570.32    6.58  460.52   40.61
   156    1.17   23.96   20.91    2.24   80.18  557.74  573.21    6.78  463.82   40.75
   157    1.04   24.05   20.95    2.11   80.83  560.69  574.34    6.26  464.67   43.41
   158    1.12   23.69   21.42    2.18   80.40  550.80  565.41    6.38  487.54   41.35
   159    1.12   23.81   21.58    2.16   80.51  551.22  565.59    6.50  492.76   41.71
   160    1.01   23.81   21.34    2.27   79.97  549.14  565.10    5.42  485.01   39.57
   161    1.07   23.67   21.22    2.35   79.52  542.95  560.01    6.92  478.55   37.96
   162    1.08   23.77   21.24    2.35   79.55  548.39  565.52    5.71  480.44   38.25
   163    1.15   23.61   21.29    2.45   79.22  544.13  562.68    5.93  481.13   36.59
   164    1.08   23.90   20.99    2.65   78.58  561.05  582.79    6.74  467.95   35.04
   165    1.13   23.72   21.16    2.81   77.81  546.41  570.91    6.18  474.31   32.36
   166    1.05   23.60   21.30    2.58   78.76  545.24  565.86    6.72  480.64   34.93
   167    1.10   23.98   21.32    2.57   78.94  561.58  582.10    6.55  481.47   36.01
   168    1.11   24.18   21.38    2.50   79.46  569.18  588.49    7.15  481.46   37.51
   169    1.07   24.15   21.27    2.54   79.19  564.60  584.55    6.19  477.92   36.66
   170    1.09   24.04   21.52    2.45   79.58  567.40  586.03    6.13  489.25   38.02
   171    1.07   24.04   21.37    2.47   79.43  561.80  580.72    7.51  483.03   37.39
   172    1.04   24.35   21.52    2.31   80.19  580.75  597.22    7.54  489.26   41.16
   173    1.03   24.60   21.65    2.15   80.82  590.33  604.50    7.58  495.96   44.85
   174    1.05   24.86   21.46    1.79   82.43  598.07  607.87    7.31  488.32   53.96
   175    1.02   25.29   21.57    2.00   81.60  615.20  627.42    5.54  495.72   50.02
   176    1.04   25.56   21.04    2.17   81.10  630.59  645.04    4.60  470.26   47.36
   177    1.05   25.61   21.21    2.16   81.05  629.28  643.59    5.45  481.55   47.49
   178    1.07   25.63   21.12    2.25   80.73  632.27  647.78    6.17  475.46   45.94
   179    1.06   25.51   20.95    2.37   80.35  621.40  638.74    5.55  464.64   42.90
   180    1.04   25.48   21.15    2.33   80.53  624.73  641.38    6.83  473.60   43.93
   181    1.07   25.33   21.12    2.17   81.10  618.84  633.29    6.79  473.66   46.50
   182    1.05   25.82   21.38    2.03   81.71  638.45  651.07    5.92  485.24   51.07
   183    1.13   25.98   21.42    2.34   80.47  645.14  661.98    4.79  488.25   45.07
   184    1.09   25.99   21.58    2.28   80.70  645.20  661.17    5.70  495.40   46.20
   185    1.07   25.95   21.63    1.95   81.89  645.77  657.35    6.55  494.92   53.76
   186    1.09   25.82   21.76    1.72   82.73  635.95  644.91    6.67  503.51   59.73
   187    1.06   25.98   21.70    2.26   80.65  646.60  662.32    4.76  497.21   46.66
   188    1.04   26.02   21.84    1.64   83.18  649.22  657.36    6.21  502.98   63.73
   189    1.09   25.90   21.62    2.12   81.27  643.57  657.37    6.72  494.15   49.35
   190    1.11   25.63   21.66    2.12   81.18  638.30  652.13    6.06  496.00   48.90
   191    1.15   25.73   21.72    2.09   81.35  636.16  649.55    6.63  498.39   49.50
   192    1.13   26.04   21.88    2.00   81.69  647.30  659.51    7.20  506.78   52.56
   193    1.14   26.00   21.82    1.92   82.09  648.77  660.07    7.51  503.54   54.61
   194    1.14   26.29   21.56    2.25   81.05  666.01  681.59    6.86  490.46   48.21
   195    1.11   26.05   21.65    2.16   81.43  654.55  668.81    7.24  493.52   49.40
   196    1.13   25.85   21.36    2.50   80.01  641.41  660.78    6.45  482.05   42.02
   197    1.10   26.29   21.81    2.29   80.90  660.46  676.60    6.89  502.55   47.05
   198    1.17   26.47   21.53    2.51   80.02  671.64  691.13    6.11  491.09   43.79
   199    1.12   26.17   21.39    2.58   79.58  657.36  677.89    7.18  486.49   41.89
   200    1.15   26.16   21.50    2.43   80.07  656.74  674.94    5.68  491.39   44.24
   201    1.10   26.17   21.60    2.45   79.99  659.26  677.76    6.25  495.78   44.06
   202    1.07   26.37   21.31    2.33   80.43  668.73  685.49    6.47  484.38   46.77
   203    1.05   26.15   21.62    2.20   81.08  650.06  664.94    7.10  497.80   48.10
   204    1.09   25.91   21.38    2.49   79.84  639.12  658.25    6.01  487.51   42.12
   205    1.09   26.05   21.39    2.36   80.34  650.67  667.77    6.78  487.86   45.13
   206    0.97   25.97   21.49    2.39   80.36  644.46  662.06    8.09  490.17   44.12
   207    1.06   25.67   21.21    2.31   80.55  635.34  651.76    6.85  478.28   44.95
   208    1.06   25.69   21.42    2.26   80.69  629.31  645.00    6.76  487.24   45.48
   209    1.02   25.57   21.54    2.01   81.61  623.61  635.97    7.39  492.21   50.41
   210    1.04   25.56   21.93    2.05   81.51  625.67  638.51    5.50  509.55   49.66
   211    1.05   25.01   21.87    2.20   80.64  610.80  625.71    7.30  509.36   45.26
   212    1.01   25.10   21.74    2.35   80.25  609.01  625.97    5.95  501.59   42.50
   213    1.11   25.44   21.78    1.96   81.86  616.05  627.77    4.46  502.82   51.07
   214    1.11   25.21   21.72    2.08   81.30  608.32  621.60    6.50  501.03   47.57
   215    1.05   25.60   21.67    2.11   81.28  632.06  645.66    5.14  499.83   48.82
   216    1.02   25.69   21.66    2.25   80.92  635.79  651.37    5.42  495.30   46.08
   217    1.05   25.49   21.51    1.84   82.52  628.58  638.92    7.59  487.59   55.23
   218    1.03   25.66   21.78    1.93   82.14  633.20  644.55    5.78  501.98   53.25
   219    1.02   25.79   21.56    1.91   82.22  637.90  648.98    6.29  490.61   54.23
   220    1.02   26.06   21.46    2.01   81.79  645.39  657.79    6.48  485.95   52.02
   221    1.03   25.95   21.10    2.19   80.96  640.57  655.27    5.57  470.92   47.71
   222    1.05   25.90   21.16    2.31   80.52  643.60  660.08    5.33  472.01   45.43
   223    1.02   25.68   21.10    2.02   81.58  628.50  641.06    4.77  470.51   50.42
   224    1.11   25.68   20.92    2.04   81.38  630.31  643.02    5.78  463.86   50.25
   225    1.09   25.30   21.35    2.04   81.42  615.16  627.92    6.16  483.05   49.00
   226    1.10   25.42   21.56    2.17   80.95  621.06  635.47    5.57  491.61   46.74
   227    1.03   25.64   21.59    2.35   80.32  630.42  647.44    4.73  494.01   43.87
   228    1.13   25.86   21.86    2.21   80.92  639.35  654.37    4.62  506.80   47.14
   229    1.15   25.54   21.48    2.28   80.70  627.52  643.54    4.15  486.51   44.93
   230    1.03   25.54   21.57    2.03   81.53  623.87  636.46    4.83  491.15   49.98
   231    1.12   25.80   21.75    1.89   82.30  637.78  648.63    4.18  498.48   54.76
   232    1.11   25.72   21.61    2.24   80.86  636.64  652.14    4.95  492.98   46.27
   233    1.03   25.53   21.44    2.30   80.36  626.71  643.06    5.50  485.29   44.45
   234    1.09   25.62   21.76    2.35   80.29  630.45  647.53    4.34  499.49   43.81
   235    1.10   25.87   21.30    2.45   80.01  641.10  659.59    5.48  478.92   42.91
   236    1.03   25.74   21.77    2.54   79.66  636.38  656.24    4.26  501.85   41.21
   237    1.20   25.95   21.67    2.68   79.26  642.11  664.30    6.15  493.93   39.50
   238    1.11   25.84   22.00    2.45   79.97  632.22  650.68    4.32  508.91   42.37
   239    1.13   25.75   21.72    2.63   79.19  634.88  656.30    4.84  497.22   39.72
   240    1.08   26.00   21.87    2.47   80.03  641.83  660.61    4.98  503.50   42.65
   241    1.12   25.75   21.80    2.33   80.51  628.13  644.79    3.96  498.84   44.15
   242    1.09   25.55   21.60    2.30   80.53  618.82  635.19    4.08  490.85   43.89
   243    1.07   25.51   21.40    2.47   79.88  615.06  633.89    4.03  481.51   40.89
   244    1.04   25.64   21.52    2.61   79.47  625.63  646.73    3.27  487.71   39.43
   245    1.06   25.33   21.67    2.84   78.49  618.50  643.51    5.50  494.32   36.08
   246    1.16   25.33   21.68    2.33   80.44  614.69  631.46    5.70  494.80   43.12
   247    1.11   25.08   21.98    2.41   80.04  606.12  624.11    5.72  508.75   41.17
   248    1.15   25.60   21.84    2.28   80.69  624.68  640.70    4.67  501.23   44.73
   249    1.19   25.88   21.54    2.23   80.97  633.87  649.16    4.70  488.55   46.36
   250    1.14   25.83   21.55    2.25   80.84  637.97  653.53    4.04  489.41   46.27
   251    1.19   25.42   21.64    2.22   80.90  619.44  634.65    4.21  493.06   45.44
   252    1.17   25.39   22.04    2.38   80.20  621.11  638.54    5.10  510.86   42.77
   253    1.19   25.56   21.88    2.14   81.11  624.36  638.49    5.11  502.84   47.41
   254    1.16   25.72   21.92    2.32   80.42  630.63  647.20    5.06  505.03   44.43
   255    1.14   25.45   22.11    2.31   80.39  616.77  633.25    3.42  513.47   43.60
   256    1.08   25.57   21.95    2.41   80.00  626.78  644.63    4.32  507.81   42.67
   257    1.06   25.74   21.99    2.17   81.04  636.18  650.68    5.89  509.01   47.69
   258    1.11   25.84   21.86    2.31   80.56  634.59  650.98    4.91  502.40   44.93
   259    1.13   25.50   21.91    2.25   80.65  617.34  632.92    4.45  503.87   44.80
   260    1.07   25.40   21.96    2.24   80.68  614.99  630.43    4.51  505.84   44.83
   261    1.22   25.42   21.96    1.89   82.01  616.65  627.56    5.95  506.22   52.86
   262    1.13   25.53   21.73    2.00   81.53  622.26  634.46    3.67  496.36   50.60
   263    1.08   25.32   21.71    2.19   80.51  616.61  631.38    4.09  495.61   45.87
   264    1.03   25.60   21.81    1.90   82.04  628.91  639.93    3.96  499.01   53.60
   265    1.00   25.20   21.56    2.11   81.12  613.07  626.80    4.70  488.86   47.20
   266    1.03   25.54   22.04    2.07   81.42  622.30  635.39    4.49  509.55   48.97
   267    0.98   25.76   21.93    2.46   79.92  629.14  647.76    4.14  504.43   42.00
   268    1.02   25.60   21.98    2.36   80.37  624.98  642.12    4.49  506.64   43.36
   269    1.02   25.52   21.96    2.11   81.26  621.11  634.76    4.00  505.52   47.94
   270    1.02   25.69   21.40    2.24   80.94  636.98  652.36    5.67  480.22   46.45
   271    1.07   25.49   21.84    2.25   80.71  623.75  639.31    5.25  500.25   45.28
   272    1.10   25.65   21.94    2.49   79.97  627.07  646.15    6.21  504.62   41.39
   273    1.02   25.57   21.86    2.75   78.93  626.28  649.77    7.24  501.48   37.58
   274    1.04   25.68   21.84    2.49   80.05  630.46  649.58    5.12  500.93   41.58
   275    1.01   25.40   22.09    2.42   80.14  610.66  628.70    5.03  511.90   41.41
   276    1.11   25.68   21.66    2.36   80.45  620.80  638.03    5.29  493.16   42.99
   277    1.10   25.80   21.88    2.21   80.95  627.51  642.52    5.32  504.02   46.31
   278    1.10   25.81   21.61    2.44   80.10  629.69  648.11    6.15  491.75   42.25
   279    1.12   25.77   21.98    2.35   80.49  634.18  651.17    6.75  508.55   44.17
   280    1.05   25.92   22.14    2.19   81.11  636.83  651.53    5.49  516.97   47.42
   281    1.16   26.12   22.27    1.91   82.39  646.80  657.92    5.01  521.59   54.87
   282    1.18   26.13   22.52    2.08   81.58  645.12  658.41    5.99  533.47   50.35
   283    1.11   25.84   22.18    2.24   80.97  632.83  648.32    5.45  517.36   46.01
   284    1.04   25.87   21.90    2.36   80.61  635.65  652.85    5.74  503.67   44.01
   285    1.14   25.51   22.07    2.07   81.77  625.06  638.19    6.55  511.30   49.09
   286    1.18   25.47   21.85    2.44   80.14  621.19  639.55    7.04  501.02   41.76
   287    1.14   25.59   22.18    2.62   79.44  622.93  644.18    7.90  516.05   39.13
   288    1.13   25.50   22.04    2.51   79.86  627.20  646.61    7.98  509.97   41.08
   289    1.26   25.31   22.21    2.67   79.04  615.61  637.66    7.36  518.68   38.05
   290    1.20   25.33   22.02    2.47   79.80  620.43  639.24    6.83  510.23   41.24
   291    1.16   24.90   21.89    2.48   79.64  602.90  621.86    6.39  503.44   39.97
   292    1.09   25.44   21.58    2.38   79.97  616.19  633.64    5.92  490.73   42.43
   293    1.07   25.67   21.85    2.08   81.30  625.11  638.38    5.92  502.99   48.87
   294    1.09   25.83   21.50    2.42   80.04  636.03  654.07    6.66  486.90   43.07
   295    1.12   25.68   21.61    2.51   79.63  627.72  647.23    7.63  492.87   41.02
   296    1.13   25.41   21.83    2.32   80.42  619.88  636.50    8.35  502.86   43.65
   297    1.16   25.37   21.35    2.78   78.71  620.08  643.98    6.50  480.84   36.93
   298    1.15   25.32   21.35    2.48   79.87  614.67  633.73    8.93  481.46   40.62
   299    1.07   25.33   21.63    2.39   80.05  619.19  636.87    7.21  493.88   42.36
   300    1.16   25.32   21.73    2.43   79.93  621.85  640.07    7.53  498.31   41.95
   301    1.03   25.68   21.55    2.54   79.53  634.36  654.36    7.00  492.23   40.95
   302    1.15   25.42   21.72    2.31   80.62  624.49  640.97    5.74  498.76   44.12
   303    1.16   25.52   21.54    2.60   79.57  632.51  653.38    5.99  489.65   40.05
   304    1.18   25.31   21.66    2.33   80.55  616.27  633.01    6.54  495.92   43.26
   305    1.21   25.33   21.54    2.40   80.23  616.27  634.05    7.10  490.89   42.07
   306    1.29   25.57   21.35    2.11   81.32  625.35  638.98    7.32  480.50   48.29
   307    1.13   25.42   21.49    2.27   80.76  618.42  634.24    6.86  488.08   44.55
   308    1.17   25.17   21.81    2.20   80.79  612.63  627.56    6.91  501.82   45.36
   309    1.20   24.80   22.39    1.97   81.80  592.84  604.68    8.68  529.71   48.97
   310    1.20   25.07   21.78    1.93   82.12  608.68  620.03    7.47  500.97   51.23
   311    1.29   25.12   22.20    2.05   81.54  614.86  627.78    6.67  522.25   48.69
   312    1.21   24.90   22.15    2.29   80.32  607.40  623.52    7.90  523.41   43.41
   313    1.22   25.13   21.90    2.25   80.44  612.97  628.55    8.41  509.18   44.49
   314    1.26   25.24   21.82    2.53   79.68  622.54  642.34    8.47  503.17   40.41
   315    1.22   25.52   22.20    2.14   81.08  632.87  646.99    7.82  521.68   48.04
   316    1.18   24.99   22.22    2.28   80.32  613.93  629.92    8.36  522.76   44.02
   317    1.27   25.14   22.25    2.18   80.88  616.33  630.94    8.99  522.21   46.08
   318    1.21   24.91   22.30    2.17   80.88  607.39  621.90    8.43  526.88   45.58
   319    1.20   24.87   22.10    2.24   80.64  610.13  625.57    5.70  517.82   44.47
   320    1.20   25.04   22.50    2.29   80.73  623.45  639.64    7.29  536.89   44.43
   321    1.22   24.82   22.57    2.00   81.58  614.44  626.74    7.01  542.02   49.79
   322    1.16   24.80   22.66    2.03   81.75  619.86  632.44    7.37  546.26   49.69
   323    1.15   25.01   22.31    2.39   80.36  619.73  637.42    7.95  528.81   42.39
   324    1.12   25.08   22.81    2.34   80.68  627.35  644.18    7.51  552.58   43.90
   325    1.19   25.41   22.73    2.40   80.39  638.96  656.75    8.66  547.87   43.54
   326    1.28   25.52   22.65    2.30   80.80  643.41  659.67   10.04  544.29   45.70
   327    1.18   25.45   22.80    2.29   80.58  641.08  657.25    7.95  553.33   45.66
   328    1.23   25.73   22.74    2.08   81.41  651.44  664.71    9.09  546.61   50.85
   329    1.13   26.35   22.54    2.10   81.50  673.84  687.34    7.67  537.93   52.12
   330    1.17   26.42   22.52    2.13   81.52  670.41  684.32    8.76  537.36   51.15
   331    1.18   26.20   22.22    2.25   80.98  667.04  682.58    8.88  523.79   48.33
   332    1.19   25.81   22.49    2.18   81.13  647.51  662.09    7.25  536.00   48.39
   333    1.18   25.57   22.32    1.84   82.34  651.68  662.02    7.52  526.40   57.17
   334    1.11   25.79   22.36    2.33   80.76  656.25  672.91    8.61  528.84   46.05
   335    1.10   25.93   22.45    2.44   80.18  652.47  670.80    7.65  533.42   43.81
   336    1.13   25.63   22.67    2.34   80.38  646.83  663.66    9.31  546.82   45.21
   337    1.15   25.83   22.67    2.38   80.36  648.69  666.21    9.06  543.85   44.49
   338    1.21   25.64   22.72    2.32   80.66  650.35  666.92    7.57  544.55   45.78
   339    1.17   25.42   22.80    2.47   80.04  642.96  661.78    9.43  548.26   42.68
   340    1.16   25.42   22.80    2.42   80.16  637.98  656.00    7.20  547.99   43.22
   341    1.20   25.60   22.77    2.18   81.09  648.67  663.23   10.54  547.20   48.51
   342    1.13   25.18   22.79    2.35   80.32  630.60  647.68    8.72  548.29   43.81
   343    1.18   25.39   23.07    2.20   81.07  635.37  650.29   10.02  561.06   47.00
   344    1.12   25.18   22.31    2.56   79.65  623.72  643.95   10.12  528.05   40.08
   345    1.15   25.23   22.86    2.08   81.29  623.55  636.81    8.96  553.46   48.77
   346    1.15   25.37   22.62    2.00   81.70  623.90  636.08   10.57  539.23   50.76
   347    1.17   25.47   22.51    2.07   81.58  634.60  647.75    9.60  535.69   49.80
   348    1.13   25.59   22.43    2.24   81.04  637.54  653.01   11.40  532.48   46.37
   349    1.23   25.36   22.43    2.19   81.23  632.80  647.47   11.06  532.07   47.18
   350    1.22   25.57   22.43    2.57   79.68  636.34  656.70   10.70  529.69   40.75
   351    1.09   25.48   22.61    2.44   80.34  631.80  650.14    9.37  537.39   42.47
   352    1.10   25.07   22.53    2.58   79.63  617.27  637.93   11.41  534.35   39.31
   353    1.20   24.75   22.67    2.62   79.42  603.47  624.67   11.91  540.40   38.01
   354    1.19   25.08   22.59    2.31   80.72  611.53  627.95   10.52  537.89   43.32
   355    1.10   24.89   22.77    2.41   80.18  603.39  621.35    9.84  544.06   41.02
   356    1.19   24.82   22.71    2.39   80.36  604.94  622.56    9.48  542.00   41.48
   357    1.24   24.81   22.87    2.40   80.30  604.61  622.43   10.38  549.28   41.25
   358    1.27   25.30   22.89    2.29   80.84  621.60  637.68   11.08  551.27   44.43
   359    1.26   24.80   22.93    2.67   79.08  602.82  624.91   11.49  552.40   37.26
   360    1.22   24.59   22.82    2.57   79.46  597.35  617.73   11.34  547.42   38.32
   361    1.20   24.96   23.11    2.17   81.05  603.84  618.29    9.69  562.51   45.42
   362    1.22   25.07   22.99    2.34   80.27  611.83  628.70   10.45  556.85   42.80
   363    1.19   25.17   23.02    2.29   80.70  621.33  637.48   11.02  558.70   44.33
   364    1.16   25.29   23.17    2.28   80.81  626.24  642.19   11.31  564.63   44.93
   365    1.23   25.29   22.92    2.22   80.95  623.13  638.24    9.21  552.95   45.85
   366    1.16   25.38   23.19    2.10   81.47  625.14  638.66    9.44  565.95   48.44
   367    1.17   25.20   23.02    2.01   81.83  622.92  635.23   10.99  558.76   50.44
   368    1.24   25.06   22.91    2.35   80.43  618.38  635.44   11.26  552.61   43.02
   369    1.19   25.26   22.89    2.03   81.80  627.59  640.20   10.25  551.49   50.24
   370    1.23   25.28   22.87    2.37   80.35  626.67  643.95   10.53  549.97   43.31
   371    1.13   25.04   23.05    2.17   80.99  615.20  629.67   10.03  559.31   46.21
   372    1.27   25.12   22.82    2.31   80.55  617.71  634.20   10.19  548.61   43.65
   373    1.12   25.19   22.86    2.21   80.85  616.95  632.00   10.05  551.71   45.49
   374    1.13   25.04   22.78    2.24   80.90  611.99  627.37    9.41  548.94   44.68
   375    1.13   24.73   23.11    2.13   81.44  604.10  618.06   10.82  562.68   46.17
   376    1.12   25.16   23.20    2.33   80.85  623.74  640.41    8.92  568.95   43.84
   377    1.15   24.66   22.86    2.28   80.78  602.13  618.09    9.64  551.05   43.24
   378    1.23   24.65   23.21    1.84   82.61  606.22  616.60    8.24  570.42   53.24
   379    1.14   24.73   23.26    1.73   83.03  606.36  615.41    9.47  570.31   56.78
   380    1.18   25.02   23.20    1.91   82.47  621.63  632.81    9.64  569.35   52.67
   381    1.19   24.84   23.26    1.76   82.78  611.26  620.63    9.44  573.95   56.27
   382    1.19   24.87   23.17    2.09   81.44  603.70  617.07    9.63  567.04   47.08
   383    1.22   24.87   22.90    2.27   81.05  614.21  630.08    8.61  553.92   44.20
   384    1.11   24.36   22.93    2.08   81.33  598.59  611.93    7.64  556.10   46.74
   385    1.21   24.14   23.02    2.26   80.59  586.44  602.23    7.98  560.06   42.37
   386    1.16   24.47   23.00    2.01   81.65  593.00  605.44    9.06  559.05   47.85
   387    1.12   24.70   22.88    2.34   80.49  602.78  619.73    7.72  550.57   42.10
   388    1.03   24.81   23.01    2.18   81.03  607.34  622.01    8.91  558.01   45.36
   389    1.15   24.84   23.37    2.20   80.83  609.39  624.26    7.51  575.08   45.21
   390    1.12   24.89   23.02    2.57   79.55  615.42  635.86    8.44  560.17   39.39
   391    1.12   24.74   22.76    2.48   79.54  608.19  627.24    7.63  547.85   40.23
   392    1.21   24.75   23.13    2.43   79.58  608.63  626.93    8.28  565.95   41.02
   393    1.16   24.93   23.19    2.33   80.08  618.79  635.56    7.25  570.00   43.39
   394    1.17   25.24   23.10    2.46   79.72  626.82  645.43    9.58  565.70   41.85
   395    1.15   25.18   23.13    2.25   80.57  623.48  638.99    9.44  568.39   45.32
   396    1.01   25.30   23.21    1.93   81.72  629.41  640.83   10.89  571.07   52.78
   397    1.04   25.50   23.10    1.91   81.87  639.48  650.64    8.30  564.08   54.18
   398    1.05   25.18   23.20    1.86   81.95  626.45  636.96    8.68  570.29   54.60
   399    1.03   24.80   23.25    1.97   81.59  618.37  630.24    8.97  572.81   50.94
   400    1.08   25.05   23.23    2.00   81.80  623.67  635.87    9.09  570.41   50.73
   401    1.10   25.03   23.33    2.22   81.14  625.45  640.60   10.39  576.50   45.96
   402    0.98   25.23   23.37    2.21   81.18  634.56  649.55    9.38  577.80   46.84
   403    1.04   25.24   23.44    2.24   81.16  639.51  654.87    9.88  582.00   46.65
   404    1.08   25.19   23.30    2.25   80.83  632.27  647.77    9.98  574.42   45.94
   405    1.10   24.91   23.48    1.93   82.30  629.55  640.97   10.53  582.41   52.77
   406    1.06   24.92   23.64    2.15   81.46  627.46  641.62    9.61  590.69   47.59
   407    1.14   24.65   23.59    1.81   82.80  619.73  629.67    9.80  589.25   55.49
   408    1.11   25.08   23.58    1.63   83.50  637.38  645.43   10.56  590.39   62.94
   409    1.21   25.08   23.63    1.82   82.67  639.30  649.42    8.80  591.76   56.69
   410    1.14   25.01   23.84    1.82   82.81  644.81  654.86    8.21  605.54   57.35
   411    1.19   25.29   23.74    1.77   83.18  646.17  655.67   11.44  597.49   59.02
   412    1.11   25.51   24.03    1.81   83.11  658.75  668.68    8.58  611.84   58.89
   413    1.13   25.28   23.94    2.03   82.20  653.85  666.45    6.73  608.30   52.29
   414    1.13   25.28   24.07    2.06   81.90  652.88  665.93    8.05  613.68   51.36
   415    1.26   25.30   23.46    2.22   80.96  640.68  655.79    9.02  583.75   47.09
   416    1.28   24.76   23.46    2.25   80.51  624.74  640.34    9.40  582.69   45.29
   417    1.19   24.70   23.71    2.10   81.20  616.38  629.87    9.67  595.62   47.84
   418    1.12   24.77   23.42    2.03   81.94  620.27  632.88    7.85  582.22   49.66
   419    1.15   24.76   23.46    1.74   83.12  625.59  634.78    5.99  582.76   58.09
   420    1.11   24.97   23.54    1.92   82.61  630.75  641.99    5.47  586.56   53.27
   421    1.07   24.53   23.68    2.11   81.68  613.13  626.83    6.40  593.99   47.25
   422    1.08   25.22   23.77    1.53   84.22  648.59  655.58    6.71  599.85   68.38
   423    1.04   24.86   23.60    1.69   83.15  628.39  637.06    7.15  589.33   59.96
   424    1.12   25.11   23.40    1.91   82.48  642.92  653.99    6.37  578.96   54.66
   425    1.02   25.02   23.29    1.84   82.88  633.89  644.20    6.64  575.57   55.75
   426    1.04   25.10   23.31    1.61   83.74  639.13  646.92    5.33  576.67   64.08
   427    1.12   24.97   23.42    1.69   83.51  630.96  639.58    6.21  581.89   60.37
   428    1.04   24.91   23.20    1.45   84.51  632.28  638.59    5.81  572.44   69.96
   429    1.15   24.86   23.36    1.45   84.12  627.96  634.26    4.24  581.65   69.53
   430    1.15   24.77   23.55    1.46   83.88  627.22  633.64    6.25  592.15   68.89
   431    1.11   24.95   23.40    1.46   84.17  629.89  636.23    5.17  584.24   69.55
   432    1.08   25.05   23.35    1.64   83.76  634.97  643.10    5.53  580.32   62.40
   433    1.09   25.13   23.53    1.58   83.82  637.89  645.44    5.49  589.84   64.88
   434    1.10   25.04   23.29    1.65   83.62  638.24  646.50    5.49  576.47   62.27
   435    1.10   25.57   23.21    1.85   83.21  653.47  663.89    4.48  572.56   57.12
   436    1.12   25.09   23.44    1.84   83.07  637.25  647.60    5.20  582.58   55.92
   437    1.15   25.21   23.37    2.02   82.34  645.29  657.75    4.70  580.30   51.90
   438    1.08   25.29   23.75    1.64   83.68  647.57  655.72    4.62  600.73   63.58
   439    1.06   25.44   23.62    1.95   82.53  654.10  665.77    5.51  593.87   54.24
   440    1.13   25.37   23.37    1.83   82.93  649.76  659.90    5.24  581.23   57.54
   441    1.01   24.90   23.82    1.87   82.74  628.72  639.43    5.81  604.33   54.31
   442    1.11   25.20   23.39    2.15   81.80  648.63  662.75    6.58  583.62   49.20
   443    1.12   25.25   23.25    2.19   81.52  651.92  666.62    6.81  582.13   48.52
   444    1.17   25.55   23.55    1.81   83.15  667.97  677.97    5.57  596.59   59.50
   445    1.07   25.31   23.37    1.70   84.05  656.32  665.04    7.03  586.42   62.39
   446    1.16   25.51   23.36    1.72   83.71  655.56  664.47    6.63  583.94   61.68
   447    1.15   25.46   23.56    1.75   83.48  651.15  660.43    8.15  593.82   60.12
   448    1.18   25.65   23.09    1.85   82.93  659.18  669.63    8.03  569.30   57.55
   449    1.19   25.39   23.26    1.88   82.82  649.97  660.73    8.81  578.17   55.99
   450    1.23   25.42   23.06    1.98   82.39  655.62  667.62    5.23  569.44   53.63
   451    1.24   25.58   23.10    1.87   82.57  660.02  670.73    7.18  571.14   56.96
   452    1.28   25.69   23.20    2.12   81.56  662.31  676.06    6.82  578.65   50.83
   453    1.23   25.99   23.15    1.92   82.24  677.46  688.67    5.86  573.47   57.16
   454    1.24   25.99   22.98    1.78   82.85  674.53  684.16    7.19  567.81   61.13
   455    1.19   26.00   22.97    1.99   82.20  674.68  686.73    6.33  563.53   55.05
   456    1.17   25.67   22.98    2.00   82.53  660.61  672.81    7.13  566.35   53.63
   457    1.21   25.59   23.17    1.65   83.82  663.05  671.24    6.18  574.98   64.86
   458    1.25   25.90   23.16    1.82   83.13  680.15  690.18    6.62  573.26   60.45
   459    1.28   26.02   23.51    1.80   83.14  683.30  693.18    6.32  589.20   61.17
   460    1.20   26.12   23.46    1.99   82.32  685.67  697.73    8.06  586.55   55.88
   461    1.27   26.28   23.60    1.62   83.76  690.69  698.55    8.20  595.06   68.76
   462    1.29   26.23   23.49    1.67   83.45  688.48  696.89    6.85  589.57   66.46
   463    1.28   26.28   23.42    1.79   82.98  689.39  699.07    6.87  587.19   62.31
   464    1.28   26.34   23.46    1.74   83.16  692.09  701.27    8.16  590.82   64.11
   465    1.27   26.37   23.50    1.66   83.90  700.80  709.05    6.35  592.90   68.20
   466    1.30   26.45   23.36    1.68   84.12  705.93  714.44    7.60  586.51   67.67
   467    1.32   26.59   23.78    1.73   83.47  706.52  715.56    7.16  607.03   65.87
   468    1.42   26.15   23.62    1.66   83.18  684.02  692.28    5.99  597.15   66.58
   469    1.29   26.06   23.55    1.63   83.36  678.76  686.76    7.80  593.63   67.06
   470    1.30   25.75   23.66    1.72   83.30  671.09  680.06    7.46  599.68   62.91
   471    1.36   25.98   23.82    1.88   82.54  681.09  691.80    6.43  605.03   58.71
   472    1.33   25.90   23.72    1.59   83.60  669.81  677.39    7.93  597.92   67.93
   473    1.37   25.96   23.97    1.54   84.20  680.23  687.35    7.88  614.31   70.98
   474    1.44   26.06   23.61    1.80   82.88  678.56  688.40    7.16  594.18   60.88
   475    1.36   26.16   23.76    1.46   84.58  684.85  691.19    6.96  598.79   75.39
   476    1.31   26.05   23.58    1.82   83.04  676.67  686.70    6.84  591.34   60.18
   477    1.39   25.88   23.73    1.73   83.46  674.94  684.01    7.57  598.46   62.93
   478    1.21   26.11   23.62    1.66   83.42  687.81  696.08    6.76  594.08   66.89
   479    1.20   25.75   23.77    1.63   83.64  663.48  671.49    6.10  599.68   65.59
   480    1.39   26.14   23.80    1.88   82.60  695.70  706.47    4.65  601.58   59.76
   481    1.28   26.09   23.53    1.88   82.25  681.07  691.80    6.11  587.66   58.66
   482    1.28   26.01   23.63    1.82   82.60  683.27  693.30    7.27  592.03   60.71
   483    1.23   25.81   23.79    1.87   82.37  672.22  682.89    7.13  599.93   58.05
   484    1.27   26.06   24.11    1.73   83.19  678.11  687.18    8.93  614.87   63.23
   485    1.37   26.11   23.97    1.71   83.24  683.35  692.19    6.85  608.00   64.42
   486    1.30   25.67   23.92    1.77   82.74  664.71  674.24    7.96  606.65   60.57
   487    1.22   25.91   23.62    1.62   83.54  675.44  683.37    8.62  591.03   67.05
   488    1.23   26.24   23.76    1.84   82.77  691.67  701.93    7.90  598.13   60.78
   489    1.35   26.31   23.99    1.52   83.94  690.84  697.78    6.80  609.54   72.95
   490    1.25   26.50   23.86    1.58   83.84  701.32  708.77    6.47  602.91   71.60
   491    1.20   26.67   23.90    1.41   84.34  712.42  718.30    7.56  605.93   81.16
   492    1.21   26.71   23.73    1.29   85.12  713.42  718.25    7.31  597.19   88.91
   493    1.28   26.78   23.96    1.57   84.48  718.10  725.47    8.11  609.79   73.57
   494    1.26   26.60   24.00    1.71   83.69  717.43  726.26    7.87  609.81   67.60
   495    1.30   26.59   24.15    1.76   83.36  715.66  725.01    7.64  618.98   65.64
   496    1.25   26.36   24.22    1.87   82.63  702.53  713.19    6.71  621.56   60.65
   497    1.21   26.43   24.15    1.61   83.57  702.50  710.30    8.41  618.71   70.16
   498    1.19   26.51   24.29    1.63   83.60  709.80  717.82    6.68  625.34   69.98
   499    1.19   25.99   23.99    1.67   83.75  679.54  687.99    6.21  610.42   65.49
   500    1.25   25.92   24.22    1.65   83.86  678.29  686.44    5.68  621.95   66.44
   501    1.20   26.20   24.19    2.04   82.19  695.39  708.11    7.55  620.18   55.26
   502    1.24   26.26   24.07    2.03   82.56  700.15  712.74    6.51  615.38   55.91
   503    1.28   26.24   24.12    1.64   84.10  697.38  705.52    7.52  620.32   68.31
   504    1.19   26.10   24.10    1.80   83.54  690.28  700.09    6.64  617.98   61.96
   505    1.24   26.28   23.98    1.89   83.29  692.46  703.29    6.53  613.91   59.35
   506    1.28   26.24   24.02    1.84   83.40  695.64  705.97    5.48  615.93   60.94
   507    1.23   26.60   23.97    1.72   83.91  716.22  725.18    5.78  616.67   67.04
   508    1.51   26.76   23.71    1.85   83.44  717.26  727.68    6.10  600.90   62.52
   509    1.31   26.73   23.58    1.93   82.83  722.42  733.78    7.53  597.98   60.46
   510    1.32   26.93   23.45    1.81   83.21  719.91  729.86    7.28  587.51   64.13
   511    1.27   26.72   23.79    1.82   83.13  715.04  725.13    8.61  605.53   63.28
   512    1.29   26.75   23.84    1.95   82.36  715.74  727.38    7.05  605.53   59.25
   513    1.23   26.89   23.62    1.93   82.82  714.38  725.70    7.48  594.47   59.93
   514    1.34   26.58   23.51    1.95   82.65  706.25  717.88    6.36  588.64   58.51
   515    1.31   26.57   23.88    1.91   82.87  704.60  715.74    6.87  608.27   59.58
   516    1.20   26.60   24.05    1.92   83.01  704.79  715.95    6.75  617.26   59.53
   517    1.23   27.02   23.87    1.98   82.70  724.88  736.82    9.63  610.53   59.27
   518    1.23   26.98   24.01    2.00   82.77  720.43  732.58    7.76  617.32   58.43
   519    1.22   26.87   23.89    1.98   82.74  713.80  725.75    8.89  612.59   58.34
   520    1.31   26.89   23.85    2.06   82.46  714.51  727.50    8.91  609.89   56.17
   521    1.26   26.97   24.21    1.78   83.42  720.63  730.24    9.03  627.74   65.25
   522    1.26   26.62   24.03    1.86   82.70  697.59  708.12    9.05  618.76   60.55
   523    1.19   26.78   23.93    1.95   82.23  712.95  724.52    7.47  614.46   59.19
   524    1.27   26.92   24.12    1.87   82.99  725.42  736.08    6.78  625.25   62.55
   525    1.18   26.99   23.93    1.87   83.11  725.67  736.31    7.72  612.59   62.63
   526    1.31   27.23   24.00    1.84   83.06  742.61  752.91    8.61  616.49   65.01
   527    1.36   27.06   23.78    1.80   83.48  730.62  740.46    8.96  605.04   65.37
   528    1.34   26.88   23.57    1.76   83.13  716.06  725.38    9.20  595.42   65.80
   529    1.36   26.56   23.75    1.96   82.43  700.06  711.78    8.91  604.24   57.82
   530    1.31   26.28   23.70    1.94   82.15  686.30  697.76    8.71  603.59   57.30
   531    1.32   26.19   23.85    1.91   82.55  675.11  686.26    7.73  609.25   57.12
   532    1.24   26.17   23.77    1.87   82.61  681.96  692.61    8.75  606.96   58.93
   533    1.24   26.17   23.67    1.91   82.66  689.34  700.39    8.11  601.79   58.53
   534    1.39   26.32   23.49    1.89   82.73  685.73  696.60    6.93  591.78   58.71
   535    1.23   26.23   23.61    1.81   82.99  681.18  691.10    9.21  597.27   60.84
   536    1.21   26.51   23.71    1.92   82.66  690.66  701.89    9.17  601.95   58.20
   537    1.37   26.23   23.76    1.77   83.01  680.09  689.59    8.02  604.50   62.03
   538    1.33   26.21   23.79    1.67   83.74  679.63  687.99    8.72  607.25   65.77
   539    1.39   26.27   23.69    1.82   82.98  688.97  699.00    7.64  601.97   61.21
   540    1.45   26.65   23.79    1.61   83.89  708.99  716.73    7.66  607.09   71.08
   541    1.50   26.73   23.73    1.68   83.69  705.04  713.59    8.18  603.97   67.47
   542    1.45   26.62   23.70    1.91   82.74  708.75  719.82    6.87  602.52   60.08
   543    1.40   26.88   23.76    1.87   82.91  706.29  716.93    6.98  602.46   60.99
   544    1.40   26.61   23.89    1.83   82.90  699.47  709.64    9.34  612.07   61.73
   545    1.35   26.60   24.12    1.81   83.01  694.06  704.00    9.69  626.53   61.90
   546    1.41   26.78   23.99    1.54   84.14  705.51  712.64    8.68  619.46   73.48
   547    1.31   26.69   24.03    1.55   84.25  706.30  713.50    8.77  619.79   73.24
   548    1.33   26.94   23.99    1.82   83.20  714.94  725.02   10.31  617.04   63.30
   549    1.32   26.77   23.72    2.00   82.38  714.72  726.93   10.26  604.16   57.86
   550    1.27   26.93   23.69    2.25   81.29  712.42  727.89   10.75  602.38   51.62
   551    1.37   26.68   23.78    2.15   81.91  701.07  715.16   10.22  608.13   53.09
   552    1.33   27.02   23.89    2.00   82.15  724.46  736.69   10.93  611.70   58.56
   553    1.33   26.89   24.04    1.70   83.03  712.73  721.46    9.44  619.10   67.52
   554    1.31   26.50   24.07    1.65   83.54  694.32  702.48    9.00  617.35   67.95
   555    1.44   26.60   24.34    1.82   83.22  695.12  705.23    8.77  631.19   61.53
   556    1.35   26.35   24.27    1.95   82.28  688.22  699.86    9.66  627.03   57.03
   557    1.27   26.38   24.05    1.89   82.77  690.39  701.28   11.80  617.28   59.02
   558    1.34   26.22   24.10    1.99   82.51  684.98  697.13    9.48  621.12   55.66
   559    1.37   26.28   24.16    1.83   83.25  685.09  695.25   10.54  621.57   60.52
   560    1.40   26.28   23.94    1.95   82.88  690.51  702.06    9.46  611.05   57.42
   561    1.36   26.53   24.06    2.01   82.72  697.95  710.34   10.34  616.96   56.14
   562    1.35   26.63   23.87    2.19   82.10  709.10  723.84   10.29  608.55   52.55
   563    1.41   26.74   24.06    2.07   82.56  707.46  720.60   10.57  616.93   55.34
   564    1.43   26.71   24.18    2.29   81.43  703.67  719.80   10.64  623.27   50.02
   565    1.40   26.62   24.03    2.13   82.22  698.76  712.62   10.06  615.17   53.33
   566    1.39   26.60   23.94    1.92   83.14  696.12  707.30   11.51  610.84   58.77
   567    1.39   26.93   24.18    2.06   82.35  713.47  726.44   11.02  622.42   56.14
   568    1.44   26.93   23.88    2.06   82.42  714.72  727.72   10.09  609.28   56.18
   569    1.30   27.04   23.91    1.91   83.15  711.33  722.48   11.65  608.66   60.10
   570    1.33   27.20   24.04    1.90   83.38  718.75  729.75   10.44  615.09   61.08
   571    1.31   27.41   24.15    1.91   83.30  730.35  741.43   11.87  620.24   61.83
   572    1.29   27.44   23.91    1.97   83.32  731.76  743.53    9.57  607.30   60.22
   573    1.34   27.21   23.98    1.78   83.48  720.06  729.64   10.38  611.72   65.30
   574    1.34   27.45   24.14    1.84   83.61  734.95  745.24   11.59  624.37   64.40
   575    1.34   27.22   23.90    2.21   82.39  725.53  740.47   11.07  607.58   53.40
   576    1.33   27.64   23.84    2.17   82.40  738.61  752.99   11.16  603.22   55.32
   577    1.35   27.64   23.99    1.79   83.74  744.18  753.86   12.66  611.59   67.08
   578    1.37   27.86   24.16    1.70   83.86  750.48  759.21   12.82  620.37   70.96
   579    1.28   27.91   23.79    1.52   84.68  758.81  765.69   11.21  605.60   80.15
   580    1.32   28.26   23.98    1.79   83.90  775.66  785.29   12.76  612.59   70.00
   581    1.35   28.08   24.05    2.04   83.18  761.97  774.63   13.22  617.90   60.51
   582    1.35   27.75   24.48    1.74   84.27  746.97  756.08   12.30  637.31   69.25
   583    1.40   27.97   24.36    1.79   83.85  760.83  770.47   13.32  630.91   68.65
   584    1.29   28.24   24.35    1.90   83.73  774.12  785.03   11.35  631.25   65.90
   585    1.34   28.21   24.25    1.83   83.82  773.66  783.81   11.20  626.67   68.14
   586    1.30   28.11   24.36    1.69   84.43  772.74  781.36   11.81  633.26   73.45
   587    1.43   28.27   24.33    1.53   85.04  780.85  787.76   11.66  630.89   82.24
   588    1.28   28.49   24.41    1.66   84.76  788.12  796.39   12.97  636.55   76.31
   589    1.26   28.25   24.66    1.56   84.98  786.63  793.91   12.24  648.48   80.82
   590    1.27   28.15   24.42    1.78   84.38  780.67  790.21   10.80  635.50   70.72
   591    1.31   28.27   24.41    1.89   83.93  787.12  797.94   12.37  636.68   67.22
   592    1.33   28.54   24.86    1.53   85.19  796.66  803.59   10.44  658.04   83.76
   593    1.36   28.43   24.44    2.00   83.33  787.17  799.32   12.28  632.60   63.67
   594    1.41   28.47   24.23    1.92   83.69  790.26  801.46   10.44  621.74   66.40
   595    1.36   28.75   24.17    1.75   83.90  794.53  803.75   13.56  618.23   73.11
   596    1.33   28.86   24.41    1.99   83.08  805.57  817.64   11.45  631.48   65.31
   597    1.27   28.73   24.39    2.04   83.28  798.28  810.96   11.08  628.51   63.27
   598    1.31   28.51   24.45    2.03   83.20  787.97  800.52   10.49  632.36   62.78
   599    1.28   28.57   24.54    1.90   83.77  790.01  800.96   10.48  637.66   67.10
   600    1.20   28.13   24.53    2.15   82.89  776.01  790.14   11.67  636.85   58.50
   601    1.23   27.88   24.61    2.07   82.87  764.22  777.34   11.86  641.38   59.67
   602    1.25   27.93   24.81    2.27   82.24  769.34  785.18   10.28  652.04   54.99
   603    1.32   28.02   24.38    2.09   82.92  769.26  782.61   10.73  629.40   59.59
   604    1.27   28.29   24.60    2.11   83.08  780.52  794.07    9.72  640.33   59.99
   605    1.32   28.26   24.71    2.22   82.42  772.09  787.19   12.07  646.09   56.44
   606    1.26   28.30   24.62    2.11   82.87  777.69  791.34   11.14  643.27   59.59
   607    1.30   28.17   24.77    1.95   83.07  775.18  786.70   12.71  651.19   64.29
   608    1.26   28.06   24.76    1.81   83.22  772.73  782.59   11.83  650.35   68.97
   609    1.23   28.11   24.44    2.05   82.58  774.55  787.33   13.71  634.51   61.21
   610    1.24   28.17   24.27    2.20   82.37  779.54  794.33   12.04  625.40   57.52
   611    1.25   28.29   24.73    1.98   82.98  784.18  796.06   11.43  647.87   64.12
   612    1.24   28.51   24.82    1.93   83.06  794.07  805.40   12.93  653.74   66.34
   613    1.21   28.57   24.48    1.94   83.15  797.17  808.62   11.73  634.95   66.28
   614    1.27   28.63   24.78    1.97   82.93  802.01  813.76   12.72  650.60   65.86
   615    1.27   28.43   24.78    1.78   83.83  795.55  805.05   11.86  650.47   72.18
   616    1.32   28.80   24.90    1.73   84.16  815.48  824.47   13.04  657.22   75.87
   617    1.26   28.72   25.02    1.83   83.94  812.23  822.36   12.37  661.91   71.49
   618    1.28   28.51   24.88    1.99   83.07  801.79  813.80   13.87  655.47   65.17
   619    1.25   28.42   24.97    1.68   84.23  797.14  805.61   12.61  660.09   76.31
   620    1.27   28.22   24.88    1.80   83.55  788.82  798.55   11.93  653.94   70.79
   621    1.26   28.16   24.98    1.73   83.49  783.08  792.03   12.42  659.93   73.07
   622    1.35   28.44   25.00    1.75   83.76  801.02  810.25   10.88  660.24   73.65
   623    1.39   28.21   25.39    1.80   83.34  785.03  794.79   11.18  680.50   70.35
   624    1.33   28.21   25.27    1.76   83.59  787.24  796.57   11.15  673.08   72.06
   625    1.42   28.31   25.32    1.96   82.84  790.42  802.08   11.35  675.63   65.18
   626    1.31   28.21   25.05    1.71   83.89  790.35  799.09   11.58  662.08   74.57
   627    1.48   28.04   25.02    1.56   84.19  782.55  789.83   11.30  660.44   80.44
   628    1.42   28.04   24.98    1.85   83.07  783.83  794.20   10.88  657.79   68.31
   629    1.46   27.66   25.02    1.73   83.55  758.33  767.33   10.83  658.80   70.69
   630    1.46   27.88   24.70    1.76   83.50  780.15  789.50   12.39  644.17   71.35
   631    1.40   28.23   25.28    1.67   84.05  798.99  807.36   10.99  672.20   76.91
   632    1.35   27.79   25.27    1.71   83.91  777.69  786.48   11.71  672.14   73.22
   633    1.37   27.87   25.18    1.83   83.50  781.58  791.67   10.80  668.16   68.97
   634    1.51   27.87   24.91    1.97   83.01  787.80  799.60   13.51  654.23   64.59
   635    1.47   28.03   24.91    1.90   83.14  790.92  801.85   10.97  654.25   67.22
   636    1.49   28.05   25.02    1.50   84.65  795.27  801.94   10.90  660.35   85.07
   637    1.51   28.20   25.04    1.69   83.95  796.02  804.59    9.45  661.16   75.79
   638    1.45   28.26   24.96    1.59   84.34  806.85  814.41   11.67  659.19   81.43
   639    1.42   28.09   25.15    1.74   83.71  798.28  807.38   11.19  668.53   73.88
   640    1.42   27.83   24.94    1.86   83.25  790.66  801.15   11.99  660.16   68.51
   641    1.40   27.90   25.25    1.72   83.92  795.14  803.98   12.65  676.21   74.62
   642    1.33   27.67   25.31    2.06   82.54  782.57  795.43   13.25  678.11   61.63
   643    1.33   27.71   25.47    1.85   83.28  781.91  792.29   12.99  684.59   68.11
   644    1.33   27.79   25.05    1.78   83.48  787.69  797.29   11.89  661.81   71.17
   645    1.36   27.75   25.12    1.87   83.39  777.56  788.09   11.91  664.71   67.28
   646    1.38   27.71   24.91    1.55   84.55  782.56  789.71   10.78  655.48   81.12
   647    1.39   27.90   24.87    1.73   84.05  790.81  799.84   11.53  654.16   73.52
   648    1.47   28.17   25.14    1.64   84.12  804.59  812.64   11.47  668.82   78.88
   649    1.53   28.22   25.15    1.49   84.65  812.57  819.14   11.58  670.46   87.50
   650    1.44   28.66   25.15    1.55   84.62  831.41  838.58   10.25  668.15   85.88
   651    1.31   28.59   24.96    1.66   84.17  825.96  834.22   10.08  658.87   79.90
   652    1.27   28.55   25.29    1.97   83.07  829.58  841.31   11.25  676.39   68.09
   653    1.43   28.59   25.39    2.05   82.83  830.20  842.96   10.91  680.52   65.52
   654    1.35   28.87   25.16    2.37   81.68  830.37  847.66   10.52  668.63   56.84
   655    1.35   28.65   25.30    2.04   83.02  820.37  832.97   10.50  675.34   65.14
   656    1.36   29.01   25.21    1.58   84.52  835.19  842.62   10.18  670.52   84.81
   657    1.29   28.86   25.30    1.87   83.55  828.38  838.96   11.29  674.81   71.38
   658    1.36   28.74   25.40    1.88   83.41  825.84  836.55   12.22  682.05   70.75
   659    1.48   28.71   25.42    1.97   83.24  826.33  838.04   10.38  680.32   67.88
   660    1.40   28.91   25.17    2.02   82.96  834.73  847.09   11.04  667.87   66.85
   661    1.43   28.73   25.13    1.83   83.59  820.10  830.17   11.47  666.43   72.35
   662    1.49   29.19   25.01    1.97   83.37  847.64  859.38    9.92  660.69   69.52
   663    1.35   29.61   25.14    1.82   84.08  876.90  886.84   11.48  667.76   77.65
   664    1.39   29.61   25.04    1.89   83.71  869.00  879.78   10.93  662.37   74.11
   665    1.37   29.39   25.06    1.75   84.18  862.29  871.51   11.95  662.60   79.14
   666    1.40   29.52   25.18    1.92   83.70  863.73  874.92   12.44  670.22   72.39
   667    1.44   29.38   25.00    1.73   84.34  848.15  857.11   11.61  660.09   78.90
   668    1.41   29.20   24.68    1.94   83.53  844.83  856.28   11.45  643.84   70.12
   669    1.46   29.14   25.31    2.14   82.66  849.25  863.26   10.94  676.41   64.09
   670    1.46   29.08   24.95    2.11   82.74  831.79  845.35   10.64  656.54   63.79
   671    1.48   29.32   24.88    2.02   83.15  838.35  850.73    9.53  652.42   67.08
   672    1.57   29.38   24.80    1.72   84.25  842.36  851.24   10.15  647.13   78.72
   673    1.52   29.38   24.94    1.92   83.64  848.06  859.20    8.95  655.94   71.26
   674    1.39   29.25   24.85    1.96   83.33  842.19  853.80   10.94  651.39   69.44
   675    1.37   29.71   24.85    1.99   83.30  855.43  867.48   12.17  650.08   69.28
   676    1.48   29.72   25.11    1.75   84.06  852.95  862.17   10.01  663.81   78.32
   677    1.50   29.66   25.24    1.77   84.00  848.25  857.64   10.40  669.58   77.24
   678    1.51   29.79   25.27    1.84   83.62  853.58  863.74   11.67  670.94   74.87
   679    1.53   29.78   25.18    1.94   83.41  854.72  866.06   11.21  666.11   71.21
   680    1.50   29.85   25.34    1.99   83.26  858.64  870.62   11.28  674.10   69.72
   681    1.48   29.92   25.14    1.97   83.43  859.85  871.54   12.31  664.50   70.61
   682    1.48   30.04   25.01    1.93   83.65  864.54  875.83   11.63  658.49   72.16
   683    1.40   29.60   25.09    2.07   83.13  834.88  847.90   10.99  660.61   65.25
   684    1.35   29.60   25.16    2.25   82.70  844.61  860.13   10.76  666.61   60.77
   685    1.47   29.85   25.14    2.13   83.13  857.23  871.05    9.83  666.27   65.12
   686    1.45   29.79   24.95    1.91   83.88  851.02  862.05   10.70  656.58   71.85
   687    1.39   29.57   24.93    2.11   82.93  838.11  851.66   10.36  654.61   64.27
   688    1.52   29.32   25.16    1.61   84.64  823.07  830.83   10.59  666.17   81.95
   689    1.43   29.24   24.89    1.53   85.01  820.69  827.60   10.17  652.44   86.23
   690    1.42   29.17   25.17    1.70   84.34  819.95  828.57   10.50  666.63   77.79
   691    1.34   28.96   24.76    2.00   83.28  810.05  822.21    9.85  645.57   65.42
   692    1.33   28.76   25.04    1.79   84.02  802.58  812.22   11.75  659.33   72.29
   693    1.40   28.70   25.42    1.66   84.41  802.09  810.33    8.49  680.03   77.73
   694    1.40   28.80   25.01    2.05   83.06  806.54  819.26    9.86  659.30   63.78
   695    1.44   28.79   24.86    2.30   82.08  809.89  826.05   11.14  651.31   57.27
   696    1.32   28.95   24.87    1.98   83.15  817.48  829.39   10.15  652.26   66.67
   697    1.42   28.72   24.85    2.01   83.06  811.51  823.84    9.90  652.02   65.14
   698    1.39   28.50   24.73    2.01   82.94  801.62  813.94   10.02  645.43   64.37
   699    1.38   28.74   24.59    1.59   84.43  817.34  824.90   10.51  638.11   82.44
   700    1.50   28.47   24.49    1.84   83.50  794.88  805.12   10.61  630.88   69.61
   701    1.30   28.37   24.40    2.14   82.55  797.08  811.10   10.77  627.08   60.26
   702    1.38   28.62   24.51    2.34   81.88  808.98  825.69   10.55  633.26   56.31
   703    1.33   28.55   24.82    2.17   82.47  810.52  824.92    9.23  648.62   60.49
   704    1.45   28.65   24.92    2.00   83.19  811.79  823.93    9.19  654.45   65.62
   705    1.36   29.08   24.62    1.83   83.74  834.74  844.81    9.56  639.91   73.61
   706    1.29   28.91   24.60    1.90   83.46  832.71  843.60   11.61  638.69   70.75
   707    1.37   29.03   24.49    1.88   83.44  831.23  841.89   11.46  632.95   71.38
   708    1.37   29.18   24.35    2.14   82.58  839.55  853.51   10.73  624.41   63.51
   709    1.37   29.34   24.45    2.27   81.98  845.41  861.18   10.09  630.07   60.38
   710    1.35   29.09   24.49    2.21   82.06  834.65  849.62    8.86  632.21   61.10
   711    1.42   29.09   24.41    2.00   82.93  833.95  846.03    9.36  629.69   67.49
   712    1.40   28.68   24.43    2.29   81.84  812.90  828.91   10.20  629.59   57.72
   713    1.45   29.15   24.39    2.06   82.84  837.14  849.98    9.72  626.45   65.86
   714    1.45   28.83   24.42    2.18   82.34  821.69  836.18    9.26  630.42   61.12
   715    1.46   29.06   24.51    2.26   82.27  829.53  845.15   10.36  635.82   59.55
   716    1.44   29.28   24.53    2.17   82.55  843.49  857.80   10.02  637.49   63.05
   717    1.31   29.14   24.35    2.43   81.64  831.49  849.59   12.24  628.51   55.71
   718    1.38   29.27   24.61    2.41   81.83  841.42  859.26   11.49  642.50   56.74
   719    1.41   28.90   24.59    2.30   81.97  821.53  837.75   10.65  641.44   57.95
   720    1.31   28.90   24.58    2.12   82.62  817.84  831.59   12.53  641.37   62.35
   721    1.39   28.96   24.48    2.05   83.10  815.64  828.45   12.21  636.85   64.28
   722    1.32   29.14   24.41    1.91   83.73  827.67  838.69   12.16  634.63   69.96
   723    1.47   29.37   24.56    1.79   84.15  834.39  844.03   13.27  642.03   75.08
   724    1.46   29.56   24.74    1.85   84.02  853.04  863.41   13.92  651.44   74.12
   725    1.40   29.47   24.54    1.73   84.15  845.49  854.47   12.62  640.85   78.62
   726    1.41   29.08   24.64    1.95   83.55  834.39  845.95   13.01  644.76   68.93
   727    1.45   29.29   24.68    2.01   83.21  841.16  853.37   11.38  646.96   67.74
   728    1.44   29.02   24.67    2.21   82.56  825.89  840.76   10.78  644.30   60.67
   729    1.38   29.40   24.37    2.33   82.00  843.31  859.95   10.90  629.78   58.73
   730    1.45   29.72   24.68    2.36   81.97  861.29  878.36   10.97  646.07   59.23
   731    1.42   29.72   24.39    2.58   81.24  864.90  885.41   10.44  632.31   54.59
   732    1.53   29.23   24.13    2.27   82.12  837.34  853.15   10.19  617.26   59.74
   733    1.29   29.17   24.12    2.71   80.53  837.43  859.99   10.68  617.95   50.62
   734    1.32   29.46   24.71    2.34   81.91  847.65  864.42   11.61  647.79   58.80
   735    1.38   29.20   24.62    2.24   82.27  828.10  843.40   12.68  640.61   60.02
   736    1.42   29.28   24.33    2.28   82.02  829.32  845.24   10.74  629.46   59.00
   737    1.48   29.11   24.71    2.02   82.88  821.28  833.69   11.49  645.41   65.67
   738    1.48   28.95   24.35    2.15   82.22  820.96  835.01   10.67  628.74   61.94
   739    1.44   29.26   24.39    2.46   81.24  838.33  856.90   10.03  631.94   55.48
   740    1.38   29.72   24.67    2.13   82.48  856.64  870.40   10.78  642.40   65.18
   741    1.32   29.42   24.32    2.49   81.20  842.29  861.28   11.65  625.39   55.15
   742    1.37   29.28   24.01    2.58   80.80  835.44  855.96   10.74  610.56   52.78
   743    1.42   29.31   24.11    2.51   81.13  838.28  857.65    9.72  614.46   54.39
   744    1.38   29.09   24.18    2.53   80.88  827.58  847.33    8.79  620.32   53.24
   745    1.35   29.43   24.18    2.25   81.90  844.86  860.40   11.05  618.17   60.76
   746    1.31   29.34   24.19    2.26   81.83  851.30  866.86   10.15  621.49   61.16
   747    1.28   29.59   24.14    1.98   82.92  859.51  871.32    9.29  618.52   70.25
   748    1.35   29.18   24.60    1.70   83.79  837.32  845.92    9.50  640.32   79.45
   749    1.36   29.60   24.08    2.01   82.79  854.03  866.32   11.90  616.30   68.53
   750    1.35   29.26   24.43    1.94   82.88  842.97  854.39   11.94  635.97   70.05
   751    1.29   29.56   24.16    2.26   82.11  856.33  871.94   12.62  622.70   61.41
   752    1.42   29.58   24.09    2.11   82.68  859.57  873.07   14.11  622.29   65.98
   753    1.32   29.71   24.53    1.90   83.25  869.39  880.30   11.15  640.91   73.73
   754    1.39   29.49   23.92    2.14   82.60  863.93  877.87   12.78  611.33   65.32
   755    1.42   29.25   24.06    1.72   84.06  851.18  859.99   12.44  618.34   79.83
   756    1.42   29.36   24.12    1.95   82.77  852.85  864.36   13.00  622.91   70.58
   757    1.34   29.71   24.55    1.78   83.76  875.97  885.47   13.50  644.05   79.21
   758    1.43   29.64   24.40    2.09   82.45  885.20  898.46   12.97  637.27   68.48
   759    1.39   29.89   24.17    2.32   81.72  897.25  913.64   13.72  626.58   62.81
   760    1.43   29.82   24.14    2.01   82.71  887.29  899.53   13.12  624.76   71.25
   761    1.38   29.83   23.93    2.08   82.61  881.51  894.67   13.32  611.73   68.44
   762    1.41   29.43   23.95    1.97   83.04  854.74  866.53   13.28  611.84   69.93
   763    1.44   29.50   24.04    1.90   83.42  851.27  862.22   13.80  617.35   72.14
   764    1.42   29.13   23.84    2.00   82.91  834.06  846.25   14.32  608.35   67.24
   765    1.29   29.22   24.11    1.81   83.62  842.56  852.44   14.08  624.63   74.90
   766    1.44   29.18   24.00    2.03   82.90  843.88  856.40   15.27  618.47   67.15
   767    1.40   29.45   23.66    2.39   81.63  850.17  867.67   14.32  601.96   57.82
   768    1.36   29.58   23.80    1.97   83.35  846.52  858.34   15.12  607.30   69.21
   769    1.30   29.57   23.89    2.08   83.06  849.95  863.08   12.84  609.50   66.12
   770    1.39   29.36   24.35    1.88   83.60  837.10  847.82   13.85  633.12   71.63
   771    1.48   29.41   24.14    2.11   82.90  843.98  857.47   13.34  621.54   64.85
   772    1.38   28.93   23.84    1.98   83.14  816.46  828.40   13.78  606.69   66.50
   773    1.36   28.49   23.80    2.04   82.88  795.93  808.57   13.82  603.71   63.16
   774    1.39   28.50   23.37    2.21   82.52  791.67  806.57   13.33  581.68   58.18
   775    1.51   28.64   23.38    1.92   83.43  801.24  812.43   13.45  583.75   67.32
   776    1.34   28.76   23.63    2.15   82.50  806.80  820.91   13.98  596.24   60.80
   777    1.40   29.04   23.75    2.08   82.60  820.33  833.44   12.45  602.92   63.95
   778    1.46   28.86   23.58    1.98   83.03  809.34  821.23   11.83  592.96   66.06
   779    1.36   28.55   23.81    2.02   82.86  794.32  806.77   12.27  603.48   63.51
   780    1.36   28.75   23.55    1.82   83.45  799.77  809.81   12.46  589.11   70.70
   781    1.42   28.97   23.38    2.29   81.76  808.57  824.59   12.39  581.61   57.41
   782    1.38   29.17   23.49    2.17   82.54  819.13  833.57   12.46  587.00   61.04
   783    1.44   29.20   23.42    2.22   82.28  820.25  835.33   14.02  584.76   59.87
   784    1.39   28.95   23.69    2.20   82.49  812.29  827.03   12.86  598.60   59.95
   785    1.43   28.90   23.26    2.04   82.83  815.23  827.84   13.19  578.02   64.73
   786    1.32   28.88   23.50    2.00   82.84  815.34  827.42   12.53  589.02   66.04
   787    1.34   28.94   23.38    2.10   82.67  812.73  826.18   12.29  583.09   62.60
   788    1.35   28.92   23.52    2.12   82.52  807.43  821.15   12.86  588.75   61.65
   789    1.33   29.12   23.76    2.17   82.44  823.84  838.25   11.92  599.32   61.43
   790    1.39   29.22   24.12    2.07   82.64  824.01  837.00   14.08  617.59   64.51
   791    1.30   29.38   24.14    2.05   83.00  836.93  849.74   13.38  618.14   65.91
   792    1.37   29.18   23.91    2.21   82.20  827.42  842.36   12.28  606.93   60.64
   793    1.36   29.44   23.70    2.08   82.72  842.63  855.78   11.99  598.67   65.53
   794    1.36   29.23   24.09    2.31   82.16  831.92  848.25   11.20  618.20   58.49
   795    1.30   28.99   24.10    1.94   83.42  814.58  825.98   11.19  617.28   67.82
   796    1.49   29.23   23.94    2.00   82.86  832.71  844.91   12.42  609.71   67.12
   797    1.32   28.99   24.01    1.84   83.24  820.29  830.49   10.80  611.42   71.93
   798    1.54   29.12   23.67    1.97   82.81  818.19  830.01   10.98  594.13   66.97
   799    1.40   29.55   23.77    1.91   83.20  833.99  845.05   12.75  598.31   70.36
   800    1.36   29.56   23.86    1.77   83.60  837.24  846.62   13.64  604.12   76.27
   801    1.40   29.32   23.84    1.89   83.31  822.47  833.23   12.95  601.63   70.32
   802    1.32   29.37   23.83    1.75   83.72  825.43  834.68   12.90  601.34   75.76
   803    1.46   29.45   23.88    1.67   84.02  828.79  837.15   14.36  603.12   79.72
   804    1.51   29.10   23.65    1.81   83.49  805.60  815.42   12.81  591.79   71.93
   805    1.44   28.98   23.52    1.86   83.29  798.83  809.32   11.81  584.00   69.19
   806    1.46   28.95   23.35    1.96   82.89  801.59  813.29   12.04  578.05   65.96
   807    1.52   28.92   23.67    1.78   83.46  797.62  807.19   11.41  593.22   72.12
   808    1.48   29.15   23.75    1.92   83.37  816.95  828.08   12.32  598.11   68.78
   809    1.41   28.64   23.55    2.07   82.69  795.56  808.61   11.01  587.83   62.21
   810    1.37   28.60   23.42    1.98   82.98  789.95  801.92   12.72  581.91   64.35
   811    1.42   28.56   23.92    1.83   83.33  788.80  798.93   13.62  606.65   69.49
   812    1.38   28.73   23.64    1.86   83.34  800.41  810.85   12.99  591.33   69.46
   813    1.27   28.90   23.82    1.76   83.61  801.85  811.22   12.81  601.24   73.21
   814    1.40   28.61   23.78    1.84   83.25  796.43  806.64   12.16  599.58   69.87
   815    1.39   28.98   23.84    1.88   83.16  806.55  817.29   12.63  601.85   69.05
   816    1.42   29.20   23.90    1.76   83.60  816.33  825.61   11.80  606.32   74.82
   817    1.44   29.10   23.92    1.85   83.48  813.55  823.91   11.35  607.45   70.84
   818    1.45   29.32   23.49    1.99   82.93  810.28  822.28   10.87  585.07   65.87
   819    1.48   29.43   23.73    1.90   82.95  823.89  834.77   10.19  598.96   70.10
   820    1.54   29.57   23.89    1.48   84.28  829.93  836.38    9.73  606.88   89.99
   821    1.47   29.76   23.77    1.59   84.28  835.67  843.13    9.32  599.43   84.69
   822    1.47   29.36   23.62    2.02   82.92  825.24  837.65   10.15  591.71   65.97
   823    1.49   29.48   23.48    2.19   82.35  830.66  845.26    9.49  583.81   61.55
   824    1.44   29.54   23.70    2.36   81.86  837.91  854.91   11.25  595.97   57.78
   825    1.52   29.61   23.57    2.50   81.36  837.69  856.89    9.82  589.20   54.58
   826    1.46   29.43   23.45    2.38   81.68  840.84  858.14   11.36  587.03   57.51
   827    1.48   29.46   23.55    2.29   82.04  842.22  858.30   10.16  593.33   59.61
   828    1.47   29.09   23.73    1.98   83.02  818.74  830.60   10.30  602.29   66.88
   829    1.41   29.07   23.80    2.03   82.64  811.62  824.10   11.22  602.72   64.76
   830    1.41   28.97   23.93    2.07   82.79  816.60  829.59   12.10  611.81   63.94
   831    1.44   28.95   23.43    2.26   81.90  815.31  830.90   10.97  587.03   58.60
   832    1.32   28.70   23.69    2.21   82.09  805.00  819.96   11.90  597.23   59.01
   833    1.36   29.14   23.60    2.23   81.96  818.00  833.20   12.18  595.15   59.50
   834    1.49   29.38   23.72    2.11   82.56  827.91  841.47   10.29  602.84   63.51
   835    1.47   29.27   23.43    2.25   82.07  818.02  833.51   11.65  586.85   58.97
