#time, _distVP, _dist67, _distF,  _domz1, _flattenA, _projA, _domeA, _hrot, _projA_RF, _rad
     0    0.63   19.33   15.60    8.59   52.45  382.86  614.26   25.71  254.69   11.39
     1    0.77   20.95   16.11    7.82   56.80  437.91  629.66   21.73  271.95   12.82
     2    0.85   21.41   16.52    7.43   58.66  455.23  628.28   20.30  285.87   13.47
     3    0.83   21.68   16.62    7.05   60.15  461.45  617.44   20.70  289.47   13.94
     4    0.77   22.08   17.34    6.64   62.10  478.82  617.04   18.51  315.33   14.80
     5    0.79   22.76   16.93    6.69   62.44  502.59  642.72   18.46  300.15   15.31
     6    0.79   23.09   17.22    6.18   64.49  513.63  633.17   15.99  310.65   16.32
     7    0.83   23.21   17.60    5.97   65.42  525.22  636.84   16.40  324.62   16.99
     8    0.89   23.65   17.84    5.60   66.98  539.39  637.71   17.47  334.01   18.12
     9    0.81   23.84   17.97    5.45   67.65  543.13  636.27   17.02  339.42   18.58
    10    0.82   24.50   17.99    5.29   68.66  571.76  659.22   16.24  340.33   19.86
    11    0.72   24.12   18.26    5.22   68.79  564.90  650.30   21.41  350.87   19.82
    12    0.78   23.80   18.44    5.02   69.36  552.34  631.31   18.90  358.23   20.01
    13    0.79   23.68   18.17    4.92   69.62  545.66  621.38   18.05  348.32   20.11
    14    0.83   23.78   18.35    5.02   69.35  553.77  632.53   17.53  355.65   20.07
    15    0.81   24.19   18.56    4.49   71.45  567.38  630.30   17.01  364.48   22.37
    16    0.76   24.25   18.55    4.60   71.21  571.07  637.08   19.71  362.54   22.08
    17    0.77   24.39   18.78    4.38   72.24  575.16  635.00   20.67  372.64   23.11
    18    0.75   24.23   18.95    4.52   71.59  568.91  632.68   19.53  378.41   22.30
    19    0.76   24.19   18.73    4.45   71.80  565.43  627.36   20.17  370.45   22.44
    20    0.77   24.63   19.12    4.27   72.74  581.87  638.73   19.28  384.36   23.84
    21    0.80   24.51   19.57    4.38   72.26  581.97  642.02   19.10  403.46   23.32
    22    0.74   24.12   19.82    4.29   72.42  565.08  622.66   19.09  413.25   23.10
    23    0.74   24.36   19.74    4.08   73.35  577.78  629.87   16.95  409.79   24.56
    24    0.74   24.57   19.79    4.03   73.69  582.00  632.66   16.94  411.76   25.01
    25    0.71   24.42   19.90    4.18   72.84  574.04  628.72   16.47  417.21   23.93
    26    0.76   24.38   19.97    4.21   72.76  577.47  632.87   14.70  419.89   23.93
    27    0.73   24.62   20.02    4.28   72.63  587.33  644.50   12.68  421.18   23.99
    28    0.80   24.64   20.19    4.29   72.74  591.53  649.08   12.91  427.66   24.08
    29    0.81   24.41   20.22    4.07   73.30  582.28  634.00   10.84  428.84   24.80
    30    0.79   24.72   20.23    4.34   72.47  585.32  644.07   14.09  429.20   23.65
    31    0.79   24.62   20.02    4.06   73.64  588.24  639.82   14.03  420.66   25.06
    32    0.82   24.53   20.22    4.08   73.46  583.64  635.60   12.15  428.28   24.81
    33    0.85   24.22   20.32    4.00   73.80  575.99  625.87   14.13  433.93   24.93
    34    0.81   24.19   20.36    4.01   73.85  577.61  627.87   11.86  434.70   24.92
    35    0.80   24.00   20.46    4.06   73.69  567.18  618.56   13.67  439.34   24.28
    36    0.89   24.13   20.48    3.78   74.80  575.86  620.42   11.59  439.44   26.14
    37    0.79   23.86   20.47    3.84   74.29  563.14  609.08   14.12  440.20   25.28
    38    0.80   24.18   20.62    3.82   74.58  576.66  622.15   11.66  446.52   25.94
    39    0.89   24.23   20.37    3.66   75.14  580.40  622.13   13.57  435.96   27.08
    40    0.78   24.35   20.29    3.74   74.77  580.27  623.90   14.33  432.72   26.56
    41    0.80   24.32   20.68    3.63   75.35  583.79  624.96   15.88  450.15   27.38
    42    0.80   24.40   20.24    3.62   75.50  576.23  617.01   15.40  430.45   27.17
    43    0.88   24.19   20.24    3.62   75.25  574.23  615.15   14.71  430.78   27.04
    44    0.79   24.22   20.68    3.56   75.48  572.99  612.39   13.96  449.69   27.43
    45    0.83   23.96   20.51    3.43   75.93  569.36  606.04   12.58  442.59   28.12
    46    0.83   24.10   20.33    3.72   74.79  570.67  613.85   14.62  434.07   26.27
    47    0.86   24.10   20.92    3.47   75.85  575.04  612.49   13.46  459.99   28.13
    48    0.76   23.70   20.95    3.71   74.66  563.03  605.95   14.15  460.65   26.01
    49    0.85   23.87   20.93    3.78   74.45  568.32  612.94   15.47  460.72   25.81
    50    0.85   24.42   21.24    3.62   75.33  589.99  630.90   15.55  474.01   27.73
    51    0.87   24.36   21.32    3.76   74.99  591.44  635.43   11.69  478.27   26.94
    52    0.88   24.44   21.26    3.71   75.09  594.12  637.13   14.29  475.12   27.32
    53    0.86   24.33   21.24    3.50   75.83  584.99  623.18   11.78  473.93   28.34
    54    0.90   24.42   21.35    3.40   76.23  585.51  621.42   16.74  479.56   29.14
    55    0.87   23.95   21.07    3.64   75.39  572.31  613.68   14.78  467.51   26.83
    56    0.87   23.85   20.92    3.49   75.82  564.93  602.86   14.04  461.72   27.52
    57    0.89   23.77   21.61    3.27   76.76  568.19  601.56   16.27  492.09   29.26
    58    0.84   24.44   21.54    3.45   76.23  590.85  627.82   16.11  489.76   29.02
    59    0.92   24.17   21.57    3.13   77.52  585.99  616.36   12.78  491.13   31.40
    60    0.87   24.00   21.48    3.38   76.37  569.77  605.32   13.95  485.05   28.53
    61    0.85   24.04   21.63    3.37   76.34  574.77  610.06   14.15  491.62   28.86
    62    0.79   24.01   21.65    3.26   76.87  568.93  601.98   14.67  491.92   29.42
    63    0.81   24.32   21.47    3.21   77.05  585.48  617.50   14.38  484.06   30.65
    64    0.82   24.40   21.43    3.39   76.31  578.44  614.21   16.02  482.72   28.86
    65    0.89   24.33   21.56    3.33   76.59  586.52  621.04   16.37  489.63   29.70
    66    0.85   24.47   21.67    3.19   77.18  588.04  619.64   17.23  494.31   30.96
    67    1.01   24.22   21.62    3.22   76.79  574.66  607.02   13.03  492.20   29.98
    68    1.08   24.15   21.62    3.31   76.52  576.79  610.92   14.13  493.57   29.38
    69    0.95   23.89   21.55    3.35   76.01  569.07  603.97   17.60  490.11   28.73
    70    1.08   24.03   21.66    3.28   76.40  577.15  610.63   14.32  493.58   29.65
    71    1.06   24.12   21.62    3.34   76.21  574.28  609.02   14.85  492.12   29.03
    72    1.11   24.00   21.83    3.44   75.85  580.15  617.04   13.60  503.37   28.55
    73    1.04   23.94   21.62    3.35   76.07  568.35  603.37   13.29  492.92   28.65
    74    0.99   24.24   21.77    3.47   75.71  588.15  625.73   12.46  499.72   28.69
    75    1.04   23.86   21.85    3.38   76.03  573.34  608.85   10.82  504.05   28.71
    76    1.06   24.33   21.88    3.26   76.64  587.31  620.35   11.47  504.30   30.32
    77    0.98   24.46   21.82    3.18   76.95  593.21  624.75   13.50  501.30   31.24
    78    1.06   24.37   22.13    3.39   75.98  592.08  627.80   12.50  515.96   29.51
    79    1.03   24.51   22.47    3.08   77.36  601.54  630.96   13.74  532.37   32.65
    80    1.05   24.39   22.61    3.25   76.54  594.94  627.73   12.39  536.86   30.79
    81    1.02   24.33   22.61    2.93   77.72  591.60  618.31   14.32  538.08   33.57
    82    0.99   24.40   22.63    2.79   78.40  597.57  621.77   13.72  540.56   35.44
    83    0.98   24.57   22.66    2.90   77.92  601.60  627.72   13.91  541.33   34.46
    84    1.02   24.68   22.52    2.88   78.02  606.03  631.82   12.60  534.42   34.90
    85    1.02   24.50   22.57    2.97   77.47  597.50  624.90   11.72  536.76   33.50
    86    1.05   24.61   22.56    2.60   79.12  606.04  626.88   14.06  536.43   38.47
    87    0.98   24.85   22.22    2.80   78.27  609.54  633.86   13.36  518.62   36.04
    88    0.96   24.80   22.24    2.83   78.23  615.81  640.73   11.57  518.83   35.99
    89    0.91   24.43   22.21    2.89   77.87  599.92  625.76   12.79  517.26   34.53
    90    0.98   24.23   22.09    2.87   77.75  590.90  616.43   14.73  513.10   34.22
    91    0.95   24.32   22.06    2.77   78.21  599.84  623.64   15.27  511.57   35.84
    92    0.96   23.87   21.98    2.81   77.98  584.86  609.38   12.58  507.45   34.52
    93    1.01   23.90   22.18    2.85   77.54  585.36  610.58   14.18  516.42   34.11
    94    0.99   23.96   22.28    3.13   76.55  590.45  620.86   13.79  522.25   31.61
    95    0.99   24.21   22.44    2.95   77.48  603.80  630.89   13.98  530.57   34.01
    96    1.02   24.27   22.56    3.03   77.18  605.58  634.20   15.51  534.60   33.28
    97    1.03   24.17   22.74    2.79   77.94  597.86  622.05   14.15  543.70   35.47
    98    1.08   24.11   23.23    2.60   78.82  598.23  619.08   12.64  565.91   37.97
    99    1.01   24.28   22.94    2.87   77.78  601.83  627.46   13.70  551.64   34.77
   100    1.03   24.16   23.05    2.94   77.40  597.50  624.33   13.69  557.04   33.82
   101    1.04   24.20   22.88    2.80   78.14  600.21  624.44   15.49  549.35   35.57
   102    1.02   23.94   22.79    3.07   76.92  581.10  610.37   13.83  544.34   31.68
   103    1.09   23.76   23.15    2.82   77.90  577.95  602.62   13.09  561.80   34.04
   104    1.03   23.93   23.30    2.48   79.32  585.09  604.06   13.57  569.09   38.83
   105    1.06   24.12   23.04    2.63   78.69  592.71  614.19   10.21  557.67   37.14
   106    1.06   24.34   23.28    2.68   78.38  596.80  619.11   12.02  570.45   36.74
   107    1.07   24.68   23.32    2.60   78.95  610.65  631.49    8.86  572.37   38.75
   108    1.06   24.59   23.03    2.41   79.67  608.04  625.99    9.30  557.86   41.34
   109    1.01   24.41   23.19    2.43   79.56  596.27  614.53    9.52  565.50   40.25
   110    1.08   24.58   23.15    2.45   79.63  611.44  630.02    9.75  563.12   40.91
   111    1.10   24.25   22.75    2.35   79.94  594.38  611.36    8.77  544.34   41.49
   112    0.99   24.81   22.68    2.52   79.43  617.60  637.25    9.19  541.31   40.24
   113    1.09   24.20   22.93    2.37   79.53  585.54  602.89    9.18  552.76   40.50
   114    1.13   24.36   22.84    2.56   78.94  599.29  619.54   10.24  549.59   38.56
   115    1.05   24.59   22.92    2.60   79.08  606.35  627.20    9.96  551.94   38.47
   116    1.09   24.26   22.89    2.46   79.63  591.42  610.19    9.31  549.60   39.43
   117    1.09   24.09   22.86    2.84   78.09  580.25  605.31    9.57  547.69   33.92
   118    1.05   24.15   22.77    2.70   78.75  587.18  609.81    9.49  543.63   35.94
   119    1.08   24.43   22.77    2.59   79.33  594.43  615.27    8.62  543.14   37.76
   120    1.02   24.22   22.63    2.67   78.93  586.98  609.00    7.62  536.49   36.38
   121    1.05   24.18   22.84    2.52   79.64  584.12  603.79    9.63  547.86   38.13
   122    1.03   24.00   22.93    2.48   79.85  579.39  598.36    9.62  551.87   38.47
   123    0.99   23.57   22.73    2.83   78.26  566.65  591.58    7.50  542.13   33.24
   124    0.95   23.95   22.82    2.31   80.38  582.63  599.15   10.33  546.99   41.23
   125    1.04   24.02   22.70    2.37   79.85  578.17  595.59    9.92  541.20   39.94
   126    1.03   23.48   23.02    2.51   79.09  564.56  584.07    8.53  558.80   37.04
   127    1.07   23.62   22.92    2.50   79.39  572.89  592.15    9.39  551.96   37.79
   128    0.98   23.62   23.36    2.55   79.23  575.28  595.38   11.58  575.45   37.20
   129    1.06   23.73   23.32    2.48   79.42  585.00  604.02   12.09  572.94   38.78
   130    1.04   23.95   23.36    2.27   80.17  583.68  599.49    9.03  575.18   42.14
   131    1.10   24.40   23.49    2.21   80.38  595.83  610.88    9.35  581.16   43.99
   132    1.05   24.04   23.61    2.40   79.57  591.93  609.68   10.19  586.42   40.49
   133    1.03   23.91   23.71    2.36   79.75  589.08  606.21    9.44  591.14   40.98
   134    1.08   24.08   23.66    2.46   79.19  598.89  617.57    9.69  589.91   40.00
   135    1.09   24.35   23.84    2.39   79.49  607.48  625.10    9.06  597.48   41.66
   136    0.97   24.04   23.52    2.34   79.60  590.74  607.68    9.56  582.49   41.30
   137    1.07   23.94   23.41    2.21   80.20  585.79  600.85    9.08  577.09   43.27
   138    0.91   24.11   23.61    2.08   81.00  589.51  602.80    8.77  586.95   46.14
   139    1.07   24.12   23.77    2.42   79.48  590.87  608.98    8.44  595.61   40.04
   140    1.11   24.17   23.65    2.23   80.28  592.34  607.68    8.92  587.86   43.36
   141    1.08   23.80   23.91    2.17   80.58  581.36  595.80   10.65  600.85   43.80
   142    1.06   23.96   23.55    2.26   80.13  588.27  604.02    9.49  583.20   42.55
   143    1.15   23.59   23.90    2.35   79.65  578.50  595.54    9.17  600.33   40.36
   144    1.16   23.54   23.56    2.21   79.99  572.21  587.31    8.15  583.82   42.25
   145    1.16   23.82   23.45    2.46   79.09  579.31  597.96    8.15  577.89   38.76
   146    1.13   23.88   23.54    2.41   79.49  580.36  598.32    7.64  582.89   39.51
   147    1.09   23.69   23.62    2.22   80.22  580.61  595.73    7.08  586.63   42.81
   148    1.10   23.63   23.89    2.21   80.17  575.34  590.45    8.92  601.45   42.45
   149    0.99   23.95   23.72    2.27   80.30  586.53  602.45    9.62  591.72   42.21
   150    1.05   23.67   23.82    2.35   80.15  583.15  600.14    9.11  595.94   40.72
   151    1.08   23.92   23.69    2.24   80.31  589.44  604.92    8.92  590.46   42.97
   152    1.04   23.92   23.87    2.14   80.78  589.13  603.19    8.44  598.15   44.91
   153    1.12   23.99   24.00    2.13   80.93  592.31  606.21    7.97  604.66   45.38
   154    1.13   23.80   23.76    2.50   79.35  578.38  597.65    8.26  594.17   38.13
   155    1.06   23.61   23.68    2.59   78.97  578.14  598.98    8.71  588.72   36.76
   156    1.15   23.65   23.84    2.44   79.48  576.29  594.72    8.43  597.75   38.78
   157    1.16   23.79   24.03    2.52   79.24  582.56  602.28    9.00  606.37   37.99
   158    1.13   23.76   23.93    2.64   78.84  584.04  605.60    8.15  601.98   36.55
   159    1.20   23.83   23.90    2.63   79.10  585.43  606.87   10.04  600.20   36.73
   160    1.00   23.90   24.06    2.65   79.00  591.91  613.64    9.72  609.81   36.89
   161    1.11   24.11   23.74    2.47   79.69  596.14  614.93   10.17  594.07   39.71
   162    1.10   23.91   23.66    2.53   79.51  589.03  608.81    7.34  589.12   38.33
   163    1.15   23.70   23.41    2.54   79.42  585.58  605.51    9.78  576.09   37.99
   164    1.15   23.90   23.38    2.78   78.46  588.36  612.26   10.99  574.07   35.12
   165    1.19   23.98   23.47    2.80   78.27  590.20  614.49   10.38  578.88   34.97
   166    1.14   24.29   23.85    2.47   79.82  606.77  625.57   10.03  598.98   40.38
   167    1.13   24.64   23.67    2.32   80.41  615.38  631.91    9.88  590.48   43.45
   168    1.13   24.46   23.66    2.35   80.20  611.92  628.91    9.65  590.79   42.67
   169    1.19   24.75   24.02    1.99   81.71  629.88  641.97    9.50  607.75   51.41
   170    1.06   24.26   23.84    2.01   81.28  604.75  617.19   10.60  598.91   48.78
   171    1.14   24.35   23.75    2.20   80.39  605.77  620.61   10.92  595.92   45.00
   172    1.12   24.16   23.83    2.06   81.22  603.57  616.56    9.87  597.74   47.71
   173    1.13   24.19   24.16    1.99   81.58  605.65  617.72   10.04  614.49   49.54
   174    1.16   24.15   23.83    2.01   81.32  600.68  613.04    9.56  597.88   48.61
   175    1.34   24.32   23.99    2.02   81.27  610.54  623.11    9.56  606.42   49.00
   176    1.13   23.99   23.86    2.33   80.12  599.59  616.33    9.89  600.33   42.13
   177    1.16   23.91   24.33    2.11   80.84  587.76  601.43    9.81  623.88   45.41
   178    1.15   24.20   23.88    2.04   81.04  603.89  616.72   10.79  599.58   48.02
   179    1.18   23.94   23.78    2.18   80.36  593.78  608.41   10.34  594.80   44.43
   180    1.10   23.78   23.60    1.87   81.32  584.02  594.68   11.57  587.61   50.71
   181    1.08   23.59   23.71    1.82   81.76  576.73  586.82   10.99  592.41   51.38
   182    1.24   23.95   23.90    1.89   81.64  588.87  599.85   10.45  601.62   50.41
   183    1.14   23.58   23.83    1.92   81.11  577.84  589.07   11.95  598.89   48.96
   184    1.15   24.09   23.96    1.78   82.02  598.59  608.18   10.59  605.18   54.56
   185    1.15   23.63   23.92    1.45   83.37  580.60  586.89   10.58  603.63   64.54
   186    1.12   24.05   24.05    1.58   82.66  595.43  602.96   11.41  611.08   60.80
   187    1.13   24.27   23.75    1.66   82.31  602.01  610.38   13.29  595.88   58.46
   188    1.22   24.49   23.97    1.84   81.74  618.53  628.88    9.25  607.18   54.35
   189    1.16   24.27   23.87    1.51   83.12  608.06  614.96   11.69  599.97   64.66
   190    1.14   24.30   24.14    1.88   81.66  608.64  619.47   10.43  614.21   52.36
   191    1.10   23.86   24.14    1.69   82.34  593.63  602.28   12.36  614.44   56.82
   192    1.06   23.52   24.28    1.63   82.52  585.77  593.85    9.88  621.71   57.89
   193    1.03   23.68   24.01    1.73   82.05  584.90  593.96   13.69  606.75   54.80
   194    1.14   24.04   23.78    1.90   81.54  606.02  617.11   11.49  595.54   51.60
   195    1.10   23.65   24.12    1.98   80.95  586.64  598.70   12.61  613.50   48.04
   196    1.10   23.61   24.19    2.03   81.02  588.78  601.38   11.38  616.86   47.24
   197    1.15   23.87   24.05    1.71   82.42  594.63  603.52   12.25  607.63   56.17
   198    1.15   23.74   24.31    1.74   82.18  594.12  603.35   10.86  622.43   55.17
   199    1.18   24.02   24.10    1.69   82.45  598.88  607.58   12.16  611.78   57.12
   200    1.10   24.02   23.92    1.96   81.28  600.18  611.96   10.18  602.19   49.68
   201    1.13   23.58   23.94    1.87   81.61  585.13  595.83    8.75  604.64   50.70
   202    1.12   23.64   23.84    1.86   81.26  587.73  598.28   12.62  599.84   51.27
   203    1.17   24.13   24.05    1.95   81.11  606.11  617.69   11.56  611.24   50.57
   204    1.18   24.27   24.00    1.87   81.48  608.43  619.05   12.02  609.33   52.82
   205    1.20   23.99   23.75    1.88   81.52  593.43  604.20   10.18  594.94   51.23
   206    1.18   24.06   23.54    1.73   81.98  600.84  609.96   12.44  585.28   56.06
   207    1.26   24.12   23.92    1.53   83.00  612.11  619.12   10.09  604.31   64.59
   208    1.30   24.04   23.87    1.56   82.77  598.58  605.89    8.82  600.60   61.97
   209    1.31   24.32   24.04    1.58   82.83  608.47  616.01    7.98  609.96   62.04
   210    1.18   23.82   23.90    1.45   83.33  589.92  596.18   10.01  603.19   65.67
   211    1.25   23.87   24.21    1.80   81.91  598.42  608.30   10.77  618.09   53.80
   212    1.17   23.90   23.74    2.13   80.56  593.13  607.10    9.86  594.50   45.34
   213    1.17   23.86   23.77    2.04   80.96  596.93  609.67    9.22  598.31   47.63
   214    1.24   23.50   23.98    1.94   81.26  584.52  596.09    9.66  606.65   48.82
   215    1.27   23.94   23.79    2.06   81.03  599.11  612.19    9.82  596.22   47.23
   216    1.31   23.75   23.91    1.75   82.12  591.02  600.37   11.99  603.45   54.52
   217    1.23   23.47   24.05    2.14   80.55  577.11  591.20   10.21  609.30   44.00
   218    1.15   23.63   23.86    2.07   80.90  581.77  594.97   10.90  598.96   45.69
   219    1.17   23.81   23.63    2.03   81.13  581.51  594.18   11.30  588.32   46.58
   220    1.21   23.79   23.48    2.17   80.52  579.81  594.26    9.13  580.19   43.66
   221    1.37   24.15   23.72    2.05   81.08  600.93  613.84   10.03  592.52   47.64
   222    1.32   24.06   23.67    2.14   80.45  594.59  608.70   11.78  590.46   45.25
   223    1.27   23.89   23.91    1.95   81.34  585.22  596.81   12.23  600.86   48.84
   224    1.49   24.13   23.45    1.87   81.73  597.95  608.57    7.91  577.52   51.95
   225    1.32   24.08   23.59    1.79   81.96  588.53  598.31    9.06  584.82   53.17
   226    1.37   24.09   23.53    2.04   81.10  594.42  607.15    8.74  581.25   47.47
   227    1.27   24.36   23.67    2.16   80.51  602.77  617.06    9.96  590.06   45.58
   228    1.32   24.32   23.81    2.17   80.41  601.13  615.67    8.62  596.18   45.09
   229    1.30   24.55   23.64    1.90   81.68  614.84  625.83    9.95  587.82   52.53
   230    1.22   24.86   23.50    1.93   81.70  626.96  638.38    9.31  581.79   52.59
   231    1.24   25.19   23.70    2.15   81.09  643.90  658.09    9.61  591.46   48.73
   232    1.29   24.88   23.84    1.92   81.86  635.78  647.02    9.33  598.61   53.70
   233    1.16   24.76   24.18    1.64   82.72  635.49  643.61   10.07  617.36   62.51
   234    1.37   24.95   24.14    1.65   82.97  646.23  654.50    8.98  614.15   63.00
   235    1.24   25.15   23.59    1.72   82.50  641.67  650.64   10.05  587.43   60.19
   236    1.29   25.03   23.44    1.99   81.39  634.28  646.35   10.63  578.70   51.81
   237    1.23   24.51   23.56    1.95   81.54  613.26  624.88   11.28  583.04   51.03
   238    1.20   24.31   23.46    1.92   81.46  606.00  617.29   10.86  578.43   51.14
   239    1.20   24.35   23.79    1.82   82.01  601.73  611.83    8.70  594.01   53.52
   240    1.18   24.33   23.85    1.60   82.79  601.92  609.63   10.59  597.84   60.73
   241    1.26   24.12   23.94    1.72   82.27  592.37  601.40    9.67  601.22   55.55
   242    1.18   23.68   24.15    1.70   82.37  580.59  589.41   10.38  612.68   55.09
   243    1.28   23.51   24.05    1.82   81.98  575.32  585.43    9.57  606.15   51.23
   244    1.26   23.65   24.08    2.01   81.11  575.12  587.47    9.45  608.26   46.63
   245    1.27   23.69   24.23    1.58   82.84  573.44  581.00   11.79  616.16   58.51
   246    1.34   23.87   23.95    1.60   82.72  580.73  588.52   11.84  601.90   58.39
   247    1.21   23.80   23.93    1.58   82.69  576.97  584.56   11.51  601.34   58.75
   248    1.24   23.92   24.22    1.81   81.90  582.04  592.03   12.14  616.26   52.09
   249    1.35   23.93   23.87    2.00   81.23  573.39  585.67   11.84  598.06   46.61
   250    1.29   24.10   23.97    1.69   82.62  592.76  601.48   12.03  602.47   56.51
   251    1.28   23.98   24.09    1.74   82.26  590.24  599.41   10.05  608.77   54.96
   252    1.23   23.88   24.15    1.84   81.98  589.07  599.39   13.51  611.65   51.92
   253    1.31   24.10   23.78    1.93   81.72  604.62  616.03   11.25  592.96   50.79
   254    1.23   24.46   23.87    1.91   81.66  615.85  626.98   11.99  598.18   52.30
   255    1.25   24.57   23.87    1.92   81.57  618.89  630.10   12.06  598.58   52.37
   256    1.20   24.52   24.25    2.00   81.38  616.60  628.82   11.22  617.13   50.12
   257    1.24   24.55   24.32    2.09   81.25  621.73  635.10   12.02  620.34   48.43
   258    1.40   24.63   24.17    2.17   80.77  621.80  636.29   11.45  613.36   46.66
   259    1.26   24.25   24.30    1.95   81.55  604.17  615.78   10.49  620.18   50.33
   260    1.27   23.99   24.14    2.07   80.82  598.12  611.24   10.97  612.41   47.07
   261    1.26   24.05   23.74    2.07   80.92  598.35  611.47   11.77  593.62   47.08
   262    1.23   23.97   24.01    1.94   81.44  600.44  612.01   13.75  607.13   50.12
   263    1.30   24.13   24.11    2.27   80.18  599.11  615.02   11.22  611.97   43.10
   264    1.30   23.93   23.92    2.08   80.83  599.39  612.63   10.97  603.31   46.97
   265    1.29   23.82   24.21    1.96   81.15  595.80  607.58   10.72  617.56   49.32
   266    1.34   24.02   24.24    1.82   81.79  597.13  607.19   11.31  620.52   53.23
   267    1.22   24.01   23.89    2.39   79.43  602.66  620.32   12.50  603.28   41.30
   268    1.28   24.60   23.67    2.57   78.95  614.84  635.20   12.52  591.25   39.42
   269    1.31   24.43   24.07    2.09   80.69  621.63  634.99   12.83  611.82   48.44
   270    1.32   24.82   23.68    2.23   80.28  629.05  644.38   11.53  592.54   45.97
   271    1.24   24.70   23.83    2.13   80.60  623.52  637.49   13.63  598.48   47.58
   272    1.25   24.67   23.96    2.28   80.00  624.90  640.86   12.29  606.27   44.82
   273    1.35   24.78   23.62    2.30   79.93  629.17  645.41   14.31  589.69   44.74
   274    1.23   25.23   23.84    2.12   80.79  642.77  656.60   13.09  601.77   49.24
   275    1.26   24.90   23.73    2.14   80.78  633.04  647.04   11.10  595.15   48.24
   276    1.29   24.74   23.82    1.94   81.66  628.85  640.38   11.31  600.28   52.49
   277    1.28   24.77   24.26    1.84   82.08  630.97  641.30   10.78  621.54   55.47
   278    1.18   24.77   24.06    1.69   82.66  629.93  638.53   11.92  609.70   60.31
   279    1.12   25.04   24.40    1.82   82.26  647.67  657.79   13.14  625.71   57.41
   280    1.14   25.18   24.17    1.94   82.05  648.16  659.71   13.63  613.25   54.02
   281    1.15   25.29   24.02    2.16   81.00  654.62  668.95   13.70  607.35   49.30
   282    1.17   25.28   24.41    2.02   81.54  652.75  665.29   14.36  627.07   52.33
   283    1.23   25.41   24.60    2.22   80.94  662.05  677.17   12.00  636.56   48.60
   284    1.14   24.74   24.41    2.29   80.55  631.83  648.04   12.75  626.12   44.97
   285    1.25   24.67   24.22    2.25   80.54  626.71  642.29   12.35  616.51   45.45
   286    1.14   24.80   24.24    2.34   80.19  629.86  646.72   11.65  617.28   44.02
   287    1.20   24.77   24.30    2.25   80.61  624.78  640.29   12.42  621.20   45.41
   288    1.06   24.76   24.07    2.21   80.78  631.50  646.57   10.25  609.18   46.50
   289    1.12   25.01   24.01    1.99   81.64  635.37  647.49   11.22  607.61   51.80
   290    1.12   24.97   24.35    1.87   82.05  635.53  646.23   11.49  624.20   54.93
   291    1.21   25.34   24.64    2.07   81.28  651.34  664.42   12.34  637.80   51.21
   292    1.15   25.10   24.64    1.86   82.20  642.53  653.02   13.02  637.47   56.01
   293    1.09   24.78   24.17    1.66   82.94  629.04  637.35   13.20  614.34   61.22
   294    1.17   25.03   23.75    1.85   82.04  636.66  647.10   12.29  594.95   55.65
   295    1.12   25.24   23.76    1.98   81.68  643.95  655.96   12.83  595.05   52.70
   296    1.18   25.21   23.97    2.08   81.19  643.69  656.89   12.94  608.32   50.39
   297    1.17   25.07   24.25    1.75   82.41  643.58  652.87   13.11  621.41   59.43
   298    1.08   25.34   23.93    1.74   82.45  646.60  655.74   14.96  605.64   60.12
   299    1.14   25.37   24.14    2.06   81.32  654.48  667.52   14.95  616.97   51.50
   300    1.06   25.30   23.88    1.89   81.97  649.51  660.37   15.45  603.81   55.70
   301    1.10   25.34   23.91    2.07   81.24  646.09  659.17   16.25  604.82   50.80
   302    1.05   24.99   24.06    2.06   81.25  631.54  644.60   14.75  612.18   49.73
   303    1.08   24.70   23.94    2.00   81.35  621.42  633.68   13.23  604.59   50.41
   304    1.03   25.32   23.98    2.12   80.79  647.14  660.87   13.11  607.37   49.73
   305    1.07   25.11   23.85    2.11   80.96  639.85  653.50   11.06  599.83   49.32
   306    1.06   25.16   23.90    2.41   79.75  637.90  655.88   14.73  601.83   43.27
   307    1.09   25.14   23.92    1.96   81.70  637.26  649.02   13.55  602.78   52.67
   308    1.07   24.75   23.79    1.99   81.57  624.04  636.17   13.05  594.54   50.87
   309    1.01   24.77   23.87    2.10   81.04  621.92  635.40   12.39  600.08   48.26
   310    1.04   24.90   23.93    2.11   80.93  626.63  640.31   14.81  603.92   48.29
   311    1.05   24.93   23.79    2.16   80.54  621.87  636.17   15.23  596.72   46.95
   312    1.04   25.07   23.69    2.04   81.19  628.31  641.01   13.87  594.48   50.11
   313    0.99   25.08   23.67    2.03   81.01  627.01  639.69   15.16  595.00   50.06
   314    1.04   24.80   23.37    2.13   80.81  624.33  638.24   16.37  579.36   47.75
   315    1.11   24.87   23.78    2.15   80.66  631.10  645.30   15.10  597.85   47.79
   316    1.05   24.78   23.41    2.25   80.30  623.15  638.77   14.06  578.74   45.14
   317    1.12   24.80   23.28    2.11   80.68  626.10  639.76   14.89  573.26   48.29
   318    1.09   24.68   23.89    2.15   80.68  625.92  640.13   15.35  603.18   47.38
   319    1.14   24.62   23.71    2.27   80.26  622.35  638.17   13.90  594.35   44.84
   320    1.18   24.93   23.58    2.21   80.40  629.41  644.41   13.19  590.35   46.46
   321    1.11   24.66   23.36    2.11   80.77  616.90  630.51   13.72  579.58   47.68
   322    1.13   24.71   23.61    2.10   80.70  618.83  632.36   13.14  591.98   47.95
   323    1.15   24.33   23.91    2.24   80.17  609.62  625.13   11.53  606.93   44.35
   324    1.03   24.59   24.18    2.29   79.94  618.84  635.05   13.30  620.27   44.08
   325    1.15   24.62   23.65    2.16   80.48  620.49  634.89   13.08  592.86   46.71
   326    1.09   24.72   23.85    2.16   80.68  622.37  636.67   11.14  601.89   46.99
   327    1.16   24.73   23.60    1.93   81.48  617.58  628.95   12.24  590.34   51.91
   328    1.09   25.02   23.48    1.94   81.44  636.73  648.27   13.53  585.56   53.12
   329    1.11   24.60   23.20    2.16   80.28  612.13  626.53   13.47  570.04   46.09
   330    1.15   24.35   23.62    2.37   79.73  600.63  617.92   13.94  590.74   41.57
   331    1.23   24.37   23.91    1.97   81.43  606.27  618.19   12.12  605.11   49.90
   332    1.17   24.44   24.17    2.06   80.92  616.00  629.00   14.78  617.95   48.64
   333    1.17   24.77   23.65    2.07   80.91  627.92  641.03   12.38  592.38   49.37
   334    1.23   24.56   23.62    1.89   81.51  620.40  631.33   12.40  588.75   53.14
   335    1.19   24.30   23.90    2.00   81.05  607.63  619.89   12.88  602.87   49.33
   336    1.18   24.34   23.78    1.82   81.70  613.52  623.62   12.05  596.86   54.54
   337    1.28   24.69   24.01    1.93   81.50  625.74  637.12   10.83  608.31   52.56
   338    1.24   24.64   23.93    2.23   80.30  623.50  638.85   13.35  604.31   45.54
   339    1.24   24.93   23.89    2.10   80.73  643.07  656.61   14.66  602.22   49.75
   340    1.31   25.13   23.79    1.88   81.85  641.82  652.54   13.13  597.94   55.39
   341    1.29   25.32   23.64    1.88   81.95  650.85  661.61   13.27  590.04   56.05
   342    1.28   25.13   23.99    1.95   81.60  645.03  656.63   13.52  608.82   53.65
   343    1.26   25.08   23.67    2.14   80.58  643.00  657.08   13.17  593.28   48.85
   344    1.32   24.80   23.80    2.16   80.69  634.23  648.61   11.42  598.64   47.74
   345    1.24   24.90   23.84    2.21   80.41  629.73  644.74   13.06  600.46   46.46
   346    1.23   24.77   24.36    2.13   80.63  625.55  639.51   13.16  626.43   47.77
   347    1.28   24.78   24.03    2.15   80.63  629.52  643.66   12.13  610.59   47.76
   348    1.26   24.74   23.65    2.34   79.82  627.52  644.38   13.39  592.09   43.87
   349    1.26   24.80   24.02    2.34   79.85  636.82  653.74   14.79  610.89   44.42
   350    1.33   25.06   23.93    2.26   80.18  639.48  655.21   13.22  605.38   46.15
   351    1.22   25.13   24.33    2.42   79.71  640.11  658.24   13.87  624.88   43.23
   352    1.12   25.42   23.99    2.19   80.76  653.75  668.46   15.02  607.60   48.62
   353    1.18   25.47   24.14    2.17   80.94  655.73  670.19   12.94  614.24   49.17
   354    1.20   25.53   23.98    2.15   81.00  651.47  665.64   13.77  605.62   49.34
   355    1.21   25.47   23.84    2.49   79.61  645.58  664.75   14.91  598.25   42.48
   356    1.22   25.60   24.04    2.44   79.76  664.85  683.22   11.88  607.50   44.57
   357    1.14   25.14   24.08    2.36   79.90  640.59  657.71   12.06  610.43   44.42
   358    1.20   25.04   24.31    2.25   80.21  641.09  656.61   14.05  622.17   46.55
   359    1.20   25.26   24.18    2.17   80.65  647.47  661.92   10.92  615.09   48.58
   360    1.22   25.13   24.24    2.23   80.62  640.32  655.63   10.17  618.67   46.79
   361    1.27   25.70   24.03    2.47   79.65  666.62  685.45   12.30  608.64   44.17
   362    1.24   25.96   24.16    2.31   80.47  679.99  696.45   11.72  616.27   47.94
   363    1.23   26.14   24.15    2.22   80.58  691.28  706.36   10.44  616.02   50.74
   364    1.24   25.97   23.99    2.33   80.04  681.30  698.03   10.49  607.75   47.66
   365    1.13   25.79   23.91    2.20   80.55  674.15  688.94   11.10  603.50   49.97
   366    1.15   25.65   24.10    2.03   81.02  670.84  683.43   12.20  614.91   53.63
   367    1.23   26.05   24.23    2.01   81.29  682.32  694.72   11.27  620.24   54.91
   368    1.11   25.95   24.03    2.09   81.03  674.10  687.48   14.81  608.82   52.36
   369    1.27   25.87   24.29    1.74   82.31  676.08  685.28   13.43  622.94   62.60
   370    1.31   26.14   24.47    1.72   82.13  681.87  690.87   14.28  631.99   63.79
   371    1.28   25.57   24.65    1.79   82.08  667.90  677.60   15.02  639.72   60.34
   372    1.25   25.54   24.45    1.64   82.45  655.38  663.45   14.90  630.35   64.59
   373    1.20   25.32   24.29    2.05   80.88  652.84  665.70   15.46  621.99   51.72
   374    1.15   25.54   24.28    1.89   81.69  665.48  676.39   12.21  620.67   56.92
   375    1.16   25.46   24.30    2.38   79.83  658.43  675.82   13.51  620.73   45.29
   376    1.18   25.41   24.39    2.50   79.22  663.89  683.20   14.77  625.26   43.49
   377    1.14   25.78   24.31    2.40   79.46  675.08  692.84   13.93  622.70   45.95
   378    1.19   25.54   24.42    2.08   80.90  669.27  682.55   13.38  626.96   52.19
   379    1.15   25.09   24.47    2.29   80.09  644.07  660.22   15.16  630.11   45.90
   380    1.13   25.27   24.29    2.06   80.89  643.04  655.99   11.78  621.37   50.79
   381    1.20   25.57   24.15    2.42   79.48  659.81  677.80   13.74  613.99   44.68
   382    1.19   25.31   24.43    2.41   79.57  654.16  672.06   12.46  628.60   44.41
   383    1.20   25.49   24.17    2.33   79.87  656.44  673.09   12.13  617.14   46.09
   384    1.14   25.64   24.22    2.29   80.17  654.58  670.76   12.55  618.54   46.57
   385    1.20   25.31   23.74    2.34   79.88  638.90  655.71   12.75  592.15   44.69
   386    1.33   25.47   23.88    2.06   81.07  652.18  665.11   13.15  600.91   51.53
   387    1.29   25.76   23.89    2.42   79.69  660.39  678.39   13.82  600.67   44.70
   388    1.28   25.80   24.07    2.30   80.08  664.62  680.83   11.44  610.33   47.23
   389    1.17   25.76   24.07    2.08   81.16  661.73  674.96   13.90  609.42   51.72
   390    1.23   25.96   24.17    2.08   81.22  668.14  681.44   12.34  614.59   52.07
   391    1.26   25.82   23.90    2.14   81.08  666.95  680.98   13.23  602.15   50.69
   392    1.22   25.84   23.95    2.23   80.72  662.46  677.75   13.80  604.54   48.38
   393    1.21   25.43   24.26    2.42   79.85  648.64  666.70   15.15  620.89   43.87
   394    1.14   25.45   24.55    2.09   81.25  656.76  670.20   14.97  639.94   50.94
   395    1.25   25.22   24.40    2.06   81.08  641.18  654.24   14.12  630.03   50.47
   396    1.22   25.21   24.54    2.04   81.12  642.44  655.22   15.68  636.35   51.07
   397    1.24   25.08   24.41    2.14   80.58  633.77  647.80   14.76  629.28   48.26
   398    1.21   25.09   24.43    2.11   80.74  633.99  647.65   15.89  632.78   48.87
   399    1.18   25.05   24.05    1.95   81.35  636.34  647.93   16.02  612.34   52.96
   400    1.23   25.23   24.28    1.98   81.27  644.02  655.97   16.18  623.32   52.82
   401    1.17   24.99   24.26    2.06   80.84  630.49  643.53   14.52  621.22   49.68
   402    1.22   25.17   24.13    2.06   80.90  634.55  647.49   15.23  614.53   50.16
   403    1.26   24.80   24.36    1.81   81.83  616.57  626.59   13.94  626.33   55.02
   404    1.23   24.60   24.10    2.03   80.97  610.80  623.41   14.97  614.61   48.94
   405    1.19   24.30   24.40    2.06   80.53  598.61  611.63   13.91  631.04   47.29
   406    1.19   24.42   24.26    1.96   81.00  603.48  615.19   14.96  621.34   50.09
   407    1.29   24.26   24.28    2.00   80.61  599.89  612.16   14.43  625.42   48.72
   408    1.20   24.77   24.25    2.31   79.86  629.86  646.35   13.45  623.09   44.48
   409    1.22   24.82   24.03    2.27   79.84  623.17  639.03   13.60  612.96   44.84
   410    1.26   25.24   24.22    2.25   80.10  646.77  662.40   12.74  624.96   46.79
   411    1.22   25.55   24.10    2.44   79.47  654.04  672.36   14.15  617.15   43.92
   412    1.19   25.47   24.33    2.34   79.97  653.15  670.05   12.48  630.17   45.55
   413    1.23   25.33   24.28    2.31   79.85  648.54  665.03   12.30  626.96   45.76
   414    1.15   25.33   24.27    2.09   80.57  655.06  668.46   12.40  628.82   50.89
   415    1.13   25.72   24.22    2.27   80.24  670.91  686.68   14.51  624.82   48.27
   416    1.15   25.78   24.14    2.31   79.99  670.93  687.42   12.79  621.82   47.29
   417    1.22   25.70   23.96    2.29   80.33  676.77  692.95   13.32  614.18   48.11
   418    1.14   25.87   23.90    2.41   79.82  669.38  687.29   11.04  612.25   45.40
   419    1.10   25.73   23.84    2.55   79.08  664.99  685.07   12.79  606.60   42.78
   420    1.14   25.48   23.64    2.39   79.78  649.30  666.96   11.91  594.55   44.37
   421    1.12   25.35   23.32    2.50   79.14  643.76  663.04   10.65  579.50   42.26
   422    1.17   25.12   23.55    2.41   79.37  634.45  652.40   11.67  591.63   43.07
   423    1.22   25.34   23.14    2.46   79.30  638.74  657.45   11.84  573.07   42.53
   424    1.23   25.23   23.87    2.21   80.31  644.30  659.25   11.88  607.05   47.59
   425    1.23   25.55   24.00    2.28   79.98  653.78  669.77   10.85  613.01   46.78
   426    1.31   25.91   23.95    2.29   80.00  669.81  685.90   11.77  611.10   47.74
   427    1.29   25.86   23.74    2.39   79.26  674.34  691.95   12.65  602.18   46.08
   428    1.22   25.65   24.03    2.31   79.75  661.89  678.26   13.51  615.80   46.82
   429    1.23   25.60   23.87    2.46   79.29  661.69  680.38   12.66  606.41   44.02
   430    1.29   25.54   23.77    2.45   79.31  660.50  679.05   12.81  601.58   44.09
   431    1.24   25.87   24.09    2.24   79.90  670.09  685.53   11.23  622.76   48.70
   432    1.22   25.54   24.27    2.09   80.56  655.26  668.70   12.82  630.64   50.84
   433    1.28   25.43   24.14    2.17   80.09  655.77  670.22   12.39  623.70   49.19
   434    1.24   25.36   24.12    2.27   79.71  653.05  668.90   12.52  620.13   46.91
   435    1.21   25.26   24.12    2.35   79.36  646.25  663.28   11.73  621.07   44.93
   436    1.31   25.42   23.52    2.35   79.44  652.26  669.30   10.30  591.14   45.32
   437    1.22   25.54   23.93    2.24   80.07  663.78  679.24    9.79  613.41   48.23
   438    1.17   25.30   23.46    2.54   78.80  646.50  666.35   11.67  587.18   41.86
   439    1.15   25.16   24.04    2.10   80.55  649.77  663.27   10.65  619.36   50.33
   440    1.15   25.19   24.10    2.31   79.97  654.01  670.44   12.18  623.73   46.20
   441    1.21   25.36   23.96    2.34   79.58  655.09  671.90   10.76  618.04   45.79
   442    1.22   25.51   24.10    2.29   80.10  660.96  677.04    8.76  624.09   47.15
   443    1.19   25.62   23.90    2.25   80.24  664.93  680.49   11.54  609.64   48.16
   444    1.20   25.13   23.90    2.14   80.38  647.10  661.10   11.26  614.99   49.27
   445    1.24   24.95   23.79    2.22   80.07  638.87  653.97   12.97  609.09   46.98
   446    1.25   25.19   23.65    2.22   80.00  653.57  668.73   11.31  605.61   47.94
   447    1.13   25.15   24.21    2.09   80.22  647.83  661.20   10.70  629.78   50.42
   448    1.28   24.84   24.16    2.29   79.64  637.11  653.18   11.10  628.46   45.51
   449    1.18   25.16   24.01    2.02   80.54  650.25  662.75   10.16  622.23   52.20
   450    1.21   24.91   23.83    2.11   80.20  637.00  650.62   10.61  612.65   49.16
   451    1.18   24.80   23.60    2.09   80.48  627.99  641.33   10.88  599.43   48.97
   452    1.18   24.85   23.67    2.03   80.75  634.42  647.03    9.14  604.53   50.77
   453    1.15   25.11   23.65    2.10   80.67  644.37  657.84   10.14  599.70   49.97
   454    1.13   25.01   23.93    2.11   80.50  641.52  655.19   10.55  617.29   49.41
   455    1.25   25.55   23.98    2.29   79.92  661.20  677.32   11.71  621.89   47.11
   456    1.13   25.43   23.99    2.35   79.56  655.76  672.75   13.31  617.57   45.61
   457    1.19   25.58   23.76    2.41   79.09  675.05  692.94   11.86  612.43   45.80
   458    1.21   25.15   23.97    2.56   78.74  651.24  671.47   12.17  619.39   41.78
   459    1.35   25.36   23.88    2.52   78.91  659.44  679.09    9.09  611.44   42.86
   460    1.30   25.29   23.98    2.22   80.33  654.40  669.53    9.12  615.48   48.05
   461    1.28   24.85   24.28    2.40   79.52  633.56  651.35    8.46  632.15   43.18
   462    1.18   24.75   24.44    2.14   80.39  627.57  641.68   11.43  642.67   47.66
   463    1.27   24.73   24.40    2.20   80.07  623.97  638.84   10.29  642.42   46.26
   464    1.25   24.52   24.30    2.39   79.39  616.12  633.71   12.43  639.00   42.27
   465    1.23   24.41   24.18    2.16   79.92  613.52  627.87   13.59  630.14   46.28
   466    1.18   24.45   24.45    1.98   80.58  618.00  630.04   11.74  650.25   50.58
   467    1.38   24.60   24.39    2.24   79.57  616.13  631.54   12.18  644.35   44.94
   468    1.27   24.67   24.18    2.35   79.06  624.83  641.87   12.34  634.33   43.47
   469    1.21   24.46   24.26    2.26   79.60  617.86  633.59   10.67  639.69   44.64
   470    1.29   24.47   24.42    2.35   79.15  616.27  633.24    9.71  643.94   42.98
   471    1.28   24.46   24.00    2.31   79.36  612.20  628.59   11.11  627.16   43.40
   472    1.33   24.66   24.04    2.49   78.80  619.70  638.81   10.17  627.52   40.90
   473    1.35   24.14   24.21    2.40   78.94  602.48  620.25   11.57  633.19   41.16
   474    1.27   24.02   24.36    2.20   79.74  598.35  613.30   12.84  646.05   44.31
   475    1.25   24.42   24.00    2.46   78.68  609.35  628.11   12.34  619.24   40.58
   476    1.31   24.38   23.94    2.40   78.98  612.44  630.19   10.61  619.26   41.84
   477    1.33   24.36   24.12    2.10   80.29  614.04  627.62   12.01  624.07   47.51
   478    1.40   24.19   24.12    1.71   81.90  606.53  615.42   10.84  625.97   57.26
   479    1.30   24.26   24.24    1.92   81.22  609.99  621.25   11.93  631.53   51.55
   480    1.26   24.53   24.17    2.19   79.99  622.40  637.14   10.18  630.67   46.33
   481    1.22   24.44   24.12    2.36   79.24  615.29  632.48   12.80  628.29   42.66
   482    1.20   24.52   23.98    2.51   78.86  619.65  639.11   14.68  618.23   40.56
   483    1.23   24.50   24.02    2.28   79.82  614.48  630.53   12.63  619.50   43.99
   484    1.29   24.21   23.99    2.28   79.71  600.31  616.30   11.01  618.06   43.08
   485    1.25   24.10   24.06    2.15   80.06  590.89  605.12   12.37  619.02   44.80
   486    1.22   24.06   24.34    2.23   79.82  584.05  599.36   11.98  630.44   42.81
   487    1.19   24.12   24.09    2.25   79.73  597.18  612.82   11.74  620.26   43.30
   488    1.23   24.22   24.45    2.26   79.88  604.82  620.50   12.51  637.28   43.79
   489    1.20   24.02   24.54    2.11   80.36  591.82  605.54   11.62  644.86   45.63
   490    1.23   24.25   24.61    2.08   80.35  604.05  617.28   11.42  650.99   47.34
   491    1.23   23.68   24.51    2.22   79.74  586.67  601.88   11.81  646.01   43.12
   492    1.22   23.98   24.49    2.31   79.58  595.91  612.33   12.76  641.70   42.24
   493    1.20   24.05   24.09    2.50   78.83  602.77  622.07   13.22  622.59   39.65
   494    1.19   24.31   24.05    2.16   80.03  611.93  626.33   12.52  621.10   46.08
   495    1.27   24.04   23.92    2.24   79.74  590.19  605.66   11.77  614.88   43.04
   496    1.39   23.88   24.14    2.38   79.19  590.08  607.62   10.51  626.58   40.58
   497    1.24   23.81   24.22    1.91   80.94  589.20  600.32   10.68  630.08   50.13
   498    1.31   23.49   24.40    2.02   80.68  574.50  587.04   11.14  640.80   46.23
   499    1.33   24.03   24.23    2.15   80.45  591.76  605.93   10.45  630.94   44.95
   500    1.29   23.93   24.32    2.19   79.98  587.56  602.27   10.19  636.10   43.87
   501    1.16   24.22   24.33    2.44   78.88  592.95  611.39   11.41  636.27   39.85
   502    1.29   24.11   24.29    2.35   79.58  599.55  616.55   11.92  634.41   41.83
   503    1.25   23.79   24.50    2.26   79.66  589.52  605.20   11.41  648.96   42.72
   504    1.29   23.37   24.13    2.31   79.45  569.26  585.79   10.28  628.21   40.31
   505    1.29   23.52   24.03    2.10   80.30  575.82  589.38    9.87  622.38   44.69
   506    1.32   23.83   23.87    2.14   80.17  584.11  598.21   10.73  617.47   44.48
   507    1.22   23.64   23.91    2.20   79.83  572.38  587.27   10.88  617.47   42.53
   508    1.26   23.78   24.13    2.19   80.04  582.26  596.96   12.56  628.15   43.49
   509    1.33   23.65   24.28    2.25   79.72  583.07  598.73    9.28  636.33   42.29
   510    1.38   23.96   24.00    2.12   80.49  606.52  620.30   10.97  624.83   46.64
   511    1.36   23.59   24.18    1.99   80.67  591.64  603.76   10.33  633.46   48.34
   512    1.36   23.43   24.33    2.38   79.14  583.99  601.46   10.20  643.44   40.26
   513    1.33   23.51   24.23    2.10   80.24  592.89  606.49   11.89  642.38   45.91
   514    1.28   23.58   24.23    2.27   79.82  596.48  612.28   13.59  641.18   43.04
   515    1.28   23.45   23.99    2.36   79.41  584.40  601.55   12.08  625.82   40.63
   516    1.27   23.68   24.03    2.53   78.39  595.76  615.52   12.87  625.89   38.78
   517    1.26   24.21   23.76    2.67   78.13  608.34  630.49   11.19  615.32   37.54
   518    1.32   23.63   24.08    2.48   78.46  590.63  609.67   10.21  630.77   39.12
   519    1.26   23.53   23.96    2.36   78.97  593.53  610.72   11.19  629.91   41.20
   520    1.27   23.35   23.78    2.50   78.39  577.75  597.13   10.38  615.72   37.98
   521    1.31   23.88   23.97    2.54   78.48  600.33  620.31   11.33  627.25   38.87
   522    1.25   23.75   23.99    2.53   78.54  595.98  615.77   11.11  627.94   38.76
   523    1.26   23.51   23.85    2.61   78.11  584.80  605.87   11.03  618.92   36.99
   524    1.30   23.14   23.94    2.57   78.05  568.60  589.03   10.64  618.37   36.52
   525    1.37   23.47   23.99    2.51   78.54  574.95  594.47   12.00  620.79   37.69
   526    1.32   23.56   24.15    2.57   78.27  577.73  598.11    9.23  625.31   37.12
   527    1.26   22.91   23.99    2.49   78.57  552.44  571.67   10.47  617.60   36.52
   528    1.27   22.71   24.05    2.37   78.98  545.70  563.01   10.05  619.14   37.88
   529    1.19   22.84   24.21    2.47   78.78  551.22  570.11   10.13  631.45   36.74
   530    1.15   22.99   24.12    2.42   79.03  555.24  573.36   12.17  624.05   37.72
   531    1.24   22.69   24.28    2.38   78.89  539.88  557.45   12.06  630.64   37.23
   532    1.27   22.95   24.28    2.34   79.07  548.37  565.33   12.99  631.15   38.42
   533    1.12   22.95   24.10    2.28   79.08  551.20  567.27   12.99  627.60   39.58
   534    1.18   23.10   23.85    2.31   78.95  551.20  567.73   15.23  612.66   39.07
   535    1.29   22.81   24.09    2.50   78.07  544.38  563.71   13.92  627.21   35.92
   536    1.21   22.64   24.16    2.37   78.50  532.33  549.63   13.51  626.34   37.00
   537    1.25   22.90   23.85    2.35   78.65  543.94  560.94   10.52  612.43   38.07
   538    1.31   23.32   24.07    2.29   79.26  554.08  570.26    8.47  622.90   39.66
   539    1.26   23.28   23.80    2.19   79.55  556.16  570.93   10.52  607.21   41.53
   540    1.21   23.12   23.70    2.04   80.21  552.98  565.76   11.88  602.28   44.18
   541    1.19   23.14   23.60    2.47   78.67  553.36  572.19   11.23  596.13   36.94
   542    1.22   23.00   24.41    2.28   79.32  551.87  567.88   10.74  635.55   39.70
   543    1.18   23.18   24.05    2.28   79.59  559.95  576.01   10.83  617.17   40.21
   544    1.17   23.28   24.21    2.23   79.81  566.04  581.30    9.56  624.64   41.60
   545    1.25   23.33   23.83    1.93   80.95  566.32  577.70   12.29  604.33   47.74
   546    1.13   23.68   24.18    2.09   80.27  576.38  589.84   11.31  621.35   44.88
   547    1.27   23.52   24.33    2.05   80.52  564.72  577.67   11.98  627.43   44.80
   548    1.25   23.38   23.81    2.13   80.30  563.03  576.96   10.73  601.40   43.19
   549    1.24   23.32   24.11    1.94   80.88  563.98  575.57   12.53  619.79   47.13
   550    1.28   23.33   24.05    1.92   80.97  560.07  571.38   10.19  615.40   47.36
   551    1.28   23.25   24.16    2.16   80.01  567.28  581.61   11.31  621.82   42.93
   552    1.23   22.88   24.18    2.20   79.49  553.90  568.87   10.98  621.16   41.11
   553    1.12   22.88   24.36    2.10   80.14  557.76  571.29   12.09  628.33   43.37
   554    1.20   22.98   24.38    2.26   79.74  553.98  569.76   10.01  630.11   40.12
   555    1.16   23.10   24.20    2.28   79.67  557.40  573.40   12.72  619.35   40.10
   556    1.26   23.32   24.43    2.30   79.54  560.91  577.18   13.55  628.71   40.03
   557    1.20   23.33   24.02    2.29   79.60  557.18  573.30   12.92  608.60   39.93
   558    1.14   23.55   24.19    2.16   80.13  569.90  584.23   14.71  620.21   43.12
   559    1.26   23.76   24.22    2.34   79.47  572.55  589.49   12.24  619.67   40.06
   560    1.21   23.31   24.35    2.05   80.33  552.19  565.13    9.63  626.98   43.86
   561    1.26   23.25   24.09    2.02   80.54  547.13  559.69   11.20  614.45   44.08
   562    1.20   23.24   24.34    2.09   80.02  549.22  562.66   14.91  626.68   42.86
   563    1.24   23.45   24.18    2.02   80.44  562.24  574.77   12.79  619.33   45.30
   564    1.32   23.30   24.18    2.14   79.83  551.87  565.99   10.97  618.70   42.08
   565    1.35   23.28   23.96    2.07   80.29  556.59  569.77   11.87  606.43   43.83
   566    1.26   23.25   24.22    2.03   80.60  557.47  570.15   12.18  618.03   44.68
   567    1.23   23.40   24.39    1.98   80.80  560.54  572.56   11.90  626.45   46.06
   568    1.24   23.44   24.47    2.21   79.72  554.87  569.99   11.43  630.75   40.98
   569    1.19   23.24   24.36    2.00   80.75  551.11  563.36   11.93  625.90   44.91
   570    1.23   23.25   24.39    1.87   81.08  550.81  561.51   11.80  627.98   47.81
   571    1.22   23.00   24.27    2.12   80.02  540.85  554.67   11.81  622.38   41.68
   572    1.25   23.08   24.21    2.12   80.31  542.09  555.93   10.34  617.11   41.76
   573    1.26   23.37   24.20    2.15   80.34  562.45  576.63   11.97  615.62   42.78
   574    1.19   23.40   23.80    2.45   78.88  562.02  580.57   12.80  596.71   37.75
   575    1.26   23.42   24.05    2.35   79.17  562.08  579.19   10.92  610.84   39.18
   576    1.23   23.70   23.94    2.17   79.89  570.12  584.65   11.12  604.67   42.85
   577    1.19   23.90   23.73    2.61   78.30  577.63  598.68   11.55  593.94   36.57
   578    1.16   23.65   23.75    2.24   79.50  570.93  586.43   11.71  596.28   41.64
   579    1.18   23.51   23.99    2.10   80.29  561.96  575.47   11.93  607.43   43.72
   580    1.27   24.01   24.01    2.21   80.15  579.76  594.76    9.70  607.70   42.90
   581    1.22   23.64   24.11    2.05   80.72  562.82  575.71   11.88  612.19   44.75
   582    1.29   23.81   24.04    2.04   80.83  572.21  584.97   11.04  608.36   45.70
   583    1.17   23.79   24.01    2.03   80.75  570.23  582.87   10.46  606.80   45.75
   584    1.23   24.29   24.12    1.89   81.43  591.88  602.82   11.92  614.65   50.72
   585    1.24   23.83   24.47    1.80   81.76  568.29  578.21   10.04  630.52   51.05
   586    1.26   23.54   24.23    1.88   81.48  566.25  577.02   11.05  618.65   48.96
   587    1.26   23.92   24.25    2.00   81.15  582.61  594.82   11.38  619.06   47.47
   588    1.24   23.61   23.90    2.27   79.73  566.40  582.28   11.00  602.02   40.86
   589    1.20   23.88   23.78    2.21   79.97  576.24  591.30   10.95  597.29   42.59
   590    1.18   23.60   23.77    2.26   79.73  563.20  578.93   10.84  594.89   40.82
   591    1.18   23.73   24.14    2.35   79.24  565.74  582.76   12.80  614.83   39.53
   592    1.29   23.93   23.99    2.25   79.78  572.76  588.38   11.27  608.59   41.63
   593    1.28   24.02   24.03    2.05   80.39  581.04  593.94    9.96  612.92   46.13
   594    1.25   23.97   23.97    2.35   79.39  571.33  588.31    9.62  608.46   39.94
   595    1.19   23.62   24.19    2.27   79.70  561.70  577.55   11.41  620.94   40.57
   596    1.27   23.23   23.86    2.07   80.41  548.02  561.19   10.82  600.93   43.17
   597    1.18   23.51   23.82    2.27   79.71  553.83  569.80   10.56  599.40   39.89
   598    1.17   23.55   24.09    2.33   79.36  555.98  572.69    9.93  613.14   39.21
   599    1.26   23.18   24.12    2.57   78.49  550.80  571.24   10.51  615.99   35.42
   600    1.21   23.71   24.17    2.19   80.25  573.98  588.73    8.29  619.80   42.82
   601    1.19   23.52   24.11    2.09   80.62  566.93  580.38    8.99  613.77   44.18
   602    1.29   23.87   24.12    2.15   80.49  575.68  589.86    9.16  616.02   43.75
   603    1.18   23.71   23.82    2.23   80.06  570.80  586.07   10.11  601.43   41.92
   604    1.20   23.93   24.08    2.41   79.54  575.23  593.13    7.91  613.98   39.24
   605    1.30   24.05   24.23    2.42   79.51  582.77  600.90    8.43  621.91   39.50
   606    1.25   23.98   23.85    2.28   79.95  575.62  591.64   10.01  605.96   41.35
   607    1.24   24.10   24.47    2.28   79.92  574.83  590.91   10.40  633.08   41.21
   608    1.28   24.40   24.33    2.12   80.54  586.97  600.78    9.84  626.80   45.14
   609    1.25   24.33   24.25    2.17   80.46  587.89  602.45    8.20  625.26   44.11
   610    1.28   24.66   24.73    2.11   80.91  611.81  625.41    9.76  650.80   47.31
   611    1.27   24.53   24.48    2.26   80.33  604.40  620.11    8.07  637.71   43.71
   612    1.26   24.17   24.43    2.42   79.64  598.35  616.36    8.82  632.60   40.64
   613    1.23   24.17   24.33    2.31   79.90  598.95  615.38    9.29  631.29   42.45
   614    1.20   23.96   24.50    2.00   81.23  583.16  595.46    9.16  635.98   47.35
   615    1.20   23.90   24.15    2.52   78.94  577.67  597.38   10.23  619.96   37.69
   616    1.25   23.77   24.41    2.41   79.54  573.55  591.47    9.91  633.34   39.11
   617    1.18   24.12   24.39    2.45   79.40  585.37  603.99   10.57  629.21   39.19
   618    1.25   23.73   24.38    2.62   78.68  571.15  592.35   10.57  631.49   36.05
   619    1.28   23.85   24.25    2.54   79.00  567.04  586.97    9.06  621.60   36.83
   620    1.27   23.79   24.27    2.18   80.34  572.61  587.29   11.87  624.56   42.82
   621    1.20   23.63   24.12    2.17   80.62  566.85  581.38   12.84  615.80   42.62
   622    1.26   24.03   23.87    2.35   79.68  576.83  593.95   10.68  602.67   40.17
   623    1.21   23.99   24.11    2.06   81.02  576.33  589.34   11.15  613.83   45.58
   624    1.27   24.05   23.78    1.95   81.36  577.34  588.93   10.90  601.84   48.19
   625    1.24   23.61   23.58    2.18   80.24  558.74  573.35   10.61  588.12   41.91
   626    1.29   23.84   23.57    2.23   80.09  567.56  582.86   12.39  585.18   41.65
   627    1.26   24.05   23.51    2.22   80.17  580.15  595.39   11.29  583.83   42.62
   628    1.24   24.24   23.82    2.31   79.99  584.13  600.64   10.46  600.27   41.35
   629    1.24   24.38   23.83    2.26   80.36  595.93  611.72   10.97  599.88   43.03
   630    1.24   24.25   23.57    2.31   80.02  584.44  600.89   10.95  588.65   41.43
   631    1.29   24.15   23.81    2.24   80.24  581.45  596.93   10.34  598.89   42.40
   632    1.20   24.38   23.92    1.97   81.05  594.19  606.12   11.44  606.11   48.91
   633    1.21   24.33   24.17    2.07   80.70  591.98  605.11   12.36  619.01   46.59
   634    1.17   24.36   24.00    2.26   80.03  591.35  607.13   13.22  609.78   42.73
   635    1.20   24.46   24.07    2.03   80.72  592.37  605.07   11.67  613.12   47.36
   636    1.19   24.10   24.04    2.08   80.65  576.84  590.13    9.65  609.49   45.18
   637    1.13   24.36   24.08    1.91   81.41  588.70  599.80   12.64  612.17   50.13
   638    1.23   24.53   24.21    1.88   81.82  599.69  610.47   12.79  618.39   51.76
   639    1.19   24.33   24.15    1.98   81.35  589.03  601.07   12.21  615.00   48.28
   640    1.11   24.39   24.32    1.94   81.34  590.77  602.32   12.80  624.91   49.37
   641    1.28   23.81   24.19    2.05   80.67  571.12  584.03   10.39  619.31   45.36
   642    1.25   23.70   24.26    2.06   80.74  562.29  575.27   12.47  620.23   44.57
   643    1.29   23.56   24.21    2.10   80.63  563.71  577.23   10.18  618.18   43.85
   644    1.12   23.56   24.31    2.26   79.83  561.84  577.65   11.45  622.93   40.63
   645    1.31   23.55   24.29    2.37   79.29  565.45  582.76   11.87  623.43   39.20
   646    1.23   23.37   24.30    2.17   79.94  555.47  569.91   10.37  624.80   41.91
   647    1.28   23.94   24.45    1.92   81.07  580.86  592.20   10.91  631.37   48.99
   648    1.17   23.88   24.20    2.09   80.70  581.24  594.60   12.10  618.53   45.41
   649    1.29   23.94   24.08    2.31   79.98  584.19  600.71   12.11  612.12   41.34
   650    1.22   23.43   24.15    2.19   80.18  566.88  581.70   13.46  616.42   42.24
   651    1.22   23.85   24.29    2.19   80.44  579.31  594.05   12.73  621.14   43.22
   652    1.28   24.11   24.44    2.26   79.98  587.96  603.64   11.62  631.09   42.61
   653    1.29   23.62   24.53    2.15   80.17  570.13  584.36   11.63  634.66   43.28
   654    1.19   23.78   24.47    2.15   80.36  581.88  596.11   12.56  633.32   44.13
   655    1.27   23.83   24.67    1.86   81.51  578.94  589.47   11.11  642.67   50.56
   656    1.27   24.08   24.48    2.03   80.96  579.58  592.18   11.77  631.56   46.54
   657    1.19   23.70   24.33    2.04   80.74  569.41  582.16   13.20  624.03   45.49
   658    1.23   23.75   24.59    1.97   80.91  573.94  585.82   12.19  637.64   47.39
   659    1.27   23.52   24.54    1.92   81.30  565.19  576.45   11.09  634.02   47.88
   660    1.25   23.19   24.56    2.08   80.52  557.62  570.96   11.70  637.46   43.65
   661    1.16   23.54   24.59    2.15   80.47  575.94  590.15   10.96  637.56   43.73
   662    1.23   23.86   24.75    2.17   80.39  584.10  598.65   11.29  647.30   43.84
   663    1.23   23.88   24.94    1.94   81.21  582.82  594.39   13.87  655.13   48.70
   664    1.24   23.59   24.66    2.30   79.85  576.14  592.40    9.62  643.19   41.08
   665    1.30   23.40   24.81    2.13   80.31  574.58  588.54   10.59  651.68   43.98
   666    1.38   23.68   24.65    1.83   81.73  575.51  585.79   11.32  641.03   50.85
   667    1.31   23.67   24.60    2.15   80.42  566.19  580.46   10.94  638.28   42.93
   668    1.23   23.34   24.31    2.19   80.47  551.53  566.31   13.24  622.35   41.17
   669    1.21   23.63   24.24    2.23   80.31  567.98  583.27   10.70  619.33   41.69
   670    1.22   23.58   24.50    2.41   79.52  569.45  587.34   12.24  631.87   38.87
   671    1.32   23.56   24.55    2.22   80.24  565.91  581.08   12.32  634.25   41.70
   672    1.16   23.79   24.51    2.18   80.42  570.12  584.71   12.51  633.13   42.77
   673    1.23   23.53   24.57    2.37   79.32  558.39  575.75   13.04  634.23   38.68
   674    1.30   23.92   24.44    2.14   80.52  574.80  588.87   10.85  627.72   43.84
   675    1.11   23.64   24.19    2.15   80.41  559.14  573.31   11.83  614.01   42.54
   676    1.22   23.84   24.45    2.32   79.63  570.20  586.85   11.17  627.28   40.24
   677    1.19   23.85   24.54    2.39   79.41  571.15  588.81   11.02  632.22   39.22
   678    1.26   24.06   24.53    2.24   80.24  579.07  594.55   11.42  631.59   42.24
   679    1.21   24.14   24.84    2.46   79.34  579.65  598.34   12.21  647.32   38.74
   680    1.27   24.44   24.44    2.26   80.40  594.23  609.97   10.62  628.09   42.97
   681    1.33   24.10   24.73    2.19   80.45  585.30  600.08   10.35  642.73   43.61
   682    1.24   24.24   24.53    2.03   81.21  590.86  603.46   10.50  632.81   47.40
   683    1.19   24.11   24.55    1.90   81.76  591.18  602.17    9.79  633.72   50.58
   684    1.30   24.02   24.39    1.92   81.44  576.65  587.92    9.60  626.72   48.79
   685    1.29   23.99   24.60    2.07   80.87  576.03  589.19    6.22  636.84   45.33
   686    1.27   23.78   24.70    1.91   81.44  570.82  582.03    7.37  641.88   48.43
   687    1.26   23.76   24.55    2.09   80.52  572.84  586.26    8.54  633.98   44.68
   688    1.24   23.48   24.53    2.42   79.16  556.68  574.86   11.73  632.40   37.75
   689    1.23   23.49   24.67    2.32   79.63  562.38  578.97    9.94  640.22   39.76
   690    1.25   23.64   24.70    2.17   80.09  563.70  578.21    9.75  642.79   42.41
   691    1.35   23.52   24.75    2.44   79.10  563.74  582.21    9.01  644.86   37.93
   692    1.30   23.60   24.65    2.45   79.22  566.34  584.86    7.41  639.03   38.05
   693    1.24   23.32   24.75    2.47   78.97  553.73  572.60   10.47  643.62   36.92
   694    1.21   23.30   25.05    2.19   79.98  551.45  566.26   10.85  659.04   41.13
   695    1.25   23.21   24.85    2.23   79.91  546.85  562.20    8.04  648.39   40.12
   696    1.34   23.34   24.81    2.34   79.60  546.03  562.93    9.41  645.56   38.33
   697    1.31   23.17   24.95    2.30   79.83  552.18  568.49   10.42  653.38   39.39
   698    1.24   23.23   24.91    2.41   79.20  547.84  565.76    9.64  651.12   37.42
   699    1.26   23.35   24.54    2.50   78.86  550.30  569.65    9.17  631.81   36.28
   700    1.28   22.82   24.75    2.43   78.91  531.49  549.76   11.53  643.25   36.03
   701    1.31   23.42   24.81    2.39   79.41  550.88  568.49   12.37  646.56   37.93
   702    1.34   22.94   24.56    2.57   78.53  534.24  554.78   10.55  634.67   34.31
   703    1.27   23.47   24.93    2.17   80.45  559.89  574.35   10.14  653.71   42.21
   704    1.26   23.27   24.61    2.50   79.09  547.26  566.58   10.38  639.06   36.11
   705    1.33   23.90   24.42    2.40   79.63  567.01  584.88    9.94  627.33   38.73
   706    1.22   23.62   24.55    2.27   79.98  556.03  571.95   12.39  633.53   40.09
   707    1.21   23.68   24.62    2.33   79.77  562.60  579.40    8.71  636.82   39.56
   708    1.28   23.59   24.74    2.20   80.19  559.38  574.31   10.80  643.03   41.54
   709    1.25   24.05   24.71    2.14   80.61  572.92  587.00   11.02  640.81   43.71
   710    1.25   23.71   24.54    2.35   79.71  560.03  577.12    8.72  632.10   39.06
   711    1.47   23.31   24.71    2.17   80.35  546.25  560.80    7.26  641.25   41.10
   712    1.39   23.41   24.48    2.04   80.92  550.08  562.83    6.69  628.42   43.99
   713    1.33   23.18   24.53    2.28   79.60  532.63  548.74    7.53  631.12   38.26
   714    1.36   23.20   24.50    2.06   80.64  529.89  542.92    7.23  629.91   42.01
   715    1.37   23.26   24.75    2.12   80.40  541.07  554.90    7.12  644.06   41.70
   716    1.37   23.36   24.65    2.21   80.11  542.32  557.40    7.02  637.94   40.14
   717    1.25   23.44   24.23    2.21   80.13  542.18  557.19    8.52  616.26   40.22
   718    1.32   23.40   24.29    2.62   78.34  542.05  563.32    5.57  618.51   34.25
   719    1.41   23.64   24.42    2.28   79.85  552.15  568.16    6.19  625.90   39.73
   720    1.34   23.72   24.49    2.25   79.96  555.90  571.55    7.20  629.52   40.40
   721    1.17   23.49   24.70    2.19   80.17  548.03  562.74    9.09  639.71   41.01
   722    1.29   23.48   24.62    2.26   79.76  544.22  560.01    9.63  635.33   39.41
   723    1.32   23.62   24.50    2.19   80.31  549.71  564.46    8.33  629.36   41.08
   724    1.29   23.90   24.29    2.33   79.67  558.13  574.84    8.52  618.54   39.34
   725    1.23   23.82   24.12    2.13   80.43  556.36  570.34    9.66  610.56   42.60
   726    1.28   23.99   24.07    2.29   79.80  558.18  574.31    8.21  607.13   40.00
   727    1.22   24.04   24.49    2.32   79.77  565.97  582.64    9.17  628.75   39.92
   728    1.23   23.97   24.29    2.09   80.70  561.66  575.06    7.60  618.42   43.85
   729    1.20   23.91   24.50    2.03   81.01  561.35  573.97    8.18  629.71   45.09
   730    1.23   23.69   24.35    2.22   79.97  551.56  566.72   10.31  621.74   40.70
   731    1.28   24.02   24.52    2.35   79.55  570.64  587.73   10.60  631.74   39.78
   732    1.24   23.93   24.53    2.26   79.81  561.85  577.53   10.39  632.37   40.78
   733    1.28   23.91   24.63    2.04   80.79  568.14  580.89    9.07  636.95   45.39
   734    1.21   23.97   24.55    1.87   81.68  561.93  572.60   12.32  632.66   48.81
   735    1.26   24.36   24.74    1.75   82.39  579.43  588.72   10.07  642.61   53.66
   736    1.23   24.10   24.72    2.15   80.68  570.05  584.30    8.50  640.75   43.23
   737    1.21   24.23   24.83    2.21   80.52  577.58  592.59    9.43  646.98   42.75
   738    1.16   24.02   24.48    2.29   80.02  564.69  580.83   10.65  628.34   40.44
   739    1.18   23.53   24.47    2.23   80.16  551.85  567.24    9.54  628.02   40.43
   740    1.23   23.58   24.97    2.04   80.95  555.71  568.56    9.58  654.61   44.28
   741    1.25   23.19   24.74    1.96   81.28  538.06  549.89    9.76  642.20   44.61
   742    1.23   23.09   24.51    2.16   80.16  533.18  547.57    8.81  629.50   40.35
   743    1.27   23.37   24.57    2.09   80.61  539.46  552.90    8.73  632.54   42.13
   744    1.17   23.56   24.33    2.17   80.43  539.07  553.61    8.89  620.35   40.59
   745    1.19   23.62   24.23    2.31   80.05  544.00  560.42   11.67  615.01   38.71
   746    1.30   23.45   24.46    2.19   80.35  535.77  550.59    9.10  626.90   40.00
   747    1.24   23.48   24.52    2.34   79.84  545.02  562.01    9.57  630.01   38.17
   748    1.26   23.56   24.93    2.07   80.88  537.98  551.15    7.84  651.90   42.41
   749    1.19   23.74   24.75    1.81   81.79  546.18  556.16    7.95  642.18   49.01
   750    1.25   23.62   24.60    1.97   81.18  541.59  553.52    8.46  634.81   44.70
   751    1.20   23.79   24.54    1.67   82.42  544.45  552.98    9.29  631.55   52.58
   752    1.28   23.91   24.50    1.62   82.48  550.79  558.80    8.98  629.63   54.77
   753    1.19   23.42   24.82    1.76   81.96  533.99  543.42   10.98  646.12   49.22
   754    1.22   23.54   24.67    2.02   80.83  538.64  551.14    9.40  638.53   43.51
   755    1.22   23.53   24.85    2.03   80.75  542.30  554.93   12.06  649.03   43.59
   756    1.20   23.15   24.65    1.98   81.00  532.06  544.07   11.92  637.73   43.81
   757    1.21   23.43   24.84    1.81   81.65  545.16  555.12    9.22  646.81   48.94
   758    1.19   23.15   24.77    1.98   80.76  534.75  546.83    9.67  643.49   43.90
   759    1.20   23.25   24.64    1.91   81.14  539.32  550.45    9.94  637.34   45.99
   760    1.27   23.39   24.62    2.24   79.87  535.54  550.97    8.58  636.98   39.24
   761    1.27   23.59   24.60    1.99   80.84  549.83  561.97   10.72  634.89   45.00
   762    1.19   23.43   24.38    2.13   80.36  538.31  552.34    8.44  623.33   41.21
   763    1.15   23.21   24.52    2.36   79.38  543.15  560.36    8.79  630.62   37.81
   764    1.27   23.46   24.98    2.19   80.10  549.11  563.90    9.61  655.01   40.98
   765    1.24   23.37   25.05    1.92   81.18  543.64  554.97   10.35  658.72   45.96
   766    1.18   23.39   24.86    2.09   80.50  546.10  559.50    9.57  648.69   42.68
   767    1.17   23.27   25.03    1.96   81.07  543.30  555.14    9.01  657.23   45.00
   768    1.28   23.72   25.04    2.03   80.84  555.62  568.31   11.34  657.74   44.53
   769    1.23   23.53   25.29    1.87   81.40  546.84  557.59    9.19  670.67   47.37
   770    1.19   23.74   24.87    2.29   79.73  556.78  572.96    9.95  648.30   39.85
   771    1.29   23.90   24.69    1.95   81.16  560.21  571.88   10.49  639.15   46.67
   772    1.25   23.31   24.80    2.32   79.53  542.28  558.90   11.18  645.33   38.37
   773    1.20   23.30   24.72    2.14   80.31  547.63  561.70   11.78  640.99   41.85
   774    1.13   23.41   25.08    2.21   80.08  552.43  567.42   11.42  659.87   40.97
   775    1.17   23.32   25.35    2.09   80.69  546.54  559.97   10.27  674.26   42.68
   776    1.19   23.07   25.07    2.01   80.92  539.71  552.07   11.24  659.13   43.84
   777    1.29   23.64   24.93    2.00   81.11  556.63  568.88   10.80  651.68   45.35
   778    1.23   23.49   25.07    1.97   81.19  554.72  566.68   11.14  659.70   45.70
   779    1.22   24.02   24.61    1.79   82.02  575.75  585.57   10.50  635.78   51.98
   780    1.22   23.70   24.66    2.19   79.87  561.79  576.59   12.67  638.46   41.89
   781    1.26   23.93   24.76    2.14   80.43  571.98  586.06   10.32  643.51   43.61
   782    1.26   23.68   24.94    2.11   80.64  559.57  573.32    8.38  651.94   43.19
   783    1.29   23.94   25.09    2.01   81.09  575.60  587.98   11.38  660.10   46.60
   784    1.27   23.88   25.36    1.75   82.09  569.45  578.77   10.72  674.47   52.68
   785    1.27   23.45   25.03    1.75   81.99  556.13  565.41   10.95  656.47   51.59
   786    1.20   23.77   25.04    1.93   81.30  571.25  582.65   10.11  658.23   48.08
   787    1.24   23.78   25.05    2.05   80.75  567.55  580.47   10.57  658.95   45.08
   788    1.22   23.11   24.78    2.05   80.90  541.46  554.35   11.60  644.96   43.10
   789    1.25   23.55   25.21    1.88   81.42  554.44  565.20   10.31  667.45   47.98
   790    1.14   23.59   24.96    1.56   82.80  561.13  568.51   12.17  654.39   57.92
   791    1.24   23.49   25.00    1.74   82.06  565.47  574.64   10.90  657.50   52.74
   792    1.24   23.74   24.84    1.65   82.49  571.13  579.35   11.74  649.25   56.03
   793    1.27   23.57   25.00    1.69   82.38  568.87  577.58    9.72  656.28   54.31
   794    1.24   23.49   24.79    1.96   81.15  556.48  568.24    8.89  645.11   46.21
   795    1.15   23.63   24.86    1.88   81.50  564.80  575.62   10.47  648.45   48.75
   796    1.23   23.98   25.22    1.83   81.74  581.66  591.90   10.31  667.47   51.44
   797    1.24   24.02   25.14    1.74   82.23  587.25  596.45   12.76  663.68   54.61
   798    1.23   24.08   25.10    2.08   80.79  600.11  613.38   11.37  661.79   46.98
   799    1.24   24.12   24.99    1.83   81.92  595.57  605.78   10.72  656.58   52.72
   800    1.22   24.18   25.11    1.76   82.12  593.97  603.39   13.11  664.19   54.60
   801    1.18   24.58   25.21    1.95   81.54  613.23  624.81   11.06  668.15   51.12
   802    1.25   24.37   25.37    1.77   82.34  606.61  616.17   11.11  678.57   55.36
   803    1.27   24.18   25.18    1.98   81.06  595.65  607.66   11.44  668.08   48.86
   804    1.18   24.27   25.56    1.92   81.40  593.83  605.10    9.92  687.56   50.21
   805    1.26   24.15   25.36    1.95   81.17  589.53  601.14   10.16  676.79   49.14
   806    1.29   23.91   25.27    2.06   80.71  582.30  595.32    8.95  671.91   46.02
   807    1.20   24.16   25.12    2.14   80.70  584.44  598.58   11.29  663.74   44.45
   808    1.29   24.41   25.08    2.28   80.19  600.80  616.76    9.32  661.08   43.15
   809    1.26   24.21   25.37    2.25   80.24  595.18  610.84   10.08  676.00   43.15
   810    1.20   23.53   25.00    2.20   80.04  564.09  579.07   10.48  656.69   41.82
   811    1.22   24.20   25.07    2.07   80.95  592.77  605.99   11.34  660.71   46.51
   812    1.27   23.73   25.30    2.42   79.18  576.06  594.22   11.87  673.19   39.03
   813    1.19   23.70   25.43    2.49   78.96  572.49  591.69   12.19  679.78   37.82
   814    1.14   23.74   25.25    2.19   80.08  573.83  588.59   12.15  671.40   42.82
   815    1.19   23.89   24.99    2.22   80.04  578.15  593.33   11.47  657.21   42.56
   816    1.22   23.99   24.86    2.25   79.94  579.90  595.48   13.04  649.35   42.17
   817    1.24   24.13   25.27    2.10   80.65  587.80  601.39   11.73  671.92   45.53
   818    1.28   24.08   24.84    1.83   81.88  578.95  589.14   10.39  647.45   51.35
   819    1.28   24.04   25.10    1.97   81.43  581.53  593.42   10.26  662.19   47.96
   820    1.22   23.88   25.09    1.90   81.63  575.59  586.65   11.35  661.14   49.14
   821    1.20   23.44   25.17    1.98   81.17  565.25  577.24   10.74  666.95   46.47
   822    1.26   23.87   25.28    1.77   82.08  584.44  593.93   12.65  671.16   53.57
   823    1.27   23.58   25.39    1.93   81.24  573.64  585.01   10.60  677.60   48.35
   824    1.25   23.58   25.38    1.76   81.99  570.90  580.30   10.35  677.69   52.62
   825    1.22   23.46   25.26    1.81   81.66  569.00  579.02   10.17  671.78   50.88
   826    1.24   23.37   25.37    2.06   80.51  567.48  580.53   10.61  677.51   44.84
   827    1.23   23.36   25.40    1.92   81.19  573.29  584.56    9.94  679.64   48.51
   828    1.29   23.35   25.54    2.02   80.84  570.02  582.59   10.21  686.83   45.84
   829    1.25   23.68   25.50    2.05   80.66  571.29  584.25   11.91  683.15   45.29
   830    1.31   23.94   25.29    2.12   80.72  581.74  595.57   12.29  671.10   44.71
   831    1.33   23.92   25.13    2.04   81.01  576.39  589.21   10.72  662.90   45.92
   832    1.34   24.17   25.49    2.06   81.00  594.11  607.14   11.31  682.24   46.92
   833    1.26   24.25   25.59    2.09   80.64  589.12  602.55    9.93  688.16   45.90
   834    1.28   23.90   25.40    2.15   80.13  575.19  589.41   11.32  677.41   43.65
   835    1.29   24.14   25.40    1.89   81.45  580.56  591.44    9.14  677.10   49.92
   836    1.27   24.24   25.60    2.04   80.89  580.54  593.26   11.10  688.27   46.40
   837    1.35   24.44   25.60    2.02   80.81  592.44  604.90   10.32  688.18   47.78
   838    1.29   24.56   25.36    2.15   80.65  600.78  614.95   11.93  675.50   45.60
   839    1.25   24.47   25.67    2.07   80.96  598.38  611.57   11.15  691.73   46.97
   840    1.34   24.37   25.55    2.04   80.81  596.08  608.82    7.16  685.37   47.58
   841    1.26   24.80   25.60    2.01   81.06  609.21  621.55    9.10  688.46   49.30
   842    1.36   24.92   25.80    1.91   81.70  617.12  628.22   10.28  700.68   52.47
   843    1.25   25.00   25.51    2.07   81.00  617.35  630.46   12.26  684.41   48.55
   844    1.26   25.15   25.69    1.99   81.44  625.80  637.95    9.26  694.00   50.97
   845    1.29   24.92   25.68    2.05   81.07  613.95  626.86    8.76  693.58   48.65
   846    1.31   24.94   25.51    1.98   81.44  612.18  624.24    9.12  685.77   50.08
   847    1.34   25.13   25.39    1.82   82.24  624.91  634.98   10.44  678.89   55.59
   848    1.32   25.30   25.13    1.78   82.35  628.12  637.77    8.85  665.54   57.02
   849    1.29   24.74   25.18    2.00   81.37  611.25  623.56   10.37  667.08   49.52
   850    1.29   24.72   25.37    1.94   81.60  604.82  616.31   11.25  676.37   50.62
   851    1.22   24.41   25.59    1.87   81.71  594.32  605.03   12.07  687.62   51.46
   852    1.16   24.67   25.33    1.85   81.76  604.73  615.21    9.76  675.31   52.86
   853    1.27   24.48   25.31    1.95   81.29  598.13  609.78    9.43  674.07   49.77
   854    1.29   24.72   25.44    2.07   80.99  601.91  615.09   10.99  679.49   47.27
   855    1.23   24.87   25.18    2.30   80.16  608.53  624.89   12.06  667.28   43.19
   856    1.32   24.63   25.18    2.10   80.64  602.24  615.84   10.47  667.93   46.60
   857    1.27   24.53   24.89    2.44   79.10  590.86  609.26   10.58  651.54   39.76
   858    1.27   24.61   24.83    2.27   79.90  593.95  609.90   10.23  647.96   42.69
   859    1.37   24.37   25.12    2.35   79.49  593.60  610.64    8.76  664.18   41.37
   860    1.35   24.61   25.07    1.98   81.03  596.28  608.27   10.45  661.74   48.96
   861    1.32   24.23   25.41    2.14   80.30  584.58  598.62    9.68  680.00   44.61
   862    1.23   24.63   25.37    2.08   80.75  583.10  596.42   10.66  677.44   45.62
   863    1.35   24.48   25.19    2.14   80.38  584.84  598.93    9.47  668.37   44.56
   864    1.35   24.47   25.44    1.89   81.35  589.87  600.85    9.32  681.15   50.49
   865    1.26   24.39   25.32    1.83   81.64  588.82  599.05   12.02  674.23   52.07
   866    1.32   24.64   25.41    1.85   81.75  601.79  612.20   10.10  679.25   52.77
   867    1.21   24.86   25.13    1.85   81.60  608.31  618.78   11.75  664.53   53.19
   868    1.19   24.80   25.26    1.76   81.98  605.99  615.40    9.55  671.12   55.71
   869    1.22   24.78   25.11    1.82   81.87  598.68  608.73    9.58  663.02   53.37
   870    1.29   24.55   25.10    1.77   81.85  588.91  598.41    9.74  662.21   53.94
   871    1.24   24.53   25.07    1.91   81.32  589.96  601.12    9.71  661.34   50.11
   872    1.18   24.46   25.18    1.88   81.69  588.33  599.10   12.23  667.56   50.83
   873    1.32   24.51   25.32    1.73   82.27  594.01  603.14    9.93  675.06   55.39
   874    1.33   24.57   25.19    1.54   82.92  594.18  601.35    9.80  667.33   62.10
   875    1.26   24.33   25.17    1.75   82.11  588.74  598.08   12.46  665.49   54.37
   876    1.24   24.23   25.27    1.66   82.38  583.37  591.76   10.86  671.89   56.65
   877    1.27   24.00   25.23    1.64   82.40  570.96  579.07   11.48  669.62   56.38
   878    1.25   23.94   25.10    1.81   81.55  566.70  576.75   12.39  662.85   50.61
   879    1.29   23.61   25.60    2.06   80.41  554.31  567.35   11.11  688.68   43.87
   880    1.21   23.83   25.78    1.99   80.81  572.01  584.19   10.72  700.69   46.69
   881    1.21   23.63   25.52    2.02   80.69  554.92  567.46   11.03  685.62   44.71
   882    1.27   24.22   25.49    2.10   80.70  580.53  594.08    8.87  684.39   45.06
   883    1.29   23.77   25.59    2.02   80.82  560.72  573.23    9.89  690.04   45.21
   884    1.38   24.06   25.61    1.81   81.85  574.35  584.31    8.65  692.99   51.48
   885    1.29   24.24   25.25    1.98   81.26  567.94  579.96    8.92  672.15   46.66
   886    1.29   24.19   25.29    1.77   81.97  569.74  579.29    8.78  674.24   52.12
   887    1.27   23.90   24.99    1.97   81.19  552.52  564.37    9.98  657.80   45.72
   888    1.33   23.89   24.99    1.85   81.76  555.05  565.46    9.87  658.93   48.79
   889    1.21   23.45   25.36    1.79   81.86  539.94  549.71    9.34  678.08   48.92
   890    1.24   23.61   25.10    2.15   80.42  547.95  562.14    7.73  666.25   41.70
   891    1.31   23.66   25.07    1.93   81.24  545.02  556.41    8.50  664.52   45.96
   892    1.36   23.26   25.15    1.88   81.33  530.98  541.83    8.10  669.83   45.84
   893    1.34   23.36   25.27    1.77   81.74  531.30  540.89    8.39  672.95   48.61
   894    1.35   24.02   25.26    1.66   82.45  553.11  561.52    7.70  674.01   53.73
   895    1.23   24.18   25.03    1.81   82.04  561.99  572.00   11.66  660.66   50.30
   896    1.29   23.72   25.06    1.81   81.81  551.79  561.84    9.61  661.79   49.32
   897    1.27   24.02   25.17    1.89   81.77  567.15  578.10    8.91  668.65   48.67
   898    1.22   24.30   25.32    1.85   81.87  579.22  589.73    9.27  674.78   50.63
   899    1.25   24.43   24.95    1.92   81.74  581.31  592.58   10.76  654.26   49.17
   900    1.27   24.32   25.16    1.83   82.00  568.19  578.39    8.46  666.26   50.38
   901    1.23   24.56   25.18    1.69   82.53  581.74  590.39    8.28  667.53   55.71
   902    1.36   24.27   25.01    1.74   82.15  571.07  580.26    8.08  659.66   53.18
   903    1.21   24.02   25.16    1.68   82.22  559.88  568.47    9.13  667.28   53.83
   904    1.22   24.24   25.09    1.76   82.38  577.87  587.31    9.46  664.81   53.12
   905    1.16   23.91   24.90    2.16   80.50  560.42  574.75    9.63  654.18   42.41
   906    1.20   23.84   24.75    2.05   80.82  557.11  570.01   10.08  647.14   44.29
   907    1.24   23.86   24.90    2.05   80.79  558.13  571.00    8.58  655.37   44.43
   908    1.18   24.22   25.19    1.94   81.38  569.22  580.73    9.22  669.37   47.70
   909    1.30   23.91   25.03    2.35   79.80  555.01  572.09    9.24  662.30   38.75
   910    1.26   24.22   24.90    2.31   79.92  565.58  582.08    8.28  655.43   40.09
   911    1.33   23.98   24.99    2.24   80.05  566.07  581.49    9.22  658.25   41.41
   912    1.24   24.06   24.71    2.14   80.50  567.90  581.98    9.73  643.07   43.32
   913    1.21   23.93   24.81    2.11   80.46  564.16  577.81    9.38  648.38   43.66
   914    1.28   23.72   24.81    2.04   81.00  558.49  571.30    9.11  649.12   44.56
   915    1.22   23.93   24.73    2.18   80.37  561.07  575.69   10.23  644.39   42.07
   916    1.28   24.30   24.89    1.93   81.55  578.17  589.58    9.29  652.50   48.63
   917    1.23   24.36   24.79    1.87   81.87  579.78  590.49    9.56  647.74   50.21
   918    1.26   24.44   24.88    1.96   81.51  584.44  596.18    9.57  653.13   48.48
   919    1.21   24.45   24.75    1.74   82.59  587.35  596.53    9.59  647.30   54.66
   920    1.28   24.54   24.92    1.94   81.71  584.01  595.50    8.30  655.53   48.94
   921    1.31   24.56   24.72    2.02   81.19  584.77  597.28    9.90  644.08   47.10
   922    1.24   24.97   24.65    2.04   81.42  603.12  615.90    9.13  641.33   48.04
   923    1.20   24.67   24.54    2.15   80.75  590.64  604.87    8.42  634.68   44.77
   924    1.29   25.07   24.68    1.69   82.96  609.23  617.91    8.53  643.94   58.18
   925    1.26   24.94   24.61    1.73   82.53  606.44  615.54    9.12  638.76   56.61
   926    1.25   24.83   24.76    2.03   81.45  603.07  615.70    9.41  647.97   48.30
   927    1.17   24.48   24.88    2.03   81.44  588.14  600.78    9.88  653.47   47.13
   928    1.12   24.65   24.85    2.06   81.29  589.73  602.81    9.80  652.52   46.50
   929    1.25   24.30   24.70    1.98   81.33  579.86  591.83   10.26  645.54   47.70
   930    1.24   24.45   25.12    1.86   82.04  584.13  594.66    9.13  668.42   51.00
   931    1.26   24.54   24.97    2.02   81.27  591.03  603.50    9.78  659.47   47.66
   932    1.29   24.33   24.67    2.00   81.05  585.09  597.31   11.40  644.56   47.64
   933    1.35   24.21   24.95    1.92   81.35  583.40  594.72    9.79  658.19   49.24
   934    1.30   24.63   25.02    2.06   80.95  592.41  605.48   10.47  663.69   46.73
   935    1.33   24.54   24.89    1.90   81.59  585.36  596.40   10.41  657.05   49.98
   936    1.31   24.55   24.63    1.91   81.52  590.47  601.63    9.03  643.98   50.15
   937    1.31   24.59   24.52    1.75   82.02  590.50  599.78    9.41  635.23   54.66
   938    1.31   24.23   24.81    2.05   80.72  572.93  585.78    9.97  652.11   45.61
   939    1.30   24.18   24.40    2.10   80.53  570.01  583.57    9.21  630.75   44.25
   940    1.31   24.36   24.57    1.95   81.27  570.50  582.20    9.87  637.03   47.45
   941    1.30   24.66   24.74    2.02   81.03  585.05  597.55    9.56  646.54   47.13
   942    1.35   24.30   24.84    1.85   81.82  574.78  585.26   11.26  652.20   50.30
   943    1.28   24.66   24.69    1.92   81.65  587.70  598.94   10.33  644.67   49.74
   944    1.30   24.30   24.74    1.80   82.02  572.75  582.58    8.25  647.06   51.68
   945    1.27   24.24   24.75    1.91   81.56  573.38  584.59   10.19  647.80   48.64
   946    1.22   24.38   24.72    1.90   81.70  571.56  582.61   10.28  647.18   48.80
   947    1.27   24.29   24.64    1.88   81.70  571.18  582.02   11.67  642.13   49.23
   948    1.29   23.93   24.57    2.15   80.52  557.05  571.29   11.10  637.16   42.31
   949    1.27   24.18   24.41    2.17   80.60  566.63  581.18    9.50  628.77   42.57
   950    1.33   24.22   24.51    1.95   81.43  566.15  577.84    8.56  634.33   47.11
   951    1.30   24.75   24.42    1.94   81.41  586.91  598.46   10.48  627.92   49.07
   952    1.33   24.39   24.35    2.06   80.73  575.90  588.93    8.28  625.09   45.53
   953    1.25   24.26   24.38    2.14   80.24  571.62  585.78    9.95  626.33   43.49
   954    1.32   24.74   24.35    1.91   81.42  595.47  606.64    8.60  628.08   50.54
   955    1.21   24.86   24.39    2.08   80.67  592.93  606.27    9.44  629.56   46.33
   956    1.25   24.86   24.16    1.96   81.12  592.81  604.52    9.05  616.29   49.21
   957    1.25   25.04   24.68    1.97   81.22  604.97  616.81   12.20  643.36   49.94
   958    1.32   25.24   24.43    2.14   80.60  612.23  626.35    8.94  631.00   46.53
   959    1.24   25.23   24.52    1.97   81.52  614.05  625.88    9.35  637.31   50.70
   960    1.26   25.24   24.54    1.83   82.03  612.54  622.77   10.44  637.10   54.13
   961    1.28   25.14   24.36    1.93   81.53  607.59  618.98    8.49  625.53   51.07
   962    1.26   25.26   24.53    2.14   80.54  609.68  623.73    9.34  636.32   46.44
   963    1.35   25.38   24.22    2.00   81.15  618.90  631.16   10.31  618.56   50.23
   964    1.30   25.22   24.55    1.93   81.26  615.12  626.56    7.90  635.80   51.57
   965    1.34   25.34   24.42    1.81   81.81  631.11  641.10    7.82  631.46   56.35
   966    1.27   24.77   24.58    2.21   80.21  613.22  628.22    8.48  638.02   45.30
   967    1.32   24.74   24.85    2.40   79.41  612.59  630.39    8.27  655.14   41.80
   968    1.30   25.03   24.69    2.16   80.53  619.87  634.24   10.82  644.64   46.70
   969    1.31   25.13   24.94    2.07   80.83  617.89  631.00   10.64  657.38   48.59
   970    1.33   24.75   24.63    2.14   80.44  605.03  619.15    8.76  639.57   46.00
   971    1.35   25.08   24.58    1.93   81.25  617.47  628.87   10.25  636.42   51.86
   972    1.34   25.19   24.55    1.91   81.51  617.19  628.29    9.72  634.65   52.49
   973    1.34   25.33   24.57    2.04   81.04  624.70  637.44    9.39  635.62   49.78
   974    1.37   25.07   24.42    2.09   80.72  609.04  622.43    9.01  627.26   47.45
   975    1.27   25.07   24.65    1.91   81.60  610.23  621.40    9.25  640.24   51.74
   976    1.33   24.82   24.22    2.21   80.40  599.67  614.64    9.28  617.83   44.38
   977    1.33   24.75   24.56    1.99   81.18  594.57  606.67   10.72  635.03   48.62
   978    1.30   24.62   24.47    1.90   81.70  588.74  599.75    9.02  630.56   50.32
   979    1.31   24.41   24.52    2.04   80.91  576.87  589.70    6.76  632.15   45.94
   980    1.31   24.83   24.82    1.85   81.90  595.26  605.74    9.04  648.19   52.06
   981    1.43   24.64   24.60    1.83   81.96  585.77  596.03    7.78  638.96   51.76
   982    1.33   24.58   24.85    1.87   81.81  586.62  597.36    7.37  651.04   50.73
   983    1.34   24.64   24.52    1.85   82.04  586.88  597.36    8.57  633.63   51.36
   984    1.30   24.94   25.01    2.04   81.31  605.06  617.80    8.88  659.17   48.27
   985    1.32   25.35   24.54    1.80   82.13  622.77  632.66    9.17  634.21   55.88
   986    1.30   24.96   24.86    1.84   82.14  601.55  611.83   10.28  649.38   53.06
   987    1.29   25.18   24.86    1.60   83.15  607.39  615.16    9.61  649.13   61.08
   988    1.32   25.10   25.09    1.69   82.60  606.26  614.94   10.72  661.92   57.88
   989    1.30   24.74   25.10    1.64   82.68  594.47  602.65   10.30  661.45   58.39
   990    1.39   24.85   25.05    1.66   82.50  599.32  607.69    8.50  659.52   58.22
   991    1.36   24.53   24.78    1.83   81.54  584.61  594.87   10.69  645.51   51.65
   992    1.27   24.82   24.82    1.97   81.26  597.33  609.18   10.23  647.65   49.32
   993    1.37   25.11   24.47    1.98   81.10  608.29  620.28   10.42  629.12   49.91
   994    1.22   24.64   24.62    1.95   81.01  593.04  604.62    9.96  636.92   49.50
   995    1.28   24.84   24.71    1.87   81.41  597.85  608.51   12.25  641.87   51.84
   996    1.29   24.34   25.16    1.65   82.35  586.10  594.39   11.83  664.82   57.23
   997    1.31   24.78   25.38    1.67   82.37  604.69  613.18   10.03  676.60   58.34
   998    1.26   24.71   25.32    1.74   82.13  596.25  605.41   10.77  674.13   55.55
   999    1.30   24.69   25.39    1.63   82.41  600.23  608.30   11.58  678.16   59.33
  1000    1.24   24.75   25.21    1.97   81.12  601.25  613.13   10.67  669.05   49.57
  1001    1.22   24.67   25.29    1.75   82.09  601.30  610.65   11.44  674.48   55.45
  1002    1.22   24.63   25.27    2.05   80.88  596.99  609.95   10.66  673.35   47.27
  1003    1.28   24.95   25.24    1.96   81.29  610.38  622.07   11.29  674.85   50.66
  1004    1.31   24.92   25.06    2.01   81.05  607.10  619.44    7.58  662.46   49.15
  1005    1.26   24.77   25.11    2.32   79.92  598.69  615.27    8.82  666.05   42.25
  1006    1.28   24.98   25.07    2.23   80.36  608.62  623.96    9.14  665.10   44.51
  1007    1.25   25.17   24.97    2.18   80.55  611.10  625.72    9.18  656.89   45.70
  1008    1.25   25.33   25.21    1.85   81.89  623.96  634.37    9.93  670.31   54.64
  1009    1.22   25.09   25.31    1.84   81.74  615.11  625.43    8.98  676.90   54.13
  1010    1.37   25.11   25.60    1.86   81.64  623.11  633.60    8.67  692.38   54.39
  1011    1.35   25.19   25.66    1.86   81.55  624.52  635.05    8.98  694.24   54.42
  1012    1.35   25.13   25.38    1.78   81.68  620.17  629.75    8.34  679.90   56.49
  1013    1.30   24.98   25.24    1.82   81.61  615.43  625.52    9.19  672.07   54.72
  1014    1.31   25.15   25.66    1.50   82.98  623.03  629.77    9.58  694.29   66.88
  1015    1.26   25.28   25.36    1.61   82.37  623.71  631.58    9.14  678.88   62.30
  1016    1.25   25.29   25.80    1.44   82.96  629.25  635.46    8.82  702.93   70.21
  1017    1.34   25.04   25.72    1.84   81.35  622.77  633.12    9.05  697.90   54.70
  1018    1.22   25.21   25.48    1.85   81.54  640.91  651.34    9.26  685.68   56.04
  1019    1.20   25.20   25.54    1.69   82.13  635.76  644.44    9.84  687.33   60.62
  1020    1.29   25.25   25.92    1.69   82.13  639.15  647.76    9.52  709.84   61.14
  1021    1.32   25.23   25.82    1.95   81.38  634.33  645.96   10.10  702.69   52.72
  1022    1.26   25.00   25.56    1.69   82.14  624.42  633.10   10.29  688.74   59.54
  1023    1.30   25.53   25.49    1.78   82.08  643.28  652.94    7.92  686.40   58.32
  1024    1.24   25.50   25.50    2.16   80.83  644.50  658.76    8.57  686.65   48.67
  1025    1.30   25.56   25.68    1.74   82.43  647.88  657.08    6.42  696.17   60.05
  1026    1.28   25.10   25.68    1.74   82.10  624.43  633.65    7.62  697.14   57.89
  1027    1.35   25.03   25.65    1.79   82.00  632.54  642.22    7.96  695.61   57.29
  1028    1.41   24.84   25.55    1.90   81.38  625.70  636.71    8.20  688.81   53.38
  1029    1.30   24.72   25.42    1.95   80.90  615.12  626.71   10.00  682.22   51.27
  1030    1.31   24.63   25.49    2.13   80.41  615.42  629.40    9.01  688.21   46.97
  1031    1.39   24.70   25.53    1.90   81.07  607.67  618.73   10.36  691.85   51.78
  1032    1.39   24.84   25.56    1.92   81.27  610.84  622.05    9.80  690.78   51.71
  1033    1.28   24.30   25.78    1.89   81.34  587.59  598.47    8.53  703.35   50.51
  1034    1.32   24.47   25.91    1.53   82.94  601.42  608.42    9.52  712.97   63.50
  1035    1.28   24.20   25.87    1.66   82.26  593.30  601.65    9.43  710.05   57.73
  1036    1.24   24.09   26.05    1.79   81.53  591.47  601.28    9.13  720.07   53.37
  1037    1.27   24.30   26.11    1.90   81.32  595.52  606.54    8.47  724.26   50.88
  1038    1.34   24.11   25.75    2.14   80.39  590.70  604.76    8.21  702.06   45.04
  1039    1.25   24.11   26.05    2.31   79.70  588.48  604.95   10.78  717.44   41.68
  1040    1.29   24.43   25.74    1.86   81.41  605.12  615.72   10.49  701.26   52.60
  1041    1.30   24.37   25.82    2.02   80.67  599.72  612.22    7.15  706.17   48.28
  1042    1.23   24.56   25.80    2.04   80.70  609.63  622.44   10.10  704.07   48.49
  1043    1.28   24.44   25.67    1.87   81.18  599.85  610.47    8.82  698.70   52.11
  1044    1.25   24.24   26.01    2.08   80.58  598.27  611.61    8.65  715.83   46.72
  1045    1.30   24.31   25.93    1.91   81.20  606.11  617.20    8.84  711.54   51.59
  1046    1.23   24.37   26.03    1.78   81.87  597.42  607.12    8.04  715.14   54.17
  1047    1.24   24.09   25.63    1.88   81.37  587.16  597.96    8.34  692.83   50.65
  1048    1.25   24.02   25.79    1.91   81.21  590.48  601.62    7.68  703.55   50.19
  1049    1.24   24.30   25.52    1.89   81.26  601.26  612.13    9.28  690.90   51.67
  1050    1.33   24.16   25.51    1.95   80.93  596.72  608.30    7.76  690.08   49.78
  1051    1.28   24.60   25.46    1.94   80.72  611.76  623.32    7.79  690.40   51.04
  1052    1.26   24.35   25.20    2.17   80.24  607.83  622.32    8.64  674.70   45.64
  1053    1.22   24.21   25.36    1.92   80.93  595.42  606.70    7.95  681.62   50.29
  1054    1.30   24.31   25.56    1.81   81.55  599.85  609.86    6.79  694.20   53.59
  1055    1.23   23.84   25.78    1.76   81.83  582.39  591.79    8.45  708.24   53.65
  1056    1.33   23.98   25.73    1.83   81.57  593.29  603.47    9.06  703.54   52.58
  1057    1.27   24.19   25.63    1.57   82.41  593.29  600.72    9.26  696.62   60.96
  1058    1.30   24.05   25.66    1.65   82.13  580.13  588.41    8.61  696.73   56.70
  1059    1.33   24.39   25.61    1.45   82.94  590.28  596.59    7.88  694.11   65.49
  1060    1.33   24.42   25.34    1.86   81.31  600.74  611.35    7.95  680.30   52.21
