#time, _distVP, _dist67, _distF,  _domz1, _flattenA, _projA, _domeA, _hrot, _projA_RF, _rad
     0    0.73   19.40   15.55    8.63   52.42  384.53  618.19   24.99  253.25   11.41
     1    0.63   21.19   15.97    7.72   57.14  437.19  624.19   24.86  267.17   12.87
     2    0.73   21.46   16.70    7.12   59.89  458.67  617.57   24.15  292.25   13.81
     3    0.68   21.90   16.67    6.80   61.29  469.52  614.46   24.96  291.24   14.39
     4    0.69   22.04   17.14    6.22   63.43  470.69  591.81   26.12  307.80   15.16
     5    0.71   22.44   17.10    6.24   63.55  481.79  603.94   24.94  306.68   15.40
     6    0.69   22.66   17.13    5.86   65.12  489.40  596.85   24.36  308.19   16.23
     7    0.67   22.57   17.41    5.78   65.38  487.05  591.76   24.46  317.57   16.30
     8    0.70   22.46   17.37    5.80   65.33  486.92  592.46   23.37  316.58   16.25
     9    0.61   22.49   17.76    5.67   65.86  487.27  587.98   27.17  330.72   16.51
    10    0.67   22.95   18.08    5.35   67.34  501.15  590.67   25.12  343.67   17.59
    11    0.64   22.91   18.44    5.46   66.87  501.45  594.66   24.27  357.09   17.36
    12    0.67   23.57   18.65    5.40   67.62  528.28  619.72   24.61  365.62   18.26
    13    0.65   23.39   18.79    5.30   67.94  522.90  610.88   23.68  370.54   18.35
    14    0.65   23.68   18.82    5.21   68.57  538.80  623.70   25.01  371.92   19.07
    15    0.67   23.94   18.84    5.13   68.91  545.64  628.08   24.43  373.74   19.49
    16    0.65   24.02   18.66    4.99   69.50  550.26  628.21   22.98  367.60   20.04
    17    0.71   24.38   18.70    4.91   69.78  552.66  628.01   21.23  368.64   20.38
    18    0.64   24.20   18.97    5.12   68.95  554.13  636.31   23.32  379.29   19.77
    19    0.62   24.02   19.13    4.85   69.98  546.81  620.53   22.17  385.70   20.36
    20    0.67   24.16   18.96    4.85   69.98  554.14  627.64   21.69  381.48   20.62
    21    0.65   24.42   18.91    4.68   70.77  556.10  624.67   22.89  377.21   21.24
    22    0.70   23.96   19.28    4.67   70.64  550.60  618.74   21.35  394.36   21.11
    23    0.74   24.65   19.34    4.43   72.00  573.21  634.57   21.20  394.05   22.80
    24    0.69   24.45   19.24    4.74   70.57  566.21  636.40   24.21  389.66   21.39
    25    0.72   24.01   19.26    4.60   70.88  549.15  615.42   22.46  389.15   21.29
    26    0.63   24.27   19.25    4.65   70.80  556.71  624.42   21.94  388.67   21.37
    27    0.66   24.11   19.52    4.40   71.79  553.62  614.22   23.64  399.87   22.21
    28    0.65   23.70   19.53    4.50   71.27  539.24  602.44   23.64  399.60   21.34
    29    0.69   23.78   19.37    4.59   70.96  542.26  608.15   22.12  393.08   21.10
    30    0.62   23.81   19.52    4.51   71.28  538.80  602.39   24.78  399.28   21.27
    31    0.68   23.97   19.24    4.53   71.29  545.07  609.23   23.67  387.70   21.42
    32    0.61   23.90   19.55    4.19   72.65  545.43  600.33   21.75  400.76   22.80
    33    0.68   23.92   19.55    4.20   72.63  546.64  601.64   22.92  400.75   22.83
    34    0.71   23.94   19.71    4.40   71.75  547.34  607.80   21.58  408.25   22.01
    35    0.63   24.15   19.31    4.34   71.90  549.81  608.72   23.27  391.88   22.33
    36    0.66   24.23   19.43    4.30   72.27  560.15  617.84   22.82  397.17   22.90
    37    0.64   24.00   19.32    4.17   72.51  548.70  603.15   23.19  393.66   23.01
    38    0.67   24.21   19.30    4.21   72.45  553.94  609.44   20.77  392.44   23.02
    39    0.67   24.06   19.47    3.86   73.75  553.54  599.96   22.71  399.52   24.77
    40    0.65   23.96   19.51    3.94   73.37  549.81  598.40   22.55  402.28   24.16
    41    0.62   24.51   19.31    4.04   73.33  568.48  619.56   23.48  394.10   24.39
    42    0.70   24.60   19.21    4.02   73.55  570.25  620.73   21.59  389.80   24.58
    43    0.71   24.41   19.14    3.90   73.97  569.58  617.03   19.84  386.71   25.20
    44    0.68   24.33   19.45    3.86   74.01  561.78  608.17   21.49  398.47   25.12
    45    0.70   24.22   19.61    3.88   74.07  562.10  608.99   20.54  405.92   25.02
    46    0.76   24.55   19.80    3.51   75.54  567.84  606.16   19.77  412.18   27.53
    47    0.71   24.52   19.74    3.53   75.46  571.68  610.44   20.39  409.96   27.56
    48    0.68   24.47   20.03    3.61   74.98  563.87  604.56   20.39  422.85   26.65
    49    0.74   24.42   19.87    3.54   75.33  566.88  606.03   22.19  415.33   27.23
    50    0.77   24.17   20.24    3.24   76.42  564.83  597.60   21.65  432.23   29.33
    51    0.80   24.13   19.71    3.67   74.68  557.51  599.49   18.49  412.03   26.02
    52    0.79   24.57   20.03    3.63   75.14  579.82  620.98   17.93  424.67   27.21
    53    0.74   24.56   19.65    3.63   74.84  573.86  615.00   17.63  408.87   26.96
    54    0.76   24.65   19.91    3.70   74.71  576.65  619.36   16.75  419.09   26.65
    55    0.79   24.74   19.77    3.63   75.05  574.90  615.95   17.08  413.08   27.03
    56    0.78   24.37   19.80    3.61   74.92  560.96  601.67   14.56  413.27   26.52
    57    0.75   24.44   19.94    3.54   75.26  568.30  607.43   14.61  418.63   27.30
    58    0.73   24.24   19.94    3.46   75.57  562.29  599.62   17.80  418.79   27.59
    59    0.69   24.34   20.00    3.54   75.39  568.21  607.32   18.08  420.71   27.30
    60    0.68   24.25   20.11    3.46   75.56  559.96  597.34   15.15  425.89   27.47
    61    0.74   24.64   20.11    3.48   75.60  572.19  609.92   17.31  426.06   27.91
    62    0.74   24.52   20.09    3.68   74.96  572.93  615.11   15.96  424.30   26.63
    63    0.70   24.72   20.03    3.86   74.39  581.30  627.88   15.91  422.13   25.88
    64    0.72   25.09   20.29    3.77   74.88  593.20  637.63   17.04  432.51   26.90
    65    0.74   24.64   20.38    3.73   74.82  576.77  620.13   18.01  436.59   26.48
    66    0.72   25.12   20.44    3.51   75.88  596.46  634.77   16.86  438.79   28.83
    67    0.71   24.87   20.17    3.60   75.40  581.86  622.21   15.36  427.74   27.54
    68    0.67   25.20   20.14    3.77   74.82  594.93  639.17   17.09  426.41   27.02
    69    0.65   25.42   20.40    3.81   74.75  602.87  648.07   16.70  437.88   27.11
    70    0.66   25.17   20.21    4.03   73.86  593.62  644.36   16.83  429.58   25.45
    71    0.64   25.20   20.48    3.59   75.48  597.26  637.41   16.48  441.54   28.28
    72    0.75   25.03   20.23    3.80   74.65  589.27  634.40   15.32  430.62   26.56
    73    0.72   25.37   20.19    3.58   75.77  602.24  642.09   13.99  428.36   28.59
    74    0.72   25.02   20.07    3.95   74.08  593.65  642.37   15.62  423.82   25.89
    75    0.72   25.10   20.16    3.87   74.48  596.68  643.36   15.04  428.38   26.48
    76    0.64   25.04   20.30    3.51   75.93  597.84  636.14   16.51  433.79   28.89
    77    0.68   25.40   20.06    3.47   76.18  607.11  644.65   18.09  423.48   29.57
    78    0.62   25.77   19.82    3.65   75.65  618.14  659.67   17.57  414.45   28.77
    79    0.65   25.83   20.46    3.41   76.36  616.61  652.84   15.64  439.65   30.48
    80    0.75   25.42   20.52    3.31   76.64  601.80  635.92   14.59  442.13   30.58
    81    0.68   25.10   20.59    3.46   75.98  591.47  628.66   16.47  445.97   28.97
    82    0.70   25.08   20.64    3.45   75.99  586.85  623.84   15.92  448.18   28.83
    83    0.75   25.13   20.91    3.25   76.84  597.91  630.75   14.20  459.44   30.91
    84    0.66   24.97   20.79    3.44   76.08  588.91  625.81   14.51  455.12   28.95
    85    0.71   25.43   20.71    3.50   75.89  602.36  640.63   15.68  452.92   29.11
    86    0.63   25.31   20.84    3.47   76.03  597.76  635.26   16.53  457.87   29.15
    87    0.72   25.09   20.96    3.60   75.41  590.23  630.65   15.94  463.24   27.89
    88    0.64   25.07   20.73    3.30   76.69  596.04  629.88   15.17  452.40   30.42
    89    0.75   24.76   20.93    3.41   76.03  588.68  624.98   15.64  462.41   29.15
    90    0.69   24.62   20.95    3.21   76.80  579.17  611.31   15.70  462.20   30.29
    91    0.64   25.11   21.17    3.28   76.75  600.55  634.07   13.88  471.10   30.76
    92    0.69   25.27   21.15    3.06   77.60  603.10  632.12   12.69  470.39   32.94
    93    0.71   24.86   20.94    3.23   77.02  597.28  629.64   14.53  460.86   31.09
    94    0.71   24.77   20.79    3.26   76.91  592.37  625.47   15.22  454.23   30.54
    95    0.59   24.63   20.72    3.32   76.38  575.21  609.53   17.25  450.91   29.23
    96    0.63   24.70   20.85    3.12   77.19  577.26  607.53   15.58  457.52   31.01
    97    0.69   24.75   20.98    3.15   77.22  582.47  613.24   14.32  464.65   31.04
    98    0.64   25.00   21.23    3.04   77.88  593.55  622.25   16.57  474.51   32.61
    99    0.65   24.76   21.30    3.14   77.43  588.08  618.72   14.19  477.64   31.39
   100    0.67   24.86   21.48    3.06   77.74  594.47  623.53   14.98  485.37   32.47
   101    0.72   25.06   21.19    3.43   76.27  600.95  637.52   15.76  473.14   29.62
   102    0.70   25.29   21.40    3.10   77.68  615.80  645.75   13.41  483.41   33.12
   103    0.70   25.09   21.33    3.31   76.72  609.10  643.23   13.53  479.97   30.93
   104    0.68   24.96   21.39    3.18   77.03  598.02  629.51   15.27  483.84   31.50
   105    0.65   25.02   21.26    2.99   77.79  605.51  633.36   16.93  480.07   33.68
   106    0.71   25.32   21.00    3.26   76.72  613.61  646.75   17.32  469.18   31.55
   107    0.69   25.45   20.90    3.14   77.27  616.45  647.19   15.02  466.19   32.77
   108    0.64   25.03   20.83    3.08   77.29  594.59  624.05   16.63  462.04   32.28
   109    0.67   24.77   21.55    3.11   77.08  586.36  616.42   16.33  493.65   31.57
   110    0.70   25.13   21.23    3.00   77.78  598.73  626.66   17.50  478.26   33.28
   111    0.63   25.30   20.95    3.26   76.78  602.71  635.73   17.02  466.56   31.07
   112    0.71   25.06   21.15    3.21   76.88  592.32  624.32   14.87  476.46   30.99
   113    0.72   24.61   21.57    3.23   76.57  580.58  612.98   16.76  494.43   30.25
   114    0.72   24.36   21.35    3.18   76.78  569.76  601.28   15.70  483.75   30.08
   115    0.64   24.39   21.46    3.02   77.48  570.98  599.34   14.96  488.02   31.59
   116    0.66   24.27   21.43    3.16   76.93  565.18  596.23   16.28  486.72   30.05
   117    0.67   24.54   21.10    3.14   77.35  580.72  611.36   16.48  471.79   31.02
   118    0.70   24.51   21.29    3.05   77.38  580.07  609.06   13.61  481.28   31.76
   119    0.67   24.44   21.49    3.10   77.07  574.66  604.53   14.78  489.98   31.06
   120    0.68   24.55   20.93    3.15   76.73  577.67  608.58   14.14  464.22   30.74
   121    0.65   24.11   21.36    3.13   76.86  557.01  587.45   16.69  482.71   29.91
   122    0.66   24.31   21.17    3.16   76.98  569.94  601.01   15.82  475.22   30.28
   123    0.63   24.60   21.20    3.14   77.31  583.77  614.40   13.52  477.25   31.18
   124    0.65   24.31   21.18    3.11   77.17  568.43  598.43   17.38  477.94   30.68
   125    0.67   24.52   21.02    2.90   78.00  576.96  603.14   17.29  471.85   33.08
   126    0.60   24.39   21.23    2.88   78.13  572.48  598.22   16.18  479.98   33.09
   127    0.65   24.26   21.31    3.26   76.68  573.16  606.15   17.11  483.83   29.65
   128    0.67   24.41   21.54    3.13   77.10  573.97  604.46   15.18  494.87   30.74
   129    0.67   24.69   21.51    3.22   77.15  592.68  624.87   18.08  494.68   30.93
   130    0.61   23.99   21.59    3.37   76.24  566.48  601.95   18.06  497.69   28.40
   131    0.68   24.34   21.60    3.15   77.07  577.22  608.01   19.84  497.23   30.77
   132    0.63   24.52   21.33    3.21   77.06  584.37  616.45   19.67  484.91   30.57
   133    0.64   24.43   21.33    3.28   76.61  581.97  615.52   18.21  486.49   29.85
   134    0.65   24.39   21.26    3.11   77.31  574.79  604.96   18.15  482.37   30.93
   135    0.64   24.17   21.44    3.26   76.60  566.14  599.29   18.51  488.56   29.24
   136    0.60   23.94   21.58    3.20   76.79  556.06  587.86   20.81  495.15   29.29
   137    0.59   24.11   21.39    3.42   76.00  566.31  602.73   18.15  485.45   28.07
   138    0.65   24.46   21.22    3.45   76.05  573.98  611.09   19.54  477.95   28.20
   139    0.64   24.30   21.55    3.14   77.15  569.96  600.57   18.96  492.60   30.49
   140    0.64   24.02   21.42    3.34   76.23  559.48  594.32   17.65  488.07   28.29
   141    0.70   23.98   21.17    3.23   76.76  558.13  590.65   18.20  475.66   29.10
   142    0.68   24.10   21.34    3.23   76.69  565.95  598.35   19.25  485.25   29.53
   143    0.62   24.02   21.26    3.20   76.94  564.62  596.43   15.53  481.89   29.71
   144    0.71   23.98   21.61    3.09   77.42  568.94  598.55   18.09  498.45   30.89
   145    0.65   24.21   20.99    3.08   77.43  568.51  598.02   17.51  467.78   30.91
   146    0.57   23.92   21.13    2.92   77.90  555.32  581.85   17.02  474.78   31.71
   147    0.61   23.97   21.14    3.26   76.44  559.60  592.75   14.07  475.29   28.92
   148    0.55   24.49   21.11    3.10   77.35  576.25  606.04   16.49  473.79   31.17
   149    0.63   24.54   21.07    3.14   77.10  580.25  610.89   15.32  475.89   31.00
   150    0.52   24.83   21.12    3.22   76.84  592.24  624.57   15.85  479.14   30.85
   151    0.69   25.04   21.34    2.74   79.05  600.23  623.52   14.69  486.95   36.22
   152    0.64   24.74   21.27    3.14   77.42  592.50  623.09   12.62  483.12   31.64
   153    0.58   25.00   21.17    3.37   76.57  595.71  631.09   12.31  480.13   29.81
   154    0.58   25.02   21.33    3.07   77.95  601.96  631.31   15.05  487.18   32.71
   155    0.55   25.19   20.97    3.47   76.35  612.82  650.42   14.76  469.62   29.80
   156    0.65   25.32   21.49    3.00   78.00  615.94  643.91   13.58  495.21   34.16
   157    0.65   25.50   21.04    3.01   78.03  622.60  650.79   13.69  479.35   34.39
   158    0.63   25.03   21.11    2.90   78.23  604.58  630.63   13.96  481.88   34.67
   159    0.63   25.25   21.14    2.83   78.52  612.91  637.67   14.76  482.00   35.93
   160    0.58   25.60   21.19    2.86   78.53  623.75  649.07   13.90  482.60   36.17
   161    0.62   25.30   21.44    2.74   78.80  615.82  639.00   14.54  491.40   37.20
   162    0.64   25.08   21.68    2.96   77.69  602.42  629.56   14.63  506.12   33.91
   163    0.61   24.52   21.70    2.90   78.08  581.06  607.10   14.53  509.57   33.38
   164    0.60   24.60   21.47    3.18   76.97  588.81  620.23   15.48  493.25   31.07
   165    0.57   25.03   21.38    2.91   78.23  599.09  625.37   14.46  489.31   34.22
   166    0.54   24.77   21.59    3.00   77.80  591.03  618.93   12.89  498.98   32.89
   167    0.57   25.24   21.47    2.95   78.12  604.65  631.63   14.94  498.39   34.12
   168    0.60   25.30   21.52    2.94   78.13  613.13  640.04   11.43  499.11   34.61
   169    0.60   25.32   21.51    2.95   78.15  614.56  641.62   12.71  497.10   34.60
   170    0.58   24.83   21.42    3.20   77.14  594.55  626.31   13.01  494.11   31.21
   171    0.59   24.97   21.49    3.36   76.55  607.23  642.28   13.11  496.23   30.48
   172    0.60   24.48   21.38    3.51   75.66  585.76  624.16   13.39  490.81   28.31
   173    0.59   25.03   21.57    3.12   77.33  606.85  637.05   15.05  498.84   32.54
   174    0.52   25.11   21.25    3.04   77.70  602.01  630.75   13.65  485.13   33.02
   175    0.57   24.95   21.35    3.08   77.54  595.10  624.66   14.77  492.46   32.26
   176    0.56   24.88   21.58    3.10   77.46  602.40  632.22   14.03  503.62   32.50
   177    0.59   24.89   21.33    3.37   76.37  602.92  638.22   13.90  490.88   30.18
   178    0.60   25.02   21.43    3.50   76.09  606.92  644.97   13.77  497.10   29.38
   179    0.55   24.79   21.21    3.32   76.63  590.11  624.33   16.10  484.27   29.98
   180    0.55   24.53   21.37    3.11   77.33  583.67  613.72   16.80  494.45   31.44
   181    0.59   24.36   21.64    3.28   76.46  573.66  607.12   11.75  508.43   29.49
   182    0.54   24.59   21.47    3.30   76.24  581.74  615.72   13.86  500.09   29.68
   183    0.56   24.21   21.43    3.34   76.12  565.37  600.03   14.72  497.20   28.64
   184    0.62   24.21   21.26    3.26   76.32  571.23  604.41   14.10  490.80   29.48
   185    0.58   24.45   21.36    3.44   75.81  577.76  614.64   16.28  493.76   28.44
   186    0.61   24.71   21.33    3.38   76.25  586.82  622.38   13.78  491.27   29.33
   187    0.63   24.39   21.19    3.17   77.08  577.78  608.95   13.24  485.00   30.63
   188    0.62   24.38   21.56    3.01   77.66  572.07  600.29   14.81  502.70   31.72
   189    0.62   23.94   21.69    3.06   77.31  553.38  582.59   14.61  505.42   30.27
   190    0.57   24.22   21.65    3.23   76.73  566.58  599.08   13.36  508.73   29.52
   191    0.57   24.39   21.80    2.94   77.98  576.71  603.47   16.04  512.37   32.74
   192    0.52   24.49   22.15    3.16   77.08  574.93  605.95   14.39  525.27   30.56
   193    0.59   24.28   21.88    2.93   78.13  571.68  598.29   14.57  516.40   32.55
   194    0.62   23.96   21.72    2.86   78.27  559.31  584.76   14.61  507.19   32.53
   195    0.59   24.42   21.81    3.14   77.23  574.56  605.23   15.60  513.72   30.69
   196    0.61   24.20   21.88    3.21   76.89  564.22  596.33   16.64  516.79   29.57
   197    0.63   24.33   21.69    3.12   77.34  571.52  601.72   18.18  505.29   30.75
   198    0.63   24.42   21.95    3.10   77.50  577.26  607.13   18.40  518.54   31.19
   199    0.58   24.53   22.05    3.00   77.81  581.99  609.96   17.17  520.85   32.37
   200    0.52   24.76   21.71    3.16   77.16  588.52  619.58   16.98  502.84   31.22
   201    0.61   24.50   22.14    3.07   77.40  573.56  602.83   18.75  523.51   31.28
   202    0.59   24.52   22.14    2.83   78.50  577.99  602.76   17.13  524.29   33.97
   203    0.55   24.12   22.36    2.70   78.89  567.76  590.28   16.49  537.80   34.87
   204    0.64   24.20   22.42    2.67   78.88  565.67  587.76   18.14  538.62   35.06
   205    0.58   24.36   22.50    2.80   78.29  567.93  592.21   17.02  542.24   33.71
   206    0.63   24.30   22.50    2.65   78.93  570.54  592.23   16.14  542.57   35.64
   207    0.56   24.31   22.53    2.92   78.06  575.91  602.36   18.50  544.31   32.86
   208    0.60   24.46   22.57    2.66   78.95  582.49  604.35   17.24  545.01   36.23
   209    0.56   24.46   22.66    2.64   79.29  578.68  600.28   16.89  545.58   36.20
   210    0.53   23.96   22.82    2.53   79.41  568.78  588.64   17.98  557.80   37.01
   211    0.57   23.87   22.93    2.54   79.55  564.61  584.53   18.74  563.42   36.69
   212    0.57   24.28   22.94    2.72   78.93  577.84  600.84   15.85  564.09   35.13
   213    0.58   24.56   23.17    2.46   80.13  588.58  607.24   15.56  575.30   39.36
   214    0.56   24.55   22.87    2.83   78.80  597.55  622.35   14.64  559.07   35.05
   215    0.57   24.44   22.67    2.69   79.16  593.28  615.67   16.55  549.41   36.47
   216    0.60   24.38   22.60    2.63   79.31  584.47  605.90   14.74  548.10   36.68
   217    0.60   24.59   22.92    2.47   79.90  599.00  617.89   16.74  563.37   39.79
   218    0.66   24.58   22.92    2.91   77.99  599.00  625.36   17.96  564.02   34.17
   219    0.57   24.56   22.75    2.59   79.44  598.44  619.23   20.35  556.99   38.05
   220    0.58   24.60   22.63    2.78   78.62  595.26  619.21   21.08  551.54   35.47
   221    0.61   24.87   22.89    2.71   78.73  611.46  634.27   19.75  566.86   37.22
   222    0.63   24.49   22.90    2.79   78.16  592.03  616.09   19.07  569.98   35.22
   223    0.63   24.49   22.99    2.67   78.32  593.47  615.53   17.68  577.18   36.73
   224    0.63   24.57   23.02    2.79   78.16  597.78  622.01   17.96  572.64   35.44
   225    0.69   24.05   22.94    2.57   78.75  575.45  595.83   16.94  566.90   36.98
   226    0.60   24.40   22.63    2.89   77.70  587.91  613.91   16.26  555.89   33.78
   227    0.63   24.53   22.95    2.92   77.73  584.39  610.82   16.72  562.93   33.34
   228    0.69   24.55   22.95    2.62   78.89  590.39  611.72   19.61  562.55   37.11
   229    0.63   24.44   23.35    2.67   78.78  585.14  607.29   16.92  578.33   36.17
   230    0.64   24.35   22.82    2.67   78.90  583.14  605.19   19.30  553.28   36.12
   231    0.62   24.63   22.79    2.58   79.28  591.16  611.73   19.35  551.38   37.78
   232    0.61   25.09   22.63    2.57   79.51  605.43  625.81   15.49  546.19   38.83
   233    0.62   24.79   22.95    2.18   81.16  597.09  611.71   17.38  558.60   44.68
   234    0.64   24.32   22.89    2.48   79.60  575.47  594.43   18.80  556.52   38.23
   235    0.67   23.98   23.06    2.49   79.36  564.97  584.10   14.36  565.23   37.41
   236    0.61   23.80   22.98    2.50   79.32  561.57  580.91   19.23  560.62   37.00
   237    0.63   23.72   22.91    2.57   79.19  562.94  583.33   18.45  560.85   36.20
   238    0.60   23.70   22.66    2.40   79.79  556.99  574.83   15.64  547.45   38.10
   239    0.59   23.34   22.47    2.63   78.68  544.74  566.11   14.89  541.00   34.34
   240    0.57   23.70   22.67    2.40   79.56  556.33  574.14   15.09  556.48   38.10
   241    0.65   23.56   22.85    2.47   79.41  557.73  576.53   15.52  566.08   37.24
   242    0.62   23.74   22.77    2.42   79.65  557.56  575.73   16.08  557.49   37.82
   243    0.59   23.91   23.17    2.42   79.77  568.99  587.15   15.21  577.65   38.57
   244    0.64   23.93   22.90    2.57   79.13  567.01  587.43   15.92  563.09   36.42
   245    0.80   23.84   23.20    2.47   79.73  566.67  585.53   13.16  577.23   37.75
   246    0.79   23.70   23.01    2.43   79.64  559.51  577.74   13.11  568.01   37.88
   247    0.79   23.79   22.95    2.67   78.79  564.34  586.40   11.15  564.77   35.00
   248    0.84   23.73   23.01    2.90   77.67  562.23  588.37   16.46  569.56   32.30
   249    0.75   23.40   23.23    2.75   78.50  554.26  577.71   17.45  579.15   33.46
   250    0.69   23.32   23.11    2.70   78.41  547.88  570.43   18.13  571.50   33.69
   251    0.74   23.31   23.09    2.87   77.57  542.04  567.70   16.77  570.93   31.45
   252    0.72   23.45   23.26    2.60   78.84  554.84  575.75   19.33  578.82   35.29
   253    0.68   23.55   23.09    2.68   78.62  554.28  576.52   20.08  568.40   34.28
   254    0.70   23.58   23.20    2.68   78.56  557.47  579.68   17.64  575.86   34.48
   255    0.77   23.81   23.19    2.49   79.44  566.67  585.84   17.14  576.92   37.47
   256    0.91   23.95   23.35    2.41   79.89  572.96  590.95   16.94  583.08   39.01
   257    0.84   23.90   23.34    2.77   78.19  561.58  585.41   18.03  580.20   33.64
   258    0.86   24.09   23.11    2.84   78.09  573.47  598.44   18.33  566.40   33.60
   259    0.89   24.27   23.07    2.80   78.30  579.99  604.25   18.21  568.07   34.41
   260    0.80   24.35   23.39    2.69   78.89  591.19  613.57   17.12  582.20   36.36
   261    0.89   24.15   23.41    2.45   79.84  578.26  596.83   17.81  581.83   38.78
   262    0.86   23.95   23.04    2.42   79.98  575.77  593.92   17.12  566.54   39.02
   263    0.96   24.19   23.41    2.11   81.34  577.64  591.27   16.49  584.22   44.71
   264    0.84   23.92   23.13    2.42   79.84  575.13  593.19   21.37  571.18   39.06
   265    0.84   23.79   23.25    2.12   81.15  572.50  586.37   17.98  578.30   43.96
   266    0.86   23.70   23.44    2.39   79.95  572.73  590.36   16.95  587.66   39.36
   267    0.89   23.66   23.29    2.29   80.37  572.39  588.61   18.65  580.47   40.88
   268    0.87   23.76   23.37    2.45   79.82  573.88  592.42   18.85  582.44   38.52
   269    0.86   23.47   23.37    2.31   80.12  554.49  571.03   17.00  580.65   39.28
   270    0.91   23.41   23.45    2.52   79.21  559.15  578.75   18.48  585.30   36.62
   271    0.95   23.60   23.44    2.31   80.29  567.32  583.79   19.62  587.46   40.23
   272    0.93   23.21   23.48    2.51   79.13  560.93  580.43   18.00  588.85   36.82
   273    0.91   23.10   23.68    2.57   78.87  551.78  572.25   19.47  598.72   35.44
   274    0.94   23.04   23.87    2.19   80.19  546.65  561.46   17.02  610.69   40.79
   275    0.88   23.12   23.76    2.17   80.43  555.40  569.85   19.38  603.88   41.90
   276    0.91   23.24   24.08    2.39   79.48  554.45  572.15   17.47  620.76   38.08
   277    0.84   23.11   23.82    2.48   79.20  545.84  564.85   16.78  608.43   36.28
   278    0.90   23.36   24.11    2.22   80.30  558.89  574.15   17.15  619.75   41.09
   279    0.92   22.94   24.02    2.14   80.23  536.59  550.74   18.22  613.59   40.93
   280    0.95   22.80   23.95    2.15   80.35  532.10  546.38   19.98  610.25   40.43
   281    0.96   23.10   23.94    2.02   81.07  541.20  553.70   18.67  610.70   43.72
   282    0.92   22.98   23.99    1.94   81.28  544.35  555.92   18.23  611.70   45.59
   283    0.91   23.15   23.94    2.13   80.55  556.87  570.86   19.97  607.46   42.64
   284    0.92   22.98   23.84    2.19   80.26  549.07  563.80   19.26  604.28   41.06
   285    0.99   23.31   23.79    2.20   80.36  557.83  572.77   18.67  602.30   41.43
   286    0.96   23.66   23.97    2.05   80.94  569.83  582.72   16.02  610.17   45.30
   287    0.98   23.79   23.91    1.98   81.37  567.30  579.34   16.88  606.05   46.56
   288    0.96   23.52   23.83    2.09   80.84  559.64  573.08   17.18  602.73   43.65
   289    0.94   23.58   23.68    2.12   80.93  562.64  576.47   14.97  593.88   43.31
   290    0.97   23.88   23.80    1.90   81.80  576.37  587.41   16.44  601.78   49.23
   291    0.99   24.00   23.93    2.01   81.58  578.14  590.59   17.11  605.92   46.68
   292    0.95   23.81   23.62    2.04   81.31  570.10  582.82   18.71  589.06   45.59
   293    1.07   24.04   23.70    2.16   80.91  579.50  593.90   16.57  593.62   43.71
   294    0.97   24.21   23.85    2.09   81.20  587.71  601.15   15.45  601.35   45.77
   295    0.95   23.90   23.86    2.42   79.82  579.92  598.03   15.42  604.16   39.33
   296    0.90   24.38   23.65    2.51   79.74  604.34  623.81   17.83  595.34   39.58
   297    0.95   24.12   23.91    2.22   80.68  594.19  609.40   16.59  609.30   43.65
   298    0.95   23.97   23.74    2.41   80.00  587.96  605.89   18.17  602.49   40.04
   299    0.90   23.60   23.85    2.16   80.90  575.47  589.86   16.64  606.72   43.44
   300    0.88   24.16   23.79    1.80   82.43  590.12  600.00   15.60  604.34   53.07
   301    0.89   24.05   24.06    2.26   80.42  593.63  609.31   16.31  618.12   43.01
   302    0.94   24.25   24.02    2.28   80.33  603.16  619.12   16.80  617.26   43.32
   303    0.84   24.32   23.99    2.39   79.91  604.62  622.23   18.41  613.80   41.47
   304    0.92   24.27   24.08    2.45   79.69  600.48  619.08   17.32  621.45   40.18
   305    0.89   24.69   23.95    2.27   80.47  622.37  638.30   17.32  613.95   44.69
   306    0.94   24.83   24.32    2.16   81.20  631.35  645.71   17.02  632.92   47.56
   307    0.91   24.69   24.29    2.05   81.42  629.83  642.73   14.37  630.14   49.88
   308    0.93   24.68   24.40    2.17   81.19  632.40  646.80   15.53  632.89   47.56
   309    0.91   24.80   24.21    2.40   80.14  628.69  646.45   14.83  625.57   42.89
   310    0.97   24.65   24.20    2.37   80.03  619.24  636.55   14.80  625.49   42.78
   311    0.95   24.69   24.18    2.03   81.48  620.40  632.96   18.08  625.11   49.76
   312    0.96   24.57   23.91    2.35   80.25  621.79  638.86   16.03  611.48   43.22
   313    0.96   24.75   23.81    2.29   80.25  629.22  645.44   15.30  607.95   44.79
   314    0.98   24.45   23.92    2.32   80.24  613.07  629.63   15.85  615.71   43.25
   315    0.99   24.81   24.08    2.37   80.40  633.07  650.40   16.08  623.02   43.68
   316    0.89   24.66   24.07    2.55   79.65  623.97  644.05   15.76  626.22   40.24
   317    0.92   25.02   24.26    2.15   81.10  634.59  648.71   15.03  634.12   48.15
   318    0.96   25.18   24.03    2.35   80.46  639.76  656.72   15.18  621.15   44.57
   319    0.98   24.93   24.20    2.22   81.03  634.81  649.92   15.00  630.68   46.68
   320    0.94   24.93   23.96    2.00   82.03  639.79  652.04   15.57  621.19   51.89
   321    0.96   24.82   24.23    2.30   80.62  645.30  661.64   12.86  630.35   45.73
   322    0.97   24.97   23.85    2.55   79.33  636.64  656.73   14.88  609.58   41.01
   323    0.97   25.26   23.95    2.61   79.36  647.21  668.35   15.38  614.14   40.70
   324    0.99   25.22   23.91    2.48   79.78  645.46  664.44   15.59  613.70   42.67
   325    0.92   25.62   24.08    2.55   79.74  664.94  685.08   14.71  622.90   42.72
   326    1.00   25.63   24.05    2.58   79.75  665.93  686.47   18.31  623.34   42.39
   327    0.92   25.89   24.03    2.41   80.40  681.38  699.20   16.06  621.30   46.29
   328    0.93   25.93   24.19    2.28   81.13  680.16  696.15   16.71  627.29   48.60
   329    1.01   25.98   24.03    2.39   80.83  681.87  699.46   15.61  618.27   46.61
   330    0.94   25.82   24.00    2.52   80.28  669.63  689.18   16.92  613.98   43.61
   331    0.94   25.70   24.15    2.24   81.04  680.48  695.85   17.72  624.46   49.54
   332    0.98   25.64   24.46    2.31   81.15  680.87  697.26   14.82  642.50   48.09
   333    0.99   25.74   24.44    2.24   81.39  691.10  706.53   15.44  645.23   50.18
   334    0.96   25.90   24.64    2.00   82.08  697.74  709.91   14.01  656.52   56.61
   335    0.93   25.45   24.64    2.33   80.81  677.55  694.18   15.31  652.95   47.54
   336    0.99   25.44   24.72    2.51   80.11  680.97  700.38   12.66  658.59   44.46
   337    0.94   25.55   24.68    2.28   80.79  689.24  705.24   14.26  657.78   49.21
   338    1.01   25.50   24.74    2.31   80.46  685.34  701.75   14.45  661.69   48.38
   339    0.93   25.58   24.48    2.43   80.10  698.17  716.29   16.49  651.30   47.03
   340    0.91   25.60   24.34    2.40   80.25  695.60  713.36   16.42  641.85   47.30
   341    0.92   25.57   24.35    2.16   81.29  687.57  701.86   15.99  645.24   51.76
   342    0.95   25.80   24.46    2.35   80.40  696.41  713.43   15.73  653.43   48.30
   343    0.92   25.88   24.57    2.44   80.34  700.08  718.44   15.14  655.12   46.86
   344    0.87   25.86   24.71    2.30   80.73  689.96  706.22   15.19  659.03   48.90
   345    0.87   25.87   24.66    2.40   80.55  684.73  702.47   14.47  652.63   46.60
   346    0.90   26.28   24.52    2.66   79.32  699.74  721.58   14.39  639.33   43.22
   347    0.96   26.41   24.61    2.38   80.65  716.33  733.72   16.80  647.43   49.14
   348    0.87   26.08   24.84    2.37   80.70  701.09  718.41   16.23  658.67   48.22
   349    0.91   26.36   24.63    2.34   80.85  710.62  727.48   16.29  649.55   49.47
   350    0.86   26.14   24.64    2.27   81.19  708.12  723.95   16.89  649.45   50.77
   351    0.85   26.46   25.05    2.11   81.92  720.56  734.16   17.74  670.33   55.43
   352    0.82   25.90   24.82    2.22   81.24  699.05  714.11   17.67  656.68   51.33
   353    0.82   26.18   24.97    2.13   81.88  717.88  731.71   13.48  663.22   54.82
   354    0.89   26.19   24.99    2.34   80.97  719.23  736.09   14.10  665.56   50.05
   355    0.92   25.99   24.85    2.14   81.71  707.72  721.73   14.35  658.40   53.72
   356    0.90   25.87   24.74    2.30   81.13  700.28  716.56   15.67  652.38   49.57
   357    0.94   26.07   24.46    2.24   81.29  701.25  716.61   13.47  639.36   51.01
   358    0.94   25.89   24.12    2.19   81.34  689.34  704.10   12.38  626.51   51.11
   359    0.95   25.88   24.63    2.18   81.48  697.15  711.69   15.03  654.74   52.02
   360    0.88   25.80   24.65    2.32   80.64  691.92  708.43   13.66  653.41   48.67
   361    0.92   25.80   24.81    2.37   80.75  695.31  712.62   15.51  660.96   47.85
   362    0.88   25.69   24.60    2.13   81.60  682.75  696.60   16.04  649.64   52.17
   363    0.90   25.70   24.21    2.33   80.93  679.43  696.15   17.13  627.54   47.55
   364    0.92   25.67   24.25    2.17   81.45  679.28  693.75   13.41  634.40   50.86
   365    0.96   25.68   24.39    2.29   80.74  681.52  697.61   13.53  637.84   48.56
   366    0.94   25.26   24.30    2.46   79.92  658.30  677.01   15.42  635.07   43.77
   367    0.88   25.56   24.31    2.53   79.53  671.82  691.59   14.35  634.63   43.52
   368    0.86   25.50   24.07    2.50   79.57  660.89  680.25   14.38  620.37   43.25
   369    0.87   25.65   24.32    2.61   79.28  674.79  695.84   15.41  633.52   42.45
   370    0.88   25.79   24.28    2.30   80.71  673.58  689.78   17.15  634.06   47.85
   371    0.82   25.88   24.25    2.39   80.29  680.43  697.95   16.64  632.25   46.59
   372    0.90   25.99   24.52    2.79   78.90  682.49  706.53   17.67  646.73   40.37
   373    0.87   26.11   24.43    2.76   79.11  696.53  720.08   18.18  644.86   41.56
   374    0.86   26.02   24.69    2.47   79.92  685.18  704.06   14.83  654.53   45.31
   375    0.79   26.10   24.72    2.47   79.91  688.55  707.39   15.31  656.07   45.57
   376    0.85   26.07   24.75    2.49   79.99  693.46  712.51   16.41  656.60   45.65
   377    0.88   26.09   24.71    2.47   80.14  693.21  712.00   17.49  656.11   45.91
   378    0.80   26.29   24.99    2.39   80.60  704.96  722.52   14.52  670.20   48.16
   379    0.78   26.75   25.06    2.20   81.33  734.16  748.92   15.75  674.89   54.32
   380    0.87   26.53   24.90    2.15   81.52  720.74  734.88   15.10  664.59   54.44
   381    0.84   26.37   24.59    2.47   80.27  713.05  731.90   14.88  647.89   47.12
   382    0.88   26.36   24.28    2.66   79.45  706.45  728.37   13.88  628.44   43.54
   383    0.90   26.22   24.39    2.23   80.97  695.77  711.01   14.61  636.07   50.81
   384    0.99   26.40   24.83    2.29   80.59  701.40  717.46   15.84  659.45   49.97
   385    0.90   26.04   25.12    2.03   81.33  697.05  709.58   16.39  675.14   55.78
   386    0.98   26.00   25.00    1.95   81.77  698.22  709.84   18.39  672.61   57.88
   387    0.96   25.81   25.27    2.23   80.59  692.36  707.56   19.45  683.75   50.62
   388    0.91   25.41   25.11    1.92   81.81  666.36  677.63   18.84  675.66   56.12
   389    1.08   25.80   24.93    1.77   82.36  685.17  694.70   15.45  664.79   62.39
   390    1.06   25.62   24.98    1.88   81.78  676.96  687.66   17.59  669.78   58.37
   391    0.98   25.74   25.24    2.16   80.78  682.08  696.43   16.60  681.94   51.26
   392    0.96   25.87   25.28    2.14   80.97  678.94  693.02   15.45  685.38   51.48
   393    1.15   25.57   25.22    2.26   80.40  666.71  682.47   18.55  678.62   48.00
   394    1.10   25.58   24.99    2.29   80.35  669.53  685.65   14.81  667.70   47.69
   395    0.95   26.02   25.10    2.42   79.95  693.51  711.56   16.80  674.48   46.81
   396    1.07   26.09   25.19    2.15   80.72  697.43  711.57   16.52  679.26   52.74
   397    1.10   26.25   24.90    1.77   82.09  705.70  715.21   19.31  665.85   64.25
   398    0.98   26.24   25.08    1.68   82.53  705.38  713.89   20.89  672.48   67.68
   399    0.95   26.43   25.15    2.06   81.37  711.89  724.81   19.22  677.86   56.14
   400    0.97   26.17   25.55    1.92   81.90  707.65  718.92   18.40  701.28   59.50
   401    0.88   26.35   25.50    1.74   82.50  708.55  717.74   19.40  697.87   65.55
   402    0.96   26.37   25.00    1.97   82.09  711.38  723.23   19.05  668.42   58.41
   403    0.99   26.49   25.38    2.08   81.56  720.89  734.10   18.86  688.35   56.21
   404    0.94   26.53   25.47    2.02   81.57  727.89  740.31   19.10  691.52   58.42
   405    0.92   26.52   25.42    1.98   81.59  721.82  733.80   17.58  687.66   58.92
   406    0.92   26.38   25.38    2.00   81.31  719.17  731.30   18.05  689.72   58.36
   407    0.92   26.73   25.40    1.98   81.71  735.09  747.03   17.61  690.32   60.07
   408    0.95   26.50   25.10    2.05   81.22  723.68  736.55   17.37  675.69   57.13
   409    0.92   26.53   25.24    2.07   81.10  733.55  746.66   18.39  684.15   57.38
   410    0.88   26.05   25.16    1.93   81.68  707.34  718.65   15.58  685.27   59.34
   411    0.93   25.90   25.09    2.01   81.37  699.59  711.94   14.37  682.10   56.36
   412    0.97   25.74   25.27    2.17   80.65  692.21  706.62   16.00  683.74   51.89
   413    0.94   26.25   24.99    2.25   80.73  706.46  722.04   13.48  671.95   51.03
   414    0.88   26.21   25.06    2.10   80.98  706.41  719.91   16.95  679.00   54.58
   415    0.93   26.17   25.10    1.82   82.14  700.05  710.05   14.67  676.90   62.26
   416    0.84   26.03   25.31    1.97   81.57  693.72  705.50   15.28  686.35   57.15
   417    0.99   25.92   25.54    1.85   81.97  695.97  706.39   13.05  695.72   60.75
   418    0.88   25.93   25.22    2.11   81.27  697.80  711.46   13.86  678.18   53.62
   419    0.96   26.00   25.06    1.86   82.24  696.19  706.75   11.86  670.72   60.35
   420    0.90   25.84   25.08    1.93   81.75  691.70  703.10   12.56  670.41   57.87
   421    0.93   25.83   24.93    2.13   81.02  684.78  698.62   13.30  666.48   52.34
   422    0.95   25.91   24.81    1.85   82.15  684.80  695.20   14.84  658.15   59.83
   423    0.92   26.05   24.96    2.11   81.24  696.21  709.78   12.08  664.83   53.67
   424    0.94   26.30   24.78    2.12   81.54  706.60  720.30   12.59  657.03   54.20
   425    0.92   25.91   25.01    2.13   81.13  689.51  703.39   12.62  668.11   52.61
   426    0.96   25.65   24.74    2.18   80.88  671.30  685.89   14.63  654.32   50.09
   427    0.82   25.90   24.85    2.40   80.10  680.51  698.30   14.80  658.52   46.27
   428    0.91   25.90   24.66    1.82   82.54  683.64  693.71   14.74  646.71   60.65
   429    0.85   26.11   24.53    2.34   80.30  684.74  701.61   13.59  641.39   47.72
   430    0.84   26.03   24.71    2.15   81.10  679.14  693.33   13.52  647.31   51.33
   431    0.88   26.04   24.47    2.02   81.69  681.24  693.72   13.49  636.94   54.65
   432    0.90   26.08   24.81    2.22   80.87  674.45  689.54   13.24  656.09   49.54
   433    0.98   25.82   24.87    2.09   81.53  673.61  687.01   14.38  657.27   52.30
   434    0.94   26.63   24.52    2.26   81.06  711.00  726.69   12.76  637.05   51.17
   435    0.99   26.57   24.91    2.16   81.40  708.96  723.26   16.13  658.66   53.30
   436    0.97   26.33   24.73    1.87   82.58  694.10  704.76   13.24  649.70   59.93
   437    0.95   26.18   24.60    2.09   81.67  689.87  703.23   12.17  640.24   53.60
   438    0.92   26.25   24.68    1.77   82.83  692.75  702.27   13.63  644.44   63.08
   439    0.93   26.69   24.48    2.36   80.44  720.73  737.83   14.13  635.84   49.83
   440    1.01   27.06   24.35    2.18   81.23  731.90  746.38   13.98  625.46   54.64
   441    0.91   26.47   24.54    2.07   81.30  707.90  721.01   13.36  636.22   55.45
   442    0.99   26.88   24.36    2.03   81.70  725.87  738.46   11.22  625.90   57.87
   443    0.99   26.84   24.35    1.90   82.30  729.46  740.38   12.89  627.36   62.16
   444    0.87   27.07   24.61    1.84   82.65  740.07  750.29   13.84  639.10   65.04
   445    0.92   26.55   24.23    2.10   81.53  704.65  718.12   12.98  618.85   54.50
   446    0.94   26.61   24.22    2.23   81.11  708.78  724.01   12.93  618.42   51.74
   447    0.97   26.69   24.41    2.08   81.47  709.83  723.09   12.92  628.33   55.28
   448    0.95   26.84   24.67    2.06   81.55  717.50  730.40   13.64  641.68   56.58
   449    0.93   26.94   24.54    2.03   81.69  723.18  735.72   15.91  635.37   57.79
   450    0.92   26.96   24.72    2.14   81.38  726.64  740.59   16.56  646.23   55.22
   451    1.02   26.74   24.45    1.84   82.16  712.74  722.98   15.25  632.09   62.66
   452    0.97   27.07   24.50    1.76   82.47  729.37  738.68   16.51  633.38   67.02
   453    0.97   26.81   24.43    1.55   83.37  722.20  729.40   14.87  629.12   74.85
   454    1.03   26.84   24.55    1.68   83.01  720.67  729.20   15.19  634.97   68.97
   455    0.99   26.60   24.41    1.96   81.93  707.09  718.76   14.34  628.76   58.47
   456    0.92   26.93   24.71    2.06   81.64  716.99  730.02   13.34  644.73   56.30
   457    1.03   26.51   24.62    2.07   81.50  704.80  717.93   13.28  640.94   55.15
   458    1.03   26.49   24.51    2.29   80.66  706.16  722.29   14.42  634.86   50.20
   459    1.00   26.57   24.65    2.39   80.15  707.92  725.52   12.04  642.63   48.31
   460    0.98   26.49   24.56    2.41   80.11  708.87  726.74   11.22  637.85   48.03
   461    1.01   26.52   24.53    2.07   81.44  707.83  720.97   12.97  634.99   55.38
   462    0.99   26.62   24.82    2.09   81.38  712.84  726.21   12.37  649.41   55.30
   463    0.94   26.48   25.01    2.21   81.10  707.66  722.62   11.14  658.52   52.10
   464    1.03   26.74   25.00    2.37   80.49  733.38  750.59   11.07  660.19   50.51
   465    1.07   26.89   25.17    2.32   80.70  735.30  751.87   11.70  669.31   51.54
   466    1.02   27.33   25.04    2.11   81.66  752.52  766.11   11.68  662.27   57.84
   467    0.96   27.59   24.83    2.04   82.02  758.28  770.90   13.05  652.03   60.31
   468    1.02   27.48   24.82    1.95   82.22  753.49  765.09   13.11  649.42   62.36
   469    1.04   27.07   24.97    2.15   81.23  741.28  755.43   11.77  657.03   55.92
   470    1.03   27.19   25.00    2.06   81.65  743.92  756.92   12.08  659.44   58.39
   471    1.07   27.45   25.02    2.12   81.68  760.94  774.68    8.48  659.92   58.17
   472    1.05   27.27   24.98    2.42   80.50  750.37  768.32   14.31  657.67   50.63
   473    1.02   27.41   24.74    2.05   81.79  751.19  763.99   12.05  644.43   59.39
   474    1.01   27.39   24.68    2.55   79.92  754.78  774.85   13.62  642.15   48.34
   475    1.02   27.49   24.75    2.06   81.68  761.21  774.09   13.50  645.81   59.97
   476    0.97   27.66   24.83    2.50   80.18  766.66  785.97   12.56  650.14   49.97
   477    1.06   27.52   24.88    2.20   81.32  759.74  774.58   14.02  652.09   56.00
   478    1.05   27.46   24.78    2.41   80.79  754.62  772.41   12.70  647.20   51.14
   479    1.01   27.10   24.76    2.28   81.10  743.86  759.83   11.78  646.31   53.02
   480    1.11   27.24   25.18    2.20   80.98  754.57  769.37   12.43  669.90   55.71
   481    1.15   26.94   25.22    2.15   81.10  736.63  750.73   10.07  671.72   55.68
   482    1.09   26.81   25.19    2.08   81.52  729.96  743.14   12.51  670.15   56.97
   483    0.99   27.03   25.03    2.22   81.21  735.03  750.10   13.65  660.83   53.86
   484    1.04   27.20   25.14    2.19   81.12  741.61  756.24   14.11  667.33   55.09
   485    0.99   27.18   25.22    2.25   81.05  743.09  758.58   10.52  672.45   53.73
   486    0.97   27.30   25.03    2.41   80.58  755.46  773.29    9.85  661.29   51.13
   487    0.92   27.01   24.85    2.10   81.49  737.73  751.16   11.51  652.38   57.06
   488    0.99   27.30   24.76    2.03   81.71  741.23  753.82   10.81  647.71   59.06
   489    1.05   26.99   25.11    2.29   80.98  730.07  746.17   10.84  665.73   51.88
   490    1.13   26.79   25.29    2.04   81.66  722.45  735.20   10.40  675.83   57.27
   491    1.05   26.74   25.06    1.91   82.38  717.85  728.99   10.64  665.19   60.65
   492    1.01   26.88   25.05    2.14   81.59  724.79  738.83   11.91  661.02   54.91
   493    1.04   27.10   25.20    2.10   81.72  733.77  747.23   11.08  670.62   56.68
   494    1.05   27.21   25.32    2.20   81.27  740.30  755.13   11.54  676.74   54.64
   495    1.12   27.35   24.88    1.95   82.40  741.81  753.41   11.38  652.69   61.43
   496    1.02   27.35   24.95    2.11   81.77  736.38  749.92   13.13  657.27   56.72
   497    0.96   27.18   25.01    1.93   82.54  732.97  744.28   11.56  659.98   61.45
   498    0.97   27.43   25.05    2.02   82.25  749.52  761.97   11.90  662.57   60.02
   499    1.09   27.04   24.86    2.03   81.99  727.57  740.17   12.32  653.37   57.99
   500    1.09   27.34   24.97    1.93   82.16  743.29  754.65   10.97  658.74   62.16
   501    1.09   27.66   25.22    1.86   82.59  765.88  776.33   12.49  670.44   66.54
   502    1.07   27.54   25.16    1.77   82.82  763.36  772.80   12.13  667.73   69.56
   503    1.04   27.88   25.03    1.91   82.56  778.31  789.33   11.98  661.96   65.93
   504    1.01   27.68   25.18    1.86   82.57  762.04  772.53   13.22  667.45   66.09
   505    1.03   27.90   25.35    1.77   83.04  773.52  783.02   10.81  677.34   70.27
   506    1.04   28.11   25.32    1.88   82.94  783.05  793.71   10.89  675.80   67.36
   507    1.06   28.17   25.24    1.71   83.56  788.52  797.32   12.62  672.06   74.19
   508    0.97   28.08   25.34    1.71   83.51  785.78  794.60   11.56  676.17   73.86
   509    1.04   28.18   25.41    1.52   84.01  788.51  795.35   10.58  682.13   83.45
   510    1.15   28.37   25.65    1.62   83.70  797.47  805.28    9.85  695.51   79.30
   511    1.09   28.21   25.37    1.78   83.01  792.20  801.77   10.44  678.77   71.64
   512    1.05   28.16   25.04    1.98   82.44  791.61  803.57   10.66  660.85   64.49
   513    1.06   27.99   25.22    1.77   83.23  778.81  788.23    9.91  671.04   70.98
   514    1.09   28.22   24.96    1.86   83.14  794.90  805.39   12.30  657.29   68.86
   515    1.06   27.69   25.18    1.88   83.07  766.59  777.26   11.45  667.25   65.96
   516    1.08   27.93   25.47    1.76   83.33  783.38  792.69   11.36  681.95   71.78
   517    1.12   27.77   25.29    1.67   83.65  781.57  789.89   10.82  672.82   75.48
   518    1.08   28.09   25.14    1.92   82.59  786.25  797.45   10.69  664.52   66.07
   519    1.04   28.06   25.41    1.77   83.17  788.16  797.63   10.89  678.50   71.63
   520    0.90   27.93   25.28    1.81   82.92  780.67  790.58   15.17  670.83   69.48
   521    1.03   27.88   25.52    1.55   84.02  777.09  784.23   11.68  682.97   80.60
   522    0.95   28.05   25.41    1.83   83.08  779.67  789.77   11.45  676.56   68.77
   523    1.02   28.01   25.59    1.85   82.93  777.51  787.92   10.62  687.06   67.64
   524    1.04   27.82   25.51    1.97   82.39  767.96  779.72   12.12  682.13   63.13
   525    1.06   27.72   25.74    1.63   83.71  770.08  778.01   11.98  694.95   76.07
   526    0.98   27.72   25.73    1.81   83.13  767.50  777.43   10.13  694.55   68.28
   527    1.05   27.47   25.49    1.88   82.83  754.02  764.71    8.39  682.11   64.85
   528    1.04   27.36   25.53    1.99   82.41  754.63  766.67    8.32  685.44   61.38
   529    1.04   27.61   25.60    1.67   83.52  761.68  770.04    9.68  688.98   73.47
   530    1.02   27.65   25.50    2.07   82.13  765.70  778.72    7.88  683.01   60.00
   531    0.99   27.99   25.89    1.78   83.29  779.11  788.68   11.90  704.16   70.49
   532    1.03   27.86   26.18    2.08   82.08  774.33  787.49   10.34  720.74   60.37
   533    1.01   27.90   25.90    1.70   83.28  775.78  784.47   11.40  706.32   73.41
   534    1.05   27.77   25.91    1.69   83.35  769.50  778.09   11.57  705.89   73.24
   535    1.06   27.70   25.68    1.56   83.99  771.75  778.99   11.43  693.16   79.52
   536    1.12   27.88   25.91    1.60   83.98  778.31  785.92    9.09  706.00   78.39
   537    1.04   28.46   25.72    1.89   82.72  805.10  815.86    9.44  695.69   68.90
   538    1.05   28.82   25.65    2.08   82.18  819.38  832.56   13.06  691.45   63.71
   539    1.08   28.86   25.25    1.85   83.19  822.19  832.48   11.09  670.60   71.79
   540    1.01   28.87   25.66    1.63   83.84  824.14  832.03   10.86  693.89   81.42
   541    1.06   28.72   25.69    1.49   84.50  822.49  829.01   10.23  694.47   88.79
   542    1.11   28.75   25.66    1.36   84.78  822.25  827.65    9.99  691.90   96.83
   543    1.14   28.57   25.71    1.32   84.74  817.56  822.64    7.94  696.26   99.06
   544    1.05   28.62   25.52    1.73   83.32  818.60  827.55    8.67  684.29   76.30
   545    1.09   28.36   25.56    1.92   82.79  803.48  814.60    8.54  687.88   67.70
   546    1.17   27.99   25.64    2.23   81.41  785.12  800.29    7.80  691.62   57.24
   547    1.17   28.14   25.60    2.22   81.53  788.40  803.43    9.05  688.64   57.72
   548    1.12   28.13   25.72    1.79   83.09  793.09  802.73   10.36  694.98   71.47
   549    1.08   28.16   25.53    1.62   83.82  796.71  804.55    8.51  684.59   79.06
   550    1.11   28.16   25.31    1.89   82.85  791.06  801.87    7.67  672.65   67.56
   551    1.12   28.07   25.51    1.68   83.61  786.80  795.30    7.68  682.49   75.25
   552    1.09   27.96   25.41    1.77   83.39  785.18  794.62    6.21  676.88   71.46
   553    1.00   28.31   25.39    1.85   82.95  803.64  814.02    9.20  676.65   69.94
   554    1.08   28.29   25.37    1.84   83.09  808.76  819.01    6.66  675.22   70.77
   555    1.09   27.91   25.82    1.82   82.90  793.47  803.44    8.14  699.59   70.39
   556    1.09   27.95   25.77    1.63   83.72  797.67  805.63    8.43  697.24   78.61
   557    1.09   28.11   25.47    1.72   83.52  804.77  813.68    8.34  682.07   75.19
   558    1.09   27.94   25.70    1.74   83.42  796.48  805.61    8.21  695.34   73.59
   559    1.03   27.93   25.65    1.50   84.32  795.33  802.01    7.55  691.63   85.02
   560    1.07   27.76   25.88    1.57   84.00  793.53  800.87    7.71  704.40   81.22
   561    1.06   27.83   25.99    1.14   85.62  795.99  799.66    7.28  710.19  111.82
   562    1.14   27.70   25.90    1.26   85.09  791.68  796.26    5.17  704.71  100.62
   563    1.15   27.76   25.66    1.23   85.15  778.83  783.15    7.27  691.75  101.74
   564    0.97   27.62   25.96    1.23   84.98  776.79  781.19    8.97  708.41  100.75
   565    1.00   27.73   25.65    1.27   84.78  779.40  784.06    9.84  692.19   98.34
   566    1.15   27.49   25.50    1.41   84.37  771.27  777.11    8.77  684.68   87.84
   567    1.12   27.75   25.49    1.49   84.23  781.05  787.64   11.31  685.18   84.05
   568    1.13   27.62   25.82    1.33   84.87  777.73  782.93    8.78  702.21   93.47
   569    1.07   27.50   25.66    1.42   84.58  770.76  776.72    8.97  692.33   87.02
   570    1.06   27.36   25.79    1.47   84.22  767.13  773.57   10.20  700.31   83.52
   571    1.10   27.53   25.59    1.69   83.36  770.53  779.07   11.58  690.67   73.56
   572    1.12   27.47   25.73    1.64   83.54  767.90  775.94   11.58  695.43   75.41
   573    1.04   27.70   25.73    1.67   83.31  770.70  779.05    9.13  695.29   74.36
   574    1.13   27.41   25.83    1.75   82.95  760.37  769.65   10.86  701.39   69.86
   575    1.11   27.46   25.95    1.68   83.41  763.39  771.88    9.53  707.79   73.09
   576    1.10   27.77   25.85    1.75   83.07  778.71  787.98    9.94  704.90   71.51
   577    1.07   27.71   25.82    1.77   83.01  778.56  787.98   10.44  703.33   70.97
   578    1.07   27.41   25.65    1.76   82.94  772.39  781.76    9.89  693.55   70.61
   579    1.14   27.58   25.75    1.89   82.63  777.33  788.17    8.59  701.13   66.36
   580    1.15   27.53   25.84    1.60   83.64  775.78  783.45    9.19  704.79   77.86
   581    1.12   27.48   25.65    1.26   84.84  777.70  782.30    7.69  694.98   98.75
   582    1.12   27.95   25.73    1.41   84.45  795.25  801.13    7.91  698.67   90.17
   583    1.07   27.50   25.65    1.68   83.53  774.34  782.84   11.92  693.42   74.10
   584    1.05   27.48   25.36    1.61   83.89  767.02  774.76   10.14  679.11   76.67
   585    1.11   27.68   25.39    1.80   82.88  772.01  781.77    9.43  680.81   69.21
   586    1.15   28.09   25.51    1.78   83.03  793.34  802.88    9.77  684.21   71.84
   587    1.12   28.08   25.60    1.64   83.67  793.90  801.90    9.25  689.24   78.06
   588    1.17   28.25   25.67    1.47   84.26  806.68  813.09    9.73  693.89   87.87
   589    1.14   28.01   25.75    1.67   83.34  792.26  800.63   10.05  698.37   76.26
   590    1.19   28.40   25.60    1.66   83.46  810.52  818.81    9.80  690.35   78.33
   591    1.10   28.02   25.27    1.77   82.85  809.62  819.03    8.35  673.93   73.72
   592    1.11   28.07   25.19    2.07   81.87  810.96  823.96   10.94  670.35   63.50
   593    1.10   28.16   25.29    2.04   81.94  814.63  827.25    9.00  675.54   64.66
   594    1.16   27.95   25.59    1.97   82.07  803.95  815.73    9.42  690.36   65.92
   595    1.19   28.18   25.51    1.80   82.74  814.55  824.28    8.23  687.28   73.05
   596    1.11   28.15   25.34    2.01   81.96  816.83  829.10    8.81  679.08   65.69
   597    1.17   28.01   25.37    1.82   82.78  810.06  820.06    8.27  681.01   71.73
   598    1.08   28.23   25.79    1.70   83.24  824.13  832.76   10.39  704.44   78.10
   599    1.12   28.41   25.66    1.89   82.27  827.70  838.50    8.74  698.49   70.65
   600    1.09   28.64   25.70    1.55   83.61  846.58  853.66    7.14  701.57   87.92
   601    1.08   28.93   25.77    1.76   83.15  862.74  872.01    9.56  702.52   78.96
   602    1.16   28.89   25.77    1.91   82.39  855.28  866.25    6.33  702.32   72.38
   603    1.08   28.81   25.99    1.34   84.20  845.36  850.58   10.59  715.12  101.00
   604    1.05   28.65   25.76    1.44   84.06  840.19  846.24    7.39  701.33   93.82
   605    1.06   29.00   25.88    1.51   83.67  858.55  865.31    8.84  708.69   91.05
   606    1.11   29.16   26.00    1.55   83.39  875.22  882.29   10.35  715.98   90.82
   607    1.08   29.39   25.97    1.63   82.92  884.06  892.00   11.66  709.94   86.91
   608    1.15   29.34   26.17    1.55   83.41  884.81  891.89   10.22  723.37   91.75
   609    1.09   29.37   26.20    1.89   82.30  883.53  894.35   13.05  725.45   75.20
   610    1.10   29.47   26.07    1.89   82.59  896.54  907.28   12.40  719.26   76.52
   611    1.18   29.27   25.94    1.93   82.31  890.08  901.33   10.20  710.29   74.36
   612    1.12   29.21   25.94    2.09   81.82  887.80  901.04   11.15  709.46   68.73
   613    1.15   29.14   25.92    1.96   82.16  889.90  901.52   11.07  711.27   73.23
   614    1.14   28.96   26.18    1.77   82.71  878.07  887.41   10.87  724.47   80.04
   615    1.13   29.26   26.12    1.68   83.07  890.81  899.25   10.34  720.43   85.10
   616    1.17   29.17   26.17    1.73   82.87  890.47  899.37    9.21  724.82   82.98
   617    1.09   29.13   26.05    1.38   84.14  886.93  892.49   10.56  718.38  102.74
   618    1.21   29.27   26.14    1.45   83.97  889.75  895.89   11.07  721.62   98.45
   619    1.16   29.37   26.16    1.43   83.89  897.77  903.72    9.49  725.19  100.82
   620    1.18   29.49   26.01    1.51   83.82  903.07  909.81   10.47  715.68   95.73
   621    1.10   29.60   26.36    1.47   83.59  899.93  906.28   11.83  736.16   98.06
   622    1.06   29.77   26.16    1.23   84.72  912.08  916.34   10.94  726.07  118.93
   623    1.17   29.23   25.96    1.42   83.83  883.19  889.05    9.34  714.61   99.84
   624    1.13   29.44   25.97    1.64   83.26  884.07  892.12    8.76  713.57   86.36
   625    1.15   29.08   26.05    1.66   83.12  865.16  873.36   11.58  718.01   83.84
   626    1.19   29.55   26.24    1.56   83.64  882.97  890.20    9.16  727.57   90.67
   627    1.29   29.44   26.15    1.71   83.08  886.85  895.64    6.42  724.44   83.17
   628    1.27   29.71   26.34    1.67   83.41  895.63  903.93    7.60  733.62   86.21
   629    1.27   29.89   26.31    1.65   83.59  917.80  925.87    8.18  732.78   89.42
   630    1.25   29.99   26.07    1.76   82.91  924.33  933.62    6.16  717.40   84.30
   631    1.31   30.00   26.37    1.55   83.61  917.27  924.37    5.95  734.50   94.86
   632    1.25   30.13   26.03    1.74   83.04  921.84  930.91    7.43  714.55   85.08
   633    1.35   30.37   26.34    1.68   83.56  947.62  955.97    5.57  731.42   90.75
   634    1.29   30.09   26.36    1.59   83.89  936.71  944.15    4.87  734.40   94.65
   635    1.31   29.58   26.29    1.72   83.35  911.01  919.86    5.74  730.28   85.06
   636    1.29   29.57   26.19    2.04   82.37  900.98  913.58    7.08  724.78   71.35
   637    1.28   29.87   26.05    2.14   81.87  905.74  919.67    5.07  717.54   68.41
   638    1.24   29.67   26.06    1.85   82.65  899.16  909.39    6.82  718.94   78.47
   639    1.27   29.76   26.01    2.31   80.93  891.71  908.04    4.38  712.99   62.54
   640    1.29   29.87   26.10    1.90   82.40  908.31  919.15    3.90  717.36   77.14
   641    1.26   29.37   25.94    2.30   81.00  871.20  887.32    4.08  707.59   61.52
   642    1.29   29.39   26.27    2.35   81.14  877.97  894.80    4.64  726.15   60.75
   643    1.33   29.30   26.24    2.23   81.55  871.43  886.58    4.67  723.87   63.37
   644    1.28   29.33   26.21    1.98   82.09  868.89  880.78    4.44  723.67   70.77
   645    1.22   29.55   26.12    2.16   81.50  878.69  892.90    4.19  717.34   65.80
   646    1.29   29.17   26.11    2.19   81.46  869.15  883.83    6.36  717.45   64.13
   647    1.31   29.58   26.37    2.05   82.29  891.51  904.22    3.81  730.46   70.33
   648    1.31   29.42   26.20    1.85   82.84  885.00  895.33    5.38  722.95   76.96
   649    1.35   29.60   26.25    1.98   82.17  899.31  911.17    4.52  724.94   73.26
   650    1.41   29.59   26.35    2.03   82.00  889.59  902.11    3.85  729.62   70.68
   651    1.40   29.68   26.10    2.00   82.11  898.89  910.99    2.19  716.07   72.55
   652    1.39   29.29   26.04    2.21   81.49  878.07  893.01    3.57  711.90   64.24
   653    1.43   29.34   26.05    2.02   82.17  868.64  881.01    2.24  713.00   69.46
   654    1.43   29.40   26.16    2.04   82.03  878.91  891.56    2.13  718.55   69.50
   655    1.38   29.50   25.94    1.79   82.71  877.18  886.80    4.80  709.35   78.85
   656    1.34   29.53   26.01    1.83   82.77  875.10  885.13    3.98  713.30   77.18
   657    1.45   29.72   25.94    1.70   83.09  881.36  889.98    4.60  708.81   83.41
   658    1.55   29.91   25.98    1.95   82.33  893.81  905.27    4.56  709.80   74.01
   659    1.50   29.72   25.93    2.04   82.17  885.60  898.23    4.04  706.20   70.08
   660    1.56   29.84   26.03    1.81   82.94  887.97  897.84    3.50  712.95   78.87
   661    1.52   29.84   25.93    1.82   82.67  887.14  897.12    5.84  707.79   78.41
   662    1.36   29.67   26.29    1.91   82.21  878.57  889.54    3.88  727.43   74.29
   663    1.38   29.93   26.25    1.70   83.32  888.18  896.84    7.03  724.29   83.84
   664    1.36   29.97   25.91    2.04   82.12  891.42  904.06    4.57  709.02   70.51
   665    1.41   30.32   25.91    2.07   82.31  913.52  926.49    4.20  707.87   71.34
   666    1.36   30.29   26.00    1.95   82.54  903.69  915.19    6.22  710.95   74.68
   667    1.43   29.77   25.81    2.12   81.52  876.89  890.57    6.28  700.78   66.87
   668    1.37   30.10   25.87    2.31   81.43  894.53  910.88    5.29  703.83   62.70
   669    1.31   30.19   26.05    1.87   82.84  899.33  909.88    5.30  714.57   77.39
   670    1.34   30.06   25.97    1.92   82.48  884.66  895.73    4.32  708.37   74.47
   671    1.37   30.58   25.92    1.80   82.88  920.63  930.33    6.41  708.46   82.33
   672    1.35   30.12   26.25    1.92   82.48  899.59  910.67    6.56  727.87   75.64
   673    1.27   29.83   26.16    1.93   82.80  882.34  893.63    5.22  720.95   73.61
   674    1.26   29.88   26.11    1.99   82.51  885.91  897.95    5.12  717.45   71.71
   675    1.34   29.99   25.95    2.06   82.18  886.68  899.54    6.76  708.32   69.58
   676    1.33   30.05   26.26    1.70   83.52  892.67  901.31    5.27  723.74   84.36
   677    1.47   29.89   26.40    1.67   83.68  888.62  896.89    5.25  731.73   85.70
   678    1.40   30.15   26.20    1.72   83.42  901.62  910.47    3.70  720.48   84.24
   679    1.34   29.70   26.05    1.82   82.70  876.81  886.78    3.91  713.47   77.52
   680    1.44   29.61   25.91    1.58   83.41  874.87  882.24    3.58  706.17   89.07
   681    1.37   29.73   26.24    1.77   83.01  885.23  894.56    5.36  724.08   80.70
   682    1.33   29.83   26.22    1.73   82.97  884.13  893.09    4.75  722.70   82.14
   683    1.30   29.85   26.38    1.63   83.18  885.55  893.43    6.82  733.94   87.35
   684    1.35   29.68   26.50    1.57   83.56  880.24  887.50    5.23  739.21   90.20
   685    1.28   29.66   26.20    1.54   83.94  879.28  886.30    4.40  723.07   91.57
   686    1.38   29.63   25.98    1.59   83.79  869.89  877.38    4.55  710.07   87.91
   687    1.41   29.56   26.16    1.56   83.77  866.91  874.09    3.62  719.61   89.34
   688    1.36   29.29   26.27    1.68   83.55  856.63  865.01    3.62  723.78   82.19
   689    1.23   29.64   26.35    1.73   83.38  868.96  877.95    7.58  728.42   80.66
   690    1.28   29.54   26.20    1.84   82.98  873.93  884.11    7.92  721.36   76.54
   691    1.31   29.68   26.14    1.95   82.80  871.82  883.26    6.35  717.87   72.30
   692    1.29   29.84   26.13    1.66   83.96  879.43  887.60    4.21  717.87   85.36
   693    1.28   30.10   26.31    1.47   84.38  897.09  903.47    5.46  728.13   97.53
   694    1.43   30.29   26.15    1.80   83.50  908.37  918.08    4.80  719.44   81.22
   695    1.39   30.11   26.19    1.60   83.93  899.01  906.61    3.14  721.88   90.11
   696    1.41   30.51   26.40    1.55   84.40  925.79  932.91    3.25  733.02   95.55
   697    1.34   30.30   26.28    1.54   84.29  907.03  913.98    2.74  724.82   94.74
   698    1.37   30.00   26.23    1.86   83.09  889.96  900.33    2.87  723.61   77.23
   699    1.29   29.94   26.40    1.48   84.60  888.94  895.33    3.29  732.43   96.57
   700    1.35   29.71   26.28    1.62   84.08  886.59  894.41    4.20  725.69   87.76
   701    1.26   29.68   25.91    1.77   83.70  878.04  887.42    4.67  704.99   79.87
   702    1.31   29.74   25.82    1.89   83.08  881.07  891.86    5.10  699.48   75.07
   703    1.36   30.11   26.04    1.42   84.69  901.45  907.32    5.74  711.74  101.76
   704    1.32   29.69   26.10    1.31   85.08  875.98  880.92    5.15  715.50  107.12
   705    1.25   29.84   25.86    1.47   84.52  881.97  888.35    6.22  702.77   95.93
   706    1.33   29.78   25.94    1.73   83.73  883.21  892.18    4.81  706.78   82.04
   707    1.30   29.98   26.12    1.55   84.55  889.74  896.87    4.17  716.05   91.88
   708    1.31   29.44   26.03    1.60   84.21  857.00  864.56    5.97  709.72   86.28
   709    1.30   29.64   25.99    1.48   84.58  862.22  868.68    5.60  708.21   93.39
   710    1.44   29.34   26.03    1.71   83.55  850.38  859.12    4.86  710.04   80.04
   711    1.40   29.61   26.25    1.56   84.18  862.60  869.85    5.37  721.97   88.52
   712    1.39   29.45   26.49    1.22   85.53  863.12  867.34    5.97  735.41  113.38
   713    1.38   29.76   26.42    1.06   86.06  876.79  879.90    6.25  732.00  131.67
   714    1.32   29.50   26.14    1.62   83.92  868.87  876.63    3.83  715.69   86.38
   715    1.32   29.63   26.56    1.36   84.85  873.09  878.43    5.74  739.75  103.08
   716    1.32   29.72   26.75    1.22   85.19  875.93  880.17    4.67  751.14  114.69
   717    1.32   29.80   26.97    1.07   85.52  879.76  882.92    5.93  764.72  131.24
   718    1.41   29.63   26.81    1.41   84.27  879.11  884.87    4.62  756.62  100.17
   719    1.37   29.81   26.98    1.22   84.94  875.38  879.58    4.62  765.87  115.26
   720    1.46   29.96   27.01    1.20   84.89  884.96  889.01    3.98  768.97  118.24
   721    1.43   29.77   27.13    1.22   84.91  882.25  886.44    4.34  775.18  116.17
   722    1.50   29.91   27.21    0.90   86.05  887.01  889.10    3.22  779.28  157.56
   723    1.48   29.89   27.17    1.05   85.42  889.55  892.53    3.42  777.17  135.98
   724    1.53   29.72   27.05    1.24   84.91  878.76  883.17    3.59  770.11  113.03
   725    1.45   29.74   27.15    1.07   85.55  875.89  879.07    5.75  776.53  130.28
   726    1.44   29.54   27.19    0.90   86.24  872.53  874.62    5.69  778.32  155.18
   727    1.46   29.09   27.35    0.94   86.07  855.71  858.08    4.32  788.17  144.67
   728    1.41   29.21   27.06    1.12   85.60  857.99  861.47    5.53  770.24  122.86
   729    1.46   28.86   26.94    1.00   85.82  841.19  843.88    4.73  765.96  134.99
   730    1.39   29.25   26.91    1.12   85.36  857.17  860.70    5.12  763.08  121.89
   731    1.50   29.20   27.16    1.15   85.29  855.14  858.85    5.60  774.79  119.02
   732    1.29   29.41   27.15    1.28   84.98  869.65  874.39    4.48  774.90  108.38
   733    1.32   29.18   27.27    1.06   85.68  851.31  854.41    3.26  782.36  128.33
   734    1.45   28.97   27.20    1.31   85.15  839.46  844.45    5.39  777.77  102.34
   735    1.49   28.92   26.90    1.04   86.04  829.93  832.93    6.75  759.20  126.97
   736    1.36   28.85   26.94    0.91   86.55  834.15  836.33    3.47  761.59  146.27
   737    1.32   28.83   27.05    1.08   85.84  831.39  834.60    3.37  767.92  123.52
   738    1.13   29.06   26.93    1.10   85.68  840.15  843.51    3.91  762.71  122.33
   739    1.29   28.88   27.00    1.18   85.29  836.98  840.91    4.42  766.48  113.59
   740    1.13   28.78   26.67    1.08   85.54  821.85  825.07    4.34  748.57  122.02
   741    1.21   28.65   26.86    0.96   86.01  821.83  824.31    2.49  759.91  136.74
   742    1.19   29.08   26.74    0.69   87.08  840.00  841.09    4.92  751.18  193.17
   743    1.25   29.01   27.00    1.16   85.73  841.87  845.67    3.18  766.32  116.04
   744    1.18   28.76   27.14    1.38   85.05  835.26  840.77    4.73  773.39   97.35
   745    1.19   29.37   27.12    1.03   86.14  863.49  866.41    3.03  772.65  133.37
   746    1.34   29.60   27.31    0.87   86.86  880.28  882.19    5.60  783.12  162.05
   747    1.31   29.40   27.29    1.33   85.15  872.34  877.44    3.50  781.87  105.17
   748    1.25   29.77   27.47    1.16   85.91  892.75  896.54    5.82  793.84  122.93
   749    1.28   29.78   27.43    1.19   85.66  896.23  900.23    5.12  790.13  120.45
   750    1.13   30.15   27.23    1.40   85.20  908.10  913.78    5.94  778.31  104.02
   751    1.19   29.75   27.36    1.44   85.01  888.00  894.10    6.19  786.44   98.57
   752    1.14   29.53   27.38    1.24   85.63  880.22  884.63    7.84  786.66  113.20
   753    1.15   29.55   27.28    1.52   84.62  872.19  879.05    6.54  780.36   91.82
   754    1.20   29.82   27.47    1.26   85.65  885.62  890.17    4.68  791.53  112.35
   755    1.08   29.16   27.04    1.45   84.85  857.59  863.75    7.03  766.91   94.92
   756    1.14   29.40   27.13    1.39   85.21  865.39  871.03    5.35  771.55   99.74
   757    1.14   29.40   27.14    1.60   84.44  861.53  869.08    6.76  772.54   86.75
   758    1.10   29.24   27.26    1.43   85.05  852.17  858.18    7.51  779.38   95.39
   759    1.14   28.80   27.18    1.46   84.89  831.64  837.91    6.21  773.79   91.38
   760    1.14   28.57   27.43    1.21   85.72  818.31  822.47    5.50  788.05  108.54
   761    1.15   28.78   27.24    1.24   85.65  833.25  837.67    7.61  777.60  107.38
   762    1.18   28.93   27.30    1.07   86.21  844.50  847.68    6.72  780.84  125.95
   763    1.26   29.12   27.37    1.10   86.16  852.84  856.20    7.70  785.46  124.00
   764    1.28   29.38   27.05    1.29   85.47  856.81  861.59    5.39  766.38  106.55
   765    1.19   29.12   27.27    1.17   85.81  850.79  854.67    5.39  778.87  116.15
   766    1.22   29.06   27.30    1.17   85.80  853.70  857.56    4.99  780.97  116.89
   767    1.19   29.04   26.97    1.41   84.81  849.44  855.28    5.41  762.03   96.36
   768    1.18   29.57   27.22    1.34   85.22  867.96  873.19    6.56  776.42  103.45
   769    1.18   29.43   26.85    1.53   84.62  854.87  861.75    6.30  755.23   89.90
   770    1.17   29.13   26.62    1.63   84.20  847.52  855.43    4.05  742.12   83.58
   771    1.14   29.25   26.77    1.94   83.15  853.52  864.93    4.39  750.61   70.93
   772    1.11   28.97   26.67    1.48   84.71  832.21  838.64    7.33  745.17   90.42
   773    1.06   29.01   26.94    1.30   85.19  832.37  837.28    4.76  760.17  102.33
   774    1.15   28.76   27.03    1.33   85.10  824.47  829.63    4.71  765.37   99.12
   775    1.10   28.75   27.05    1.21   85.39  827.40  831.56    4.46  766.81  109.68
   776    1.11   29.11   27.18    1.00   86.33  843.23  845.96    3.69  773.74  134.37
   777    1.14   29.36   26.99    1.26   85.25  852.54  857.13    5.02  762.89  107.99
   778    1.13   29.77   27.04    1.28   85.41  873.28  878.01    4.35  766.07  108.98
   779    1.10   30.19   27.15    1.38   85.17  893.83  899.34    4.06  772.42  103.91
   780    1.14   30.14   27.19    1.27   85.48  887.38  892.02    2.95  774.73  111.58
   781    1.14   30.37   26.88    1.14   86.03  900.07  903.72    3.42  756.60  125.80
   782    1.22   29.96   26.89    1.19   85.66  886.87  890.88    4.99  757.34  119.04
   783    1.19   29.85   26.91    1.29   85.25  870.55  875.29    3.78  758.28  108.45
   784    1.10   30.19   27.15    1.05   86.10  888.74  891.76    5.11  772.33  135.15
   785    1.24   30.15   27.03    1.08   85.95  890.79  894.01    5.58  765.27  131.56
   786    1.12   29.78   26.88    0.94   86.76  874.60  876.91    5.59  756.90  149.03
   787    1.18   29.85   26.94    1.45   84.95  878.67  884.79    5.90  760.28   97.48
   788    1.21   29.89   27.15    1.24   85.73  879.67  884.03    3.45  772.00  113.77
   789    1.21   29.88   27.02    1.33   85.50  879.33  884.46    4.09  765.08  105.71
   790    1.08   29.52   26.78    1.02   86.42  858.85  861.69    3.04  751.02  134.34
   791    1.15   29.65   26.71    1.12   86.08  866.51  870.02    4.65  747.48  123.50
   792    1.22   29.34   27.01    1.01   86.39  854.01  856.76    3.39  764.12  135.61
   793    1.21   29.39   27.02    0.90   86.80  855.45  857.59    3.08  764.95  150.91
   794    1.25   29.37   27.26    0.95   86.74  852.07  854.45    3.63  778.05  143.58
   795    1.26   29.26   27.12    0.76   87.30  842.80  844.17    4.64  770.08  177.66
   796    1.29   29.39   26.94    0.87   86.92  848.58  850.54    3.54  760.13  155.24
   797    1.30   29.37   26.78    0.93   86.83  847.61  849.92    3.54  750.91  144.96
   798    1.22   29.50   26.98    0.95   86.79  855.51  857.93    5.10  762.62  143.27
   799    1.25   29.48   26.78    1.23   85.83  853.66  857.97    5.19  751.61  111.13
   800    1.33   29.31   26.84    1.31   85.63  843.15  848.09    5.68  754.49  103.35
   801    1.38   29.29   26.63    1.42   85.06  849.30  855.23    6.47  743.25   95.69
   802    1.41   29.13   26.99    1.35   85.30  840.91  846.19    5.41  763.53  100.00
   803    1.49   29.35   26.96    1.08   86.27  846.53  849.75    7.90  762.15  125.43
   804    1.41   29.59   26.68    1.26   85.84  859.35  863.86    6.98  746.08  109.60
   805    1.35   29.73   26.82    1.36   85.62  865.79  871.16    6.80  754.21  102.04
   806    1.38   29.87   26.63    1.24   85.97  868.97  873.39    7.34  743.63  111.80
   807    1.35   30.07   26.43    1.32   85.62  885.89  890.92    4.84  732.33  107.41
   808    1.38   30.11   26.56    1.45   85.25  894.24  900.36    7.55  740.97   99.12
   809    1.40   29.61   26.46    1.29   85.92  861.80  866.60    7.76  735.68  106.88
   810    1.30   29.45   26.61    1.30   85.83  847.28  852.15    8.15  743.63  104.44
   811    1.37   29.62   26.26    1.29   85.94  858.79  863.61    6.02  724.62  106.32
   812    1.51   29.88   26.55    1.24   86.00  865.42  869.79    7.31  740.93  111.93
   813    1.48   29.95   26.40    1.39   85.63  870.74  876.33    5.71  731.47  100.73
   814    1.41   29.64   26.31    1.39   85.44  855.29  860.94    6.19  726.93   98.46
   815    1.48   30.13   26.39    1.26   86.15  879.49  884.03    7.84  731.13  111.68
   816    1.61   29.86   26.47    1.12   86.33  867.43  870.93    6.59  736.27  123.81
   817    1.60   30.20   26.55    0.92   86.83  885.59  887.82    7.42  740.60  153.07
   818    1.61   30.06   26.36    1.00   86.92  875.24  877.92    8.07  728.89  139.95
   819    1.71   30.10   26.37    1.10   86.46  878.72  882.09    7.36  730.15  127.42
   820    1.56   30.28   26.29    1.34   85.75  893.25  898.45    8.60  725.44  106.59
   821    1.59   30.44   26.35    1.22   86.26  896.01  900.21    8.47  728.27  117.63
   822    1.58   30.72   25.98    1.43   85.58  906.95  912.90    6.10  707.15  101.77
   823    1.42   30.89   26.15    1.44   85.49  919.62  925.70    5.64  716.75  102.07
   824    1.47   30.68   26.22    1.20   86.17  907.55  911.58    6.55  720.56  121.35
   825    1.43   30.84   26.40    1.17   86.19  912.72  916.54    5.31  730.02  124.89
   826    1.44   31.09   26.66    1.02   86.81  933.79  936.60    6.76  744.36  145.83
   827    1.37   30.75   26.56    1.11   86.40  920.35  923.76    4.82  739.34  132.42
   828    1.41   30.60   26.51    1.32   85.69  911.82  916.87    6.82  736.88  110.20
   829    1.42   30.60   26.68    1.25   85.75  914.04  918.48    7.01  745.89  117.05
   830    1.50   30.57   26.79    1.35   85.68  916.74  921.99    6.72  752.14  108.89
   831    1.57   31.00   26.75    1.40   85.60  933.80  939.49    7.43  749.96  106.80
   832    1.40   30.88   27.16    1.27   85.97  929.01  933.64    7.75  772.90  116.68
   833    1.41   30.68   27.19    1.61   84.90  922.05  929.74    6.40  776.63   91.85
   834    1.36   31.16   27.00    1.37   85.69  950.86  956.31    6.66  765.13  110.82
   835    1.49   30.68   26.83    1.23   86.07  924.38  928.70    7.52  755.57  119.85
   836    1.49   31.21   27.09    1.23   86.08  941.33  945.61    5.99  769.29  122.26
   837    1.43   31.35   27.06    0.99   86.88  945.25  947.86    5.47  767.31  152.21
   838    1.40   31.21   27.11    1.26   85.98  942.35  946.85    5.38  770.85  119.76
   839    1.38   31.41   27.29    0.80   87.55  958.27  959.77    6.73  780.40  191.78
   840    1.40   31.40   27.12    1.03   86.69  944.01  946.84    6.89  770.54  146.83
   841    1.42   31.38   26.96    1.20   86.41  951.22  955.25    6.31  762.88  126.77
   842    1.43   31.79   26.90    1.12   86.64  969.74  973.22    6.37  759.05  137.81
   843    1.47   31.62   26.97    0.88   87.30  967.19  969.12    5.06  762.91  175.86
   844    1.52   31.48   26.87    1.12   86.32  963.55  967.02    8.18  757.28  137.14
   845    1.56   31.56   26.77    1.13   86.31  962.45  965.99    7.21  751.22  135.90
   846    1.52   31.46   26.55    1.17   86.03  959.52  963.35    8.93  739.09  130.91
   847    1.49   31.05   26.74    0.99   86.76  945.00  947.62    6.44  749.66  151.83
   848    1.46   31.21   26.84    0.65   87.75  949.72  950.55    6.26  754.54  233.72
   849    1.61   31.49   26.77    1.03   86.58  964.91  967.76    6.43  751.51  149.34
   850    1.45   31.91   26.56    1.35   85.62  986.57  991.81    6.18  739.72  116.82
   851    1.41   32.04   27.06    1.46   85.24  996.56 1002.79    7.11  768.63  109.01
   852    1.48   32.06   26.92    1.40   85.54 1001.22 1006.88    6.96  761.51  114.41
   853    1.44   31.79   26.84    1.37   85.55  990.01  995.41    7.64  756.18  115.61
   854    1.51   32.11   26.88    1.28   85.97  998.16 1002.77    7.01  758.56  125.10
   855    1.53   31.99   27.02    1.42   85.57  996.76 1002.56    7.04  765.86  112.68
   856    1.49   32.38   27.34    1.69   84.61 1020.66 1029.11    6.22  784.95   96.96
   857    1.49   32.06   27.22    1.68   84.61 1003.50 1011.90    7.38  777.57   95.65
   858    1.45   31.87   27.16    1.43   85.43  986.13  992.09    6.94  773.40  110.10
   859    1.51   32.07   27.27    1.75   84.64  995.85 1004.99    7.46  779.42   91.28
   860    1.46   31.79   27.24    1.54   85.14  978.15  985.07    7.35  777.57  102.08
   861    1.42   31.83   27.13    1.42   85.45  976.64  982.46    6.68  771.61  110.27
   862    1.47   31.26   27.07    1.41   85.48  954.06  959.83    7.47  767.58  108.24
   863    1.49   31.49   27.14    1.07   86.60  963.04  966.15    7.84  772.09  143.66
   864    1.38   31.14   27.20    1.16   86.19  941.93  945.65    8.42  775.23  130.31
   865    1.46   31.37   27.01    1.53   85.01  955.85  962.76    6.68  764.03   99.94
   866    1.46   31.22   27.07    1.51   84.98  946.28  952.99    6.85  767.69  100.29
   867    1.46   31.68   26.88    1.48   85.31  965.51  971.93    6.89  757.27  104.32
   868    1.48   31.94   27.02    1.83   84.09  984.25  994.24    7.14  764.73   86.64
   869    1.41   32.02   26.91    1.47   85.25  988.10  994.38    6.19  758.87  107.78
   870    1.43   31.60   26.69    1.69   84.47  964.10  972.58    6.26  746.40   91.61
   871    1.36   31.77   26.94    1.44   85.42  972.91  978.96    6.41  760.79  107.98
   872    1.47   31.69   27.13    1.41   85.40  973.69  979.44    6.66  770.97  110.61
   873    1.37   31.63   27.31    1.27   85.81  972.00  976.58    6.53  781.33  122.37
   874    1.51   31.49   27.27    1.09   86.42  972.56  975.80    6.81  778.73  142.44
   875    1.53   31.32   26.70    1.30   85.77  959.29  964.11    7.12  746.54  118.06
   876    1.50   31.53   26.85    1.24   85.68  962.19  966.55    7.98  754.91  123.84
   877    1.45   31.67   26.85    1.31   85.55  967.82  972.68    8.33  754.96  118.59
   878    1.49   31.44   26.56    1.12   86.12  950.45  953.88    6.93  738.84  136.05
   879    1.47   31.04   26.86    1.16   86.13  939.33  943.08    7.82  755.43  129.45
   880    1.48   31.28   27.17    1.41   85.40  954.39  960.11    8.60  772.95  108.74
   881    1.50   31.38   26.98    1.07   86.60  956.27  959.36    7.43  762.56  143.07
   882    1.47   31.29   26.75    0.91   87.14  950.45  952.56    7.22  749.76  166.93
   883    1.38   31.10   27.05    1.26   85.86  946.61  951.14    7.62  766.22  119.93
   884    1.35   31.27   27.06    1.37   85.65  951.73  957.13    7.16  767.32  111.35
   885    1.44   31.19   27.09    1.66   84.78  948.05  956.23    8.15  769.15   91.70
   886    1.44   31.01   26.80    1.70   84.30  936.94  945.57    8.98  752.26   88.42
   887    1.42   31.22   26.62    1.82   83.92  945.74  955.71    8.66  742.41   83.46
   888    1.46   31.39   26.66    1.71   84.79  951.72  960.41    9.17  744.64   89.45
   889    1.41   30.84   26.71    1.71   84.39  921.00  929.71    8.32  747.87   86.61
   890    1.50   31.04   26.47    1.59   84.87  938.41  945.92    5.77  733.64   94.46
   891    1.49   31.04   26.50    1.49   85.14  938.44  944.92    5.80  735.91  101.16
   892    1.49   30.94   26.23    1.46   85.17  924.93  931.20    7.16  721.37  101.22
   893    1.47   31.27   26.39    1.46   85.13  943.26  949.48    6.24  730.01  103.51
   894    1.49   31.43   26.44    1.18   86.27  960.88  964.73    7.78  734.28  130.73
   895    1.43   31.82   26.35    1.20   86.27  978.18  982.18    8.03  728.71  130.76
   896    1.39   31.75   26.39    1.20   86.41  968.46  972.50    8.10  731.03  128.93
   897    1.43   31.90   26.26    1.59   85.08  977.44  984.89    8.14  724.10   98.57
   898    1.49   31.89   26.53    1.39   85.69  968.14  973.68    6.20  738.17  111.83
   899    1.47   32.26   26.79    1.41   85.53  996.60 1002.35    6.81  752.55  113.07
   900    1.45   32.45   26.79    1.25   86.24 1008.96 1013.37    7.67  752.52  128.87
   901    1.34   32.42   26.69    1.56   85.21 1009.37 1016.49    7.33  747.44  103.80
   902    1.35   32.39   26.54    1.54   85.45 1010.48 1017.39    6.81  740.50  105.33
   903    1.41   32.64   26.59    1.96   84.16 1023.82 1035.38    6.29  743.47   84.08
   904    1.43   32.29   27.11    1.49   85.57 1008.43 1014.93    7.76  771.54  108.13
   905    1.42   32.52   26.89    1.37   85.96 1011.39 1016.75    6.80  760.29  118.40
   906    1.38   32.34   26.58    1.43   85.59 1004.50 1010.38    7.23  742.91  112.76
   907    1.47   32.47   26.56    1.86   84.42 1012.96 1023.33    6.87  743.18   87.50
   908    1.41   32.55   26.47    1.74   84.64 1018.86 1027.82    6.48  737.77   94.24
   909    1.41   32.56   26.74    1.79   84.46 1018.95 1028.53    8.08  751.47   91.30
   910    1.35   32.79   26.93    1.60   85.10 1036.93 1044.47    7.62  761.86  103.80
   911    1.41   32.68   26.70    1.73   84.82 1040.82 1049.68   10.06  749.76   96.69
   912    1.47   32.92   27.11    1.41   85.97 1046.95 1052.62    9.95  773.01  119.28
   913    1.43   32.98   27.15    1.29   86.17 1047.06 1051.73    8.66  775.88  130.17
   914    1.38   32.81   27.23    1.41   85.66 1038.20 1043.88    7.79  779.70  118.22
   915    1.32   32.49   27.06    1.60   85.38 1025.03 1032.50    8.56  768.85  103.06
   916    1.32   32.55   26.95    1.73   84.89 1027.34 1036.25    8.43  763.66   95.19
   917    1.30   32.20   26.79    1.65   85.20 1005.69 1013.74    7.99  753.79   97.78
   918    1.30   32.34   26.93    1.43   86.00 1015.35 1021.25    7.70  762.20  113.78
   919    1.30   32.40   27.07    1.44   85.82 1022.69 1028.68    7.46  768.67  113.72
   920    1.41   32.01   27.04    1.33   86.23 1008.40 1013.47    6.86  766.86  121.02
   921    1.26   31.82   26.84    1.72   85.01 1001.75 1010.55    7.47  755.85   93.44
   922    1.40   32.20   27.00    1.95   84.34 1013.57 1025.03    8.03  765.82   83.57
   923    1.44   32.02   27.04    1.88   84.53 1000.01 1010.61    8.06  767.68   85.54
   924    1.45   32.14   27.30    1.53   85.17 1003.88 1010.77    7.43  782.49  104.86
   925    1.50   32.40   27.44    1.50   85.46 1026.18 1032.77    8.88  790.79  109.27
   926    1.46   32.46   27.62    1.44   85.54 1026.57 1032.54    9.43  801.26  114.40
   927    1.42   32.61   27.71    1.42   85.62 1045.97 1051.75    9.12  805.02  118.14
   928    1.42   32.43   27.77    1.44   85.52 1027.64 1033.65    8.88  809.19  114.11
   929    1.48   32.30   27.82    1.29   85.91 1022.16 1026.87    9.22  812.10  126.71
   930    1.41   32.15   27.63    1.27   86.03 1014.87 1019.44    9.57  800.83  127.61
   931    1.53   32.27   27.46    1.03   86.69 1009.39 1012.21    9.52  792.47  156.56
   932    1.45   32.45   27.27    1.10   86.49 1024.21 1027.49   10.41  781.21  148.78
   933    1.37   32.06   27.06    1.57   84.91 1002.21 1009.48    9.05  770.72  102.14
   934    1.36   31.77   27.03    1.47   85.17  991.26  997.59   10.60  767.98  107.71
   935    1.47   32.07   27.15    1.43   85.21 1005.42 1011.37   11.42  773.82  112.25
   936    1.53   31.90   27.17    1.36   85.53 1000.02 1005.35    9.32  773.90  117.46
   937    1.49   31.97   26.98    1.20   85.88 1003.40 1007.38   10.31  762.67  134.14
   938    1.44   32.02   27.01    1.36   85.45 1000.39 1005.71    9.34  764.54  117.49
   939    1.40   32.25   27.27    1.50   85.00 1018.13 1024.71   10.78  778.75  108.48
   940    1.50   32.03   27.24    1.29   85.58 1008.07 1012.79   11.21  777.13  124.98
   941    1.53   32.29   27.15    1.52   84.84 1014.41 1021.15   12.46  772.09  106.94
   942    1.57   31.79   27.31    1.62   84.27 1000.09 1007.78   11.77  781.55   99.33
   943    1.41   32.19   27.14    1.82   83.79 1016.96 1026.80   10.79  771.73   90.03
   944    1.52   32.10   27.16    1.69   84.35 1005.55 1014.05   11.07  772.74   95.32
   945    1.56   31.75   26.73    1.75   84.41  990.21  999.29   12.41  748.51   91.11
   946    1.49   32.08   26.78    1.75   84.43 1012.20 1021.34   11.87  751.45   92.75
   947    1.36   31.89   27.03    1.81   84.11 1007.01 1016.77   11.23  765.49   89.54
   948    1.48   32.23   27.28    1.75   84.34 1018.82 1027.92   11.17  779.95   93.54
   949    1.48   32.26   27.15    1.69   84.55 1017.44 1025.85   10.85  772.27   96.87
   950    1.46   32.10   27.24    1.40   85.57 1010.81 1016.45   12.07  778.65  115.71
   951    1.59   32.29   27.45    1.46   85.43 1021.85 1028.04   11.79  789.42  111.96
   952    1.27   32.09   27.21    1.95   83.74 1006.54 1017.98    9.58  776.19   83.08
   953    1.42   32.33   27.28    1.73   84.41 1018.61 1027.52   10.82  780.16   94.42
   954    1.40   32.37   26.98    2.10   83.35 1018.23 1031.55   10.00  762.91   78.26
   955    1.48   32.18   26.97    1.72   84.38 1002.25 1011.04   12.06  762.38   93.57
   956    1.44   32.18   26.88    1.65   84.42 1002.13 1010.14   10.55  757.46   97.66
   957    1.42   32.03   27.09    1.70   84.19  990.02  998.58   10.14  769.37   93.60
   958    1.43   31.63   26.98    2.05   82.94  973.24  985.95    9.33  762.40   76.56
   959    1.51   31.52   27.09    1.74   83.92  974.03  983.01    9.65  769.40   90.10
   960    1.46   31.54   26.91    1.63   84.16  972.38  980.25    9.16  759.25   95.63
   961    1.41   31.40   26.79    1.95   83.28  965.80  977.21    9.78  751.96   79.94
   962    1.35   31.62   27.02    2.31   82.13  984.47 1000.79   11.19  765.31   68.86
   963    1.41   32.08   26.71    1.95   83.38  999.62 1011.06   10.55  748.44   82.55
   964    1.51   31.88   26.53    2.00   83.55  986.86  998.87   10.04  737.63   79.68
   965    1.51   31.49   26.60    1.98   83.48  972.08  983.87   10.21  741.58   79.19
   966    1.50   31.84   26.77    1.85   83.91  976.77  986.97    9.82  751.96   85.16
   967    1.43   32.18   26.76    1.76   84.12 1004.65 1013.90   11.01  750.83   91.58
   968    1.33   31.91   26.80    1.43   85.05  986.55  992.44    8.17  753.33  110.79
   969    1.38   31.66   26.67    1.69   84.29  978.20  986.65   10.84  745.83   93.08
   970    1.33   31.49   26.62    1.82   83.95  970.91  980.79   11.53  742.95   85.93
   971    1.31   31.61   26.80    1.75   84.16  976.18  985.27    9.55  753.35   89.76
   972    1.32   31.83   26.51    1.71   84.24  982.62  991.33    9.65  738.02   92.18
   973    1.41   31.75   26.35    1.88   83.75  984.01  994.64    9.38  727.95   84.13
   974    1.36   31.81   26.56    1.65   84.42  983.45  991.55    9.27  740.55   95.41
   975    1.34   31.91   26.31    1.89   83.57  985.19  995.89    9.14  725.66   83.98
   976    1.40   32.09   26.60    1.48   84.85  993.88 1000.21    9.52  741.68  107.93
   977    1.37   31.59   26.31    1.12   86.05  969.46  972.90    9.89  725.86  138.48
   978    1.35   31.23   26.51    1.55   84.59  947.70  954.72    8.04  737.56   98.33
   979    1.33   31.40   26.35    1.50   85.04  956.73  963.35    8.56  729.36  102.02
   980    1.53   31.15   26.23    1.99   83.44  942.73  954.67    8.25  723.03   76.47
   981    1.46   31.43   26.05    1.95   83.70  953.99  965.42    7.84  712.45   78.92
   982    1.43   31.47   26.19    1.46   85.34  950.97  957.15    9.43  719.60  104.62
   983    1.63   31.25   26.25    1.34   85.68  946.45  951.62   10.32  723.10  112.98
   984    1.46   31.37   26.31    1.57   84.79  960.83  968.11    9.20  725.85   98.01
   985    1.41   31.61   26.31    1.66   84.63  971.04  979.16    8.59  725.47   94.12
   986    1.49   31.54   26.15    1.50   85.23  959.02  965.57   10.48  717.00  102.73
   987    1.47   31.45   26.38    1.55   84.96  959.94  967.00    9.38  729.35   99.33
   988    1.39   31.40   26.40    1.61   84.53  953.97  961.67   10.11  730.74   94.88
   989    1.41   31.64   26.21    1.80   83.98  970.77  980.47    9.17  721.21   86.65
   990    1.44   31.77   25.96    1.76   84.14  979.58  988.85   10.17  706.80   89.28
   991    1.39   31.57   25.73    2.01   83.39  966.09  978.34   10.02  694.58   77.32
   992    1.36   31.53   25.99    1.74   84.41  953.10  962.07    6.52  708.78   88.27
   993    1.39   31.47   25.90    1.86   83.97  957.91  968.25    9.20  704.50   83.04
   994    1.38   31.23   25.89    1.93   83.55  947.67  958.84    9.69  703.66   79.27
   995    1.33   31.36   25.89    1.64   84.44  955.01  962.97    6.75  703.41   93.52
   996    1.33   31.27   26.06    1.66   84.21  947.36  955.56    6.87  712.27   91.50
   997    1.40   31.40   26.22    1.74   84.04  961.80  970.84   10.13  721.02   88.79
   998    1.42   31.39   26.11    1.63   84.56  956.09  963.92    9.25  714.90   94.33
   999    1.35   31.66   26.08    1.71   84.28  972.30  980.99    8.01  713.56   91.39
  1000    1.48   31.41   26.10    1.90   83.70  956.83  967.70    7.96  714.42   81.01
  1001    1.49   31.37   26.39    1.85   83.77  953.19  963.46    7.87  731.16   82.91
  1002    1.52   31.57   25.89    1.93   83.68  962.48  973.74    7.90  703.14   80.18
  1003    1.44   31.74   25.85    1.95   83.63  969.39  980.78    8.87  701.02   80.28
  1004    1.44   31.48   26.12    1.66   84.40  960.01  968.21    7.83  716.22   92.72
  1005    1.41   31.07   26.10    1.50   84.96  941.12  947.69    6.93  715.06  100.70
  1006    1.35   31.50   26.35    1.50   85.10  961.56  968.17    7.51  729.19  102.55
  1007    1.47   31.39   25.94    2.05   83.32  946.15  958.84    8.09  705.57   74.53
  1008    1.39   31.41   26.30    2.02   83.14  952.84  965.22    7.56  725.95   75.96
  1009    1.36   31.55   26.12    1.89   83.67  964.77  975.55    8.40  715.84   81.98
