#time, _distVP, _dist67, _distF,  _domz1, _flattenA, _projA, _domeA, _hrot, _projA_RF, _rad
     0    0.63   19.33   15.60    8.59   52.45  382.86  614.26   25.71  254.69   11.39
     1    0.74   20.90   16.36    7.74   57.08  437.14  625.03   24.12  280.41   12.86
     2    0.68   21.45   16.65    7.07   59.97  458.35  615.05   23.60  290.84   13.85
     3    0.69   22.11   17.15    6.55   62.52  486.85  621.43   20.24  308.86   15.10
     4    0.79   22.06   17.24    6.41   62.95  480.70  609.60   20.06  311.86   15.14
     5    0.83   22.54   17.86    5.91   65.30  501.97  611.54   19.37  334.38   16.47
     6    0.88   22.78   18.33    5.65   66.37  511.47  611.44   17.65  352.20   17.23
     7    0.89   23.04   18.40    5.26   68.05  523.35  609.86   18.62  355.50   18.47
     8    0.88   22.80   18.46    5.37   67.52  517.27  607.70   18.62  358.05   18.01
     9    0.85   23.28   18.73    5.14   68.64  531.20  613.84   18.22  368.50   19.02
    10    0.88   23.65   18.81    5.01   69.44  546.55  624.96   16.66  371.57   19.88
    11    0.90   23.44   18.88    4.58   70.96  540.62  606.20   18.41  374.06   21.08
    12    0.91   23.78   19.04    4.57   71.27  558.99  624.40   18.07  380.38   21.74
    13    0.94   23.60   19.55    4.41   71.65  548.08  608.89   16.04  400.90   21.98
    14    0.91   23.87   19.19    4.63   70.89  557.38  624.48   15.75  386.72   21.46
    15    0.94   24.07   19.45    4.43   71.79  559.24  620.72   14.59  397.33   22.29
    16    0.96   23.72   19.41    4.58   71.12  551.81  617.39   14.09  395.05   21.47
    17    0.91   23.85   19.77    4.53   71.36  554.77  619.06   15.38  409.72   21.74
    18    0.99   23.98   19.62    4.36   72.12  563.45  622.91   13.64  403.34   22.74
    19    1.00   24.11   19.54    4.24   72.70  566.30  622.36   12.53  400.13   23.39
    20    0.95   23.91   19.84    4.14   73.10  564.02  617.53   13.25  413.71   23.76
    21    0.99   24.26   20.05    4.25   72.78  575.26  631.70   13.39  421.43   23.67
    22    0.98   24.20   20.24    4.08   73.32  565.99  617.91   16.14  429.59   24.13
    23    1.00   24.26   20.04    4.33   72.51  576.13  634.62   12.42  421.07   23.36
    24    0.99   24.26   20.15    4.27   72.63  570.66  627.62   15.65  425.77   23.41
    25    0.99   23.94   20.26    4.30   72.33  560.98  618.87   15.12  430.46   22.90
    26    1.09   24.00   20.23    4.39   71.85  554.28  614.58   14.66  428.73   22.28
    27    0.99   23.89   19.93    4.23   72.57  555.83  611.81   15.20  416.77   23.02
    28    1.03   23.83   20.29    4.31   72.28  551.16  609.11   15.96  432.24   22.52
    29    1.07   23.79   20.11    3.93   73.74  549.31  597.43   17.04  424.85   24.23
    30    1.12   23.50   20.44    4.01   73.18  539.02  589.26   16.18  439.09   23.39
    31    1.00   23.43   20.46    4.01   73.34  544.25  594.39   18.33  439.99   23.62
    32    1.08   23.33   20.22    3.97   73.38  538.21  587.32   16.29  430.77   23.58
    33    1.06   23.61   20.36    3.87   73.96  549.97  596.68   15.81  435.78   24.56
    34    1.05   23.44   20.42    3.90   73.75  542.93  590.38   13.36  437.79   24.11
    35    1.08   23.65   20.40    3.46   75.64  553.88  591.24   15.73  436.43   27.19
    36    1.08   23.71   20.46    3.90   73.84  547.68  595.07   15.65  439.35   24.32
    37    1.04   23.80   20.17    3.96   73.74  554.59  603.45   15.23  426.90   24.29
    38    1.03   23.70   20.21    3.94   73.74  551.63  600.04   15.30  427.87   24.27
    39    0.99   24.19   20.55    3.81   74.33  567.81  613.16   16.47  442.22   25.61
    40    1.01   24.00   20.67    3.43   75.76  565.47  602.11   16.28  448.01   27.96
    41    0.95   24.21   20.86    3.36   76.12  572.43  607.63   17.65  455.81   28.78
    42    0.95   24.23   20.74    3.64   75.16  577.41  618.64   14.64  450.73   27.09
    43    1.01   24.80   20.63    3.53   75.79  592.10  631.02   13.66  446.36   28.43
    44    0.96   24.89   20.63    3.81   74.79  596.58  641.78   17.46  445.84   26.85
    45    0.90   24.97   21.04    3.93   74.45  606.28  654.54   16.08  463.74   26.50
    46    0.92   24.73   20.66    3.73   75.13  600.32  643.74   15.35  447.53   27.47
    47    0.97   24.64   20.72    3.67   75.28  597.98  640.05   17.21  449.67   27.75
    48    0.88   24.99   20.62    3.59   75.65  601.89  642.03   16.38  445.62   28.49
    49    0.98   25.03   21.01    3.56   75.92  609.73  649.20   14.14  462.56   29.04
    50    0.92   24.99   20.58    3.45   76.28  607.60  644.71   13.77  443.99   29.74
    51    0.91   24.74   20.66    3.47   76.13  598.34  635.90   14.59  448.15   29.16
    52    0.97   24.67   20.82    3.34   76.70  599.20  634.01   15.31  454.36   30.19
    53    0.87   24.90   21.06    3.38   76.56  602.58  638.20   15.04  464.43   30.04
    54    0.93   25.01   21.30    3.46   76.34  609.35  646.59   14.87  476.06   29.77
    55    0.94   24.56   21.07    3.38   76.57  596.13  631.80   14.96  465.41   29.72
    56    0.93   24.45   21.30    3.34   76.53  583.61  618.33   14.74  475.80   29.49
    57    0.94   24.49   21.25    3.41   76.21  582.60  618.82   13.88  473.51   28.90
    58    1.00   24.84   21.12    3.28   76.80  588.81  622.36   15.34  467.29   30.18
    59    1.03   25.31   21.05    3.14   77.55  608.24  638.82   14.33  464.55   32.43
    60    0.93   25.30   21.16    3.27   76.94  602.49  635.79   15.16  468.88   30.95
    61    1.00   25.38   20.96    3.18   77.43  615.55  647.06   15.67  460.29   32.37
    62    1.03   25.45   21.24    3.03   78.08  618.52  647.11   12.67  472.24   33.97
    63    1.02   25.12   21.09    3.07   77.71  603.97  633.28   15.32  465.79   32.83
    64    1.02   25.49   21.02    2.95   78.42  620.42  647.47   14.72  462.87   34.92
    65    1.03   25.54   21.31    3.21   77.57  628.17  660.22   14.13  475.68   32.75
    66    1.03   25.58   21.37    3.09   78.10  634.45  664.03   14.40  478.58   34.26
    67    1.04   25.49   21.52    3.10   77.93  632.14  661.93   13.80  485.25   34.04
    68    1.04   25.63   21.79    3.03   78.26  638.38  666.93   13.89  497.47   35.02
    69    1.04   24.99   21.55    3.33   76.78  614.56  649.04   12.58  486.42   31.05
    70    1.08   25.00   21.29    3.37   76.56  610.05  645.39   13.17  475.26   30.50
    71    1.03   25.01   21.32    3.46   76.29  617.65  654.88   12.48  476.28   30.16
    72    1.06   25.28   21.45    3.61   75.81  626.00  666.67   12.97  482.25   29.38
    73    1.09   25.32   21.23    3.50   76.26  626.24  664.28   14.19  472.31   30.26
    74    1.06   25.01   21.37    3.55   75.95  613.81  653.01   13.08  478.52   29.31
    75    1.12   25.07   21.49    3.52   75.97  609.14  647.67   14.94  484.05   29.32
    76    1.01   25.07   21.66    3.23   77.07  609.77  642.21   14.27  492.43   31.66
    77    1.04   24.60   21.20    3.64   75.24  590.41  631.61   14.53  471.15   27.67
    78    1.01   24.44   21.10    3.70   74.89  581.70  624.50   14.50  466.85   26.84
    79    1.05   24.75   21.61    3.09   77.52  597.38  627.01   14.66  489.89   32.34
    80    1.01   24.90   21.54    3.13   77.44  603.15  633.68   15.14  486.62   32.20
    81    1.09   24.80   21.55    3.34   76.59  602.50  637.26   15.90  487.43   30.37
    82    1.03   24.78   21.69    3.41   76.17  593.02  629.22   14.78  493.48   29.39
    83    1.02   24.72   21.65    3.49   75.90  594.45  632.36   13.29  491.15   28.87
    84    0.98   25.07   21.62    3.36   76.53  605.56  640.78   13.19  490.09   30.33
    85    1.07   24.71   21.63    3.28   76.76  595.26  628.77   13.50  490.36   30.51
    86    0.98   24.68   21.77    3.42   76.11  591.05  627.49   13.07  497.17   29.21
    87    1.04   25.17   21.93    3.02   77.89  610.22  638.51   14.62  504.11   33.69
    88    0.99   24.97   21.62    3.02   77.85  599.90  628.16   15.15  490.28   33.16
    89    1.12   24.99   21.58    3.15   77.43  608.51  639.41   13.25  488.27   32.30
    90    1.12   25.25   21.73    3.09   77.64  614.62  644.34   15.03  496.03   33.18
    91    1.02   24.78   21.78    2.87   78.38  596.10  621.60   15.02  497.93   34.53
    92    1.09   25.05   22.19    3.09   77.62  604.17  633.80   15.56  516.04   32.68
    93    1.05   24.72   22.42    3.05   77.71  593.98  622.92   14.53  526.80   32.51
    94    1.02   24.85   21.88    3.45   76.22  598.34  635.45   13.23  501.59   29.31
    95    0.99   24.41   21.74    3.28   76.74  587.37  620.76   13.49  495.25   30.18
    96    1.11   24.10   22.14    3.42   76.07  571.01  607.49   13.89  513.52   28.27
    97    1.07   23.83   22.13    3.48   75.69  563.39  601.23   15.39  513.05   27.47
    98    1.09   24.10   22.43    2.85   78.28  572.43  597.70   13.37  527.27   33.36
    99    1.12   24.09   22.41    2.93   77.93  571.13  597.74   12.48  526.14   32.52
   100    1.10   24.03   22.37    2.90   78.10  572.09  598.27    9.70  524.02   32.81
   101    1.02   24.70   21.98    2.77   78.73  593.83  617.66   13.83  506.51   35.48
   102    1.05   24.84   22.11    2.88   78.27  597.30  622.99    9.85  513.68   34.48
   103    1.07   24.55   22.27    2.99   77.82  587.18  614.95   15.17  519.89   32.75
   104    1.05   24.55   22.05    3.38   76.24  586.03  621.65   14.00  509.71   29.27
   105    1.11   24.73   22.28    3.01   77.84  591.04  619.13   14.05  519.98   32.78
   106    1.11   24.60   22.10    3.03   77.72  590.31  618.89   15.67  512.02   32.49
   107    1.11   24.70   22.16    3.15   77.26  588.05  618.92   12.63  514.50   31.28
   108    1.04   25.06   22.26    2.91   78.36  598.08  624.35   13.68  518.91   34.17
   109    1.15   25.17   22.02    3.17   77.33  604.53  635.80   13.77  507.84   31.93
   110    1.13   25.28   22.27    3.04   77.86  610.50  639.27   12.92  519.69   33.45
   111    1.10   25.40   22.27    2.78   78.96  619.02  642.96   13.80  519.56   36.84
   112    1.16   25.27   22.16    3.06   77.96  607.01  636.10   13.36  514.88   33.10
   113    1.15   25.11   22.22    3.01   78.02  600.29  628.38   12.63  517.77   33.27
   114    1.17   25.21   22.31    3.01   77.94  602.33  630.57   12.42  521.85   33.31
   115    1.13   25.44   22.27    2.91   78.44  619.37  645.68   14.91  519.30   35.31
   116    1.16   25.36   22.17    2.82   78.74  615.69  640.40   12.44  515.06   36.12
   117    1.21   25.25   22.60    2.89   78.41  616.25  642.23   10.41  535.73   35.34
   118    1.20   25.54   22.40    2.92   78.47  628.24  654.77   10.91  526.31   35.66
   119    1.22   25.50   22.41    2.88   78.54  622.51  648.18   14.19  526.75   35.88
   120    1.23   25.46   22.53    3.06   77.90  617.88  647.04   13.38  532.26   33.63
   121    1.23   25.40   22.40    3.05   77.80  612.54  641.49   13.04  526.05   33.46
   122    1.18   25.69   22.48    3.12   77.63  627.70  657.92   11.00  529.82   33.59
   123    1.26   25.79   22.37    3.13   77.64  639.49  669.96   12.19  524.40   34.06
   124    1.20   25.74   22.64    3.11   77.80  636.73  666.87   15.76  536.64   34.09
   125    1.12   25.14   22.44    3.14   77.40  615.83  646.48   15.34  527.87   32.78
   126    1.24   25.18   22.64    3.00   78.01  620.47  648.33   13.25  537.17   34.47
   127    1.11   25.35   22.60    2.96   78.34  625.03  652.24   16.27  535.30   35.08
   128    1.13   25.44   22.22    2.96   78.42  623.10  650.29   16.61  517.13   34.98
   129    1.15   25.60   22.72    2.82   78.87  627.45  652.04   15.49  540.61   36.86
   130    1.12   25.42   22.14    2.69   79.37  618.62  640.98   14.01  513.45   37.98
   131    1.21   25.81   21.97    3.07   78.14  635.97  665.24   13.52  505.69   34.51
   132    1.32   25.87   22.03    2.95   78.54  639.60  666.58   11.05  508.68   35.99
   133    1.26   25.95   22.44    2.94   78.44  641.03  667.78   13.58  527.51   36.21
   134    1.25   25.65   22.62    3.01   78.09  630.00  658.14   13.40  535.59   34.81
   135    1.16   25.77   22.66    2.77   79.13  641.59  665.27   16.09  537.65   38.31
   136    1.22   25.91   22.36    2.81   79.04  642.40  666.96   16.54  523.54   37.73
   137    1.31   25.50   22.21    3.03   78.05  630.73  659.28   13.70  516.83   34.62
   138    1.32   25.70   22.23    3.13   77.76  637.67  668.03   15.59  517.38   34.03
   139    1.27   26.03   22.48    3.10   77.94  652.75  682.69   15.04  529.27   35.01
   140    1.32   25.96   22.41    3.00   78.30  650.16  678.12   14.61  526.06   35.98
   141    1.37   25.51   22.35    3.07   77.94  630.98  660.23   14.49  523.40   34.26
   142    1.34   25.81   22.67    2.89   78.65  645.99  671.98   12.91  538.04   36.96
   143    1.33   26.02   22.45    2.92   78.61  649.66  676.10   12.61  527.81   36.87
   144    1.35   26.17   22.33    2.74   79.29  654.98  678.23   12.85  522.35   39.41
   145    1.35   26.25   22.50    2.66   79.80  663.45  685.32   14.03  530.04   41.04
   146    1.40   26.32   22.65    2.77   79.42  667.55  691.26   12.62  537.25   39.77
   147    1.40   25.87   22.54    2.70   79.42  643.82  666.37   14.18  532.20   39.31
   148    1.30   26.32   22.39    2.94   78.69  660.04  686.87   15.48  525.08   37.19
   149    1.43   26.50   22.25    2.91   78.69  658.81  685.11   13.03  518.65   37.46
   150    1.37   26.19   21.93    2.75   79.36  645.92  669.43   13.27  504.09   38.69
   151    1.30   26.13   22.40    2.34   80.97  658.63  675.48   14.81  526.02   45.98
   152    1.40   26.26   22.28    2.63   79.83  664.63  686.08   13.17  520.09   41.48
   153    1.44   25.94   22.57    2.72   79.44  653.99  676.88   11.23  534.19   39.63
   154    1.33   25.88   22.63    2.77   79.12  646.90  670.65   12.92  537.36   38.57
   155    1.38   26.24   22.51    2.77   79.27  664.89  688.64   12.07  531.58   39.59
   156    1.32   26.52   22.28    2.75   79.40  673.51  696.87   11.41  520.63   40.38
   157    1.44   26.11   22.41    2.94   78.53  656.89  683.68   11.84  526.44   37.04
   158    1.42   25.86   22.38    2.90   78.60  649.94  676.10   13.43  525.28   37.07
   159    1.43   26.25   22.33    2.88   78.83  663.69  689.34   12.76  522.78   38.16
   160    1.45   26.20   22.48    2.74   79.28  658.88  682.18   11.98  529.77   39.59
   161    1.42   26.06   22.36    2.88   78.72  651.92  677.61   12.00  524.05   37.48
   162    1.28   26.27   22.41    2.65   79.64  665.09  686.74   12.32  526.75   41.33
   163    1.33   26.31   22.74    2.22   81.27  667.93  683.12   11.23  541.73   48.93
   164    1.38   26.72   22.62    2.50   80.44  685.33  704.65   10.02  536.06   44.83
   165    1.38   26.90   22.81    2.47   80.55  694.35  713.22   12.48  545.45   45.90
   166    1.33   26.71   22.89    2.60   80.17  688.89  709.72   10.99  549.35   43.52
   167    1.30   26.21   22.94    2.46   80.41  664.54  683.20   12.47  551.88   44.23
   168    1.34   26.20   22.90    2.43   80.52  664.09  682.30   13.62  551.38   44.70
   169    1.31   26.02   22.61    2.49   80.30  657.33  676.44   11.94  537.29   43.29
   170    1.53   26.51   22.96    2.60   80.06  680.43  701.35   10.99  553.07   42.91
   171    1.46   25.94   22.82    2.67   79.68  655.78  677.91   10.00  546.36   40.36
   172    1.47   25.65   22.86    2.82   78.90  646.13  670.77   10.11  547.88   37.88
   173    1.49   25.84   22.74    2.61   79.81  642.97  664.04    9.79  542.44   40.50
   174    1.43   26.29   22.86    2.37   80.91  667.52  684.76    8.67  548.91   46.09
   175    1.33   26.15   22.74    2.39   80.75  663.06  680.67   12.52  543.62   45.34
   176    1.40   26.14   22.73    2.55   80.14  667.28  687.33   11.69  543.48   42.95
   177    1.41   26.01   22.89    2.32   81.03  663.18  679.68   10.93  552.22   46.74
   178    1.38   26.21   22.54    2.64   79.78  667.96  689.56   10.12  534.84   41.54
   179    1.36   26.17   22.53    2.57   80.03  663.42  683.77   11.85  535.57   42.43
   180    1.31   26.13   22.43    2.84   78.90  668.70  693.75   13.49  529.90   38.84
   181    1.37   25.97   22.54    2.82   78.95  659.44  684.10   11.32  533.59   38.62
   182    1.44   26.52   22.26    2.89   78.96  678.86  704.72   11.25  520.27   38.84
   183    1.37   26.58   22.58    2.83   79.27  681.75  706.59   11.32  534.71   39.73
   184    1.46   26.78   22.39    2.75   79.57  685.35  708.72    9.12  525.42   41.06
   185    1.42   26.83   22.38    2.56   80.16  680.65  700.84   11.46  525.04   43.64
   186    1.38   26.93   22.32    2.55   80.35  690.71  710.73   11.93  522.48   44.43
   187    1.35   26.62   22.23    2.59   79.95  677.07  697.71   10.07  518.29   42.98
   188    1.40   26.94   22.49    2.47   80.51  696.43  715.26   10.21  530.42   46.08
   189    1.48   26.66   22.55    2.19   81.50  683.88  698.55   11.23  533.43   50.87
   190    1.44   26.64   22.41    2.50   80.25  685.88  705.17   11.41  527.59   44.90
   191    1.38   26.70   22.47    2.42   80.64  685.71  703.69   13.64  529.51   46.39
   192    1.47   26.48   22.68    2.39   80.89  684.06  701.66   12.21  539.04   46.73
   193    1.37   26.47   22.41    2.64   79.80  675.61  697.21   11.67  527.11   41.99
   194    1.35   26.57   22.83    2.68   79.44  674.71  696.97   10.83  547.13   41.37
   195    1.42   26.41   22.84    2.52   80.21  676.76  696.43   10.71  546.84   43.93
   196    1.45   26.86   22.80    2.32   81.03  692.20  708.72   12.98  545.79   48.69
   197    1.48   26.55   22.52    2.51   80.34  679.91  699.36   13.01  532.65   44.35
   198    1.42   26.60   22.62    2.72   79.59  683.27  706.13   11.21  536.75   41.36
   199    1.43   26.93   22.61    2.39   80.89  697.21  714.76   11.28  535.91   47.66
   200    1.45   26.81   22.54    2.60   79.82  691.16  712.04   11.48  532.48   43.60
   201    1.54   26.60   22.59    2.79   79.18  680.92  704.95   12.49  534.88   40.29
   202    1.51   26.12   22.41    2.80   78.97  657.19  681.53   11.32  526.25   38.71
   203    1.52   26.41   22.57    2.40   80.69  665.21  682.94   12.44  534.02   45.34
   204    1.48   26.39   22.30    2.50   80.34  664.77  684.09   10.78  521.59   43.53
   205    1.49   25.96   22.47    2.59   79.82  644.26  665.03   11.51  529.40   40.85
   206    1.46   25.77   22.33    2.74   79.14  639.96  663.21   11.73  522.97   38.54
   207    1.49   26.09   22.26    2.57   79.91  651.34  671.68   10.71  520.14   41.69
   208    1.48   26.28   22.39    2.47   80.35  657.53  676.28   12.14  526.57   43.68
   209    1.51   25.95   22.18    2.49   80.26  637.00  656.13   11.03  517.49   41.98
   210    1.56   25.81   22.33    2.51   80.09  634.28  653.67   11.07  524.07   41.54
   211    1.60   26.02   22.57    2.25   81.04  639.27  654.91   10.81  534.71   46.25
   212    1.44   25.86   22.52    2.60   79.79  636.24  657.14   11.79  531.60   40.25
   213    1.56   25.87   22.74    2.48   80.16  640.11  659.18   11.14  542.09   42.24
   214    1.50   25.63   22.52    2.52   79.99  629.87  649.55   12.48  531.54   40.98
   215    1.55   25.95   22.71    2.42   80.41  641.18  659.30   11.71  540.42   43.32
   216    1.54   26.04   22.63    2.42   80.51  642.61  660.63   11.21  536.98   43.51
   217    1.57   25.72   22.26    2.59   79.74  628.58  649.25   11.89  519.12   39.99
   218    1.49   25.72   22.29    2.84   78.80  629.97  655.06   13.22  521.32   36.67
   219    1.57   25.76   22.59    2.61   79.69  632.71  653.83   10.47  535.99   39.84
   220    1.48   25.80   22.46    2.62   79.68  636.66  657.97   13.29  529.73   39.92
   221    1.51   25.79   22.68    2.24   81.18  634.89  650.39   12.50  540.89   46.13
   222    1.44   25.71   22.75    2.31   80.77  631.00  647.37   12.75  543.84   44.71
   223    1.50   25.71   22.69    2.19   81.24  632.33  647.03   13.58  541.93   47.10
   224    1.55   25.43   22.85    2.20   81.03  624.10  638.96   12.95  550.03   46.29
   225    1.48   25.74   22.95    2.09   81.48  639.95  653.28   13.08  553.44   49.88
   226    1.52   25.69   22.88    2.04   81.84  644.39  657.16   13.61  550.39   51.24
   227    1.46   25.70   22.54    2.38   80.58  647.56  665.09   14.44  535.01   44.41
   228    1.55   25.69   22.56    2.32   80.76  644.41  661.05   13.60  535.40   45.29
   229    1.54   25.72   22.36    2.36   80.56  645.20  662.32   12.60  525.27   44.74
   230    1.61   25.47   22.59    2.36   80.34  637.37  654.51   10.48  536.53   44.19
   231    1.63   25.72   22.31    2.48   80.01  644.96  663.99   13.32  523.46   42.59
   232    1.53   25.83   22.37    2.50   79.87  654.16  673.44   15.49  527.58   42.91
   233    1.48   25.73   22.31    2.78   78.93  655.11  678.98   13.85  524.82   38.94
   234    1.61   25.56   22.52    2.59   79.54  645.14  665.90   14.22  533.43   40.91
   235    1.55   25.53   22.59    2.42   80.30  642.18  660.29   14.19  537.75   43.40
   236    1.65   25.70   22.64    2.71   79.20  644.12  666.89   11.55  538.51   39.15
   237    1.55   25.69   22.58    2.20   81.14  644.50  659.34   15.14  536.84   47.77
   238    1.57   25.59   22.56    2.38   80.45  641.69  659.21   13.12  535.78   44.04
   239    1.59   25.67   22.26    2.53   79.98  648.09  667.85   11.76  520.90   42.04
   240    1.76   25.74   22.82    2.06   81.70  650.89  663.94   14.44  547.08   51.21
   241    1.73   25.93   22.82    2.15   81.43  654.90  669.06    9.43  547.96   49.60
   242    1.50   25.80   22.82    1.97   82.12  650.71  662.59   12.96  547.34   53.49
   243    1.52   25.70   22.72    2.41   80.34  649.24  667.22   12.33  542.12   44.00
   244    1.67   25.38   22.56    2.31   80.69  641.02  657.48   13.36  534.69   45.28
   245    1.57   25.53   22.61    2.27   80.83  645.59  661.42   11.55  537.33   46.43
   246    1.55   25.55   22.62    2.42   80.43  650.39  668.53   13.13  537.42   43.90
   247    1.59   25.58   22.77    2.65   79.41  647.61  669.27   13.79  543.11   40.28
   248    1.49   25.22   22.63    2.42   80.17  632.14  650.27   11.93  536.90   42.72
   249    1.62   25.24   22.80    2.30   80.69  632.43  648.73   12.48  545.08   44.90
   250    1.66   25.39   22.79    2.10   81.56  640.31  653.79   10.61  545.15   49.65
   251    1.60   25.23   22.75    2.14   81.28  633.27  647.28   11.51  544.02   48.24
   252    1.67   25.31   22.30    2.27   80.91  636.33  652.22   10.39  524.83   45.71
   253    1.59   25.10   22.56    2.26   80.82  629.33  645.05   10.75  537.40   45.46
   254    1.58   25.17   22.59    2.68   79.14  633.03  655.26   12.09  537.35   38.94
   255    1.69   25.32   22.55    2.54   79.83  643.48  663.43   10.80  536.90   41.57
   256    1.59   24.80   22.47    2.26   80.77  624.15  639.92   11.36  533.33   45.02
   257    1.64   25.01   22.36    2.12   81.40  631.78  645.51    9.52  528.99   48.59
   258    1.67   24.97   22.73    2.02   81.69  627.87  640.36    8.60  547.15   50.48
   259    1.63   24.91   22.63    2.02   81.56  626.66  639.11   10.93  541.67   50.47
   260    1.62   25.02   23.02    2.29   80.67  631.51  647.62   11.24  561.75   45.09
   261    1.62   25.13   22.75    1.99   82.06  630.04  642.10    9.87  549.70   51.49
   262    1.55   25.17   22.95    2.33   80.71  630.61  647.29   10.81  558.99   44.31
   263    1.54   25.09   22.97    2.68   79.44  627.62  649.79    8.16  558.57   38.67
   264    1.59   25.29   23.05    2.17   81.36  635.49  649.96    9.63  562.09   47.69
   265    1.59   25.28   22.62    2.45   80.20  637.90  656.39   11.80  543.81   42.70
   266    1.56   25.23   22.70    2.41   80.09  636.74  654.68   10.01  545.61   43.22
   267    1.54   25.06   22.57    2.13   81.22  629.15  643.13   10.25  538.43   47.98
   268    1.66   25.37   22.46    2.07   81.59  636.46  649.55   10.68  534.45   50.05
   269    1.72   25.08   22.44    2.41   80.30  626.04  643.96    8.32  533.32   42.55
   270    1.74   25.07   22.68    2.26   80.85  625.62  641.38    9.08  541.98   45.13
   271    1.70   25.30   22.42    2.31   80.73  632.85  649.22    9.04  528.66   44.84
   272    1.64   25.42   23.10    2.01   81.98  643.92  656.28    8.95  560.98   51.99
   273    1.75   25.21   23.07    2.17   81.22  635.70  650.10    9.23  560.94   47.81
   274    1.72   25.17   23.12    2.18   81.12  627.21  641.81    9.92  560.89   46.89
   275    1.73   25.03   22.89    2.58   79.49  626.71  647.31    9.32  552.08   39.94
   276    1.60   25.10   23.23    2.16   81.20  623.23  637.54    9.24  567.63   47.04
   277    1.58   25.28   22.77    2.49   79.95  630.63  649.86    8.49  546.80   41.48
   278    1.65   25.14   22.68    2.20   80.97  632.25  647.09    7.81  542.66   46.89
   279    1.70   25.24   22.85    2.25   80.66  632.09  647.69    8.12  549.12   45.80
   280    1.64   25.19   22.37    2.36   80.25  625.99  643.17    7.26  526.99   43.39
   281    1.64   25.33   22.46    2.54   79.80  639.19  659.06    9.14  531.72   41.38
   282    1.63   25.34   22.48    2.50   80.01  641.15  660.51    9.21  532.84   42.01
   283    1.60   25.33   22.42    2.45   79.99  641.17  659.63    9.36  529.23   42.95
   284    1.69   24.82   22.58    2.46   79.90  621.31  639.95    9.31  536.25   41.48
   285    1.66   24.93   22.63    2.54   79.86  625.33  645.32    7.76  539.90   40.41
   286    1.77   24.87   22.54    2.49   79.84  616.75  635.95    9.45  535.89   40.62
   287    1.66   24.81   22.72    2.44   79.97  616.39  634.76    9.92  545.49   41.44
   288    1.67   24.78   22.60    2.65   79.21  612.34  634.05    9.03  537.32   38.13
   289    1.61   24.47   22.44    2.53   79.46  604.18  623.98    8.85  529.09   39.26
   290    1.65   24.62   22.49    2.52   79.73  609.02  628.63    8.37  531.37   39.75
   291    1.52   24.16   22.34    2.33   80.17  590.04  606.73   10.32  524.64   41.53
   292    1.67   24.23   22.62    2.08   81.02  586.27  599.61   10.88  538.21   45.82
   293    1.74   24.40   22.51    2.29   80.28  592.75  608.87   10.17  532.61   42.39
   294    1.77   24.55   22.39    2.42   79.96  601.40  619.41   10.97  527.15   40.84
   295    1.72   24.48   21.94    2.31   80.27  596.58  613.07   10.49  507.99   42.21
   296    1.74   24.30   22.42    2.50   79.46  591.58  610.97    9.09  529.41   38.86
   297    1.77   24.37   22.79    2.57   79.26  593.69  614.09   10.62  546.69   38.09
   298    1.71   24.32   22.85    2.28   80.35  589.90  605.99   10.42  548.34   42.24
   299    1.70   24.72   22.43    2.19   81.09  603.55  618.35   10.31  528.37   44.89
   300    1.74   24.83   22.13    2.27   80.62  611.56  627.45   10.86  514.96   43.99
   301    1.77   24.43   22.25    2.28   80.61  601.52  617.54   10.80  522.06   43.13
   302    1.80   24.45   22.35    2.19   81.10  603.61  618.33    9.29  526.86   45.01
   303    1.83   24.68   22.27    2.40   80.05  604.78  622.59    9.37  522.63   41.28
   304    1.75   24.39   22.39    2.68   78.88  598.08  620.27   11.50  527.81   36.91
   305    1.79   24.59   22.41    2.33   80.21  604.19  621.00   11.09  529.76   42.36
   306    1.77   25.05   22.32    2.95   78.11  618.87  645.84   10.64  526.17   34.89
   307    1.85   25.03   22.48    2.82   78.61  618.09  642.69    9.15  531.98   36.33
   308    1.72   25.18   22.42    2.56   79.64  625.88  646.17   11.59  528.51   40.17
   309    1.72   25.10   22.52    2.38   80.21  620.65  638.18   10.71  533.41   42.62
   310    1.87   25.23   22.16    2.55   79.57  628.78  648.81   12.76  518.09   40.58
   311    1.86   25.15   22.28    2.56   79.60  621.56  641.78   10.30  522.74   39.97
   312    1.76   25.16   22.18    2.36   80.40  628.16  645.40   13.30  518.28   43.47
   313    1.73   24.89   22.25    2.46   79.78  610.65  629.32   11.71  523.39   40.76
   314    1.69   24.41   22.40    2.35   80.08  587.39  604.41   12.99  528.64   40.99
   315    1.80   24.52   22.39    2.45   79.55  595.10  613.57   11.75  527.76   39.96
   316    1.76   24.70   22.26    2.30   80.41  604.75  621.06   12.12  523.40   43.00
   317    1.77   24.89   22.10    2.20   81.02  608.87  623.75   12.26  517.22   45.16
   318    1.75   24.92   22.22    2.19   81.30  611.01  625.76   12.21  523.96   45.50
   319    1.73   25.13   22.07    2.38   80.58  621.30  638.76   12.08  515.94   42.75
   320    1.67   24.80   22.52    2.38   80.60  609.87  627.27   11.24  535.92   42.05
   321    1.71   24.95   22.60    2.39   80.64  619.91  637.46   12.88  540.45   42.55
   322    1.63   25.27   22.55    2.49   80.17  628.84  647.99   10.61  537.02   41.44
   323    1.71   24.97   22.77    2.53   79.99  618.59  638.35   10.49  546.42   40.19
   324    1.59   24.90   22.46    2.39   80.56  617.10  634.76   12.66  533.05   42.25
   325    1.67   24.57   22.63    2.25   80.90  601.00  616.58   11.86  540.72   43.65
   326    1.69   24.38   22.56    2.23   80.97  595.30  610.62   11.46  539.46   43.59
   327    1.59   24.52   22.49    2.15   81.20  593.99  608.18   14.69  534.55   45.09
   328    1.65   24.71   22.49    2.31   80.56  602.89  619.29   12.21  533.54   42.76
   329    1.63   24.66   22.87    2.24   80.96  599.70  615.11   12.79  552.32   43.79
   330    1.60   24.78   22.55    2.41   80.18  600.98  618.95   10.80  536.77   40.86
   331    1.68   25.09   22.72    2.17   81.28  616.25  630.76   10.68  546.43   46.22
   332    1.72   25.08   22.52    2.47   79.93  613.26  632.15   10.96  533.99   40.70
   333    1.70   25.16   22.38    2.42   80.15  613.66  631.80   12.82  527.10   41.50
   334    1.67   25.24   22.37    2.42   80.28  618.55  636.57   12.59  526.89   41.96
   335    1.64   25.18   22.21    2.54   79.68  609.45  629.37   12.79  520.18   39.48
   336    1.79   25.15   22.55    2.41   80.35  612.86  630.77   11.79  536.64   41.70
   337    1.78   25.28   22.76    2.30   80.85  620.18  636.45   10.75  546.36   44.10
   338    1.86   25.63   22.54    2.19   81.39  636.48  651.22   11.01  536.81   47.35
   339    1.77   25.24   22.38    2.39   80.45  623.52  641.08   11.61  529.18   42.78
   340    1.77   25.37   22.14    2.18   81.41  626.79  641.36   12.04  518.39   46.91
   341    1.71   25.65   22.33    2.04   81.73  633.92  646.66   12.17  525.80   50.48
   342    1.73   25.56   22.49    1.83   82.70  628.41  638.55   12.31  533.44   55.71
   343    1.71   25.63   22.04    1.91   82.35  627.45  638.61   12.14  512.13   53.19
   344    1.71   25.39   22.23    2.13   81.37  621.78  635.66   11.87  520.03   47.60
   345    1.78   25.73   22.28    2.24   81.11  633.47  648.95   13.86  523.17   46.06
   346    1.66   25.79   22.18    2.17   81.21  635.32  649.74   10.84  518.22   47.74
   347    1.68   25.66   21.97    2.32   80.59  634.01  650.59   12.98  510.63   44.65
   348    1.80   25.52   22.22    2.02   81.75  621.67  634.22   11.26  522.89   49.90
   349    1.95   25.33   22.43    2.28   80.70  622.10  638.18    9.68  533.24   44.48
   350    1.78   25.29   22.38    2.27   80.88  621.13  637.02    9.93  529.72   44.66
   351    1.81   25.30   22.37    2.03   81.88  625.39  638.05   10.84  529.67   49.97
   352    1.74   25.51   22.02    2.24   80.84  634.92  650.37    9.63  515.10   46.21
   353    1.79   25.52   21.90    2.29   80.77  634.22  650.37    8.97  506.86   45.22
   354    1.78   25.73   22.13    2.26   80.83  638.40  654.12    9.31  516.29   46.07
   355    1.70   25.64   22.54    2.25   80.90  637.10  652.66   10.21  536.61   46.20
   356    1.86   25.67   22.22    2.48   80.10  637.25  656.31    9.52  520.56   42.06
   357    1.77   25.90   22.57    2.22   81.06  648.66  663.81    6.64  537.94   47.62
   358    1.81   25.97   22.22    2.30   80.68  655.28  671.57    7.81  520.31   46.47
   359    1.73   25.68   22.30    2.31   80.54  642.13  658.55    8.45  526.66   45.41
   360    1.67   25.47   22.36    2.35   80.32  635.23  652.29    9.25  530.50   44.14
   361    1.83   25.54   22.43    2.40   80.39  636.76  654.45    8.10  532.87   43.50
   362    1.86   25.61   22.51    2.10   81.44  637.71  651.19    8.48  536.93   49.46
   363    1.80   25.53   22.48    2.12   81.51  641.37  655.10    8.90  534.32   49.30
   364    1.87   25.83   22.38    2.28   80.86  652.00  668.04   11.63  531.16   46.60
   365    1.82   26.11   22.56    2.13   81.69  670.90  684.78   10.41  538.03   51.23
   366    1.85   26.07   22.59    2.28   81.03  664.13  680.15   10.74  539.22   47.45
   367    1.71   26.15   22.61    2.27   81.25  663.36  679.16   10.30  538.77   47.70
   368    1.85   26.20   22.61    2.18   81.50  669.16  683.75    8.81  539.74   49.93
   369    1.87   26.02   22.81    2.29   81.01  660.76  676.91    8.23  550.22   47.05
   370    1.72   26.10   22.74    2.26   81.03  660.31  675.98    9.19  545.69   47.69
   371    1.76   26.22   22.78    2.21   81.35  667.98  682.99   10.71  548.23   49.20
   372    1.78   25.77   22.63    2.23   81.19  650.26  665.57   12.39  541.45   47.49
   373    1.64   25.39   22.83    2.16   81.44  641.40  655.68   11.56  551.83   48.42
   374    1.69   25.34   22.91    2.20   81.23  640.20  655.09   11.27  554.80   47.39
   375    1.75   25.45   22.82    2.12   81.72  647.46  661.29   11.25  551.78   49.60
   376    1.61   25.38   22.70    2.04   81.96  645.45  658.22   11.72  545.98   51.32
   377    1.66   25.22   23.11    2.07   81.77  638.20  651.39   11.53  567.06   50.00
   378    1.77   24.64   22.61    2.11   81.54  612.64  626.34   11.28  544.41   47.22
   379    1.83   24.64   22.60    2.28   80.95  605.28  621.30   11.67  543.46   43.38
   380    1.72   24.60   22.52    2.27   80.84  608.37  624.23   11.03  539.94   43.80
   381    1.75   24.68   22.37    2.28   80.95  608.43  624.39    9.31  530.62   43.69
   382    1.65   24.69   22.48    2.41   80.31  606.29  624.23   11.99  535.51   41.24
   383    1.69   25.01   22.44    2.43   80.34  616.10  634.36   12.73  535.45   41.54
   384    1.63   24.73   22.41    2.41   80.39  607.24  625.21    9.25  533.66   41.26
   385    1.76   24.66   22.64    2.26   80.87  601.30  617.01    9.11  544.03   43.51
   386    1.77   24.93   22.90    2.24   81.08  613.32  628.74    8.57  556.39   44.72
   387    1.85   24.58   23.07    2.08   81.57  595.97  609.26    9.18  565.10   46.64
   388    1.72   24.77   23.18    2.14   81.49  607.23  621.24    8.68  569.82   46.32
   389    1.65   24.62   23.01    2.21   81.05  603.77  618.75   11.96  561.49   44.65
   390    1.60   24.62   22.64    2.27   80.76  597.22  613.08   11.38  543.74   43.03
   391    1.66   24.47   22.43    2.41   80.13  593.18  611.08   11.63  532.94   40.42
   392    1.71   24.54   22.69    2.14   81.32  597.41  611.42   11.22  546.98   45.59
   393    1.63   24.69   22.65    2.17   81.34  603.57  618.03   11.68  545.12   45.39
   394    1.65   24.53   22.62    2.45   80.05  599.75  618.33   11.13  545.67   40.15
   395    1.63   24.71   22.79    2.34   80.55  608.81  625.68   11.84  551.46   42.59
   396    1.63   25.22   22.51    2.30   80.81  629.52  645.78   11.36  537.71   44.75
   397    1.70   25.15   22.82    2.14   81.34  624.75  638.85   11.55  548.77   47.48
   398    1.72   24.95   22.26    2.51   79.81  618.96  638.41   10.71  522.64   40.52
   399    1.73   24.75   22.49    2.37   80.34  608.44  625.83   10.20  531.85   41.97
   400    1.70   24.88   22.71    2.19   81.19  621.49  636.20   11.41  543.81   46.31
   401    1.70   24.95   22.87    2.36   80.46  623.40  640.64   10.63  549.87   43.14
   402    1.75   24.96   22.87    2.02   81.92  625.71  638.15    9.38  550.94   50.42
   403    1.58   25.19   23.09    1.94   82.21  630.53  642.03   11.00  562.30   52.69
   404    1.75   25.26   23.16    1.84   82.60  632.09  642.38   11.37  563.40   55.64
   405    1.62   25.48   22.98    2.01   81.91  641.26  653.63   13.86  554.53   51.77
   406    1.65   25.62   23.06    2.02   81.91  641.07  653.60   13.41  559.61   51.45
   407    1.66   25.04   22.92    2.28   80.75  622.58  638.61   13.21  553.02   44.56
   408    1.70   25.20   23.15    2.09   81.61  628.97  642.37   14.94  563.93   48.94
   409    1.75   25.12   23.00    2.20   81.11  621.81  636.69   15.70  556.60   46.08
   410    1.69   24.91   23.37    2.11   81.47  620.44  634.15   14.43  575.69   47.77
   411    1.68   24.75   23.34    2.13   81.44  613.00  626.92   15.05  574.81   46.89
   412    1.68   24.87   23.30    2.03   81.83  614.70  627.38   14.73  571.93   49.10
   413    1.73   24.82   22.75    2.02   81.80  610.07  622.56   13.07  544.53   49.11
   414    1.77   25.00   22.89    2.11   81.43  623.97  637.69   15.19  553.90   48.02
   415    1.69   25.09   23.07    2.18   81.26  625.26  639.93   13.54  562.60   46.64
   416    1.85   25.05   23.14    2.18   81.25  626.66  641.32   15.70  564.89   46.75
   417    1.70   24.92   22.86    2.13   81.43  619.27  633.19   15.27  553.27   47.36
   418    1.73   24.91   23.01    2.06   81.66  615.44  628.52   12.87  560.28   48.47
   419    1.60   24.85   23.05    1.85   82.56  618.92  629.34   15.32  562.52   54.19
   420    1.69   24.76   22.97    1.85   82.54  610.06  620.47   12.87  557.63   53.47
   421    1.70   24.69   23.17    1.93   82.19  608.82  620.18   13.34  566.84   51.24
   422    1.69   24.36   23.25    2.13   81.26  597.37  611.33   14.46  571.78   45.68
   423    1.70   24.31   23.56    2.13   81.27  589.80  603.71   15.33  584.80   45.19
   424    1.73   24.18   23.59    2.03   81.71  594.55  607.19   15.31  587.61   47.62
   425    1.74   24.22   23.42    1.99   82.05  599.74  611.86   14.88  578.85   48.98
   426    1.71   23.94   23.26    2.02   81.76  587.11  599.69   15.97  571.01   47.16
   427    1.78   24.16   23.14    2.19   81.09  590.01  604.76   14.21  565.10   43.98
   428    1.79   24.14   23.13    2.11   81.44  589.59  603.31   14.64  564.41   45.47
   429    1.67   24.52   23.20    2.17   81.35  602.75  617.22   15.70  567.13   45.30
   430    1.83   25.16   23.46    1.87   82.71  631.13  641.81   11.89  580.19   54.61
   431    1.84   25.28   23.15    1.94   82.46  635.58  647.04   12.78  565.47   53.20
   432    1.73   25.35   23.14    1.83   82.89  632.85  643.04   15.14  564.44   55.96
   433    1.75   25.59   23.24    1.67   83.56  646.51  654.92   13.70  570.83   62.50
   434    1.67   25.57   22.95    1.71   83.43  651.29  660.18   13.31  556.96   61.35
   435    1.77   25.59   23.25    2.09   81.87  648.70  662.13   13.25  571.25   50.37
   436    1.67   25.49   22.83    2.15   81.63  639.75  653.96   12.80  552.39   48.40
   437    1.73   24.98   23.10    1.97   82.22  621.51  633.39   11.74  563.99   51.17
   438    1.74   25.11   23.03    1.97   82.23  624.23  636.07   14.57  560.80   51.48
   439    1.79   25.28   22.91    2.30   81.04  631.35  647.70   13.58  555.21   44.77
   440    1.67   25.27   22.87    2.19   81.41  633.88  648.61   14.24  552.94   47.16
   441    1.77   25.47   23.01    2.04   82.09  643.05  655.73   13.65  559.92   51.31
   442    1.74   25.61   22.98    2.12   81.89  650.43  664.20   11.41  562.49   49.90
   443    1.70   25.56   23.15    1.92   82.50  652.68  663.96   14.50  571.23   54.98
   444    1.71   25.46   22.99    1.99   82.35  650.96  663.05   12.20  563.09   53.08
   445    1.76   25.12   22.99    2.04   82.16  635.16  647.93   11.54  561.77   50.53
   446    1.74   25.16   23.27    1.99   82.31  637.88  649.98   10.97  573.34   52.03
   447    1.77   25.29   23.11    1.92   82.71  645.80  657.07   11.58  565.25   54.43
   448    1.69   25.31   23.15    1.91   82.58  641.75  652.90   11.61  567.08   54.38
   449    1.82   25.06   22.79    1.95   82.54  629.20  640.80   10.98  551.44   52.37
   450    1.68   25.05   22.78    1.94   82.73  633.50  644.94    9.40  550.06   53.05
   451    1.56   25.33   22.96    1.85   82.97  633.99  644.42   13.52  561.83   55.46
   452    1.79   25.18   22.60    2.13   81.83  626.70  640.60   11.55  543.37   47.95
   453    1.69   25.36   22.50    1.78   83.14  631.80  641.43   11.17  537.24   57.37
   454    1.62   25.41   22.87    1.82   82.93  642.02  652.12   12.62  552.05   56.99
   455    1.66   25.27   23.10    2.17   81.51  629.86  644.36   13.30  564.18   47.23
   456    1.61   25.01   22.80    2.24   81.04  616.60  632.07   12.80  549.09   44.90
   457    1.67   25.00   22.82    2.23   81.16  625.62  640.96   10.89  550.42   45.70
   458    1.73   25.19   23.04    1.93   82.28  627.16  638.57   12.22  560.79   52.62
   459    1.64   25.10   22.87    1.82   82.56  622.48  632.61   12.95  553.71   55.23
   460    1.64   25.28   22.49    1.85   82.72  629.09  639.56   11.57  538.11   54.94
   461    1.61   25.54   22.70    2.16   81.54  644.08  658.39   11.90  549.29   48.57
   462    1.70   25.69   22.35    2.22   81.49  654.99  670.16   10.23  530.36   48.02
   463    1.57   26.04   22.46    2.21   81.51  660.03  674.98   10.23  536.27   48.71
   464    1.67   25.52   22.15    2.33   80.94  633.66  650.38    9.67  523.22   44.46
   465    1.72   25.61   22.28    2.05   81.95  643.29  656.19   10.49  529.87   50.91
   466    1.57   25.38   22.12    2.22   81.27  634.88  649.96   12.89  521.22   46.73
   467    1.61   25.49   22.04    2.32   80.81  633.80  650.32   11.74  519.94   44.72
   468    1.60   25.07   22.29    2.48   79.85  613.38  632.37   11.87  526.67   40.62
   469    1.63   25.26   22.16    2.36   80.46  623.73  640.85   11.86  521.02   43.31
   470    1.56   25.08   22.21    2.29   81.02  620.98  637.13   10.43  525.67   44.31
   471    1.60   25.21   22.18    2.44   80.54  628.14  646.57   10.14  524.58   42.14
   472    1.52   24.91   22.19    2.33   80.67  606.96  623.75   11.71  522.14   42.57
   473    1.62   25.02   22.59    2.42   80.64  614.84  632.92   14.20  540.51   41.65
   474    1.56   24.94   22.63    2.37   80.67  608.41  625.78   12.56  542.77   41.99
   475    1.65   24.88   22.61    2.26   81.00  613.03  628.79   11.62  543.77   44.25
   476    1.59   25.13   22.51    2.59   79.77  618.50  639.19   13.26  539.20   39.35
   477    1.66   24.81   22.73    2.48   79.94  603.17  622.23   13.75  550.43   39.90
   478    1.67   24.84   22.79    2.37   80.31  605.22  622.54   14.05  553.80   41.83
   479    1.64   24.48   22.82    2.39   80.31  589.36  606.99   15.62  554.08   40.45
   480    1.67   24.30   22.75    2.33   80.39  577.83  594.63   14.97  549.23   40.58
   481    1.68   24.62   23.04    2.59   79.33  594.79  615.53   14.06  561.42   37.87
   482    1.63   24.51   22.98    2.48   79.62  586.45  605.51   13.18  557.89   38.83
   483    1.66   24.20   23.08    2.53   79.41  577.74  597.58   12.98  561.98   37.58
   484    1.61   24.37   23.16    2.35   80.20  584.96  601.99   12.76  565.59   40.80
   485    1.67   24.64   22.80    2.56   79.48  596.49  616.78   11.04  549.50   38.35
   486    1.65   24.77   22.54    2.33   80.39  595.89  612.67   11.37  536.75   41.83
   487    1.56   24.94   22.94    2.13   81.29  604.71  618.59   13.94  554.62   46.33
   488    1.58   24.54   23.00    2.43   79.99  593.97  612.17   13.76  558.47   40.16
   489    1.66   24.46   23.10    1.98   81.77  589.71  601.68   14.32  563.03   48.46
   490    1.59   24.01   22.96    2.36   79.89  572.56  589.69   15.34  557.80   39.86
   491    1.58   24.08   23.22    2.48   79.35  579.37  598.38   17.15  568.46   38.43
   492    1.65   24.16   23.30    2.34   79.89  586.89  603.76   16.77  575.05   41.12
   493    1.55   24.29   23.36    2.34   80.06  589.08  605.90   15.41  578.66   41.31
   494    1.60   24.35   23.07    2.46   79.71  587.46  606.20   12.69  563.62   39.20
   495    1.65   24.16   23.03    2.50   79.54  581.73  600.99   12.23  562.24   38.35
   496    1.64   24.45   22.64    2.53   79.60  590.94  610.73   14.59  546.29   38.45
   497    1.65   24.20   22.71    2.58   79.20  578.06  598.68   14.55  548.81   36.95
   498    1.72   24.35   22.64    2.35   80.23  589.48  606.58   14.43  546.88   41.04
   499    1.71   24.01   22.56    2.55   79.31  574.76  594.85   12.38  542.22   37.18
   500    1.72   24.23   22.32    2.77   78.53  582.18  605.96   12.81  534.55   34.85
   501    1.60   24.08   22.17    2.44   79.86  577.54  595.89   13.85  527.58   38.94
   502    1.71   24.22   22.17    2.59   79.31  583.40  604.16   14.22  525.97   37.15
   503    1.65   24.09   22.34    2.45   79.76  579.79  598.40   15.78  537.45   38.83
   504    1.69   24.08   22.46    2.68   78.63  582.55  604.81   15.84  546.65   35.94
   505    1.72   23.89   22.30    2.90   77.79  570.97  597.14   15.45  541.62   32.76
   506    1.69   23.89   22.37    2.60   79.22  571.70  592.64   15.58  540.35   36.29
   507    1.70   24.12   22.48    2.65   79.19  584.32  606.06   16.95  542.35   36.43
   508    1.68   24.04   22.64    2.42   79.84  577.84  595.93   18.19  551.02   39.22
   509    1.73   24.19   22.58    2.63   79.06  578.73  600.08   16.84  549.99   36.40
   510    1.68   24.28   22.58    2.56   79.36  582.13  602.35   16.57  548.07   37.53
   511    1.71   24.33   22.70    2.71   78.75  588.30  611.04   16.98  552.52   35.92
   512    1.66   24.35   22.43    2.51   79.56  588.72  608.20   16.53  540.90   38.59
   513    1.67   24.23   22.61    2.64   78.75  587.65  609.25   18.35  553.36   36.73
   514    1.70   24.33   22.58    2.61   78.98  587.41  608.46   17.14  549.25   37.16
   515    1.69   24.39   22.79    2.40   79.78  587.55  605.29   16.00  558.27   40.21
   516    1.64   24.62   22.79    2.12   80.96  599.37  613.21   16.99  559.16   46.02
   517    1.75   24.48   22.80    2.13   80.73  588.33  602.28   15.28  557.49   45.03
   518    1.71   24.21   22.80    2.26   80.19  580.65  596.39   16.88  557.93   42.02
   519    1.71   24.17   22.97    2.29   80.16  578.79  594.97   17.25  570.75   41.36
   520    1.78   24.09   22.83    2.20   80.29  573.32  588.20   17.29  562.72   42.61
   521    1.70   24.27   22.98    2.00   81.17  580.70  592.92   16.20  568.24   47.28
   522    1.68   24.17   23.03    1.97   81.12  575.02  586.94   17.76  567.91   47.39
   523    1.69   24.28   23.01    2.05   80.88  577.03  589.92   16.90  570.96   45.85
   524    1.73   24.02   23.28    2.19   80.28  572.22  587.00   14.24  586.94   42.67
   525    1.74   24.45   23.30    1.83   81.73  585.35  595.59   13.67  586.58   51.78
   526    1.72   24.16   23.36    2.07   81.08  583.23  596.39   14.70  587.44   45.87
   527    1.77   23.86   23.26    2.15   80.70  563.66  577.88   13.00  583.94   42.82
   528    1.80   23.73   23.17    2.22   80.58  567.45  582.69   14.84  579.05   41.71
   529    1.75   23.74   23.38    2.29   79.93  565.59  581.83   15.11  588.46   40.38
   530    1.81   24.25   23.30    2.28   80.01  581.34  597.41   13.94  586.70   41.66
   531    1.78   23.94   22.86    2.28   80.02  566.37  582.41   16.13  566.10   40.67
   532    1.70   24.03   23.14    2.18   80.59  570.15  584.72   14.86  579.82   42.79
   533    1.71   24.01   23.19    2.16   80.55  569.59  583.90   15.23  580.16   43.13
   534    1.79   23.67   23.01    2.29   80.19  562.98  579.11   15.62  576.00   40.32
   535    1.76   24.08   23.03    2.33   79.96  579.43  596.13   16.20  574.47   40.80
   536    1.73   24.02   23.03    2.45   79.42  574.90  593.41   16.73  575.75   38.62
   537    1.74   23.87   23.53    2.32   79.81  567.00  583.60   14.72  598.63   40.07
   538    1.73   23.80   23.76    2.40   79.38  564.10  581.96   15.92  609.06   38.55
   539    1.77   23.67   23.81    2.36   79.78  565.73  583.00   17.11  615.99   39.26
   540    1.69   23.75   23.70    2.57   79.13  567.02  587.47   16.83  608.40   36.39
   541    1.73   23.77   23.52    2.56   79.18  573.31  593.59   16.57  601.36   36.93
   542    1.77   23.97   23.06    2.47   79.61  579.22  598.16   14.87  577.58   38.49
   543    1.67   23.93   23.14    2.56   78.96  575.56  595.90   16.73  583.32   37.01
   544    1.74   23.94   23.02    2.49   79.39  577.25  596.39   15.41  575.88   38.18
   545    1.68   23.85   23.35    2.40   79.43  576.19  593.92   15.79  591.91   39.47
   546    1.82   23.95   23.15    2.35   79.86  577.82  594.81   14.60  581.80   40.37
   547    1.71   23.50   23.14    2.56   78.79  563.78  584.12   14.19  583.45   36.30
   548    1.79   23.19   22.97    2.74   78.09  551.62  574.94   15.01  575.18   33.40
   549    1.69   23.65   23.06    2.77   78.18  571.78  595.66   16.86  579.87   34.19
   550    1.73   23.99   23.19    2.57   79.09  582.87  603.26   14.52  586.69   37.42
   551    1.76   24.04   23.26    2.41   79.76  580.40  598.31   15.77  589.75   39.56
   552    1.81   24.05   22.88    2.34   80.11  579.66  596.62   15.00  568.69   40.53
   553    1.75   24.63   22.85    2.26   80.67  600.01  615.73   17.64  565.32   43.40
   554    1.71   24.42   22.73    2.27   80.69  590.84  606.65   15.99  561.73   42.64
   555    1.82   24.11   22.74    2.37   80.20  576.65  594.04   15.11  555.73   39.86
   556    1.67   24.22   23.31    2.13   81.14  584.21  598.13   13.29  584.87   44.75
   557    1.74   24.05   23.14    2.25   80.19  576.12  591.78   17.37  577.81   41.81
   558    1.77   24.05   22.57    2.43   79.59  578.77  596.96   14.64  547.69   39.18
   559    1.85   23.70   22.85    2.23   80.22  571.03  586.30   16.34  562.89   41.94
   560    1.73   24.12   22.93    2.29   80.47  590.29  606.41   16.21  570.92   42.23
   561    1.83   24.67   23.28    2.05   81.33  610.50  623.33   16.24  587.69   48.51
   562    1.84   24.54   22.77    2.20   80.55  605.24  620.11   14.76  561.04   44.91
   563    1.81   24.23   22.87    1.99   81.32  592.81  604.93   15.26  565.83   48.44
   564    1.77   24.33   22.88    1.96   81.51  596.16  607.95   15.80  562.15   49.34
   565    1.75   24.16   22.98    2.28   80.51  592.13  608.20   15.07  572.12   42.42
   566    1.80   24.02   23.01    2.40   79.83  578.68  596.46   16.63  568.68   39.58
   567    1.69   24.19   22.95    2.14   81.04  595.30  609.31   16.68  574.14   45.44
   568    1.84   23.88   23.08    2.40   79.78  577.04  594.77   15.54  579.60   39.53
   569    1.87   24.10   23.09    2.23   80.33  586.97  602.28   15.13  578.04   43.02
   570    1.83   24.26   23.37    2.18   80.84  592.84  607.46   15.51  593.12   44.38
   571    1.81   24.27   23.24    1.91   81.33  589.19  600.39   16.85  583.76   49.97
   572    1.82   24.16   23.21    1.75   82.36  586.95  596.30   14.97  585.83   54.15
   573    1.78   24.26   23.40    1.82   82.03  589.34  599.46   17.11  588.65   52.41
   574    1.74   24.35   23.00    1.74   82.38  596.45  605.60   17.88  571.66   55.56
   575    1.83   24.34   22.55    2.39   79.93  593.00  610.70   17.19  549.89   40.62
   576    1.82   24.32   22.75    2.08   81.28  594.39  607.62   16.39  560.25   46.60
   577    1.77   24.28   22.73    2.28   80.46  593.96  610.01   17.59  559.06   42.56
   578    1.74   24.46   22.74    2.22   80.46  604.70  619.88   17.48  558.20   44.44
   579    1.77   24.21   22.71    2.10   81.06  597.20  610.77   16.26  556.82   46.27
   580    1.83   24.24   22.70    2.15   81.03  603.42  617.58   17.49  557.65   45.83
   581    1.84   24.53   22.68    2.21   80.63  603.75  618.81   15.31  555.01   44.53
   582    1.84   24.61   22.61    1.98   81.92  604.24  616.28   15.45  548.98   49.49
   583    1.86   24.87   22.62    1.50   83.79  606.39  613.13   17.27  550.62   65.15
   584    1.88   24.75   22.30    1.87   82.17  602.33  612.97   16.91  534.34   52.28
   585    1.81   24.54   22.56    1.83   82.22  596.01  606.18   16.94  545.44   52.85
   586    1.81   24.93   22.36    1.77   82.51  604.98  614.51   16.72  534.80   55.30
   587    1.81   25.02   22.59    1.77   82.93  613.46  622.97   16.14  551.32   56.09
   588    1.79   24.55   22.51    2.02   81.72  596.75  609.24   15.43  543.06   48.05
   589    1.73   24.47   22.45    2.06   81.87  593.38  606.38   18.65  542.29   46.91
   590    1.80   24.17   22.54    2.10   81.46  577.11  590.61   16.94  547.44   44.87
   591    1.76   24.05   22.52    2.19   81.29  583.34  598.12   15.53  547.76   43.48
   592    1.94   24.08   22.43    2.04   81.92  587.03  599.80   15.56  542.33   46.81
   593    1.93   24.17   22.69    1.63   83.42  588.83  596.85   14.21  553.98   58.39
   594    1.92   24.29   22.60    1.80   82.71  588.99  598.86   18.11  551.65   52.99
   595    1.83   24.14   22.64    1.73   82.86  583.98  593.03   17.94  550.31   54.73
   596    1.90   24.12   22.65    2.06   81.67  580.50  593.53   16.64  553.90   45.88
   597    1.99   24.54   22.63    2.02   81.99  594.85  607.42   15.09  552.14   47.79
   598    1.96   24.38   22.55    2.16   80.94  587.80  602.17   15.17  551.01   44.38
   599    1.96   24.20   22.88    2.12   81.33  577.88  591.71   15.86  560.22   44.43
   600    1.85   23.82   22.61    2.18   80.74  564.69  579.34   17.32  550.42   42.29
   601    1.95   23.94   22.77    2.41   79.39  569.92  587.92   19.02  558.17   38.79
   602    1.81   24.28   22.86    2.05   81.18  587.79  600.72   17.21  565.41   46.60
   603    1.96   24.49   22.82    2.28   80.41  593.32  609.29   17.72  564.15   42.61
   604    1.88   24.58   22.43    2.27   80.53  601.93  617.75   17.61  542.27   43.41
   605    1.86   24.17   22.93    2.01   81.34  591.73  604.15   17.11  562.90   47.81
   606    1.82   24.37   22.76    2.17   80.68  591.26  605.74   17.37  558.99   44.46
   607    1.84   24.38   22.77    2.18   80.76  597.22  611.82   16.63  555.97   44.72
   608    1.84   24.37   23.00    2.18   80.98  604.66  619.29   16.23  569.52   45.22
   609    1.91   24.26   23.12    2.26   80.32  588.39  604.13   15.50  575.97   42.58
   610    1.81   24.32   23.33    2.34   80.17  598.07  614.89   16.30  588.77   41.93
   611    1.89   24.16   23.34    2.21   80.86  581.05  596.16   15.47  584.95   42.86
   612    1.85   24.33   22.85    2.31   80.05  587.67  604.20   15.31  558.70   41.56
   613    1.80   24.56   23.01    2.28   80.28  609.22  625.18   15.24  571.74   43.73
   614    1.79   24.73   23.25    2.00   81.42  615.20  627.47   15.72  582.64   49.92
   615    1.86   24.58   23.16    2.14   80.98  604.55  618.61   15.28  580.41   46.05
   616    1.84   24.31   23.13    2.19   80.36  597.05  611.79   16.30  577.38   44.51
   617    1.80   24.58   23.20    1.87   81.91  611.01  621.73   16.85  581.30   52.83
   618    1.91   24.61   23.18    2.08   81.47  613.45  626.66   14.27  580.71   48.09
   619    1.82   24.63   23.09    2.01   81.53  609.62  621.99   15.58  576.04   49.28
   620    1.73   24.73   22.98    2.04   81.39  621.03  633.81   15.04  577.68   49.42
   621    1.96   24.52   23.37    2.16   80.82  610.05  624.33   13.59  591.58   46.12
   622    1.89   24.40   23.35    2.09   80.79  598.42  611.83   16.43  587.27   46.62
   623    1.94   24.57   23.43    1.99   81.50  606.03  618.17   16.02  595.09   49.43
   624    1.90   24.51   23.56    1.92   81.54  610.63  621.84   16.82  599.99   51.69
   625    1.84   24.81   23.57    2.17   81.03  625.84  640.29   15.75  600.71   47.01
   626    1.99   24.67   23.22    2.10   81.20  623.97  637.53   15.23  584.71   48.29
   627    1.87   24.77   23.23    1.89   81.98  630.94  641.80   14.74  586.42   54.17
   628    1.78   24.53   22.74    2.18   80.85  625.26  639.87   16.56  564.63   46.73
   629    1.78   24.65   22.80    1.97   81.43  626.40  638.26   16.10  565.90   51.61
   630    1.77   24.81   23.01    2.15   80.76  630.16  644.32   15.75  577.09   47.77
   631    1.74   24.73   22.89    2.09   80.93  627.18  640.57   14.60  574.74   48.83
   632    1.77   24.25   23.36    1.83   81.75  601.01  611.23   18.26  597.74   53.16
   633    1.78   24.53   23.30    1.87   81.53  612.46  623.09   17.39  592.81   53.15
   634    1.72   24.30   23.46    2.23   80.11  607.91  623.24   17.89  605.67   44.48
   635    1.73   23.86   23.20    2.14   80.77  599.43  613.47   17.20  592.17   45.70
   636    1.74   23.87   23.51    2.18   80.46  585.16  599.73   16.15  608.37   43.89
   637    1.77   24.12   22.91    2.33   79.63  601.18  617.98   16.51  575.83   42.16
   638    1.74   24.12   23.16    2.47   79.09  591.39  610.27   17.45  585.02   39.32
   639    1.88   24.05   23.03    2.23   80.01  591.52  606.89   18.18  576.05   43.26
   640    1.79   24.12   23.10    2.35   79.29  596.30  613.34   15.86  584.10   41.56
   641    1.84   24.11   23.24    2.13   80.47  595.05  608.95   16.74  586.51   45.60
   642    1.83   23.77   23.12    2.09   80.72  573.56  586.98   17.46  586.97   44.74
   643    1.81   23.81   23.14    2.19   80.00  583.98  598.81   14.79  581.40   43.44
   644    1.72   23.94   23.36    2.15   80.29  584.70  598.86   16.54  592.08   44.44
   645    1.85   24.02   23.18    2.02   81.08  581.76  594.26   16.69  582.74   46.89
   646    1.89   23.92   23.13    2.16   80.45  577.94  592.34   16.59  579.76   43.61
   647    1.75   24.01   23.10    2.04   81.21  577.38  590.12   17.77  578.80   46.14
   648    1.96   23.96   23.27    2.11   80.62  576.89  590.62   17.05  585.58   44.51
   649    1.79   24.30   23.23    2.09   80.94  597.15  610.60   15.88  578.92   46.46
   650    1.81   24.12   23.35    2.01   81.18  595.55  607.89   16.63  583.78   48.25
   651    1.82   24.56   23.41    1.81   82.14  612.94  622.90   16.07  589.89   54.85
   652    1.74   24.51   23.23    1.99   81.05  601.13  613.29   15.30  582.49   49.02
   653    1.83   24.53   23.39    1.96   81.43  609.49  621.18   14.95  591.41   50.59
   654    1.85   24.45   23.19    2.32   79.84  601.93  618.46   15.40  581.71   42.54
   655    1.80   24.57   23.40    2.18   80.55  619.60  634.23   15.64  592.04   46.29
   656    1.80   24.24   23.48    2.16   80.36  598.51  612.91   16.95  592.54   45.11
   657    1.82   24.05   23.25    2.33   80.01  589.75  606.50   13.19  584.03   41.44
   658    1.81   24.20   23.36    2.28   79.90  594.57  610.56   15.49  590.23   42.68
   659    1.79   24.31   23.51    2.32   79.70  602.93  619.46   15.91  598.40   42.60
   660    1.72   24.29   23.56    2.50   79.02  603.69  623.06   16.74  602.63   39.63
   661    1.83   24.56   24.03    2.25   80.35  609.55  625.07   15.56  629.83   44.33
   662    1.94   24.68   24.19    2.29   80.18  616.11  632.25   15.31  632.27   43.98
   663    1.86   24.67   23.89    2.42   80.01  621.54  639.56   15.93  621.76   42.14
   664    1.87   24.55   24.09    2.15   81.06  616.44  630.60   13.86  629.29   46.77
   665    1.92   24.57   24.32    2.00   81.49  616.31  628.56   15.83  643.66   50.04
   666    1.84   24.54   23.84    2.09   81.22  611.67  625.03   16.23  617.63   47.69
   667    1.86   24.05   24.06    1.92   81.65  584.47  595.75   18.29  624.71   49.41
   668    1.92   24.34   24.02    2.22   80.80  597.49  612.60   15.35  626.80   44.03
   669    1.83   24.38   23.85    2.24   80.73  601.20  616.67   16.17  618.20   43.81
   670    1.85   24.50   24.06    2.41   80.17  611.83  629.81   15.96  624.87   41.55
   671    1.81   24.47   24.04    2.28   80.51  621.57  637.53   13.79  630.29   44.59
   672    1.77   24.42   24.14    2.16   81.45  617.56  631.87   14.26  634.02   46.63
   673    1.87   24.22   24.04    2.13   81.51  612.83  626.79   14.24  626.43   46.83
   674    1.80   24.25   24.25    2.32   80.63  609.54  626.12   16.27  635.67   42.98
   675    1.92   24.63   24.21    2.01   82.12  623.64  635.96   15.99  634.95   50.49
   676    1.83   24.55   24.22    1.92   82.12  617.36  628.62   14.23  636.06   52.15
   677    1.91   24.12   24.45    1.99   81.92  603.49  615.64   14.89  646.77   49.21
   678    1.94   24.49   24.28    2.22   80.91  619.60  634.80   14.48  633.28   45.48
   679    1.90   24.82   24.53    2.10   81.31  633.63  647.15   15.12  650.25   49.07
   680    1.83   24.67   24.36    1.95   81.75  629.22  640.79   15.96  643.15   52.44
   681    1.92   24.88   24.38    2.07   81.54  638.47  651.66   15.15  642.56   50.01
   682    1.84   25.08   24.36    1.97   81.75  646.09  657.96   16.12  635.86   53.16
   683    1.86   25.08   24.41    1.85   82.33  642.94  653.33   15.86  640.16   56.32
   684    1.84   24.96   24.36    1.94   82.39  641.51  652.95   15.98  640.18   53.69
   685    1.85   24.82   24.57    1.96   82.07  639.86  651.65   15.99  650.99   52.84
   686    1.94   25.04   24.61    2.10   82.04  647.58  661.16   15.88  652.94   50.03
   687    1.84   24.75   24.45    1.91   82.51  626.48  637.63   15.84  639.88   53.13
   688    1.83   24.83   24.45    1.86   82.61  628.93  639.42   17.99  641.96   54.88
   689    1.82   24.82   24.32    1.64   83.44  631.15  639.25   16.73  641.96   62.15
   690    1.79   25.20   24.59    1.93   82.28  645.09  656.40   16.99  652.62   54.29
   691    1.76   24.84   24.46    1.73   82.97  628.52  637.60   16.10  647.13   58.68
   692    1.82   24.76   24.58    1.77   83.01  623.35  632.89   16.27  652.43   56.88
   693    1.90   25.33   24.29    1.77   82.82  650.33  659.83   16.34  640.74   59.38
   694    1.80   25.20   24.36    1.67   82.88  642.10  650.51   16.66  641.50   62.12
   695    1.91   25.41   24.57    1.75   82.75  651.78  661.07   15.91  650.04   60.15
   696    1.92   25.29   24.56    1.67   83.16  646.15  654.55   14.37  654.21   62.51
   697    1.91   25.00   24.56    1.63   83.64  629.98  637.99   12.75  652.19   62.36
   698    1.96   25.18   24.29    1.64   83.63  637.25  645.39   13.27  634.19   62.59
   699    1.85   25.28   24.72    1.66   83.16  644.25  652.53   16.22  661.78   62.77
   700    1.78   25.36   24.58    1.65   83.20  650.58  658.76   17.67  649.71   63.71
   701    1.80   25.41   24.48    1.96   82.08  648.03  659.70   16.72  644.10   53.73
   702    1.85   25.12   24.50    2.06   81.70  641.85  654.82   15.78  648.78   50.68
   703    1.88   25.29   24.71    1.88   82.84  651.88  662.66   15.91  658.70   56.09
   704    1.83   25.10   24.40    2.32   80.70  643.04  659.64   16.69  640.33   45.24
   705    1.74   25.25   24.21    2.34   80.62  639.41  656.23   14.35  627.90   44.73
   706    1.79   25.36   24.10    2.21   81.54  644.59  659.59   15.85  624.59   47.54
   707    1.75   25.02   24.04    2.04   82.14  635.76  648.55   15.49  622.58   50.54
   708    1.75   24.85   24.23    2.22   81.32  632.50  647.59   16.06  631.28   46.55
   709    1.85   24.81   24.06    1.93   82.39  627.37  638.80   14.73  623.76   52.60
   710    1.90   24.46   24.05    2.05   81.77  610.28  623.12   15.32  618.80   48.50
   711    1.81   24.70   23.97    2.44   80.33  622.51  640.86   14.98  618.90   41.86
   712    1.76   24.53   24.39    2.41   80.43  616.72  634.58   16.07  641.78   42.00
   713    1.74   24.89   24.17    2.02   82.06  628.97  641.50   13.78  626.64   50.50
   714    1.87   24.92   24.39    2.06   82.14  635.16  648.16   13.98  643.79   50.09
   715    1.83   24.82   24.26    2.28   81.10  632.88  648.88   14.80  638.40   45.33
   716    1.85   24.80   24.56    2.07   81.98  632.60  645.78   14.68  649.14   49.58
   717    1.83   24.66   24.46    1.86   82.47  625.02  635.58   16.41  645.27   54.37
   718    1.93   24.47   24.41    2.23   81.10  605.87  621.14   15.72  643.34   44.41
   719    1.79   24.34   24.40    2.06   81.98  602.57  615.56   15.31  640.55   47.63
   720    1.86   24.61   24.44    2.05   82.20  612.72  625.65   15.76  645.55   48.51
   721    1.75   24.56   24.33    1.83   83.04  612.24  622.42   15.84  640.84   54.23
   722    1.74   24.23   24.22    2.14   81.47  593.36  607.42   17.26  632.19   45.23
   723    1.85   24.55   24.08    2.17   81.33  605.01  619.48   15.36  628.75   45.46
   724    1.78   24.34   23.74    2.14   81.48  593.73  607.82   17.68  613.36   45.20
   725    1.86   24.57   23.92    2.06   82.02  601.92  614.93   16.97  625.37   47.56
   726    1.78   24.93   23.80    2.26   81.44  615.56  631.23   16.73  620.81   44.55
   727    1.67   24.87   24.00    2.09   82.01  615.48  628.83   17.60  627.54   48.01
   728    1.79   24.64   23.78    2.04   82.09  606.21  618.92   17.09  620.12   48.41
   729    1.78   24.59   23.73    1.96   82.24  594.45  606.27   17.50  613.64   49.14
   730    1.78   24.32   23.74    1.97   82.48  576.04  587.92   17.39  616.37   47.53
   731    1.78   24.31   23.59    2.34   80.79  580.60  597.48   15.95  604.15   40.68
   732    1.93   24.01   23.88    2.14   81.74  568.08  582.24   16.32  624.11   43.23
   733    1.84   24.01   23.94    1.97   82.22  571.09  583.03   15.75  624.60   47.05
   734    1.83   24.07   23.86    2.05   81.58  568.55  581.49   18.21  617.86   45.12
   735    1.79   23.94   23.49    1.92   81.76  560.67  571.95   17.72  595.76   47.45
   736    1.74   23.89   23.91    1.89   81.86  559.68  570.67   17.89  616.47   47.97
   737    1.82   23.65   23.79    1.86   81.96  549.89  560.52   17.89  609.90   47.88
   738    1.85   23.70   23.97    1.97   81.81  555.28  567.23   15.90  618.78   45.76
   739    1.80   23.62   23.83    2.00   81.39  553.79  566.12   15.64  609.69   44.99
   740    1.87   23.76   24.08    1.84   82.17  563.79  574.14   14.88  619.50   49.68
   741    1.90   23.80   23.90    1.88   82.01  565.08  575.94   15.33  613.20   48.69
   742    1.96   23.96   23.96    1.94   81.68  569.39  580.98   16.83  617.25   47.57
   743    1.91   23.65   23.80    2.07   81.06  554.60  567.71   17.97  602.64   43.77
   744    1.89   23.69   23.99    2.13   81.22  559.73  573.75   17.85  610.77   42.80
   745    1.86   23.83   23.77    2.10   81.13  563.26  576.85   17.27  599.91   43.70
   746    1.85   24.12   23.58    2.00   81.59  573.28  585.52   15.57  592.19   46.66
   747    1.92   24.37   23.83    2.27   80.32  588.36  604.26   16.36  603.71   42.36
   748    1.91   24.45   23.77    2.23   80.43  592.86  608.14   15.09  601.61   43.47
   749    1.87   24.29   23.77    2.19   80.83  582.94  597.68   15.24  601.65   43.48
   750    1.85   24.03   23.79    2.31   80.30  572.37  588.90   15.77  600.27   40.52
   751    1.85   24.09   23.73    2.19   80.76  576.34  591.06   15.66  599.63   43.05
   752    1.90   24.11   23.50    2.30   80.55  574.26  590.57   17.65  586.73   40.90
   753    1.96   24.45   23.46    2.27   80.77  582.57  598.39   15.34  585.02   42.05
   754    1.83   24.43   23.86    2.38   80.25  583.51  600.99   17.18  605.10   40.23
   755    1.85   24.22   23.89    2.04   81.35  573.89  586.68   16.05  604.50   45.77
   756    1.77   24.50   23.69    2.15   80.93  584.59  598.85   18.91  595.69   44.29
   757    1.75   24.17   23.84    2.05   81.27  565.26  578.23   17.86  600.89   44.81
   758    1.78   23.96   23.69    1.95   81.63  559.15  570.83   17.74  595.19   46.58
   759    1.78   24.19   23.61    2.16   80.45  564.05  578.42   17.16  591.40   42.63
   760    1.69   23.74   23.89    2.02   81.04  549.09  561.67   19.61  603.51   44.19
   761    1.81   23.88   23.78    1.89   81.89  553.97  564.85   19.14  601.81   47.71
   762    1.79   23.80   23.98    1.98   81.50  552.74  564.72   16.35  610.05   45.51
   763    1.81   24.02   23.99    2.09   81.10  567.16  580.65   15.85  611.46   44.15
   764    1.87   24.02   23.86    1.88   81.79  568.35  579.14   19.32  603.81   49.11
   765    1.93   24.01   23.67    1.96   81.81  562.55  574.35   18.69  597.22   46.62
   766    1.97   24.01   23.73    2.15   80.71  567.25  581.43   19.93  601.96   43.13
   767    1.84   23.85   23.69    2.26   79.93  555.48  571.25   18.59  595.79   40.23
   768    1.79   24.26   23.79    2.14   80.63  574.06  588.15   18.19  604.14   43.77
   769    1.82   24.33   23.84    2.20   80.40  582.23  597.18   18.04  606.10   43.16
   770    1.80   24.30   23.85    2.14   80.75  580.03  594.18   19.38  607.62   44.12
   771    1.93   23.93   24.21    1.96   81.65  560.46  572.29   17.27  624.88   46.40
   772    1.80   24.20   23.97    2.03   81.23  573.47  586.12   16.55  610.54   45.97
   773    1.75   24.05   23.85    1.94   81.68  568.29  579.83   16.32  603.80   47.57
   774    1.73   23.94   23.50    1.97   81.68  564.41  576.37   18.51  588.65   46.47
   775    1.85   24.08   23.66    1.67   83.12  575.36  583.82   17.68  596.85   55.68
   776    1.86   24.18   23.57    2.01   81.61  582.07  594.40   16.67  593.95   47.20
   777    1.86   23.89   23.67    1.92   82.15  567.62  578.88   16.20  598.11   48.07
   778    1.81   24.05   23.48    1.96   81.95  570.59  582.40   16.63  585.19   47.24
   779    1.83   23.95   23.73    1.98   81.67  568.54  580.54   16.12  598.14   46.72
   780    1.89   23.93   23.62    2.05   81.31  566.97  579.85   18.32  590.40   45.08
   781    1.78   24.00   23.46    2.28   80.33  569.01  585.02   18.06  584.83   40.88
   782    1.86   23.96   23.42    2.02   81.43  569.78  582.34   17.87  584.42   45.83
   783    1.87   24.25   23.21    1.94   82.15  575.65  587.19   17.21  574.53   48.17
   784    1.87   24.33   23.36    2.04   81.51  577.83  590.65   16.78  581.27   46.02
   785    1.91   24.21   23.38    1.97   81.75  571.90  583.82   16.45  579.16   47.15
   786    1.93   24.47   23.11    1.98   82.08  589.46  601.51   15.15  570.33   48.31
   787    1.96   24.32   23.55    1.94   82.08  585.43  596.90   16.27  593.46   49.09
   788    1.95   24.00   23.32    2.39   80.14  571.70  589.40   15.34  581.57   39.21
   789    1.89   24.06   23.34    2.23   80.80  580.36  595.68   16.12  582.56   42.54
   790    1.84   24.26   23.23    2.18   81.10  583.03  597.62   16.89  576.61   43.71
   791    1.82   24.07   22.93    1.99   81.58  572.85  585.04   18.28  563.28   46.74
   792    1.89   23.83   23.03    2.28   80.27  572.70  588.75   16.19  567.25   41.09
   793    1.85   23.85   23.05    1.93   81.75  574.53  585.95   16.33  570.63   48.33
   794    1.84   23.65   22.92    2.02   81.20  570.34  582.82   17.57  564.96   46.03
   795    1.88   23.62   23.35    2.23   80.25  582.38  597.75   19.16  584.69   42.62
   796    1.82   23.85   23.05    2.09   81.06  584.84  598.31   16.71  570.89   45.50
   797    1.86   23.92   23.20    1.70   83.05  589.12  597.90   18.21  580.35   56.01
   798    1.83   24.28   23.41    1.77   82.54  602.50  611.99   17.81  589.02   55.17
   799    1.85   24.09   23.54    1.81   82.42  596.86  606.89   17.20  597.80   53.27
   800    1.83   23.83   23.15    1.90   82.27  583.03  594.09   17.15  582.11   49.76
   801    1.78   23.76   23.07    2.05   81.71  578.53  591.47   17.01  575.92   45.88
   802    1.83   23.77   23.13    2.17   80.97  576.91  591.36   17.67  577.92   43.46
   803    1.83   23.72   23.15    2.13   80.97  585.42  599.38   16.50  582.95   44.80
   804    1.78   23.77   23.27    1.98   82.05  575.54  587.53   17.47  586.60   47.30
   805    1.81   23.82   23.18    2.09   81.41  575.08  588.52   19.11  582.31   44.81
   806    1.93   23.79   23.45    1.78   82.60  568.58  578.28   15.32  597.29   51.61
   807    1.92   24.30   23.14    2.06   81.09  600.39  613.37   17.67  581.50   47.48
   808    1.70   24.33   23.32    1.77   82.23  598.61  608.11   16.73  596.52   54.81
   809    1.95   24.63   23.66    1.58   83.29  610.14  617.70   17.17  607.68   62.13
   810    1.74   24.87   23.58    1.86   82.14  627.73  638.28   18.41  604.43   54.62
   811    1.82   24.85   23.85    1.79   82.54  626.59  636.29   17.05  612.46   56.73
   812    1.81   24.55   24.02    1.36   84.39  608.77  614.23   17.50  622.08   72.15
   813    1.84   24.91   24.06    1.69   83.46  637.07  645.70   16.97  627.08   60.88
   814    1.74   24.69   24.03    1.71   83.26  625.18  634.01   16.89  620.50   59.13
   815    1.83   24.78   24.36    1.73   82.87  626.75  635.86   17.67  636.01   58.45
   816    1.73   24.88   24.12    1.80   82.91  630.58  640.45   17.69  622.74   56.59
   817    1.85   24.64   24.08    1.83   82.65  619.63  629.85   15.55  621.66   54.76
   818    1.82   24.82   24.17    1.97   81.97  630.66  642.49   16.50  622.99   51.99
   819    1.75   24.77   23.99    2.10   80.90  624.37  637.86   15.60  612.48   48.45
   820    1.82   24.61   23.92    1.81   81.97  620.04  629.95   16.32  611.65   55.57
   821    1.85   24.69   24.01    1.80   81.85  623.55  633.38   15.84  618.69   56.13
   822    1.90   24.61   23.98    1.96   81.74  618.33  630.07   17.38  622.68   51.20
   823    1.90   24.73   23.87    2.03   81.45  622.47  635.13   17.95  619.08   49.76
   824    1.94   25.21   24.15    1.87   82.28  644.18  654.85   18.29  632.46   55.72
   825    1.97   24.80   24.06    1.78   82.23  617.48  627.11   18.05  625.47   56.11
   826    1.90   24.78   24.04    1.96   82.18  617.12  628.83   17.99  627.32   51.16
   827    1.80   24.71   23.85    1.99   81.81  620.51  632.58   18.39  618.88   50.71
   828    1.88   24.79   24.09    1.89   82.45  625.03  635.89   18.24  632.46   53.68
   829    1.79   24.97   24.10    1.87   82.28  627.13  637.75   17.24  629.92   54.41
   830    1.81   25.14   23.92    1.85   82.92  629.73  640.17   18.08  621.58   55.08
   831    1.90   25.10   23.79    1.99   82.09  635.51  647.57   19.33  616.41   51.92
   832    1.84   25.18   23.96    1.87   82.66  642.09  652.78   18.11  621.00   55.49
   833    1.83   25.02   23.99    1.86   82.49  628.43  638.92   19.11  624.59   54.84
   834    1.75   24.98   23.97    1.93   81.85  627.80  639.18   18.10  619.70   52.73
   835    1.82   24.86   24.02    1.77   82.94  624.83  634.38   19.02  621.89   56.98
   836    1.79   25.10   24.06    2.02   82.02  641.21  653.68   18.82  627.09   51.56
   837    1.91   24.75   23.59    1.80   82.78  624.58  634.43   18.07  607.67   56.16
   838    1.93   25.02   23.82    2.02   81.83  640.07  652.55   18.19  615.19   51.46
   839    1.92   25.47   23.92    1.61   83.59  654.77  662.55   18.15  624.02   65.65
   840    1.82   25.39   23.89    1.79   83.07  654.64  664.40   16.11  620.71   59.01
   841    1.78   25.76   23.76    1.65   83.33  679.82  688.06   18.94  616.88   66.26
   842    1.86   25.39   23.83    1.81   82.71  655.91  665.90   19.21  618.18   58.46
   843    1.93   25.28   24.39    1.66   83.35  654.45  662.80   18.15  641.87   63.48
   844    1.81   25.46   24.26    1.97   82.26  664.14  675.99   19.64  638.74   54.64
   845    1.94   25.49   24.35    1.88   82.79  659.72  670.45   17.77  642.35   56.87
   846    1.95   25.09   24.27    1.86   82.36  632.90  643.39   17.36  636.05   55.21
   847    1.90   25.18   24.22    1.84   82.73  644.66  654.99   19.05  634.05   56.61
   848    1.90   25.23   24.33    1.75   83.03  653.40  662.73   17.35  639.75   60.18
   849    1.87   25.32   24.31    1.76   83.16  647.28  656.63   17.72  639.45   59.55
   850    1.88   25.00   24.06    1.59   84.01  625.75  633.40   17.77  621.70   63.29
   851    1.86   24.66   24.52    1.69   83.68  619.77  628.43   16.14  650.74   59.21
   852    1.86   24.95   24.18    1.73   83.41  632.28  641.38   15.92  632.60   58.96
   853    1.86   25.08   24.25    1.87   83.01  634.05  644.75   17.17  640.45   54.80
   854    1.92   24.76   24.20    1.72   83.55  631.62  640.56   18.00  644.03   59.40
   855    1.90   24.80   24.19    1.83   83.12  628.48  638.63   16.95  636.97   55.68
   856    1.92   24.79   24.54    1.45   84.85  618.97  625.26   17.17  655.76   68.65
   857    1.93   24.50   24.22    1.64   83.25  605.86  614.02   17.55  639.82   59.52
   858    1.98   24.47   24.44    1.59   83.92  603.63  611.25   16.62  649.71   61.25
   859    1.86   24.78   24.43    1.58   84.08  614.23  621.80   18.30  648.43   62.49
   860    1.90   24.69   24.22    1.62   83.56  611.56  619.47   17.71  638.13   60.95
   861    1.93   24.43   24.30    1.59   83.79  594.85  602.49   19.69  638.80   60.34
   862    1.89   24.46   24.17    1.79   83.05  600.10  609.91   19.47  632.41   54.12
   863    1.98   24.14   24.45    1.66   83.50  583.76  592.15   17.96  648.97   56.72
   864    1.79   24.34   24.26    1.71   83.39  605.35  614.23   18.08  643.00   57.17
   865    1.91   24.37   24.24    1.79   83.10  609.19  618.93   19.28  640.19   55.10
   866    1.92   24.69   23.91    1.87   82.46  607.65  618.31   17.97  620.82   52.68
   867    1.99   24.39   23.93    1.84   82.53  600.51  610.88   18.79  621.05   52.76
   868    1.98   24.08   23.83    2.12   81.62  594.32  608.09   19.14  611.75   45.74
   869    1.98   24.13   23.88    1.95   82.54  597.34  609.00   17.70  615.85   49.68
   870    1.94   24.39   23.87    1.96   82.45  613.05  624.75   18.41  618.15   50.86
   871    2.11   24.42   23.82    1.91   82.69  609.23  620.35   17.10  616.45   51.77
   872    2.00   24.58   23.47    1.88   82.46  628.53  639.27   16.96  599.92   54.25
   873    2.00   24.70   23.55    1.97   82.43  637.34  649.22   16.73  602.53   52.44
   874    1.89   24.36   24.04    1.87   82.40  618.98  629.70   17.64  625.03   53.49
   875    1.93   24.39   23.89    1.88   82.34  622.70  633.47   17.21  619.75   53.69
   876    1.85   24.60   23.90    1.87   82.40  627.53  638.21   17.02  618.97   54.30
   877    1.96   24.59   24.22    1.82   82.71  633.26  643.35   17.92  628.24   56.26
   878    1.97   24.52   24.32    1.83   82.55  636.04  646.29   18.19  638.74   56.09
   879    1.89   24.49   24.17    1.65   83.25  632.79  641.02   18.03  631.24   61.85
   880    1.87   24.42   24.17    1.80   82.68  624.82  634.62   18.03  627.14   56.29
   881    1.98   24.44   24.63    1.91   82.29  627.16  638.28   17.87  654.69   53.25
   882    1.88   24.42   24.32    1.96   82.23  624.41  636.21   17.58  643.62   51.57
   883    1.83   24.32   24.10    1.97   82.20  615.59  627.46   18.31  627.33   50.72
   884    1.90   24.35   23.98    1.83   82.96  623.60  633.78   18.69  623.90   55.19
   885    1.90   24.46   24.22    1.92   82.53  624.94  636.24   15.82  635.68   52.67
   886    1.92   24.48   24.51    1.85   82.55  620.85  631.27   18.57  651.50   54.36
   887    1.94   24.27   24.53    1.95   82.15  619.80  631.40   17.42  651.03   51.60
   888    2.02   24.40   24.56    1.62   83.65  618.29  626.21   17.04  650.60   61.57
   889    1.90   24.58   24.45    1.66   83.20  624.87  633.25   17.18  641.58   60.58
   890    1.91   24.51   24.16    1.85   82.28  620.40  630.80   18.78  622.79   54.36
   891    1.92   24.88   23.90    1.72   83.00  633.37  642.35   19.67  612.22   59.44
   892    1.79   24.51   23.94    1.72   82.88  615.90  624.90   19.45  619.07   57.76
   893    1.96   24.67   23.83    1.92   81.69  617.99  629.30   17.05  609.58   52.08
   894    1.82   24.48   24.18    1.66   82.91  605.04  613.44   18.66  625.77   58.67
   895    1.91   24.64   24.13    1.52   83.40  612.54  619.44   18.19  626.38   65.08
   896    1.81   24.61   24.37    1.52   83.84  609.59  616.51   17.91  636.11   64.71
   897    1.83   24.17   24.32    1.81   81.93  588.19  598.15   21.23  633.41   52.71
   898    1.87   24.14   24.15    2.09   81.09  590.74  604.14   17.79  627.69   46.06
   899    1.87   24.36   23.92    1.83   82.16  602.53  612.75   19.49  617.46   53.29
   900    1.85   24.54   24.16    1.69   82.52  604.14  612.76   19.06  627.16   57.87
   901    1.93   24.37   23.96    1.63   82.84  594.64  602.72   19.13  617.32   58.75
   902    1.95   24.48   24.15    1.73   82.36  598.08  607.22   18.37  626.60   55.76
   903    1.93   24.06   23.82    1.59   83.04  578.81  586.50   17.97  605.71   58.57
   904    1.98   23.89   24.06    1.52   83.61  574.15  581.14   19.22  618.36   60.76
   905    1.92   23.96   23.80    1.73   82.64  574.27  583.35   17.46  610.18   53.79
   906    1.94   23.71   23.53    1.75   82.21  564.89  574.23   18.56  598.27   52.23
   907    1.94   23.71   23.50    1.84   82.12  568.28  578.58   18.35  592.11   50.17
   908    1.85   24.11   23.54    1.91   81.95  591.22  602.40   19.06  597.56   50.17
   909    1.93   24.22   23.55    1.70   82.89  592.30  601.12   18.32  595.99   56.18
   910    1.86   23.93   23.42    1.80   82.26  582.13  591.97   18.23  593.04   52.47
   911    1.87   23.75   23.62    1.95   81.61  573.45  585.10   17.45  606.39   47.79
   912    1.96   23.60   23.62    1.89   81.43  570.53  581.45   20.61  600.25   49.01
   913    1.87   23.51   23.56    1.77   82.12  561.12  570.69   18.46  600.77   51.29
   914    1.90   23.99   23.58    1.86   82.00  586.96  597.49   18.12  599.84   51.24
   915    1.93   23.60   23.90    1.86   82.10  569.89  580.49   19.43  614.75   49.65
   916    1.89   23.52   23.73    1.84   82.24  561.92  572.22   17.38  604.26   49.63
   917    1.91   23.34   23.71    2.18   80.68  554.71  569.37   17.46  603.29   41.57
   918    1.90   23.24   23.67    2.20   80.22  551.86  566.76   18.93  601.01   41.05
   919    1.84   23.37   23.91    2.10   80.67  555.60  569.16   19.56  608.24   43.15
   920    1.90   23.67   23.83    1.96   81.29  563.86  575.65   18.06  607.40   46.74
   921    1.89   23.13   23.83    1.91   81.48  546.85  558.00   20.73  606.28   46.58
   922    1.90   23.62   23.70    2.05   80.83  567.40  580.36   19.59  601.09   45.00
   923    1.86   23.51   23.59    1.94   81.45  569.50  580.99   20.11  599.44   47.76
   924    1.94   23.80   23.31    1.92   81.41  589.04  600.36   19.98  585.58   49.70
   925    1.87   24.31   23.45    1.77   82.08  612.42  621.92   19.24  592.07   56.05
   926    1.93   24.34   23.54    1.66   82.60  599.84  608.22   17.00  591.76   58.23
   927    1.85   23.94   23.81    1.76   82.35  582.04  591.44   19.09  612.24   53.59
   928    1.82   24.29   23.83    1.52   83.58  594.78  601.71   18.69  611.59   63.16
   929    1.90   24.69   23.70    1.59   83.06  611.16  618.81   18.60  601.69   61.92
   930    1.76   24.77   23.41    1.84   82.35  623.87  634.13   17.54  592.48   55.02
