#time, _distVP, _dist67, _distF,  _domz1, _flattenA, _projA, _domeA, _hrot, _projA_RF, _rad
     0    0.73   19.40   15.55    8.63   52.42  384.53  618.19   24.99  253.25   11.41
     1    0.70   20.85   16.39    7.51   57.74  433.69  610.62   25.19  281.62   12.95
     2    0.73   21.30   16.70    7.11   59.48  441.95  600.38   26.10  292.03   13.45
     3    0.72   22.24   16.78    6.89   61.02  471.66  620.45   27.16  294.82   14.34
     4    0.71   22.54   17.03    6.46   62.67  476.47  607.33   23.31  303.59   14.97
     5    0.73   23.02   17.36    6.31   63.65  495.54  620.15   22.88  315.94   15.66
     6    0.80   23.01   17.84    5.79   65.72  498.98  604.01   25.04  333.84   16.61
     7    0.78   23.07   17.80    5.58   66.55  499.59  597.19   24.37  332.23   17.03
     8    0.83   23.36   18.05    5.33   67.78  509.45  598.42   21.53  341.45   17.88
     9    0.73   23.61   18.01    5.32   67.99  519.17  607.71   23.94  340.06   18.20
    10    0.74   23.39   18.55    5.25   68.02  518.06  604.24   23.90  360.58   18.34
    11    0.78   23.55   18.44    5.36   67.62  516.98  606.79   22.04  356.14   18.04
    12    0.71   23.56   18.69    5.05   68.85  520.39  600.32   23.32  366.11   18.91
    13    0.80   23.44   18.86    4.61   70.51  518.42  584.93   19.60  373.18   20.20
    14    0.78   23.44   18.77    4.80   69.80  518.75  590.92   19.70  369.10   19.59
    15    0.80   23.33   18.57    4.84   69.56  512.35  585.55   19.45  361.85   19.28
    16    0.81   23.56   18.90    4.59   70.73  527.89  593.74   17.79  374.30   20.60
    17    0.77   23.55   18.96    4.49   71.26  534.51  597.56   19.07  376.55   21.19
    18    0.81   23.52   19.24    4.48   71.17  530.69  593.53   19.61  387.72   21.08
    19    0.84   23.50   19.43    4.61   70.66  531.03  597.39   18.89  395.48   20.65
    20    0.78   23.59   19.48    4.56   70.90  536.14  601.23   18.32  397.48   20.98
    21    0.78   23.25   19.29    4.48   71.11  523.76  586.49   18.43  389.60   20.85
    22    0.78   23.17   19.26    4.52   70.90  521.22  585.09   18.69  389.02   20.62
    23    0.81   23.07   18.96    4.50   70.77  516.89  580.25   18.00  377.06   20.53
    24    0.92   23.23   19.08    4.38   71.41  519.57  579.42   18.07  381.56   21.09
    25    0.87   23.17   18.98    4.26   71.84  517.52  574.29   16.25  377.35   21.46
    26    0.89   23.22   19.39    4.29   71.54  513.89  571.37   15.62  394.17   21.22
    27    0.82   23.47   19.11    4.47   71.15  524.39  586.95   16.15  383.38   20.89
    28    0.87   23.77   19.54    4.25   72.29  542.04  598.42   14.31  400.37   22.43
    29    0.81   23.67   19.31    4.13   72.68  536.56  589.92   15.47  391.81   22.73
    30    0.89   23.71   19.46    4.09   72.88  540.07  592.36   15.10  398.48   23.06
    31    0.78   23.67   19.14    4.04   73.00  533.47  584.35   16.51  384.38   23.05
    32    0.81   24.05   19.49    3.97   73.36  543.02  592.32   17.20  398.27   23.74
    33    1.02   23.63   19.72    4.18   72.36  534.79  589.34   12.79  408.02   22.46
    34    0.80   24.27   19.39    3.97   73.56  555.53  604.78   17.45  394.50   24.25
    35    0.76   23.88   19.93    3.80   73.96  544.20  589.24   17.23  417.21   24.70
    36    0.84   23.50   19.81    4.10   72.58  529.15  581.71   17.61  411.55   22.58
    37    0.79   23.83   19.78    3.70   74.50  542.36  585.14   14.85  410.29   25.16
    38    0.75   23.96   19.82    3.81   74.07  549.41  594.80   15.85  412.14   24.83
    39    0.75   24.32   19.80    3.88   73.81  562.17  609.19   15.36  410.80   24.99
    40    0.76   24.13   19.97    3.86   74.04  558.98  605.46   14.22  417.63   24.98
    41    0.77   24.03   19.75    3.97   73.52  555.11  604.24   15.82  408.77   24.26
    42    0.75   24.49   19.87    3.79   74.32  568.04  612.81   13.79  413.92   25.76
    43    0.77   24.64   20.10    3.57   75.44  577.12  616.84   15.62  423.23   27.52
    44    0.85   24.24   19.94    3.49   75.32  555.11  593.00   13.62  416.61   27.08
    45    0.89   23.81   20.16    4.00   73.28  537.56  587.51   15.68  425.89   23.39
    46    0.88   24.02   19.87    3.86   73.90  547.12  593.69   13.74  413.69   24.48
    47    0.77   23.88   20.24    3.72   74.46  542.14  585.35   13.61  429.72   25.05
    48    0.86   23.90   20.31    3.76   74.41  545.99  590.17   15.75  431.91   24.98
    49    0.86   23.97   20.21    3.77   74.45  547.78  592.08   15.66  427.60   25.02
    50    0.89   23.88   20.28    3.66   74.77  545.13  586.91   14.25  430.77   25.54
    51    0.89   23.72   20.41    3.87   73.70  534.06  580.73   16.94  436.87   23.92
    52    0.85   23.30   20.33    3.75   74.04  521.07  564.87   15.23  433.78   24.01
    53    0.86   23.44   20.30    3.57   74.76  527.94  567.69   16.25  433.22   25.32
    54    0.82   23.36   19.96    3.58   74.59  519.63  559.56   13.85  418.79   24.91
    55    0.87   23.23   20.10    3.42   75.31  527.48  564.05   16.29  424.35   26.22
    56    0.85   23.28   20.08    3.42   75.27  527.48  563.90   15.01  424.62   26.27
    57    0.96   23.73   20.14    3.51   74.97  544.44  582.84   17.07  425.75   26.44
    58    0.86   23.64   20.18    3.43   75.13  536.37  573.13   18.50  429.38   26.57
    59    0.93   23.45   20.09    3.37   75.54  537.02  572.42   15.51  425.31   27.04
    60    0.89   23.45   20.22    3.65   74.41  532.31  573.96   15.42  430.06   25.01
    61    0.95   23.59   20.21    3.63   74.45  529.08  570.09   14.89  430.56   25.04
    62    0.78   23.61   20.14    3.74   74.10  531.46  575.05   14.39  426.08   24.50
    63    0.88   23.83   20.10    3.47   75.51  544.43  581.96   15.72  423.83   26.71
    64    0.86   24.06   20.08    3.44   75.75  558.45  595.31   16.82  422.30   27.56
    65    0.87   24.09   20.29    3.69   74.77  558.41  600.87   14.55  431.12   25.93
    66    0.81   24.09   20.80    3.57   75.43  564.96  604.65   15.51  453.52   26.98
    67    0.81   24.59   19.98    3.38   76.35  577.07  612.71   14.64  419.11   28.84
    68    0.80   24.30   20.30    3.02   77.62  566.63  594.96   16.44  431.90   31.38
    69    0.88   24.15   20.68    3.20   76.92  569.97  601.81   15.31  447.86   29.96
    70    0.86   24.19   20.18    3.28   76.45  558.39  591.83   15.22  426.75   28.76
    71    0.80   24.07   20.43    3.31   76.40  554.39  588.49   16.72  437.86   28.32
    72    0.84   24.02   20.32    3.40   76.07  558.22  594.20   15.37  432.64   27.84
    73    0.88   24.04   20.25    3.58   75.33  552.55  592.51   16.21  429.37   26.35
    74    0.84   24.45   20.23    3.20   77.04  571.63  603.46   14.33  428.60   30.04
    75    0.89   24.30   20.33    3.22   76.83  565.92  598.11   13.63  433.60   29.62
    76    0.89   24.23   20.66    3.32   76.44  565.24  599.52   11.31  447.07   28.77
    77    0.96   23.95   20.60    3.46   75.82  562.28  599.64   14.63  445.07   27.57
    78    0.97   24.22   20.51    3.59   75.21  566.53  606.64   14.07  440.44   26.93
    79    0.94   24.28   20.28    3.53   75.40  573.21  612.05   16.53  431.35   27.61
    80    1.04   23.82   20.45    3.33   76.10  555.43  590.06   14.30  438.59   28.18
    81    1.06   23.95   20.54    3.43   75.93  558.19  594.86   12.02  442.30   27.61
    82    1.02   23.95   20.43    3.31   76.45  554.72  588.83   11.69  437.83   28.33
    83    1.08   24.08   20.72    3.40   76.16  564.86  600.98   14.44  450.24   28.11
    84    1.05   24.18   20.37    3.46   75.84  558.49  595.82   12.47  434.97   27.41
    85    1.00   24.38   20.30    3.37   76.17  566.87  602.19   12.78  432.44   28.47
    86    1.08   24.33   20.20    3.39   75.91  562.23  598.12   12.77  427.95   28.06
    87    1.03   24.25   20.12    3.27   76.38  557.82  591.15   12.42  424.89   28.77
    88    1.07   24.40   20.19    3.11   77.17  570.83  601.01   12.32  427.89   30.72
    89    1.02   23.99   20.22    3.15   76.83  554.14  584.94   10.90  428.99   29.60
    90    1.09   23.71   20.32    3.26   76.38  547.82  581.00   12.07  432.91   28.34
    91    1.03   24.10   20.67    2.87   78.04  559.13  584.69   12.03  448.42   32.45
    92    1.05   23.96   20.35    2.87   77.89  543.60  569.22   10.65  435.38   31.56
    93    1.09   24.11   20.72    3.00   77.40  560.02  588.01   12.65  450.74   31.20
    94    1.13   24.38   20.69    2.86   78.13  567.29  592.61   13.43  449.23   33.05
    95    1.12   24.07   20.39    3.04   77.35  556.98  585.73   11.38  436.33   30.67
    96    1.16   24.10   20.36    3.10   77.16  556.18  586.12   10.26  434.27   30.08
    97    1.17   24.69   20.46    3.32   76.58  576.87  611.17   11.81  439.20   29.32
    98    1.11   24.60   20.60    3.19   76.93  570.13  601.75   12.58  444.66   30.06
    99    1.13   24.55   20.60    3.27   76.62  567.05  600.39   10.75  445.06   29.22
   100    1.20   24.66   20.38    3.17   76.92  570.91  602.28   12.28  435.92   30.21
   101    1.11   24.32   20.64    3.01   77.44  569.04  597.23   10.77  447.70   31.57
   102    1.10   24.40   20.70    2.87   77.94  569.16  594.70   10.47  449.83   33.01
   103    1.10   24.35   20.14    3.25   76.42  556.32  589.14   12.83  426.31   28.89
   104    1.07   24.47   20.44    2.87   78.13  568.25  593.81   13.44  437.99   32.96
   105    1.07   24.25   20.22    3.11   77.14  564.80  594.97   11.69  428.63   30.42
   106    1.08   24.62   20.09    3.00   77.68  576.89  604.89   10.67  423.02   32.09
   107    1.11   24.66   20.04    3.28   76.81  583.32  616.71   11.86  421.08   29.98
   108    1.12   24.68   20.19    3.20   76.92  583.87  615.74   10.61  427.98   30.63
   109    1.09   24.50   20.15    3.02   77.62  568.76  597.10   12.19  426.54   31.49
   110    1.18   24.41   20.27    2.89   78.07  567.17  593.13   12.74  431.00   32.67
   111    1.09   24.45   20.47    2.95   77.89  570.29  597.36   14.45  440.01   32.23
   112    1.10   24.77   20.37    2.81   78.72  586.89  611.33   12.55  434.87   34.68
   113    1.10   25.01   20.13    3.12   77.47  594.47  624.65   11.32  424.65   31.93
   114    1.06   24.59   20.59    2.91   78.09  583.04  609.36   13.12  444.72   33.33
   115    1.10   24.88   20.58    2.66   79.20  591.66  613.62   12.69  443.77   36.70
   116    1.03   24.67   20.74    2.71   78.82  576.80  599.55   12.88  450.92   35.25
   117    1.09   24.49   20.88    2.77   78.54  572.10  595.97   12.52  456.86   34.22
   118    0.96   24.73   20.55    2.61   79.25  580.06  601.22   11.48  442.52   36.62
   119    1.06   24.84   20.93    2.85   78.28  581.06  606.33   10.30  458.87   33.84
   120    1.10   24.85   20.83    2.92   78.24  589.85  616.40   10.88  455.07   33.57
   121    0.96   24.47   20.78    2.93   78.15  575.96  602.56   10.34  452.76   32.78
   122    1.05   24.46   21.12    2.98   77.76  573.73  601.33   10.07  467.73   32.13
   123    1.02   24.45   21.20    2.79   78.65  578.57  602.72   12.29  471.26   34.40
   124    1.04   24.49   21.31    2.84   78.54  581.37  606.48   10.13  476.30   33.95
   125    1.00   25.14   20.98    3.09   77.70  601.41  631.03   12.07  462.47   32.55
   126    1.00   24.73   20.88    3.14   77.31  580.79  611.43   11.79  458.07   31.02
   127    0.99   24.98   21.12    3.16   77.37  591.76  622.90   13.11  468.39   31.35
   128    0.98   24.51   21.16    3.14   77.37  575.91  606.56   12.81  469.11   30.77
   129    1.00   24.81   21.44    3.15   77.28  583.99  614.94   12.39  481.48   31.04
   130    1.06   25.20   21.23    3.13   77.65  602.34  632.74   13.21  472.60   32.22
   131    1.03   25.17   21.62    3.01   78.12  604.69  632.88   12.52  490.40   33.45
   132    0.94   24.98   21.98    3.15   77.54  601.86  632.72   13.42  506.69   31.98
   133    1.00   25.04   21.66    3.10   77.83  597.57  627.45   11.75  491.90   32.23
   134    1.04   25.54   21.58    3.21   77.31  614.70  646.83   12.29  487.96   32.04
   135    1.03   25.12   21.77    3.11   77.68  607.06  637.11   13.37  497.78   32.63
   136    1.01   24.97   22.01    3.01   77.98  596.75  624.81   11.72  509.28   33.10
   137    0.99   24.96   22.12    2.92   78.38  604.01  630.50   14.14  514.22   34.37
   138    1.02   24.87   21.98    2.77   78.93  600.91  624.74   12.17  506.44   35.88
   139    0.98   24.94   21.73    2.87   78.68  597.26  622.86   13.29  495.65   34.53
   140    1.01   24.93   21.63    2.63   79.52  596.17  617.55   11.93  491.22   37.43
   141    1.05   24.90   21.53    2.82   78.62  598.92  623.51   16.08  487.64   35.26
   142    1.03   25.16   21.84    2.77   78.82  598.78  622.59   14.56  501.35   35.77
   143    0.93   25.35   21.62    2.91   78.41  607.25  633.58   15.38  490.85   34.64
   144    0.94   25.38   21.78    2.93   78.40  616.20  642.76   15.30  498.13   34.99
   145    1.00   25.34   21.61    2.83   78.78  609.10  633.93   15.81  490.31   35.68
   146    0.99   25.33   21.45    2.95   78.39  614.19  641.15   14.39  482.41   34.64
   147    0.96   25.26   21.64    2.66   79.49  610.37  632.33   15.29  490.49   37.81
   148    0.95   25.14   21.68    2.42   80.38  608.32  626.34   15.64  492.26   41.28
   149    0.99   25.11   22.04    2.28   81.08  609.54  625.49   15.87  508.89   43.77
   150    0.93   25.22   22.10    2.44   80.22  611.59  630.02   15.36  512.26   41.06
   151    1.01   25.07   22.07    2.60   79.37  605.89  626.85   15.39  511.11   38.35
   152    0.97   25.14   22.41    2.47   80.20  611.23  630.02   14.56  525.95   40.67
   153    0.98   25.00   22.38    2.49   80.02  606.20  625.40   13.88  525.23   39.96
   154    0.98   24.85   22.19    2.81   78.64  603.70  628.14   15.12  516.33   35.63
   155    0.96   24.73   21.96    2.67   78.96  591.56  613.61   14.33  505.23   36.62
   156    0.96   24.58   22.09    2.84   78.36  585.80  610.91   13.71  511.63   34.20
   157    0.99   24.59   22.21    2.59   79.43  588.99  609.72   14.09  517.17   37.52
   158    1.06   25.02   22.45    2.77   78.95  604.21  627.91   12.10  528.55   36.15
   159    0.99   25.27   22.15    2.78   78.91  609.94  633.87   14.23  514.08   36.33
   160    1.02   25.57   22.24    2.71   79.24  626.41  649.16   14.58  518.56   38.14
   161    0.99   25.41   22.46    2.61   79.72  624.90  646.01   16.00  528.19   39.38
   162    1.00   25.84   22.32    2.64   79.70  635.32  656.82   15.19  521.83   39.68
   163    0.96   25.67   22.44    2.69   79.44  634.00  656.40   14.34  527.63   38.86
   164    1.01   25.89   22.49    2.54   80.37  638.87  658.80   14.25  529.53   41.30
   165    0.97   26.18   22.48    2.54   80.52  654.29  674.19   15.56  529.19   42.29
   166    0.96   25.83   21.91    2.97   78.48  641.98  669.37   16.30  502.55   35.88
   167    1.02   25.97   22.27    2.66   79.83  643.70  665.65   14.22  519.68   39.79
   168    0.96   25.89   22.26    2.86   78.98  638.29  663.61   14.26  518.77   36.98
   169    0.97   26.20   22.14    2.79   79.43  652.37  676.52   17.88  513.54   38.58
   170    1.01   25.89   22.12    2.75   79.41  634.96  658.35   13.41  512.54   38.14
   171    1.02   25.70   21.69    3.00   78.54  631.05  658.98   15.41  493.11   34.98
   172    1.03   25.98   21.71    2.94   78.74  637.93  664.70   15.53  493.61   36.03
   173    0.99   26.07   21.79    2.86   79.07  641.98  667.27   15.60  497.36   37.20
   174    1.00   25.74   21.67    2.93   78.77  635.48  662.21   15.10  491.89   35.93
   175    1.05   25.75   21.78    2.72   79.33  637.61  660.53   13.28  497.27   38.66
   176    0.95   25.57   21.76    2.84   78.99  630.73  655.70   15.38  496.23   36.79
   177    0.99   25.43   22.06    2.93   79.07  628.60  655.20   15.89  509.81   35.63
   178    0.98   25.74   21.63    3.30   77.42  635.65  669.42   15.13  490.21   32.35
   179    0.99   25.95   21.50    3.26   77.53  640.30  673.28   16.62  484.14   32.92
   180    1.01   26.05   21.85    3.26   77.56  645.03  678.17   15.95  500.17   33.08
   181    0.99   25.95   21.90    2.97   78.74  643.98  671.38   15.57  502.35   35.98
   182    1.02   26.06   21.92    3.07   78.24  647.42  676.77   15.51  503.97   35.05
   183    0.98   25.92   22.07    3.06   78.15  641.92  670.94   14.32  510.61   34.94
   184    0.96   25.96   22.07    3.33   77.28  646.46  680.85   15.47  510.07   32.61
   185    0.94   25.74   22.17    3.09   78.31  639.24  668.87   17.08  514.77   34.49
   186    1.03   25.94   22.15    2.88   79.03  639.05  664.71   15.02  513.92   36.80
   187    0.94   25.84   22.27    2.88   78.79  627.84  653.62   14.12  519.67   36.10
   188    1.00   25.71   22.59    2.61   80.10  629.07  650.19   15.41  534.45   39.63
   189    0.97   25.66   22.67    2.49   80.56  636.34  655.47   15.14  538.46   41.94
   190    0.94   25.94   22.67    2.81   79.39  645.68  670.07   14.92  538.44   38.03
   191    0.93   26.01   22.55    2.70   79.76  651.36  673.91   14.66  532.69   39.76
   192    0.94   25.66   22.75    2.65   79.94  635.25  656.95   16.18  542.21   39.49
   193    0.92   25.87   22.58    2.59   80.08  639.03  659.74   14.78  534.01   40.59
   194    0.94   25.67   22.54    2.64   79.96  634.85  656.36   13.32  532.25   39.64
   195    0.98   25.84   22.38    2.39   80.88  633.58  651.20   14.62  524.79   43.38
   196    1.00   25.61   22.20    2.47   80.66  628.08  646.85   16.12  516.23   41.77
   197    0.98   25.60   22.34    2.55   80.13  627.91  648.06   16.00  523.07   40.42
   198    0.99   25.33   22.24    2.50   80.14  616.80  636.10   15.40  518.42   40.53
   199    0.93   25.42   22.39    2.71   79.43  616.03  638.81   16.12  525.59   37.51
   200    1.05   24.67   21.97    2.72   79.15  597.03  620.04   14.04  506.72   36.24
   201    0.99   24.99   22.05    2.68   79.37  604.09  626.36   13.28  511.39   37.20
   202    0.94   24.77   22.06    2.56   79.84  591.92  612.18   15.32  511.20   38.09
   203    0.99   24.62   22.23    2.74   79.02  585.81  609.09   15.80  519.23   35.40
   204    0.92   24.62   21.95    2.48   80.01  587.70  606.72   16.13  506.26   38.96
   205    0.93   24.67   21.99    2.62   79.52  585.79  607.11   15.16  507.74   36.84
   206    1.03   24.72   22.14    2.45   80.18  587.17  605.74   14.31  514.41   39.34
   207    0.98   24.33   21.92    2.84   78.24  569.03  594.09   16.03  504.61   33.29
   208    0.91   24.48   22.42    2.66   79.12  574.35  596.31   15.43  527.76   35.67
   209    0.99   24.18   22.43    2.66   78.97  570.46  592.43   15.63  528.49   35.43
   210    0.90   24.50   22.36    2.71   79.05  584.44  607.21   15.43  525.04   35.67
   211    0.93   24.52   22.03    2.71   79.24  586.45  609.27   15.37  510.40   35.75
   212    0.94   24.40   22.04    3.00   78.09  578.90  606.91   15.90  510.48   32.19
   213    0.84   24.12   21.98    2.78   78.94  575.36  599.25   13.82  507.95   34.39
   214    0.89   23.83   22.24    2.94   78.12  563.00  589.80   15.33  521.74   31.97
   215    1.00   24.14   22.10    2.82   78.56  572.80  597.54   15.34  514.27   33.70
   216    0.97   24.12   22.51    2.81   78.51  570.84  595.34   14.44  533.26   33.74
   217    0.88   24.19   22.24    2.73   78.93  573.11  596.25   13.76  521.71   34.76
   218    0.96   23.59   22.42    2.85   78.39  554.72  579.93   13.24  529.29   32.41
   219    0.93   23.89   22.23    2.88   78.23  554.34  580.09   14.41  520.48   32.08
   220    0.93   23.73   21.91    3.14   77.26  556.95  587.57   13.42  505.75   29.82
   221    0.89   23.93   22.11    2.95   78.14  571.59  598.65   16.73  515.32   32.30
   222    0.87   23.90   22.06    3.11   77.73  572.57  602.71   13.95  510.65   30.83
   223    0.91   24.02   22.17    3.27   76.87  573.77  607.09   14.83  516.43   29.55
   224    0.95   24.20   22.09    2.97   78.35  582.56  609.92   16.09  513.60   32.72
   225    0.93   24.20   22.29    2.80   78.90  582.64  606.89   13.47  522.80   34.57
   226    0.89   24.62   22.53    2.72   79.25  592.52  615.45   15.25  534.33   36.03
   227    0.96   24.51   22.53    2.40   80.55  589.26  607.08   15.86  533.97   40.24
   228    0.98   24.29   22.47    2.36   80.84  583.40  600.63   13.00  530.38   40.48
   229    1.02   24.11   22.71    2.41   80.47  571.50  589.46   15.28  542.72   38.93
   230    1.04   23.88   22.37    2.55   79.98  569.60  589.67   12.62  526.85   36.88
   231    1.03   23.73   22.69    2.54   79.76  560.00  580.01   15.31  541.71   36.33
   232    0.94   23.84   23.00    2.67   79.33  564.32  586.43   13.82  556.52   34.97
   233    0.95   23.67   22.87    2.48   79.77  554.49  573.46   15.73  550.61   36.88
   234    1.01   24.22   22.90    2.38   80.54  575.44  592.89   15.64  551.16   39.71
   235    1.11   23.85   22.97    2.63   79.56  565.06  586.51   14.67  554.04   35.50
   236    1.01   23.90   22.85    2.79   79.28  575.93  600.09   14.10  548.20   34.24
   237    1.09   24.10   22.66    2.77   79.21  575.42  599.24   14.94  539.37   34.44
   238    1.08   24.22   22.92    2.58   80.03  576.42  597.02   14.67  550.56   36.86
   239    1.08   24.16   22.61    2.60   79.92  575.31  596.24   12.51  535.90   36.52
   240    0.96   24.07   22.65    2.60   79.83  575.72  596.72   15.28  537.83   36.49
   241    0.98   24.34   22.49    2.67   79.78  587.08  609.25   15.43  530.09   36.27
   242    0.96   24.56   22.22    2.58   80.26  587.26  607.80   13.98  517.27   37.57
   243    0.99   24.65   22.18    2.70   79.92  595.60  618.19   15.43  515.28   36.46
   244    1.03   24.43   22.45    2.59   80.08  582.33  603.12   14.48  528.08   37.07
   245    0.98   24.42   22.26    2.38   80.79  582.00  599.48   15.28  519.63   40.13
   246    0.96   24.46   22.49    2.58   80.15  582.83  603.47   14.78  529.74   37.22
   247    0.89   24.20   22.55    2.34   81.09  576.31  593.20   13.85  532.72   40.39
   248    0.94   24.15   22.29    2.33   80.71  564.55  581.30   14.04  521.46   39.74
   249    0.95   23.75   22.47    2.59   79.65  548.23  569.09   16.00  529.12   34.92
   250    1.02   23.94   22.26    2.39   80.49  563.24  580.91   17.18  519.11   38.68
   251    0.99   23.54   22.01    2.59   79.60  549.51  570.26   15.52  507.83   35.09
   252    0.96   23.58   22.24    2.49   80.16  552.71  571.92   16.41  518.04   36.55
   253    1.00   23.60   22.42    2.56   79.82  554.35  574.70   15.86  526.47   35.70
   254    0.95   23.84   22.60    2.61   79.73  561.18  582.29   17.61  535.23   35.52
   255    1.08   23.76   22.79    2.32   80.93  562.39  579.01   16.48  544.22   39.74
   256    0.99   23.72   22.76    2.42   80.49  556.72  574.84   16.48  542.73   37.82
   257    1.04   23.95   23.12    2.49   80.49  567.96  587.11   16.20  559.70   37.57
   258    1.01   24.23   22.97    2.16   81.97  579.77  594.18   15.57  553.02   43.73
   259    1.04   24.30   22.80    2.09   82.02  579.78  593.19   15.21  544.70   45.21
   260    1.01   24.46   22.80    2.01   82.21  592.30  604.69   17.70  544.96   47.91
   261    1.01   24.88   22.46    1.97   82.55  610.39  622.22   17.45  528.63   50.40
   262    1.00   25.14   22.49    1.98   82.60  623.68  635.64   17.67  530.26   51.20
   263    0.95   24.86   22.63    2.27   81.21  611.88  627.80   17.38  537.46   43.98
   264    0.96   24.38   22.75    2.16   81.78  594.35  608.67   18.82  543.87   44.91
   265    1.04   24.55   22.26    2.13   81.91  600.74  614.73   17.83  519.37   45.88
   266    1.02   24.74   22.34    2.39   80.64  604.36  622.03   18.32  523.08   41.40
   267    0.94   25.03   22.58    2.56   80.18  620.64  640.83   18.55  534.11   39.93
   268    1.08   24.73   22.20    2.84   78.74  604.72  629.71   16.22  516.47   35.33
   269    1.02   25.13   22.60    2.49   80.17  621.50  640.73   17.07  534.72   40.90
   270    1.01   25.48   22.75    2.43   80.88  632.87  651.05   18.54  542.45   42.71
   271    1.09   25.17   22.83    2.32   81.06  619.13  635.76   17.03  545.90   43.58
   272    1.07   25.27   22.72    2.72   79.64  631.06  653.91   16.17  541.15   38.34
   273    0.98   25.69   22.56    2.49   80.76  643.15  662.37   15.99  533.08   42.28
   274    0.96   25.56   22.74    2.54   80.67  640.61  660.50   16.78  542.24   41.45
   275    0.96   25.40   22.65    2.58   80.27  627.88  648.51   15.85  537.19   39.98
   276    1.19   25.75   22.60    2.81   79.69  641.93  666.41   14.72  534.81   37.76
   277    1.08   25.51   22.59    2.78   79.83  632.14  656.03   13.95  534.66   37.62
   278    1.00   25.90   22.42    2.39   81.57  647.18  664.78   15.37  526.31   44.30
   279    1.03   26.11   22.62    2.47   81.17  664.67  683.42   14.89  536.58   44.14
   280    0.97   25.89   22.81    2.75   79.98  657.54  680.98   14.01  546.46   39.41
   281    0.94   26.10   22.62    2.68   80.19  662.26  684.52   15.22  536.90   40.63
   282    0.90   26.25   22.95    2.62   80.38  668.38  689.58   15.31  552.15   41.92
   283    0.92   26.09   22.89    2.42   81.22  661.16  679.18   16.49  549.33   44.73
   284    0.90   26.41   22.89    2.48   80.94  674.40  693.42   16.96  548.92   44.47
   285    0.98   26.11   22.70    2.44   81.01  650.35  668.74   13.86  540.28   43.61
   286    1.00   25.74   22.90    2.70   80.02  637.62  660.27   14.46  549.87   38.87
   287    0.98   25.77   22.67    2.62   80.48  642.33  663.57   16.00  539.33   40.32
   288    0.99   25.90   22.77    2.53   80.69  642.03  661.83   17.24  544.07   41.62
   289    0.96   25.68   23.20    2.55   80.67  640.64  660.67   16.15  564.18   41.32
   290    0.97   25.70   23.13    2.67   80.11  636.25  658.25   17.13  560.74   39.31
   291    0.95   25.93   23.30    2.63   80.33  651.70  673.03   15.41  569.45   40.80
   292    0.94   25.99   23.51    2.75   79.82  657.67  681.04   15.32  579.42   39.46
   293    0.97   25.96   23.41    2.39   81.53  660.34  677.99   15.78  574.33   45.11
   294    0.95   25.84   23.39    2.30   82.00  651.58  667.82   16.48  573.25   46.29
   295    0.89   26.08   23.66    2.36   81.80  669.05  686.17   14.97  587.32   46.34
   296    0.91   26.58   23.50    2.33   82.34  697.98  714.65   15.03  580.93   48.88
   297    0.93   26.36   23.86    2.16   82.53  681.99  696.23   15.79  598.68   51.43
   298    0.92   26.29   23.85    2.13   82.50  679.61  693.46   15.13  598.89   51.93
   299    0.97   26.61   23.63    2.19   82.82  697.89  712.63   16.23  589.06   51.75
   300    0.99   26.73   23.87    2.10   82.96  701.71  715.22   16.96  601.45   54.19
   301    0.91   26.73   23.47    2.34   82.20  705.07  721.85   14.92  580.58   49.20
   302    0.96   26.93   23.66    2.10   83.54  715.15  728.58   14.68  592.97   55.37
   303    0.94   26.88   23.62    2.18   82.83  716.65  731.24   14.62  588.19   53.36
   304    0.91   26.83   23.73    2.05   83.34  713.33  726.22   13.45  594.58   56.29
   305    0.97   26.86   23.48    2.27   82.21  706.02  721.87   13.28  580.16   50.59
   306    1.01   26.99   22.98    2.31   82.20  711.33  727.78   15.26  555.06   50.10
   307    1.03   26.64   23.24    2.40   81.78  697.47  715.18   13.58  568.93   47.48
   308    0.96   26.85   23.51    2.06   83.44  711.30  724.32   11.81  583.69   55.88
   309    0.93   26.41   23.38    2.07   83.18  691.26  704.40   13.74  576.49   54.11
   310    0.97   26.79   23.47    2.17   82.58  710.11  724.57   12.27  579.80   53.12
   311    1.01   26.58   23.66    2.16   82.48  698.20  712.52   10.71  590.74   52.47
   312    0.97   26.54   23.13    2.27   82.16  691.72  707.57   12.60  563.39   49.61
   313    0.94   26.42   23.13    2.13   82.57  685.76  699.70   14.57  564.34   52.23
   314    0.99   26.90   23.10    2.38   82.02  702.76  720.26   13.06  562.87   48.09
   315    1.05   27.35   23.31    1.98   83.60  724.70  736.61   13.58  572.25   59.32
   316    1.04   27.18   23.37    2.26   82.46  707.95  723.67   14.14  576.37   50.92
   317    1.04   27.32   23.38    2.41   82.08  712.44  730.29   13.39  575.38   48.29
   318    1.05   27.33   23.31    2.45   81.90  717.62  736.07   11.56  571.22   47.89
   319    1.00   27.37   23.55    2.31   82.49  724.49  740.93   13.34  583.66   51.01
   320    1.00   27.62   23.29    2.30   82.28  737.95  754.19   10.89  572.74   52.22
   321    1.00   27.45   23.29    2.18   82.63  734.68  749.29   12.55  572.90   54.62
   322    1.05   27.43   23.25    2.02   83.35  735.50  747.98   12.02  571.33   58.88
   323    0.99   27.84   23.55    2.15   83.23  745.24  759.38   11.67  585.48   56.23
   324    1.00   27.50   23.52    2.32   82.61  737.18  753.71   10.84  586.09   51.74
   325    1.03   27.34   23.60    2.49   81.72  736.39  755.52   11.79  589.83   48.28
   326    1.03   26.99   23.59    2.22   82.77  715.02  730.15   11.60  589.68   52.34
   327    0.99   27.33   23.66    2.44   81.80  725.92  744.22   12.13  590.79   48.61
   328    0.95   26.90   23.91    2.18   82.72  707.94  722.55   10.78  605.93   52.68
   329    0.97   27.13   23.70    2.25   82.49  720.10  735.58   11.32  593.30   52.13
   330    1.05   26.80   23.85    2.06   82.98  705.96  718.92   10.76  599.13   55.60
   331    0.98   26.88   23.85    2.08   82.83  716.77  730.05   12.49  600.60   55.77
   332    1.04   27.65   24.08    2.17   82.85  746.18  760.56   11.84  614.26   55.85
   333    1.01   27.58   23.97    2.43   81.74  747.44  765.57   13.34  607.17   50.21
   334    1.08   27.33   23.96    2.05   82.93  736.11  748.93   11.37  606.32   58.18
   335    1.03   27.76   23.61    2.22   82.30  745.83  760.92   10.40  589.16   54.59
   336    0.99   27.44   23.64    2.14   82.82  735.31  749.37   10.34  590.75   55.65
   337    1.01   27.40   23.52    2.22   82.62  736.58  751.74    8.86  588.66   53.82
   338    1.05   27.44   23.46    2.18   82.63  732.20  746.74   10.81  584.10   54.56
   339    1.01   27.64   23.73    2.60   81.28  749.24  770.03   12.14  598.38   47.23
   340    0.91   27.50   23.53    2.38   81.99  736.62  754.02   13.61  586.27   50.47
   341    0.94   27.46   23.38    2.41   81.88  739.27  757.19   13.01  577.13   49.94
   342    0.93   27.47   23.33    2.29   82.17  732.77  748.88   12.58  575.48   52.05
   343    0.96   27.14   23.22    2.74   80.31  716.67  739.89   13.82  573.99   43.00
   344    0.98   27.58   23.16    2.60   81.03  746.13  767.02   13.42  568.28   46.93
   345    0.94   27.39   23.53    2.01   83.32  740.35  752.68   13.40  586.73   59.59
   346    0.97   27.27   23.30    2.27   82.64  735.25  751.03   13.02  574.66   52.71
   347    1.01   27.27   23.05    2.12   83.02  737.39  751.17   11.43  562.72   56.34
   348    0.98   27.54   22.80    2.35   82.41  749.52  766.52   12.30  549.95   51.87
   349    0.99   27.18   22.97    2.57   81.34  730.98  751.36   13.16  559.91   46.54
   350    1.00   27.39   23.16    2.21   82.59  744.76  759.75   11.91  571.33   54.70
   351    1.03   27.34   23.08    2.19   82.48  734.56  749.24   13.61  565.22   54.48
   352    1.00   27.40   23.25    2.23   82.36  743.77  759.01   13.78  573.64   54.20
   353    0.95   27.15   23.26    2.62   80.93  732.47  753.72   14.17  573.53   45.74
   354    0.95   27.24   23.15    2.44   81.58  735.95  754.29   11.48  566.49   49.20
   355    1.02   27.07   23.24    2.66   80.57  730.16  752.06   11.68  571.74   44.97
   356    1.08   27.06   23.32    2.74   80.66  729.65  752.90   12.76  576.80   43.71
   357    1.00   27.34   23.24    2.95   80.08  740.95  767.90   12.08  572.68   41.45
   358    0.99   27.59   23.06    2.72   81.14  762.96  785.85   12.14  564.33   45.96
   359    0.96   27.27   22.81    2.89   80.47  736.78  762.55   13.01  550.66   42.08
   360    0.95   27.31   23.14    2.80   80.83  740.46  764.63   14.16  565.53   43.55
   361    1.08   27.29   23.32    2.52   81.63  735.39  755.03   14.32  573.68   47.62
   362    0.93   27.14   22.95    2.67   80.82  737.08  759.13   11.73  555.73   45.23
   363    0.96   27.47   22.79    2.42   82.08  757.85  775.87   12.13  547.05   51.03
   364    0.95   27.32   22.73    2.42   81.55  754.37  772.36   13.23  545.14   50.84
   365    0.84   27.57   22.86    2.30   82.23  759.59  775.77   15.70  553.50   53.78
   366    0.87   27.60   22.95    2.79   80.58  768.00  792.03   17.53  556.77   45.22
   367    0.87   27.59   23.01    2.57   81.49  767.31  787.68   13.57  559.24   48.78
   368    0.91   27.17   22.91    2.41   81.98  740.17  757.97   13.05  554.42   50.17
   369    0.93   27.13   23.02    2.57   81.55  746.35  766.76   13.81  564.90   47.44
   370    0.88   27.20   22.74    2.92   80.12  740.02  766.45   13.15  548.89   41.77
   371    0.95   27.08   22.41    2.82   80.24  729.96  754.60   13.75  532.64   42.58
   372    1.01   27.32   22.44    2.70   80.96  736.45  758.95   12.50  533.01   44.77
   373    0.97   26.90   22.71    2.50   81.35  727.90  747.13   12.61  546.31   47.62
   374    0.95   27.16   22.84    2.64   80.93  745.24  766.79   14.57  554.67   46.20
   375    1.01   26.86   22.67    2.80   80.34  734.95  759.22   14.84  543.87   43.16
   376    0.98   27.16   23.16    2.56   81.45  746.49  766.65   15.30  570.13   47.73
   377    0.99   27.06   22.88    2.56   81.19  733.98  754.24   13.08  556.05   46.86
   378    1.01   27.65   22.72    2.37   82.15  764.07  781.37   12.73  546.42   52.43
   379    1.00   27.80   22.68    2.45   81.94  763.62  782.03   14.12  546.60   50.90
   380    0.95   27.85   22.93    2.30   82.27  771.39  787.66   15.34  557.55   54.44
   381    1.04   27.71   23.16    2.29   82.06  755.97  771.99   15.73  567.15   53.78
   382    1.00   27.78   23.38    2.50   81.46  758.81  778.04   15.27  578.09   49.57
   383    0.99   28.15   23.11    2.37   82.09  775.12  792.36   14.04  563.43   53.24
   384    1.05   27.77   23.25    2.36   82.03  750.20  767.27   15.47  571.01   51.83
   385    0.98   27.70   22.97    2.25   82.48  749.17  764.69   17.74  558.18   54.11
   386    1.02   27.50   23.24    2.39   81.81  742.51  760.02   15.49  574.34   50.71
   387    0.97   27.37   23.27    2.41   81.82  741.60  759.44   16.53  575.55   50.21
   388    1.04   27.13   23.28    2.32   82.06  737.93  754.44   14.83  575.69   51.80
   389    1.02   27.08   23.13    2.60   81.35  733.19  753.98   15.31  567.92   46.26
   390    0.95   26.89   23.04    2.53   81.57  722.23  741.99   14.20  561.86   46.67
   391    1.02   26.86   23.40    2.19   82.57  729.10  743.81   14.23  579.23   54.04
   392    0.99   27.12   23.63    2.28   82.48  738.49  754.41   13.66  590.79   52.73
   393    1.00   27.59   23.47    1.95   83.79  754.99  766.57   14.72  586.04   62.53
   394    0.96   27.36   23.63    2.02   83.47  750.91  763.35   16.61  594.89   60.17
   395    1.01   27.09   23.53    2.38   82.22  734.32  751.71   15.19  588.89   50.33
   396    0.94   26.70   23.67    2.65   80.94  719.97  741.60   15.70  597.45   44.62
   397    0.98   26.88   23.53    2.32   82.30  725.85  742.41   14.66  588.48   50.92
   398    1.04   26.67   23.35    2.36   82.11  716.75  733.83   13.95  577.28   49.58
   399    1.04   26.94   23.53    1.98   84.01  731.15  743.15   12.58  585.75   59.62
   400    1.05   27.09   23.49    2.17   83.26  743.82  758.29   13.61  584.44   55.53
   401    1.00   27.29   23.68    2.13   83.00  743.29  757.13   15.26  595.95   56.66
   402    1.10   27.60   23.53    2.25   82.59  758.51  774.08   13.61  587.34   54.68
   403    1.00   27.24   23.37    2.29   82.46  744.36  760.43   12.54  583.26   52.92
   404    0.99   27.34   23.59    2.71   80.90  746.07  768.81   13.84  592.93   45.11
   405    1.03   27.07   23.61    2.75   80.78  741.16  764.50   15.50  594.23   44.29
   406    1.01   27.35   23.61    2.53   81.55  754.01  773.65   13.46  595.56   48.78
   407    1.06   27.10   23.51    2.46   81.96  745.61  764.30   14.79  589.15   49.39
   408    1.05   27.49   23.46    2.51   81.92  758.42  777.80   14.77  584.60   49.37
   409    1.06   26.98   23.40    2.42   82.25  737.02  755.05   14.46  583.28   49.67
   410    1.02   27.01   23.35    2.51   81.72  741.64  760.99   13.43  583.07   48.34
   411    0.99   26.88   23.32    2.88   80.42  735.53  761.14   13.69  580.60   42.13
   412    1.02   27.15   23.60    2.80   80.83  748.07  772.32   13.96  593.81   43.91
   413    0.96   27.09   23.52    2.67   81.07  741.63  763.67   14.67  588.13   45.51
   414    1.03   26.83   23.65    2.49   81.76  727.85  746.90   13.81  593.60   47.83
   415    0.94   26.43   23.71    2.62   81.08  711.85  733.02   13.22  595.51   44.57
   416    0.99   26.76   23.70    2.70   80.92  725.13  747.65   13.04  593.69   44.09
   417    0.98   26.68   23.55    2.74   80.82  724.94  748.10   15.02  588.59   43.52
   418    0.96   26.54   23.91    2.59   81.30  724.81  745.47   15.35  607.91   45.87
   419    1.01   26.41   24.00    2.42   81.75  721.50  739.50   15.69  613.23   48.69
   420    1.03   26.34   23.67    2.63   80.94  714.94  736.30   13.04  593.44   44.57
   421    0.98   26.24   23.64    2.56   81.05  708.62  728.89   14.06  595.75   45.28
   422    1.00   26.27   23.30    2.50   81.53  709.89  729.18   14.73  578.11   46.41
   423    0.88   26.42   23.61    2.31   82.20  720.50  736.94   14.93  592.33   50.73
   424    0.99   26.43   23.69    2.15   82.96  714.87  729.00   13.35  598.83   54.03
   425    0.91   26.21   23.81    2.08   83.64  712.03  725.24   15.50  604.89   55.56
   426    0.89   26.14   23.91    2.31   82.82  711.50  727.92   13.64  611.57   50.15
   427    0.98   26.49   23.85    2.25   82.85  725.15  740.67   13.69  608.98   52.42
   428    1.00   26.08   23.99    2.24   82.75  712.85  728.27   14.70  620.98   51.72
   429    1.05   26.38   23.67    2.24   82.61  718.34  733.71   15.99  603.15   52.18
   430    1.04   26.25   24.05    2.29   82.93  716.55  732.61   16.06  620.29   51.00
   431    1.02   26.48   24.27    2.04   83.63  728.82  741.55   16.14  633.54   57.83
   432    1.03   26.64   24.48    1.99   83.86  738.59  750.61   14.82  642.43   60.17
   433    1.02   26.67   23.91    2.20   83.48  737.07  751.93   14.64  613.44   54.37
   434    1.03   26.42   23.92    2.25   82.99  723.57  739.04   12.78  610.90   52.40
   435    1.06   26.82   23.93    2.29   82.86  733.89  749.98   14.95  612.11   52.14
   436    0.96   26.67   23.91    2.10   83.56  727.30  740.78   14.39  612.94   56.17
   437    1.01   26.57   23.86    1.93   83.81  724.46  735.83   14.97  611.23   60.59
   438    0.97   26.54   24.05    1.94   83.93  726.68  738.16   17.40  618.31   60.50
   439    1.02   26.36   23.82    2.07   83.57  724.18  737.25   14.38  606.90   56.75
   440    0.96   26.38   23.82    2.14   83.01  720.52  734.55   15.33  605.77   54.63
   441    1.05   26.27   24.01    2.23   82.92  714.01  729.29   15.84  613.72   52.03
   442    1.02   26.47   24.03    2.20   82.89  714.09  728.95   16.19  615.14   52.72
   443    1.02   26.39   24.36    2.14   82.80  706.37  720.41   15.17  631.45   53.57
   444    0.98   26.81   24.46    2.16   83.19  734.53  748.78   16.74  637.69   55.24
   445    1.03   26.80   23.91    2.25   82.71  733.21  748.77   16.12  609.17   52.94
   446    1.01   26.51   24.39    2.41   82.40  728.34  746.21   15.53  635.34   49.31
   447    1.06   26.60   24.45    2.29   82.72  727.02  743.15   16.74  638.68   51.64
   448    1.00   26.76   24.22    2.37   82.73  734.75  751.97   15.58  625.14   50.59
   449    1.00   26.46   24.02    2.37   82.70  718.94  736.17   15.84  612.70   49.52
   450    0.95   26.15   24.05    2.34   82.50  707.64  724.41   13.97  614.51   49.39
   451    0.94   26.13   24.06    2.48   81.87  702.19  721.15   15.92  616.57   46.30
   452    0.97   25.98   24.34    2.08   83.18  692.27  705.56   14.02  628.47   53.92
   453    0.95   26.25   24.48    2.49   81.86  705.92  724.96   14.87  638.89   46.45
   454    0.95   25.85   24.45    2.41   81.72  695.22  713.10   15.39  634.59   47.11
   455    0.95   25.79   24.41    2.37   82.03  687.99  705.31   15.53  632.15   47.35
   456    0.95   25.48   24.48    2.31   82.35  681.32  697.68   14.63  638.48   48.17
   457    0.95   25.87   24.59    2.18   83.01  691.61  706.15   15.17  645.43   51.64
   458    1.03   25.80   24.71    2.06   83.35  692.32  705.33   13.73  656.39   54.45
   459    0.98   25.83   24.55    2.05   83.28  698.06  710.84   14.09  645.89   55.33
   460    1.02   26.28   24.70    1.77   84.18  713.11  722.62   13.79  659.12   64.90
   461    1.05   26.05   24.59    1.93   84.13  700.96  712.33   12.40  652.99   58.72
   462    1.14   26.19   24.44    2.01   83.75  707.54  719.86   14.01  639.52   57.04
   463    0.97   26.36   24.21    2.04   83.38  721.94  734.68   14.70  631.95   57.27
   464    0.99   26.26   24.08    2.00   83.20  718.89  731.11   13.91  625.48   58.15
   465    0.93   26.07   23.90    2.05   83.18  706.95  719.81   15.16  614.62   55.86
   466    1.06   26.35   23.97    1.90   83.89  714.25  725.26   14.18  620.72   60.68
   467    1.02   26.42   23.97    1.70   84.62  724.00  732.75   14.34  619.84   68.49
   468    1.03   26.09   24.05    2.05   83.67  711.70  724.52   13.21  622.93   56.30
   469    1.04   26.50   24.10    1.87   84.50  724.44  735.05   15.16  626.82   62.60
   470    0.95   26.24   24.54    1.62   85.29  715.44  723.36   14.04  651.21   70.91
   471    1.05   26.27   24.44    2.09   83.33  715.72  729.13   13.17  640.37   55.44
   472    1.01   26.17   24.39    2.10   83.49  711.77  725.32   13.45  637.93   54.87
   473    0.99   26.04   24.22    2.10   83.30  704.68  718.19   13.72  630.28   54.42
   474    1.02   26.09   24.18    2.26   82.26  703.15  718.80   14.40  624.55   50.69
   475    0.93   25.87   23.76    2.17   82.67  693.94  708.42   15.76  604.08   51.89
   476    1.00   25.82   23.99    2.26   82.44  690.34  705.97   13.80  616.08   49.84
   477    1.08   25.94   24.07    2.25   82.65  693.56  709.08   14.40  619.35   50.22
   478    0.97   25.67   24.12    2.36   82.07  686.20  703.35   16.14  621.77   47.44
   479    1.05   25.52   24.27    2.31   82.15  680.53  696.91   15.05  630.59   48.08
   480    1.04   25.73   24.38    2.00   83.08  689.14  701.32   15.45  635.71   55.91
   481    0.99   25.60   24.08    1.96   82.95  674.99  686.76   15.54  620.43   55.69
   482    1.02   25.42   24.24    2.11   82.28  669.31  683.02   15.34  630.25   51.43
   483    1.02   25.11   23.95    2.09   82.47  653.14  666.55   16.89  613.27   50.73
   484    1.02   24.95   24.05    2.22   82.06  647.80  663.01   17.04  616.08   47.47
   485    1.05   25.15   24.01    2.01   82.80  651.43  663.85   15.30  613.76   52.46
   486    1.00   24.94   23.56    2.20   82.14  650.43  665.24   15.23  591.35   48.25
   487    1.02   25.08   23.69    2.31   82.06  658.24  674.70   15.11  597.86   46.45
   488    1.01   25.09   23.73    2.46   81.05  651.40  670.04   14.27  599.25   43.41
   489    1.00   24.79   24.00    2.00   83.02  644.79  657.06   13.29  613.64   52.23
   490    1.03   24.91   24.09    2.29   82.22  639.72  655.92   13.57  617.35   45.53
   491    1.07   24.91   23.90    2.17   82.34  645.72  660.13   14.90  607.18   48.52
   492    1.04   25.26   23.66    2.16   82.67  657.59  671.95   16.25  594.01   49.46
   493    1.09   25.27   23.90    1.97   83.40  662.03  673.88   16.44  605.97   54.49
   494    1.11   24.99   24.02    1.94   83.43  647.01  658.52   16.41  613.90   54.00
   495    1.03   25.03   24.21    1.77   83.99  647.94  657.41   16.01  624.71   59.25
   496    1.03   25.37   24.21    1.80   83.79  664.03  673.84   14.00  622.87   59.70
   497    1.13   25.18   24.34    1.57   84.81  653.13  660.58   14.52  628.79   66.79
   498    1.21   24.85   24.24    1.70   84.14  643.77  652.51   13.79  624.35   61.14
   499    1.19   25.11   24.24    1.63   84.16  655.00  662.96   14.15  621.12   64.95
   500    1.09   24.79   23.98    2.04   82.73  638.55  651.26   14.86  609.22   50.90
   501    1.11   25.31   24.15    1.88   83.50  662.84  673.55   15.02  618.64   57.17
   502    1.13   25.27   24.07    1.79   83.75  658.67  668.37   14.20  613.86   59.53
   503    1.15   25.26   24.47    1.64   84.45  657.23  665.32   11.61  635.07   64.68
   504    1.14   25.00   24.27    1.61   84.77  652.83  660.61   11.94  624.73   65.47
   505    1.05   25.04   24.10    2.17   82.89  654.38  668.78   11.62  616.90   49.17
   506    1.15   24.75   24.06    1.97   83.23  643.83  655.73   12.01  614.41   52.91
   507    1.14   25.29   24.26    1.67   84.49  666.89  675.27   11.88  625.55   64.52
   508    1.18   25.29   24.41    1.67   84.69  670.34  678.73   11.91  635.39   64.80
   509    1.16   24.85   24.24    1.86   83.93  651.09  661.60   13.32  626.82   56.68
   510    1.15   25.13   24.38    1.75   84.02  654.49  663.82   12.32  634.62   60.28
   511    1.11   25.19   23.95    2.12   81.93  657.22  671.01   14.04  611.04   50.39
   512    1.10   25.09   24.08    2.02   82.32  652.90  665.32   13.98  616.35   52.57
   513    1.12   24.92   23.87    2.06   82.33  648.37  661.34   13.69  605.10   51.16
   514    1.15   24.85   23.85    1.88   83.41  651.08  661.83   13.80  606.15   56.10
   515    1.14   25.23   24.00    2.03   83.09  664.99  677.65   12.66  612.28   53.05
   516    1.12   24.87   24.04    1.93   83.47  639.76  651.10   12.78  614.92   53.78
   517    1.07   24.89   23.63    2.10   82.99  648.45  661.95   13.27  596.07   50.23
   518    1.15   25.33   23.71    2.43   81.68  667.29  685.56   11.52  597.37   44.84
   519    1.14   25.92   23.49    2.27   82.66  684.41  700.26   11.29  588.10   49.10
   520    1.02   25.82   23.28    2.37   82.15  688.48  705.80   12.30  576.35   47.38
   521    1.09   25.84   23.13    2.42   81.72  689.86  707.88   10.66  570.61   46.60
   522    1.09   26.24   23.35    2.09   83.10  703.58  716.88   10.78  578.94   54.74
   523    1.06   25.85   23.68    2.19   82.17  683.37  698.11   11.48  595.89   50.72
   524    1.09   25.72   23.69    2.00   82.77  665.50  677.72   13.26  596.61   53.95
   525    1.13   26.07   23.07    2.25   81.72  695.29  710.88   11.47  565.07   50.23
   526    1.20   25.89   23.19    1.79   83.52  677.25  687.02   11.25  570.69   60.98
   527    1.13   25.64   23.13    2.09   82.17  672.24  685.68   13.21  568.76   52.13
   528    1.14   26.15   23.34    1.84   83.44  689.69  699.95   10.29  579.07   60.63
   529    1.16   26.11   23.60    2.03   82.71  692.38  705.01   10.98  589.81   55.22
   530    1.05   25.94   23.75    1.99   82.65  687.77  699.82   11.95  596.78   56.08
   531    1.19   26.29   23.39    2.23   82.19  699.08  714.29   10.52  580.10   51.09
   532    1.15   26.27   23.68    2.22   82.01  697.62  712.79   11.00  592.59   51.05
   533    1.15   26.10   23.59    2.38   81.45  681.06  698.50   10.52  587.87   46.74
   534    1.20   26.15   23.52    2.38   82.05  686.50  703.91    9.99  583.96   47.12
   535    1.18   26.25   23.51    2.24   82.51  689.62  705.01   11.01  583.78   50.14
   536    1.12   26.28   23.74    2.22   82.26  691.66  706.78    9.77  595.02   50.71
   537    1.19   26.03   23.96    2.23   82.22  682.07  697.39   12.15  605.36   49.72
   538    1.15   25.99   23.95    2.20   82.02  679.20  694.03   11.45  605.86   50.27
   539    1.15   25.86   23.86    2.13   81.85  679.95  693.86   12.57  600.54   51.86
   540    1.09   25.73   24.32    2.00   82.67  672.02  684.27   12.81  624.86   54.40
   541    1.18   25.97   24.24    1.96   82.68  685.12  696.78   13.71  620.29   56.74
   542    1.21   26.01   24.17    2.22   81.87  683.80  698.90   13.05  616.91   50.19
   543    1.21   25.93   24.06    2.06   82.76  682.40  695.41   12.45  612.01   53.70
   544    1.17   26.04   24.40    2.20   82.17  687.12  701.93   13.16  628.09   50.87
   545    1.18   25.96   24.68    1.97   83.09  688.28  700.15   12.62  642.40   56.53
   546    1.15   25.83   24.41    2.01   82.62  684.01  696.35   12.92  630.58   55.17
   547    1.13   25.86   24.26    2.31   81.57  689.56  705.96   11.31  623.93   48.68
   548    1.25   25.82   24.22    2.38   81.27  685.66  703.12   10.19  620.03   47.02
   549    1.20   25.76   24.19    2.21   82.08  683.31  698.36   11.08  617.87   50.23
   550    1.15   25.71   24.32    2.08   82.75  684.25  697.51   11.62  622.58   53.36
   551    1.16   25.51   24.31    2.28   81.97  676.78  692.80   10.60  624.74   48.33
   552    1.13   25.74   24.26    2.43   81.46  693.07  711.29   11.43  623.91   46.56
   553    1.19   25.81   24.36    1.97   83.12  685.85  697.75   11.48  630.14   56.26
   554    1.19   25.73   24.44    2.17   82.55  682.90  697.40   13.09  633.23   51.07
   555    1.24   25.79   24.44    1.82   83.55  680.09  690.20   11.09  633.37   60.23
   556    1.22   25.72   24.43    2.52   81.28  678.98  698.62   11.75  633.50   44.10
   557    1.20   26.15   24.46    2.04   83.04  706.84  719.55    9.51  634.11   56.17
   558    1.15   26.21   24.57    2.34   81.98  705.61  722.52   10.31  638.29   49.07
   559    1.17   26.03   24.66    2.16   82.56  711.22  725.46   11.25  645.36   53.59
   560    1.12   26.26   24.44    2.20   82.54  722.48  737.37   11.67  632.85   53.27
   561    1.20   26.36   24.53    2.10   82.58  714.52  728.04   10.58  635.72   55.15
   562    1.25   26.64   24.83    2.23   82.53  730.69  745.89   10.12  652.70   53.34
   563    1.22   26.45   24.75    2.13   82.54  720.75  734.68   10.56  645.79   54.82
   564    1.28   26.61   24.85    2.26   82.13  713.46  729.13   10.14  651.61   51.38
   565    1.26   26.51   24.85    2.40   81.94  714.72  732.39   10.71  650.84   48.67
   566    1.26   26.61   24.60    2.33   82.34  710.62  727.28    9.39  636.88   49.74
   567    1.27   26.80   25.11    2.07   83.29  724.19  737.25   11.13  664.69   56.78
   568    1.21   27.35   24.89    1.99   83.88  752.33  764.36   10.76  653.48   61.21
   569    1.17   27.29   24.99    2.07   83.09  750.33  763.37   11.40  658.79   58.79
   570    1.18   27.11   25.14    2.09   83.27  744.38  757.68   11.68  666.40   57.82
   571    1.16   27.16   24.85    2.08   82.83  743.52  756.66   11.56  651.79   58.07
   572    1.18   27.05   24.79    2.05   83.07  739.00  751.82   11.04  650.57   58.41
   573    1.15   26.95   24.88    2.05   82.93  742.15  755.02   10.34  653.43   58.54
   574    1.20   26.84   24.60    2.10   82.28  732.36  745.86   10.66  638.64   56.50
   575    1.19   26.80   24.56    2.06   82.15  730.25  743.18   13.77  636.65   57.52
   576    1.07   26.81   24.43    2.01   82.35  727.26  739.57   11.82  629.25   58.62
   577    1.15   26.85   24.63    2.02   82.21  726.68  739.07   12.12  638.28   58.38
   578    1.15   26.93   24.51    2.03   82.34  730.97  743.49   10.92  634.26   58.43
   579    1.21   26.91   24.23    2.15   81.96  727.49  741.58   11.98  617.98   55.03
   580    1.17   27.07   23.97    2.26   81.86  737.26  752.89   11.55  605.19   53.11
   581    1.12   26.70   24.09    2.13   82.09  709.35  723.20   11.00  610.08   54.13
   582    1.21   26.99   23.84    2.27   81.80  721.23  737.01   13.84  597.82   51.76
   583    1.22   27.29   24.26    2.00   82.86  739.24  751.48   13.12  620.08   59.71
   584    1.18   27.26   24.35    1.80   83.66  727.66  737.42   12.45  622.85   65.37
   585    1.17   27.32   24.23    1.70   84.23  735.68  744.42   12.42  616.95   69.60
   586    1.12   27.44   24.33    1.54   84.90  741.37  748.45   12.96  622.39   77.32
   587    1.24   27.26   24.09    1.76   83.74  733.41  742.75   13.44  609.82   67.26
   588    1.16   27.48   24.33    1.87   83.81  741.40  751.96   13.13  620.72   64.14
   589    1.22   27.20   24.44    1.89   83.67  734.91  745.71   12.14  627.90   62.95
   590    1.21   26.64   24.67    1.81   83.75  719.93  729.84   13.72  640.48   64.25
   591    1.18   26.80   24.64    1.90   83.22  719.16  730.19   11.61  636.90   61.05
   592    1.21   27.13   24.63    2.11   82.80  741.41  755.05   13.01  637.50   56.90
   593    1.20   27.29   24.28    1.92   83.19  736.14  747.40   10.31  618.39   61.83
   594    1.19   27.42   24.12    2.03   82.91  734.46  747.01   10.84  610.97   58.64
   595    1.19   27.72   24.20    2.00   83.20  757.33  769.50   10.78  615.69   61.28
   596    1.22   27.86   24.31    2.24   82.13  764.06  779.38   11.79  620.55   55.49
   597    1.22   27.63   23.97    2.24   82.12  758.12  773.54   10.84  604.25   54.91
   598    1.23   27.77   24.35    1.89   83.09  758.47  769.25   11.97  625.08   64.96
   599    1.17   27.46   24.18    2.07   82.29  746.49  759.56   11.32  615.38   58.44
   600    1.18   27.32   24.08    2.13   82.14  748.40  762.23   12.00  612.48   57.05
   601    1.18   27.52   24.40    2.03   82.59  763.86  776.37   12.31  629.02   60.99
   602    1.21   27.30   24.45    1.96   83.01  752.70  764.37   11.00  630.35   62.14
   603    1.16   27.23   24.49    1.69   83.78  746.12  754.68   11.08  632.95   71.20
   604    1.20   27.04   24.22    2.06   82.10  742.34  755.31   11.19  620.10   58.34
   605    1.22   27.30   24.38    1.91   83.41  750.90  761.93   12.02  628.02   63.64
   606    1.25   27.55   24.25    2.19   82.55  763.40  778.05   12.40  621.62   56.61
   607    1.23   27.23   24.38    2.03   82.56  736.79  749.34   11.43  627.44   58.82
   608    1.19   27.48   24.30    2.18   82.23  759.05  773.60   13.53  626.17   56.49
   609    1.17   27.50   24.34    2.15   82.08  759.86  774.03   12.19  627.09   57.24
   610    1.20   27.54   24.46    1.99   82.22  762.35  774.44   11.34  631.97   61.88
   611    1.23   27.01   24.35    2.05   82.05  727.92  740.78   10.73  625.46   57.47
   612    1.19   26.82   24.25    2.06   82.47  725.06  738.00   11.90  619.36   57.10
   613    1.24   26.74   24.55    2.04   82.65  726.41  739.17   12.66  636.15   57.56
   614    1.21   26.98   24.23    1.87   83.12  731.24  741.87    9.64  619.92   63.12
   615    1.23   27.22   24.25    1.70   83.50  740.17  748.92   11.30  620.74   69.95
   616    1.23   26.89   24.09    1.65   83.61  728.17  736.30   10.13  613.64   71.24
   617    1.27   26.68   24.05    1.82   83.00  715.68  725.75   10.29  610.23   63.41
   618    1.27   27.05   24.06    1.97   82.19  726.41  738.23   11.99  609.98   59.65
   619    1.24   27.14   24.10    2.20   81.62  734.67  749.55   11.61  613.59   54.15
   620    1.34   26.89   24.11    2.11   81.99  723.47  737.05   11.74  615.24   55.70
   621    1.32   26.93   23.83    2.08   82.04  721.28  734.47   11.72  600.71   56.29
   622    1.17   26.78   24.07    2.27   81.37  719.22  735.08   12.52  611.19   51.50
   623    1.31   26.87   24.05    1.95   82.71  723.49  735.07   10.46  609.67   60.00
   624    1.33   26.64   24.07    2.12   82.24  717.84  731.59   11.15  612.11   54.94
   625    1.35   26.55   23.81    2.24   81.55  719.83  735.19   11.31  597.98   52.32
   626    1.27   26.74   24.04    2.00   82.58  723.66  735.87   11.48  609.22   58.55
   627    1.31   26.19   24.00    2.06   82.19  703.06  716.09   11.63  606.18   55.23
   628    1.27   26.31   24.27    2.07   81.87  708.76  721.91   10.59  620.27   55.41
   629    1.31   26.27   24.29    1.91   82.77  703.83  714.99   10.00  621.24   59.47
   630    1.28   26.42   24.00    1.77   83.15  713.70  723.15   10.10  608.36   65.15
   631    1.40   26.29   23.91    1.80   83.34  714.59  724.46    8.77  603.17   63.91
   632    1.42   26.18   24.07    1.98   82.69  697.22  709.20   10.16  612.41   56.98
   633    1.32   26.50   24.26    1.88   83.15  714.19  724.93   11.23  621.50   61.40
   634    1.28   26.53   23.96    1.79   83.49  707.61  717.30   11.30  607.02   63.85
   635    1.20   26.61   23.80    1.62   83.96  713.52  721.38   10.35  599.05   70.98
   636    1.31   26.81   24.27    1.52   84.55  722.41  729.33   10.30  622.22   76.21
   637    1.26   26.61   24.32    1.64   84.30  712.13  720.19   11.49  623.55   70.00
   638    1.30   26.67   23.99    1.76   83.92  709.28  718.60   10.43  608.26   65.18
   639    1.21   26.54   24.36    1.84   83.38  701.05  711.34   12.09  624.83   61.50
   640    1.27   26.57   24.02    1.71   84.16  703.29  712.08   11.51  606.78   66.45
   641    1.35   26.84   24.09    1.81   83.61  721.84  731.75   11.25  611.01   64.40
   642    1.26   27.07   23.78    1.96   83.14  722.99  734.71   11.24  596.45   59.63
   643    1.31   26.84   24.06    1.77   83.49  722.93  732.39   13.07  610.45   65.93
   644    1.28   26.72   24.05    1.91   83.21  719.87  731.01   11.03  611.60   60.82
   645    1.16   27.04   24.31    1.68   83.99  731.41  739.88   10.60  625.26   70.22
   646    1.25   26.84   24.30    1.73   83.65  716.25  725.24   11.69  621.38   66.93
   647    1.25   26.73   24.33    1.84   83.03  711.31  721.54   10.97  624.39   62.57
   648    1.26   26.56   24.46    1.79   83.07  703.18  712.92   11.89  629.97   63.32
   649    1.28   26.75   24.19    2.07   82.34  717.26  730.36   13.55  617.33   56.16
   650    1.28   26.68   24.35    2.03   82.65  716.82  729.43   14.37  627.23   57.14
   651    1.35   26.87   23.94    2.04   82.52  721.59  734.23   12.56  603.67   57.45
   652    1.24   27.19   23.86    1.94   82.98  738.92  750.37   11.16  600.27   61.59
   653    1.27   27.12   23.78    1.81   83.27  734.19  744.12   11.25  596.33   65.41
   654    1.29   27.30   23.89    2.06   82.87  739.28  752.26    7.61  602.10   58.10
   655    1.17   27.02   24.27    2.02   82.73  719.48  731.99   10.03  622.55   57.57
   656    1.27   27.04   23.84    2.09   82.35  729.89  743.20   11.47  600.03   56.69
   657    1.25   26.80   24.17    1.99   82.81  727.20  739.26   11.20  617.32   59.17
   658    1.25   26.85   24.00    2.31   81.45  732.62  749.07   11.40  608.23   51.53
   659    1.26   27.03   24.13    2.21   81.97  739.42  754.41   11.17  614.45   54.31
   660    1.30   27.26   24.07    2.12   82.63  746.91  760.65   11.80  611.40   57.12
   661    1.23   27.02   23.49    2.17   82.00  728.30  742.69   11.78  583.43   54.55
   662    1.17   27.24   23.88    2.20   82.27  739.18  753.97   12.85  603.20   54.63
   663    1.24   27.59   23.51    1.92   82.90  757.83  769.00   10.57  586.30   63.83
   664    1.14   27.50   23.58    2.09   82.48  759.00  772.36    9.17  590.54   58.77
   665    1.23   27.79   23.75    1.61   84.06  785.51  793.27   11.54  601.91   78.40
   666    1.18   27.66   23.84    1.77   83.60  774.05  783.51   11.59  604.33   70.42
   667    1.21   27.72   23.55    1.96   82.64  769.81  781.52   11.64  589.37   63.39
   668    1.20   27.90   23.80    1.77   83.56  780.43  789.92   12.31  603.94   70.89
   669    1.26   27.86   23.72    1.76   83.48  780.95  790.28   12.76  600.52   71.49
   670    1.20   27.87   23.63    2.01   83.13  776.92  789.20   13.40  595.34   62.56
   671    1.24   27.48   23.87    1.84   83.67  753.22  763.46   14.97  606.16   66.11
   672    1.16   27.78   23.72    2.06   83.02  767.28  780.22   10.68  601.99   60.31
   673    1.26   27.73   23.94    1.98   82.99  771.84  783.74   12.60  613.06   63.08
   674    1.22   27.98   23.93    1.74   83.85  784.30  793.43   14.17  612.50   72.53
   675    1.27   28.39   24.53    1.88   83.49  805.73  816.40   14.07  641.38   69.20
   676    1.23   28.33   24.53    1.82   84.00  802.47  812.50   13.53  640.51   70.97
   677    1.28   28.33   23.73    2.31   81.92  805.65  821.95   11.47  602.10   56.75
   678    1.24   28.04   24.05    2.26   82.05  789.96  805.59   11.06  617.65   56.77
   679    1.18   27.97   23.78    2.52   80.96  784.94  804.42   10.74  602.43   50.91
   680    1.19   27.94   23.99    2.26   82.93  781.21  796.81   13.53  612.83   56.22
   681    1.16   27.75   24.07    1.87   83.95  771.99  782.55    9.08  619.65   66.73
   682    1.18   28.13   24.06    1.89   83.77  796.68  807.51   10.89  620.33   67.96
   683    1.21   28.07   24.26    1.63   84.08  796.06  803.96   10.11  628.79   78.72
   684    1.20   28.02   23.77    1.80   83.50  794.55  804.28   10.66  602.84   71.27
   685    1.26   27.65   23.78    1.66   84.01  770.67  778.94   10.40  601.86   74.68
   686    1.17   27.42   23.66    1.69   83.69  763.00  771.60   12.01  597.73   72.64
   687    1.23   27.35   23.70    1.87   82.68  759.49  770.14   10.49  599.04   65.44
   688    1.23   27.46   23.75    1.75   83.11  765.17  774.44   11.29  601.21   70.33
   689    1.17   26.93   23.46    1.98   82.02  742.87  754.81   12.86  584.44   60.69
   690    1.19   27.47   23.91    1.95   83.07  758.31  769.89   11.20  607.38   62.81
   691    1.28   26.99   23.61    2.22   81.63  742.94  758.09   12.02  593.05   54.29
   692    1.19   27.02   23.73    2.51   81.13  743.20  762.53   12.47  598.50   48.46
   693    1.24   27.36   23.65    2.02   82.14  766.68  779.07   10.09  595.56   61.51
   694    1.23   27.29   23.64    2.42   80.74  764.26  782.22   12.42  594.73   51.52
   695    1.29   27.44   23.42    2.12   81.90  784.12  797.90   13.05  584.19   59.80
   696    1.13   27.39   23.54    2.50   80.37  771.47  790.78   10.93  588.32   50.28
   697    1.20   27.03   23.57    2.24   80.95  757.71  773.02   11.36  590.35   55.06
   698    1.25   27.06   23.33    2.25   81.05  763.79  779.37   10.71  579.65   55.05
   699    1.24   26.92   23.56    2.34   80.63  747.65  764.52    9.07  587.61   51.95
   700    1.30   26.69   23.74    2.13   81.29  739.36  753.20   12.13  599.62   56.39
   701    1.33   26.87   23.74    2.14   81.49  740.23  754.29   12.02  599.57   56.01
   702    1.37   26.70   23.57    2.41   80.74  746.69  764.59   12.04  594.28   50.46
   703    1.21   26.46   23.78    2.41   80.76  754.63  772.49    9.58  604.07   51.04
   704    1.21   26.44   23.42    2.46   80.25  736.40  755.03   11.00  585.16   48.87
   705    1.23   26.57   23.47    2.30   80.80  755.17  771.33   10.46  591.58   53.50
   706    1.26   26.76   23.40    2.17   81.27  762.73  777.14    9.92  585.61   57.01
   707    1.31   26.38   23.45    2.22   81.28  731.68  746.85    8.90  589.34   53.46
   708    1.31   26.59   23.59    2.42   80.82  739.24  757.22    8.93  594.38   49.88
   709    1.34   26.70   23.70    2.23   82.33  755.41  770.61    8.95  602.27   55.07
   710    1.22   26.77   23.87    2.29   81.79  749.32  765.43   10.90  608.28   53.18
   711    1.19   26.65   23.94    2.06   82.40  765.03  777.91   11.54  613.51   60.27
   712    1.21   26.73   23.62    2.24   81.46  770.91  786.27   10.23  598.05   55.91
   713    1.26   26.91   23.69    2.20   81.26  777.44  792.29   10.91  600.93   57.26
   714    1.16   27.15   23.58    2.23   81.97  787.99  803.14   10.01  593.79   57.47
   715    1.28   27.33   23.68    2.18   82.04  806.87  821.36   11.46  598.33   60.06
   716    1.27   27.22   23.63    1.94   82.18  800.01  811.39   11.72  596.11   66.68
   717    1.25   27.00   23.81    2.16   81.75  787.76  802.02   10.12  603.84   59.12
   718    1.21   26.82   23.70    1.84   82.92  776.80  786.99   10.57  598.25   68.25
   719    1.20   26.92   23.78    1.92   82.32  788.33  799.55   13.77  603.07   66.19
   720    1.17   26.76   23.57    1.86   82.25  774.66  785.17   15.02  595.57   67.10
   721    1.17   26.80   23.57    1.81   83.02  787.46  797.40   12.73  596.92   69.98
   722    1.24   26.81   23.40    2.06   81.98  789.98  802.96   11.15  583.65   61.93
   723    1.31   26.74   23.21    2.25   81.22  778.71  794.15    9.69  574.01   56.30
   724    1.35   26.43   23.23    2.42   80.48  756.58  774.57   11.29  573.66   50.99
   725    1.25   26.44   23.33    2.15   81.62  771.38  785.57    9.97  578.34   58.05
   726    1.19   26.59   23.23    2.18   81.09  774.10  788.69   11.21  575.33   57.50
   727    1.25   26.37   23.40    1.99   81.62  769.06  781.06   10.67  584.90   62.61
   728    1.29   26.36   23.42    1.88   81.68  772.75  783.44   12.25  586.94   66.43
   729    1.29   26.34   23.38    2.03   81.41  775.42  788.03   10.60  585.83   61.66
   730    1.26   26.33   23.35    2.08   81.12  764.22  777.41   11.56  584.93   59.53
   731    1.27   26.36   23.22    2.23   80.67  768.45  783.73   11.86  581.84   55.86
   732    1.31   26.19   23.41    2.30   80.28  753.07  769.29   10.75  585.52   53.28
   733    1.18   26.24   23.59    1.98   81.68  757.98  769.91   11.83  596.51   61.91
   734    1.28   26.05   23.70    2.19   80.78  730.10  744.81   11.68  600.23   54.12
   735    1.35   25.93   23.37    2.09   81.65  729.26  742.66   11.48  585.32   56.47
   736    1.30   25.87   23.45    2.00   81.40  714.29  726.52   10.60  590.52   57.77
   737    1.33   25.78   23.90    1.93   81.70  702.72  714.03    9.77  608.06   58.97
   738    1.32   25.87   23.42    2.28   80.23  719.16  735.11   10.50  586.27   51.34
   739    1.34   25.79   23.32    1.96   81.04  712.29  724.01    9.64  581.43   58.77
   740    1.31   25.65   23.76    2.01   80.54  693.96  706.31    9.90  604.57   55.92
   741    1.28   25.61   23.86    1.96   81.00  699.98  711.71   10.51  608.74   57.76
   742    1.33   25.68   24.06    1.85   81.16  705.79  716.15    9.77  620.62   61.73
   743    1.24   25.44   23.57    2.13   80.40  704.68  718.57   10.21  595.38   53.72
   744    1.26   25.69   23.64    1.82   81.66  730.11  740.09   10.92  596.54   64.92
   745    1.36   25.90   23.52    1.89   82.07  722.62  733.47    9.56  587.05   61.80
   746    1.27   26.00   23.42    2.05   81.19  732.57  745.35    9.88  586.29   58.01
   747    1.26   25.96   23.32    1.78   81.98  735.67  745.26   11.15  582.13   66.63
   748    1.32   25.59   23.21    2.02   80.42  720.12  732.62   10.45  577.56   57.63
   749    1.38   25.85   23.36    1.80   81.51  730.48  740.25    9.93  583.99   65.57
   750    1.30   25.80   23.43    1.76   81.58  725.63  735.01   11.26  589.10   66.44
   751    1.36   25.58   23.66    1.90   81.62  710.12  721.08   10.48  599.66   60.47
   752    1.34   25.90   23.61    1.62   83.30  731.05  738.95   10.30  599.40   72.48
   753    1.25   25.60   23.93    1.64   82.59  709.04  717.16   12.54  614.78   69.51
   754    1.26   25.71   23.12    2.06   81.38  712.28  725.21   12.20  573.96   56.11
   755    1.20   25.61   23.00    2.22   80.80  707.91  723.05   10.12  567.59   51.81
   756    1.31   25.75   23.14    2.12   81.43  722.41  736.14   10.14  575.13   55.32
   757    1.37   25.69   23.45    2.11   81.29  709.31  722.97   12.06  592.39   54.49
   758    1.34   25.90   23.04    1.85   82.07  707.02  717.35   10.98  571.46   61.90
   759    1.20   25.65   22.91    1.74   82.46  698.26  707.46   11.61  565.87   64.59
   760    1.35   25.60   23.20    1.85   82.24  696.29  706.68   10.44  577.64   60.84
   761    1.42   25.44   23.46    1.83   82.39  697.89  708.03   10.93  594.61   61.67
   762    1.35   25.62   23.34    1.73   82.58  715.04  724.04   11.46  590.51   66.74
   763    1.32   25.52   23.41    1.77   82.10  689.43  698.92   11.68  595.33   62.88
   764    1.33   25.50   23.80    1.86   81.53  698.16  708.70   10.54  610.66   60.57
   765    1.34   25.67   23.81    1.96   81.45  695.15  706.89    9.01  610.69   57.36
   766    1.30   25.67   23.89    1.65   82.29  697.73  705.88    9.63  615.79   68.31
   767    1.29   25.65   23.85    1.55   82.90  680.80  688.04   10.28  615.05   70.49
   768    1.39   25.73   24.31    1.46   83.71  687.52  693.84    8.42  633.76   75.82
   769    1.34   25.81   23.77    1.63   82.22  698.43  706.42   10.99  607.15   69.02
   770    1.35   25.74   23.81    1.49   82.69  706.99  713.58    8.85  607.30   76.38
   771    1.36   25.94   23.91    1.60   82.46  711.96  719.60   11.66  613.12   71.80
   772    1.34   25.72   24.01    1.66   82.20  707.13  715.39   10.39  620.25   68.75
   773    1.34   25.99   24.15    1.73   81.96  709.22  718.23    8.21  624.98   66.18
   774    1.25   25.75   23.99    1.54   82.49  700.28  707.38    9.80  617.22   73.11
   775    1.34   25.60   24.00    1.68   81.52  695.02  703.57    8.34  616.42   66.54
   776    1.34   25.57   24.02    1.71   81.33  695.39  704.24    9.26  615.28   65.51
   777    1.32   25.64   23.91    2.01   80.77  696.12  708.47   10.29  612.44   56.09
   778    1.37   25.26   23.98    1.95   80.86  675.77  687.39   12.79  617.49   56.07
   779    1.34   25.25   24.12    1.69   81.53  669.10  677.76   10.24  620.94   63.76
   780    1.24   25.22   23.96    1.88   80.79  664.97  675.73    9.56  617.42   57.23
   781    1.37   25.22   24.56    1.68   81.10  662.98  671.48   11.34  649.01   63.77
   782    1.29   24.84   24.54    1.47   81.80  644.13  650.60    9.86  647.02   70.41
   783    1.29   24.51   24.28    1.54   81.56  628.23  635.39   11.56  631.16   65.56
   784    1.47   24.70   24.15    1.51   81.75  646.23  653.06   10.54  623.73   68.87
   785    1.33   24.79   24.36    1.59   81.34  640.01  647.66    9.91  636.99   64.70
   786    1.36   24.86   24.50    1.52   82.18  645.82  652.71   10.38  641.37   68.56
   787    1.38   24.80   24.80    1.33   82.95  649.56  654.75    9.77  660.50   78.65
   788    1.38   24.67   24.82    1.54   82.22  633.34  640.49    9.10  661.26   66.15
   789    1.40   25.19   24.70    1.70   81.64  651.31  660.01    9.86  655.87   61.99
   790    1.39   25.02   24.40    1.62   81.70  650.69  658.56    7.90  643.22   64.88
   791    1.38   25.13   24.24    1.51   82.20  647.46  654.28    9.47  635.00   69.05
   792    1.44   24.98   24.43    1.74   81.85  652.07  661.22    9.09  647.75   60.57
   793    1.39   24.80   24.27    1.79   81.63  631.32  641.06   11.40  638.85   57.05
   794    1.45   24.50   24.36    1.88   80.95  621.98  632.76   11.10  640.50   53.61
   795    1.42   24.92   24.45    1.73   81.54  646.35  655.47   12.05  644.92   60.17
   796    1.38   25.04   24.09    1.64   81.76  647.71  655.79   13.28  627.73   63.81
   797    1.45   25.07   24.55    1.72   81.34  654.32  663.26   11.97  655.43   61.45
   798    1.45   24.62   24.24    2.13   79.53  632.45  646.39    9.92  634.29   48.29
   799    1.49   24.58   24.12    2.21   79.16  627.08  642.12   10.78  628.91   46.23
   800    1.51   24.62   24.29    2.07   79.56  627.51  640.71   11.75  634.04   49.17
   801    1.51   24.48   24.49    1.88   80.54  620.37  631.13   10.62  639.50   53.51
   802    1.41   24.64   24.26    1.83   81.23  633.74  643.98   11.44  627.46   55.90
   803    1.47   24.45   24.13    1.89   81.30  636.60  647.46   12.04  627.83   54.64
   804    1.45   24.71   24.30    1.91   81.00  649.80  660.92   11.87  637.06   55.11
   805    1.51   24.48   24.45    1.97   80.61  637.23  649.15   12.18  639.29   52.35
   806    1.41   24.33   24.45    1.84   80.67  638.96  649.31   11.56  643.85   56.07
   807    1.42   24.22   24.48    1.71   81.77  636.15  644.97    9.38  641.34   60.19
   808    1.49   24.21   24.36    1.66   82.21  636.56  644.86    8.83  641.66   61.98
   809    1.47   24.48   24.30    1.62   82.35  646.21  654.08   12.68  639.02   64.45
   810    1.59   24.28   24.14    1.67   82.08  629.20  637.65   11.13  630.70   60.76
   811    1.50   24.60   24.19    1.55   82.38  647.83  655.05   10.77  638.34   67.28
   812    1.49   24.81   23.87    1.72   81.83  652.61  661.57   11.73  620.73   61.22
   813    1.45   24.76   24.34    1.73   82.06  667.96  677.06   11.95  645.20   62.19
   814    1.45   24.65   24.22    2.12   80.17  665.12  678.95   11.88  637.12   50.89
   815    1.37   25.24   24.06    1.95   80.98  679.68  691.31   10.81  632.53   56.38
   816    1.44   25.18   24.34    2.15   80.07  680.97  695.09   11.81  648.06   51.58
   817    1.35   25.05   24.42    1.84   81.14  682.25  692.59   11.47  649.39   59.79
   818    1.39   24.94   24.27    1.69   81.58  671.70  680.36   12.89  639.73   63.99
   819    1.50   24.86   24.47    1.80   81.50  672.24  682.04   12.23  651.38   60.45
   820    1.50   24.88   24.17    1.58   82.20  685.81  693.27   10.67  633.03   69.98
   821    1.38   25.15   24.30    1.85   80.73  684.96  695.37   11.06  642.51   59.83
   822    1.34   25.26   24.08    1.50   82.83  697.46  704.18   12.14  630.49   74.70
   823    1.35   25.24   24.15    1.83   81.61  689.62  699.81   12.09  629.43   60.82
   824    1.31   25.20   24.38    1.89   81.69  680.66  691.53   12.87  638.80   58.28
   825    1.31   25.01   24.59    1.62   82.47  686.40  694.31   12.18  656.42   68.18
   826    1.31   24.80   24.74    1.45   82.36  676.17  682.40   12.57  662.38   75.09
   827    1.33   24.89   24.39    1.78   81.30  672.42  682.03   14.60  645.11   61.02
   828    1.33   24.93   24.20    1.75   81.49  660.10  669.34   13.98  634.55   61.04
   829    1.35   24.59   24.29    1.49   82.26  649.79  656.47   13.39  637.70   69.96
   830    1.35   24.91   24.37    1.66   81.82  668.05  676.33   12.59  637.79   65.02
   831    1.31   24.75   24.33    1.78   81.06  652.49  662.06   13.91  632.66   59.39
   832    1.33   24.95   24.20    1.60   81.81  678.76  686.47   11.11  629.23   68.26
   833    1.34   24.81   24.31    1.67   81.27  656.99  665.45    9.91  636.49   63.30
   834    1.34   24.80   24.37    1.72   81.39  668.19  677.15   12.79  638.67   62.66
   835    1.38   25.09   24.41    1.88   81.05  675.81  686.52   11.80  642.94   58.27
   836    1.27   25.57   24.12    1.96   80.56  694.79  706.55   11.09  628.01   57.30
   837    1.34   25.54   24.19    1.80   81.46  707.83  717.62   12.69  631.78   63.57
   838    1.30   25.33   24.26    1.62   81.78  698.01  705.86   12.37  637.65   69.53
   839    1.21   25.66   24.42    1.91   80.84  708.94  720.09   13.97  649.23   59.90
   840    1.24   25.52   24.02    1.84   81.34  703.29  713.52   11.40  625.62   61.89
   841    1.21   25.66   24.47    1.83   80.87  712.22  722.43   12.93  650.43   62.71
   842    1.24   25.50   24.33    1.79   81.73  715.86  725.56   11.93  641.34   64.55
   843    1.32   25.45   24.26    1.63   82.48  701.69  709.62   11.14  631.93   69.53
   844    1.32   25.62   24.49    1.86   81.48  737.41  747.85   13.24  641.00   64.18
   845    1.20   25.56   24.35    1.83   81.64  723.34  733.52   13.61  638.63   63.73
   846    1.22   25.26   24.26    1.72   81.42  721.53  730.47   12.77  634.16   67.58
   847    1.22   25.42   24.23    1.78   81.01  725.71  735.34   15.22  633.42   65.61
   848    1.24   25.58   24.19    1.90   80.22  728.07  739.00   14.43  628.01   62.03
   849    1.27   25.81   24.27    1.46   82.31  736.22  742.54   14.77  636.69   81.03
   850    1.31   25.84   24.41    1.65   81.93  750.53  758.72   14.45  646.88   73.13
   851    1.28   26.01   24.38    1.71   81.63  735.56  744.42   12.56  641.55   69.15
   852    1.35   25.61   24.14    1.64   81.85  712.79  720.86   12.78  630.07   70.03
   853    1.44   25.50   24.12    1.54   81.88  701.21  708.29   11.41  628.40   73.30
   854    1.42   25.74   24.18    1.55   82.51  717.88  725.08   15.04  631.56   74.40
   855    1.50   25.42   24.19    1.72   81.33  702.54  711.47   12.09  633.69   65.89
   856    1.39   25.30   24.55    1.84   81.43  692.15  702.44   11.62  647.61   60.76
   857    1.42   25.73   24.56    1.50   82.97  715.02  721.77   12.11  649.46   76.38
   858    1.33   25.45   24.79    1.54   82.76  694.90  702.01   14.43  659.91   72.52
   859    1.33   25.62   24.76    1.59   82.72  720.85  728.46   12.39  659.50   72.78
   860    1.38   25.56   24.60    1.77   82.00  706.85  716.30   12.47  648.37   64.54
   861    1.31   25.53   24.67    1.58   82.47  718.16  725.67   11.44  649.32   72.98
   862    1.38   25.21   24.67    1.83   80.93  686.73  696.90   15.01  650.79   60.65
   863    1.32   25.21   24.77    1.73   81.41  699.85  708.90   13.38  659.30   65.24
   864    1.34   25.13   24.80    1.74   80.93  688.87  698.03   11.06  659.99   63.85
   865    1.46   25.35   24.66    1.76   81.66  696.41  705.83   12.40  649.60   63.71
   866    1.39   25.22   24.53    1.81   81.31  684.13  694.02   12.41  643.48   61.20
   867    1.35   25.71   24.84    1.62   82.40  713.83  721.73   13.10  662.74   70.87
   868    1.27   25.73   24.81    1.64   82.25  712.36  720.43   14.68  661.48   69.98
   869    1.28   25.85   24.43    1.77   81.81  714.44  723.88   13.10  640.23   65.26
   870    1.29   25.50   24.41    1.90   81.06  708.82  719.83   14.65  640.39   60.24
   871    1.38   25.57   24.21    1.91   80.70  717.32  728.35   15.07  631.51   60.88
   872    1.44   25.80   24.22    1.87   80.97  731.16  741.82   12.85  630.13   63.04
   873    1.43   25.97   24.45    1.71   81.65  729.47  738.25   14.81  640.53   68.88
   874    1.41   25.71   24.42    1.62   82.65  713.26  721.17   14.67  640.64   70.76
   875    1.50   25.54   24.64    1.89   81.28  706.98  717.85   12.43  651.74   60.45
   876    1.45   25.47   24.50    1.85   81.48  706.71  717.08   12.85  644.93   61.78
   877    1.42   25.87   25.07    1.63   82.23  733.49  741.49   12.03  675.42   72.29
   878    1.48   25.94   24.83    1.65   81.69  739.55  747.70   12.54  659.47   72.26
   879    1.35   25.76   24.34    1.64   81.74  726.94  735.02   12.33  635.36   71.36
   880    1.43   25.87   24.55    1.76   81.48  721.90  731.26   13.85  645.16   66.17
   881    1.42   25.77   24.73    1.85   80.88  711.38  721.73   13.83  650.64   62.24
   882    1.35   25.99   25.13    1.86   81.40  724.19  734.66   13.80  672.72   62.96
   883    1.41   25.64   25.06    2.10   80.45  705.38  718.89   13.16  672.77   54.48
   884    1.36   25.84   24.86    2.07   80.47  721.67  734.81   12.77  661.86   56.41
   885    1.40   26.03   24.95    2.23   79.77  741.39  756.62   13.11  665.03   54.04
   886    1.37   25.45   25.13    2.14   80.08  724.17  738.23   14.88  674.91   54.85
   887    1.42   25.93   24.86    2.16   79.51  744.88  759.16   13.63  663.16   55.95
   888    1.41   26.23   25.09    1.93   80.51  756.65  767.99   12.60  674.26   63.29
   889    1.40   25.84   25.31    1.75   80.94  730.03  739.29   12.08  685.24   67.20
   890    1.39   25.72   25.14    1.74   80.89  728.84  737.97   10.48  676.81   67.57
   891    1.48   25.32   25.27    1.85   81.23  714.40  724.82   13.33  683.19   62.28
   892    1.38   25.95   25.01    1.87   81.10  733.43  744.07   12.46  669.85   63.27
   893    1.39   25.85   24.97    1.66   82.30  731.71  739.95   12.76  670.73   71.16
   894    1.30   25.78   24.76    2.07   80.09  731.24  744.29   11.19  658.64   57.32
   895    1.33   25.85   24.61    1.87   81.00  722.80  733.39   12.86  650.84   62.51
   896    1.42   25.77   24.74    2.18   79.95  745.29  759.82   12.09  657.96   55.52
   897    1.36   25.61   24.82    2.22   80.14  744.47  759.59   12.91  662.86   54.45
   898    1.44   25.56   24.56    1.89   81.15  722.33  733.21   12.49  650.48   61.69
   899    1.43   25.81   24.85    2.07   80.23  734.24  747.37   11.71  662.01   57.38
   900    1.39   25.56   25.02    2.13   79.47  713.75  727.69   12.37  675.64   54.31
   901    1.48   25.52   25.06    1.98   80.32  716.11  728.07   11.16  673.06   58.52
   902    1.52   25.60   25.02    2.04   80.45  715.99  728.68   11.13  670.64   56.89
   903    1.40   25.29   24.80    1.94   81.30  705.37  716.77   11.88  666.43   58.97
   904    1.45   25.49   24.47    1.82   81.03  711.44  721.53   10.85  651.96   62.99
   905    1.41   25.82   24.54    2.12   79.79  722.06  735.85   13.00  652.57   55.19
   906    1.43   25.62   24.46    2.10   80.02  709.53  722.98   14.00  646.19   54.89
   907    1.35   25.36   24.19    2.04   79.84  699.76  712.53   12.65  634.42   55.49
   908    1.39   25.31   24.40    2.18   79.00  693.04  707.58   11.85  648.77   51.75
   909    1.39   25.29   24.05    1.94   79.32  700.80  712.21   12.15  634.60   58.58
   910    1.42   25.33   23.89    1.89   80.00  700.75  711.56   12.34  625.20   60.09
   911    1.42   25.81   23.73    2.03   79.10  730.67  743.23   12.45  613.53   58.32
   912    1.47   25.70   24.21    2.08   79.73  725.15  738.32   13.26  634.36   56.63
   913    1.40   25.80   23.97    2.18   79.50  723.21  737.81   13.60  625.80   53.80
   914    1.48   25.62   24.32    2.01   80.41  714.35  726.73   12.91  644.89   57.44
   915    1.49   25.78   24.13    1.92   80.58  722.35  733.53   12.63  629.63   60.92
   916    1.43   25.52   24.15    2.04   79.66  708.14  720.86   11.59  636.25   56.26
   917    1.37   25.50   24.29    2.22   79.37  707.79  722.88   15.90  642.54   51.90
   918    1.38   25.74   24.31    2.40   79.29  711.14  728.87   14.81  640.41   48.36
   919    1.37   25.65   24.30    2.31   79.47  703.89  720.36   12.80  642.20   49.56
   920    1.33   26.07   24.40    2.15   80.06  726.63  740.82   14.42  644.91   54.78
   921    1.37   25.77   24.32    2.04   79.93  710.47  723.20   14.45  643.08   56.41
   922    1.50   25.44   24.40    1.90   80.35  700.94  711.88   14.04  651.92   59.77
   923    1.59   25.64   24.05    1.90   79.96  697.82  708.83   13.52  632.39   59.31
   924    1.52   25.52   24.43    1.78   80.63  705.23  714.82   13.66  647.69   63.97
   925    1.46   25.67   24.12    1.90   79.92  712.16  723.13   12.53  632.44   60.61
   926    1.37   25.67   24.42    1.71   80.54  715.75  724.59   14.11  651.35   67.39
   927    1.47   25.76   24.33    1.94   80.64  710.32  721.80   12.58  640.23   59.20
   928    1.48   25.72   24.18    2.23   80.10  709.76  725.02   12.19  634.91   51.76
   929    1.46   25.90   24.55    2.38   79.74  724.42  741.88   13.73  652.29   49.58
   930    1.45   26.23   24.59    2.05   80.79  746.53  759.40   10.13  652.91   58.85
   931    1.43   26.18   24.51    1.89   81.19  744.88  755.75   11.49  650.04   63.59
   932    1.43   26.08   24.73    2.07   80.19  725.81  738.84   13.38  662.74   56.95
   933    1.52   26.29   24.91    1.83   81.23  729.53  739.70   10.67  671.30   64.30
   934    1.55   26.05   25.11    1.90   81.28  734.40  745.37   12.87  683.19   62.45
   935    1.46   26.21   25.10    1.74   81.75  736.20  745.32   12.19  679.76   68.26
   936    1.40   25.72   24.98    2.01   80.70  714.92  727.24   13.13  674.54   57.64
   937    1.46   25.78   24.73    1.92   81.23  723.99  735.17   13.79  659.95   61.04
   938    1.35   25.83   24.50    2.09   80.65  719.28  732.58   11.89  647.67   55.92
   939    1.32   26.01   24.75    1.96   80.69  731.43  743.10   11.56  657.26   60.44
   940    1.37   25.93   24.65    2.13   80.24  723.12  737.05   13.67  652.90   54.99
   941    1.38   25.75   24.32    2.14   80.48  717.92  731.91   12.02  636.05   54.51
   942    1.48   25.59   24.22    2.27   79.38  717.99  733.84   11.25  634.71   51.43
   943    1.51   25.70   24.19    2.14   79.82  729.73  743.77   11.89  630.52   55.29
   944    1.50   25.63   24.24    1.85   80.43  720.86  731.18   11.25  630.68   63.10
   945    1.40   25.81   24.26    1.66   81.72  736.47  744.75    9.73  635.54   71.47
   946    1.56   25.70   24.21    1.67   82.10  721.56  729.95   11.07  634.22   69.59
   947    1.52   25.52   24.35    1.68   82.21  729.68  738.19   11.59  643.93   69.90
