#time, _distVP, _dist67, _distF,  _domz1, _flattenA, _projA, _domeA, _hrot, _projA_RF, _rad
     0    0.63   19.33   15.60    8.59   52.45  382.86  614.26   25.71  254.69   11.39
     1    0.74   20.56   15.85    7.87   56.45  429.65  623.85   21.93  263.13   12.62
     2    0.62   21.23   16.66    7.12   59.63  448.70  607.63   21.14  290.83   13.59
     3    0.74   21.78   17.29    6.69   61.59  466.05  606.49   21.37  313.40   14.43
     4    0.73   22.07   17.65    6.40   63.05  482.99  611.50   17.74  326.83   15.21
     5    0.90   22.28   17.48    6.30   63.68  493.56  617.76   17.38  320.45   15.63
     6    0.70   22.58   17.92    5.93   65.09  498.17  608.27   17.27  336.78   16.34
     7    0.79   22.65   17.90    5.72   65.85  495.21  597.61   17.21  336.20   16.64
     8    0.81   22.73   18.19    5.48   66.72  495.30  589.35   16.96  347.41   17.12
     9    0.85   22.73   18.41    5.34   67.22  495.33  584.58   17.48  355.53   17.43
    10    0.82   22.57   18.28    5.50   66.50  489.84  584.52   16.09  350.72   16.93
    11    0.85   22.69   18.56    5.49   66.69  503.01  597.57   15.90  361.10   17.32
    12    0.87   22.71   19.00    5.11   68.22  506.78  588.59   13.13  378.10   18.33
    13    0.84   22.73   18.76    5.06   68.41  507.66  587.79   15.36  368.53   18.50
    14    0.86   22.67   19.09    4.88   69.08  504.88  579.54   15.16  381.86   18.89
    15    0.93   22.81   19.13    4.76   69.67  510.00  580.91   15.50  383.47   19.43
    16    1.00   23.03   19.61    4.59   70.56  521.94  587.73   10.14  403.18   20.40
    17    1.01   22.71   19.81    4.62   70.36  516.24  583.06   11.07  411.14   20.09
    18    0.94   23.09   19.98    4.20   72.20  526.33  581.50   11.85  418.14   22.04
    19    0.91   22.83   19.74    4.05   72.59  514.43  565.60   12.62  408.52   22.25
    20    0.93   22.75   19.64    4.12   72.43  510.55  563.70   10.15  404.69   21.76
    21    0.94   22.51   19.81    4.21   72.09  509.58  564.99   14.15  411.81   21.37
    22    0.96   23.04   19.60    4.10   72.68  521.91  574.40   10.55  403.35   22.32
    23    0.99   22.94   19.83    4.07   72.77  520.37  572.14   13.86  412.20   22.38
    24    1.02   22.88   20.03    4.23   72.20  516.22  572.04   15.07  420.31   21.55
    25    1.06   22.58   20.20    4.14   72.12  505.92  559.46   13.67  427.75   21.52
    26    1.00   22.62   20.00    4.21   72.03  510.86  566.20   13.97  419.58   21.43
    27    1.03   22.65   20.28    4.09   72.65  516.35  568.62   12.65  431.87   22.14
    28    0.98   22.57   20.10    3.98   72.98  513.35  562.83   12.88  423.36   22.52
    29    0.91   22.71   19.88    4.06   72.68  513.22  564.62   12.70  414.86   22.17
    30    0.93   23.00   19.76    3.98   73.13  522.42  571.90   11.53  409.70   22.88
    31    0.95   23.05   19.98    3.95   73.26  524.36  573.15   10.54  418.99   23.09
    32    0.88   22.95   20.17    3.74   74.11  522.24  565.85   13.88  427.72   24.10
    33    0.94   22.95   19.91    3.87   73.44  517.08  563.91   11.75  417.46   23.19
    34    0.94   22.94   19.77    3.97   73.22  527.97  577.24   13.93  410.53   23.14
    35    1.08   22.96   20.34    4.06   72.76  524.74  576.18   12.39  433.70   22.61
    36    1.03   22.87   20.68    3.93   73.16  520.13  568.26   11.03  448.81   23.05
    37    1.05   22.78   20.65    3.78   73.65  516.26  560.89   10.25  447.25   23.62
    38    1.15   22.92   20.56    3.77   73.96  523.15  567.56    6.89  443.02   23.96
    39    1.10   22.94   20.91    3.66   74.55  526.14  567.99   10.19  459.23   24.70
    40    1.07   23.10   20.53    3.67   74.42  525.35  567.28    8.75  442.84   24.64
    41    1.10   23.26   20.58    3.67   74.50  533.79  575.91    8.48  444.42   24.96
    42    1.12   23.29   20.64    3.75   74.12  533.89  577.73    9.79  447.07   24.54
    43    1.00   23.06   20.69    3.57   74.66  522.05  561.91    8.91  449.89   25.03
    44    1.00   23.39   20.54    3.58   74.82  537.82  577.70    9.32  442.85   25.72
    45    1.08   23.34   20.51    3.69   74.39  535.18  577.61   10.41  441.99   24.94
    46    1.04   23.08   20.45    3.62   74.65  526.56  567.37   10.57  439.48   24.98
    47    1.07   23.24   20.67    3.70   74.36  532.31  574.95   11.17  449.27   24.77
    48    1.13   23.73   20.65    3.54   75.20  546.12  585.19   12.02  447.98   26.32
    49    0.97   23.88   20.29    3.69   74.73  549.34  591.80   11.04  432.58   25.54
    50    1.10   23.75   20.68    3.75   74.37  549.34  593.32   10.20  450.36   25.17
    51    1.06   23.81   20.80    3.33   76.11  552.74  587.32   10.69  453.61   28.07
    52    1.07   23.93   20.91    3.48   75.46  553.81  591.54    9.75  459.94   27.07
    53    1.06   23.97   20.82    3.35   76.02  555.94  590.90    8.28  454.77   28.08
    54    1.07   23.70   20.51    3.72   74.52  554.26  597.53   10.29  441.70   25.55
    55    1.05   23.74   20.74    3.39   75.82  550.12  585.89    9.85  451.44   27.54
    56    1.10   24.23   20.81    3.28   76.46  565.72  599.17    9.65  455.29   29.11
    57    1.09   24.12   20.97    3.25   76.55  563.75  596.68   10.70  461.36   29.22
    58    1.07   24.19   20.85    3.13   77.10  568.67  599.12   10.73  456.47   30.49
    59    1.08   24.21   20.92    3.07   77.29  576.90  606.28    7.63  459.40   31.40
    60    1.14   23.90   20.36    3.18   76.86  565.59  597.08   10.48  435.46   29.89
    61    1.13   24.01   20.66    3.03   77.48  568.42  596.86    7.44  449.10   31.42
    62    1.07   24.38   20.24    3.21   76.80  575.44  607.47    8.04  430.81   30.15
    63    1.05   24.22   20.05    3.28   76.51  569.52  603.11    9.78  422.46   29.24
    64    1.20   24.31   20.40    3.27   76.67  576.74  610.03    9.15  437.93   29.70
    65    1.21   24.10   20.55    3.11   77.33  572.34  602.45    9.16  444.64   30.83
    66    1.13   24.24   20.52    3.28   76.82  578.62  612.15    9.42  443.94   29.70
    67    1.13   24.26   20.22    2.95   78.08  572.04  599.11    9.16  429.97   32.32
    68    1.15   24.27   20.31    3.09   77.51  575.53  605.16   10.99  433.85   31.21
    69    1.06   24.03   20.17    3.26   76.64  564.02  597.12   11.75  429.04   29.16
    70    1.08   24.05   20.35    3.18   77.22  566.02  597.46   10.09  435.98   29.93
    71    1.09   24.05   20.34    3.27   76.66  565.32  598.60   10.66  435.66   29.15
    72    1.20   24.00   20.35    3.25   76.85  563.04  596.00   11.10  436.59   29.17
    73    1.16   24.02   20.29    3.37   76.61  558.09  593.40   11.01  433.33   28.07
    74    1.20   24.43   20.16    3.36   76.50  574.05  609.20   10.32  427.51   28.88
    75    1.15   24.23   20.32    3.60   75.50  573.31  613.73   11.71  433.75   27.14
    76    1.17   23.95   20.43    3.46   75.86  554.66  591.96   11.27  438.66   27.25
    77    1.10   24.14   20.79    3.27   76.40  565.16  598.42   10.19  452.93   29.16
    78    1.09   23.64   20.67    3.34   75.97  555.48  590.22    9.22  447.72   28.14
    79    1.08   23.69   20.37    3.26   76.33  552.47  585.54    9.91  436.25   28.61
    80    1.14   23.89   20.50    3.36   75.99  557.85  593.12    9.43  441.47   28.07
    81    1.12   23.76   20.69    3.30   76.39  555.33  589.18    8.99  449.19   28.46
    82    1.16   23.82   20.50    3.18   76.86  557.70  589.13    8.91  441.06   29.52
    83    1.14   23.78   20.69    3.27   76.45  550.13  583.42    9.14  449.00   28.41
    84    1.13   23.29   20.75    3.24   76.27  537.38  570.00   10.14  452.28   28.05
    85    1.30   23.26   21.11    3.00   77.42  544.16  572.18    7.18  468.02   30.35
    86    1.18   22.93   20.81    3.16   76.69  525.67  556.72    8.54  455.26   28.07
    87    1.15   23.22   21.00    3.19   76.41  536.98  568.70   10.24  463.45   28.37
    88    1.15   22.96   20.84    3.13   76.70  532.91  563.43    7.95  455.88   28.65
    89    1.15   22.66   20.80    3.11   76.69  528.55  558.68    9.52  453.70   28.59
    90    1.14   22.83   20.95    3.15   76.54  522.83  553.65    8.77  461.54   28.02
    91    1.19   22.70   20.93    3.30   75.80  519.95  553.83   10.70  460.73   26.74
    92    1.18   22.88   20.90    3.22   76.18  521.98  554.30    8.83  458.55   27.40
    93    1.20   23.15   20.86    3.10   76.84  530.72  560.65   10.19  456.72   28.79
    94    1.19   22.69   21.15    2.82   77.90  516.99  541.74    7.67  468.87   30.56
    95    1.11   22.93   20.94    2.74   78.07  523.83  547.17    9.57  459.21   31.78
    96    1.19   22.45   21.02    2.96   76.94  506.52  533.85   10.24  462.80   28.68
    97    1.23   22.67   20.69    2.97   77.06  516.67  544.02   10.34  448.51   29.21
    98    1.16   22.55   21.09    2.90   77.45  515.38  541.60    9.76  466.49   29.70
    99    1.21   22.20   20.87    2.86   77.48  504.74  530.23   10.59  456.15   29.48
   100    1.22   22.34   21.04    3.02   76.77  506.48  534.77    9.85  463.54   28.24
   101    1.15   22.27   21.28    3.09   76.37  505.27  535.05   11.11  474.38   27.54
   102    1.27   22.43   21.11    2.89   77.32  506.55  532.58   10.73  466.94   29.31
   103    1.19   22.74   20.65    2.89   77.65  516.54  542.41   10.63  447.70   29.94
   104    1.23   22.83   21.29    2.84   77.61  518.78  543.89   13.13  475.10   30.47
   105    1.28   23.00   20.88    3.03   76.91  523.17  551.75   12.70  456.57   28.99
   106    1.18   22.85   20.77    2.81   77.83  519.56  544.01   12.01  452.16   30.88
   107    1.29   23.19   20.98    2.99   77.06  533.23  560.99    9.74  462.08   29.90
   108    1.21   22.80   20.93    2.77   78.01  521.01  544.92   12.14  459.31   31.27
   109    1.21   22.93   21.07    2.76   77.78  523.05  546.62   11.82  465.38   31.59
   110    1.35   23.09   20.92    2.89   77.39  530.16  556.11   10.64  458.99   30.65
   111    1.23   23.35   21.20    2.70   78.59  543.82  566.49   12.40  471.20   33.37
   112    1.20   23.42   21.36    2.85   78.04  549.65  574.79   13.51  478.15   32.17
   113    1.20   23.65   20.85    2.85   78.07  559.39  584.57   13.08  456.07   32.69
   114    1.23   23.13   21.01    3.00   77.26  540.71  568.63   11.26  462.53   30.21
   115    1.11   23.46   21.15    3.12   76.99  551.90  582.24   13.83  469.07   29.69
   116    1.20   23.73   21.27    2.72   78.83  567.23  590.19   12.62  473.82   34.54
   117    1.12   23.42   21.18    2.85   78.07  560.36  585.53   11.61  470.12   32.74
   118    1.14   23.85   21.21    2.78   78.25  568.13  592.05   12.32  471.32   33.95
   119    1.24   24.02   21.64    2.64   78.90  577.25  598.81   11.43  490.67   36.15
   120    1.24   24.13   21.46    2.80   78.35  583.89  608.13   10.20  482.52   34.64
   121    1.18   24.23   21.66    2.98   77.66  595.73  623.39   13.18  491.71   33.27
   122    1.25   24.21   21.76    2.99   77.85  591.94  619.75   11.12  495.88   32.99
   123    1.18   23.92   21.51    3.13   76.99  572.78  603.16   14.77  484.70   30.73
   124    1.17   23.77   21.59    2.81   78.47  565.61  590.17   11.50  488.75   33.41
   125    1.23   24.04   21.34    3.08   77.46  572.61  602.13   12.40  477.25   31.12
   126    1.17   24.00   21.50    3.12   77.15  571.12  601.39   12.12  484.43   30.70
   127    1.16   23.83   21.35    3.09   77.10  562.12  591.78   10.40  478.56   30.51
   128    1.24   23.91   21.67    2.99   77.40  560.43  588.24   12.31  492.40   31.32
   129    1.27   23.88   21.36    2.80   78.46  566.15  590.52   11.76  478.31   33.55
   130    1.22   23.81   21.63    2.82   78.12  560.45  585.18   12.24  490.28   33.01
   131    1.28   23.67   21.76    2.74   78.54  556.54  579.83   12.79  496.23   33.70
   132    1.21   23.84   21.71    2.44   79.69  557.27  575.72    9.43  494.03   37.54
   133    1.21   23.81   21.79    2.59   79.23  551.33  572.06   10.76  498.04   35.21
   134    1.17   24.05   21.63    2.88   78.03  566.00  591.84   12.63  490.20   32.67
   135    1.23   23.78   21.67    2.62   79.04  558.74  579.96   12.67  493.04   35.30
   136    1.30   23.98   21.72    2.85   78.15  567.26  592.56   12.17  494.45   33.05
   137    1.24   23.79   21.37    2.64   78.78  557.24  578.81   13.95  478.75   34.94
   138    1.34   23.93   21.67    2.55   79.20  561.70  581.82   12.09  492.17   36.34
   139    1.26   23.80   21.56    2.78   78.35  563.35  587.40   13.31  487.24   33.60
   140    1.26   23.66   21.95    2.71   78.61  561.43  584.13   11.75  504.91   34.38
   141    1.27   23.85   22.12    2.50   79.72  567.11  586.42   12.28  513.20   37.37
   142    1.23   23.76   22.33    2.32   80.17  565.89  582.51   12.49  522.45   39.97
   143    1.26   24.28   22.13    2.37   80.09  580.98  598.38   12.27  512.88   40.14
   144    1.18   24.20   21.75    2.61   79.15  576.75  597.83   12.25  495.63   36.48
   145    1.19   24.23   21.82    2.72   78.74  577.86  600.84   13.34  498.71   35.14
   146    1.16   23.99   21.70    2.95   77.73  569.42  596.45   12.65  493.20   32.20
   147    1.21   23.71   21.71    2.55   79.20  557.37  577.49   13.03  493.79   36.08
   148    1.26   24.13   21.76    2.76   78.57  578.10  601.76   12.07  496.26   34.69
   149    1.19   23.91   21.74    2.75   78.56  568.81  592.34   12.36  494.86   34.25
   150    1.21   24.02   21.78    2.68   79.01  569.85  592.10   13.60  496.60   35.19
   151    1.19   23.51   22.02    2.76   78.52  557.12  580.77   11.51  507.66   33.50
   152    1.21   23.84   21.83    2.70   78.58  567.94  590.56   13.58  499.26   34.81
   153    1.23   23.74   21.79    2.56   79.28  560.79  581.04   14.03  497.24   36.18
   154    1.22   23.87   21.67    2.64   79.06  563.30  584.89   13.30  492.27   35.29
   155    1.23   23.85   21.78    2.71   78.80  566.73  589.55   12.22  497.30   34.61
   156    1.16   23.67   21.76    2.67   78.76  564.44  586.61   14.07  496.59   34.93
   157    1.20   23.38   21.90    2.45   79.74  550.20  568.73   13.07  504.27   37.01
   158    1.23   23.60   22.01    2.37   79.90  557.75  575.16   13.64  507.94   38.57
   159    1.26   24.00   22.27    2.22   80.86  570.21  585.34   12.28  520.43   42.05
   160    1.22   24.11   21.95    2.28   80.64  572.95  588.98   12.16  505.52   41.15
   161    1.17   23.82   22.06    2.16   81.16  565.88  580.25   15.09  509.91   42.77
   162    1.28   23.99   21.93    2.30   80.54  565.06  581.37   11.37  504.15   40.26
   163    1.26   24.29   21.97    2.21   80.91  582.29  597.39   12.09  505.90   42.97
   164    1.25   24.11   21.92    2.33   80.61  575.17  591.88   13.69  503.72   40.50
   165    1.24   24.28   21.88    2.18   81.43  587.65  602.30   11.89  501.75   43.96
   166    1.17   24.18   21.87    2.31   80.99  583.47  599.96   13.50  501.59   41.33
   167    1.17   24.45   22.07    2.40   80.51  595.88  613.61   11.61  511.23   40.77
   168    1.14   24.12   22.05    2.39   80.53  587.68  605.30   12.99  509.26   40.35
   169    1.17   23.82   22.10    2.32   80.61  572.98  589.53   12.16  511.70   40.53
   170    1.19   24.03   22.01    2.33   80.61  577.54  594.27   11.61  507.56   40.65
   171    1.23   23.93   22.05    2.17   81.28  573.48  587.99   10.66  509.58   43.13
   172    1.20   23.99   21.83    2.44   79.99  575.05  593.46   12.35  499.66   38.72
   173    1.23   23.79   21.84    2.51   79.64  563.54  583.02   11.65  500.28   37.00
   174    1.19   23.80   22.04    2.39   80.04  566.17  583.79   12.41  508.69   38.93
   175    1.30   23.78   21.86    2.29   80.42  563.33  579.54   12.92  500.83   40.26
   176    1.28   23.62   21.90    2.31   79.97  555.22  571.65   11.64  503.19   39.46
   177    1.29   23.85   21.96    2.31   80.30  565.28  581.78   12.83  505.14   40.07
   178    1.25   23.98   21.82    2.47   79.89  571.01  589.95   12.99  498.90   37.96
   179    1.21   23.90   21.86    2.50   79.84  573.33  592.70   13.83  500.78   37.72
   180    1.25   24.22   21.97    2.25   80.65  580.00  595.67   14.76  505.96   42.07
   181    1.24   23.79   21.94    2.47   79.77  564.65  583.55   13.08  504.26   37.59
   182    1.18   23.84   22.24    2.32   80.18  564.03  580.63   12.77  518.40   39.86
   183    1.17   24.09   22.18    2.46   79.92  572.81  591.49   12.20  515.92   38.32
   184    1.15   23.75   22.09    2.44   79.93  563.06  581.52   13.56  511.92   37.90
   185    1.30   23.94   22.01    2.41   80.13  564.82  582.79   12.15  509.04   38.49
   186    1.28   23.97   22.12    2.32   80.57  572.97  589.61   13.90  513.52   40.44
   187    1.28   23.76   22.15    2.23   81.14  564.19  579.58   13.39  515.60   41.29
   188    1.29   24.22   22.37    2.43   80.21  584.26  602.52   13.87  524.80   39.47
   189    1.23   24.41   22.40    2.32   80.78  588.48  605.05   16.19  526.32   41.57
   190    1.22   24.22   22.09    2.48   80.24  581.13  600.14   13.81  512.09   38.54
   191    1.18   24.12   21.98    2.56   79.69  583.82  604.10   15.49  506.21   37.58
   192    1.17   24.01   22.08    2.51   79.82  575.32  594.78   14.12  511.43   37.76
   193    1.21   24.21   22.35    2.45   80.24  591.43  609.91   13.36  523.71   39.72
   194    1.19   24.08   22.76    2.40   80.34  580.67  598.39   15.73  543.14   39.78
   195    1.29   24.06   22.54    2.43   80.38  576.58  594.88   14.20  532.87   38.92
   196    1.30   23.93   22.28    2.64   79.35  574.55  596.18   14.34  521.27   35.93
   197    1.28   24.25   22.29    2.42   80.58  592.68  610.70   12.45  521.57   40.26
   198    1.33   24.10   22.31    2.68   79.58  597.95  620.13   13.45  522.94   36.91
   199    1.26   23.96   22.72    2.64   79.87  591.36  613.00   12.58  542.09   36.93
   200    1.26   23.85   22.92    2.77   79.08  589.80  613.61   10.91  551.19   35.26
   201    1.19   24.17   22.57    2.55   80.07  597.11  617.26   13.42  534.34   38.52
   202    1.20   24.29   22.74    2.57   79.56  603.89  624.29   14.37  541.44   38.72
   203    1.23   24.56   22.65    2.36   80.44  613.73  630.94   14.74  537.52   42.53
   204    1.19   24.81   22.69    2.32   80.81  626.71  643.28   13.52  539.20   44.17
   205    1.15   24.87   23.11    2.33   80.70  627.57  644.26   12.96  559.67   44.09
   206    1.13   24.29   22.97    2.35   80.44  601.98  618.96   14.57  552.96   42.00
   207    1.24   24.09   23.06    2.40   80.07  593.11  610.86   12.60  556.93   40.57
   208    1.22   24.48   23.07    2.24   80.90  609.31  624.71   14.42  557.82   44.46
   209    1.21   24.48   23.28    2.30   80.84  614.45  630.74   13.22  567.81   43.67
   210    1.22   24.33   23.17    2.41   80.47  602.83  620.74   13.37  562.91   41.04
   211    1.18   24.27   22.98    2.40   80.46  602.16  620.01   12.72  553.93   41.05
   212    1.11   23.95   23.03    2.47   80.38  595.59  614.41   12.68  556.07   39.65
   213    1.34   23.87   22.87    2.50   80.09  589.23  608.55   13.49  549.39   38.77
   214    1.26   24.04   22.96    2.65   79.45  587.88  609.66   12.67  553.69   36.61
   215    1.24   24.15   22.64    2.56   79.86  590.02  610.30   12.73  536.94   37.96
   216    1.22   24.19   22.56    2.55   79.73  590.77  610.89   12.24  534.19   38.14
   217    1.28   23.95   22.82    2.70   78.95  585.67  608.19   11.57  546.34   35.93
   218    1.30   23.93   22.71    2.42   80.22  592.21  610.33   14.33  540.65   40.12
   219    1.19   24.07   22.43    2.36   80.55  597.20  614.41   13.87  527.11   41.43
   220    1.26   23.65   22.36    2.48   79.95  588.40  607.38   13.22  523.72   39.04
   221    1.22   23.82   22.63    2.34   80.59  594.74  611.64   15.13  536.24   41.61
   222    1.28   23.87   22.32    2.13   81.53  598.24  612.19   11.62  522.05   45.76
   223    1.21   23.78   22.17    2.49   79.80  587.97  607.19   12.06  515.37   38.78
   224    1.22   24.00   22.19    2.50   79.68  605.01  624.39   10.64  516.79   39.71
   225    1.12   23.62   22.11    2.43   80.04  584.30  602.57   13.49  512.67   39.46
   226    1.17   23.62   22.27    2.65   79.11  593.64  615.43   13.06  520.26   36.95
   227    1.13   23.30   22.47    2.42   79.72  575.79  593.94   14.48  529.26   39.02
   228    1.14   23.69   22.83    2.72   78.92  588.86  611.73   13.02  546.55   35.86
   229    1.16   23.25   22.58    2.84   78.26  571.21  596.32   15.61  534.60   33.39
   230    1.18   23.14   22.52    2.82   78.25  565.30  589.98   14.97  531.94   33.32
   231    1.17   23.13   22.44    2.62   79.00  562.91  584.24   14.50  527.64   35.46
   232    1.12   23.28   22.46    2.54   79.23  581.18  601.22   12.81  528.87   37.62
   233    1.17   23.31   22.45    2.28   80.54  578.92  594.89   13.01  528.31   41.63
   234    1.19   23.06   22.20    2.52   79.43  570.26  589.87   12.59  516.59   37.31
   235    1.26   23.19   22.55    2.51   79.44  580.71  600.23   12.06  532.57   38.04
   236    1.21   23.32   22.71    2.15   81.00  578.77  593.05   16.48  540.22   43.84
   237    1.28   23.27   22.69    2.08   81.26  573.90  587.18   13.41  539.37   44.98
   238    1.20   23.23   22.66    1.89   82.11  566.04  577.01   13.10  538.30   48.53
   239    1.17   23.61   22.42    1.92   81.78  586.13  597.44   14.05  526.59   49.50
   240    1.17   23.15   22.33    2.09   81.21  565.17  578.55   14.08  522.75   44.16
   241    1.17   23.18   22.52    2.24   80.80  569.11  584.55   10.49  531.60   41.59
   242    1.27   23.14   22.42    2.44   79.67  565.95  584.38   10.54  526.82   38.11
   243    1.28   23.36   22.35    2.37   79.95  580.60  597.89   11.41  523.39   40.24
   244    1.35   23.64   23.14    2.15   81.23  586.42  600.66    9.86  561.90   44.44
   245    1.37   23.57   23.13    2.13   81.20  585.81  599.74   12.94  560.35   44.86
   246    1.29   23.28   23.00    2.26   80.64  580.62  596.40    9.55  554.36   41.98
   247    1.36   23.23   22.67    2.27   80.50  580.04  595.91   11.21  538.55   41.82
   248    1.27   23.47   22.91    2.37   80.17  590.25  607.63   10.35  550.09   40.78
   249    1.28   23.11   22.77    2.18   81.06  573.08  587.76    8.66  543.40   42.86
   250    1.26   22.96   23.02    2.31   80.43  573.28  589.68    8.68  555.52   40.74
   251    1.32   22.82   23.23    2.13   81.08  571.32  585.31   10.38  565.46   43.69
   252    1.29   22.99   22.86    2.34   80.31  573.45  590.38   10.70  547.29   40.14
   253    1.34   23.10   22.92    2.24   80.81  570.40  585.92   10.01  550.33   41.58
   254    1.35   22.97   23.01    2.19   80.97  571.35  586.06   11.90  554.70   42.69
   255    1.45   22.87   22.92    2.12   81.31  564.68  578.53   11.87  550.31   43.41
   256    1.43   22.93   22.75    2.34   80.50  560.18  577.08    9.49  542.19   39.28
   257    1.42   22.70   22.74    2.38   80.19  558.19  575.68   10.42  541.40   38.54
   258    1.45   22.68   22.59    2.27   80.70  554.91  570.75    8.85  534.93   40.11
   259    1.40   22.83   22.54    2.42   79.85  553.31  571.45    8.63  532.19   37.58
   260    1.33   22.71   22.62    2.40   79.85  550.03  567.81    9.96  536.03   37.70
   261    1.47   23.05   22.84    2.29   80.33  559.77  575.92    8.80  546.66   40.08
   262    1.49   23.03   22.84    2.44   79.78  562.20  580.56    9.28  546.06   37.93
   263    1.38   22.83   23.06    2.46   79.63  557.02  575.73    7.05  557.61   37.28
   264    1.29   23.12   22.22    2.42   79.95  560.51  578.66    9.18  517.11   38.03
   265    1.45   23.15   22.19    2.40   80.15  560.07  577.93    8.39  515.47   38.29
   266    1.35   22.85   22.29    2.40   79.93  551.35  569.14   10.62  520.25   37.77
   267    1.41   22.62   22.45    2.38   79.82  540.13  557.70    8.16  527.64   37.25
   268    1.40   22.11   22.59    2.33   80.06  521.37  538.13    7.80  534.77   36.80
   269    1.36   22.21   22.31    2.60   78.81  519.15  540.06    8.99  521.99   33.12
   270    1.34   22.17   22.11    2.54   79.30  520.88  540.81   11.00  512.60   33.96
   271    1.38   22.05   22.07    2.50   79.33  514.13  533.46    9.53  510.88   34.01
   272    1.37   21.85   22.19    2.45   79.25  513.22  531.88    8.60  515.91   34.50
   273    1.37   22.09   22.57    2.23   80.41  517.25  532.54    9.47  533.78   38.11
   274    1.36   22.35   22.45    2.28   80.34  528.27  544.37    9.47  528.57   37.97
   275    1.39   22.18   22.54    2.13   80.93  524.61  538.55    9.10  532.52   40.31
   276    1.35   22.33   22.97    2.26   80.70  538.10  553.91   11.83  552.72   38.98
   277    1.38   22.56   22.77    2.21   80.97  536.86  551.91   11.32  543.26   39.78
   278    1.34   22.66   22.63    2.17   81.04  550.09  564.60   11.35  536.50   41.42
   279    1.33   22.58   23.03    2.27   80.64  546.35  562.29   11.56  555.70   39.41
   280    1.34   22.61   22.54    1.91   82.19  542.26  553.38   12.80  532.09   46.25
   281    1.27   22.30   22.77    2.15   81.01  534.22  548.42   12.35  543.07   40.68
   282    1.26   22.50   22.66    2.31   80.27  536.28  552.82   10.99  537.90   38.04
   283    1.34   22.43   22.67    2.23   80.53  534.65  549.98   11.30  538.28   39.30
   284    1.37   22.51   22.97    2.02   81.58  536.39  548.95   12.26  552.75   43.24
   285    1.34   22.59   22.92    2.24   80.75  538.47  553.94   12.13  550.46   39.39
   286    1.29   22.60   23.11    2.20   81.08  538.02  552.88   13.79  559.61   40.11
   287    1.37   22.87   22.85    2.16   81.16  543.99  558.43   11.06  547.50   41.09
   288    1.29   22.73   22.89    2.21   80.82  540.57  555.63   12.77  549.21   40.04
   289    1.38   22.49   22.89    2.05   81.13  534.47  547.41   12.81  549.22   42.49
   290    1.36   22.67   22.48    1.89   81.76  539.87  550.82   12.48  529.97   46.39
   291    1.35   22.44   22.80    2.04   81.13  532.98  545.80   12.59  544.61   42.56
   292    1.32   21.94   22.51    2.21   80.45  521.43  536.56    9.80  530.56   38.59
   293    1.32   22.39   22.31    2.24   80.43  536.40  551.88   10.71  521.53   39.23
   294    1.25   22.41   22.30    2.12   80.89  536.04  549.89   11.71  521.05   41.29
   295    1.32   22.10   22.30    2.31   80.19  520.77  537.30   13.00  520.96   36.99
   296    1.30   22.15   22.52    2.00   81.62  520.06  532.38   11.97  531.44   42.35
   297    1.34   22.17   22.34    2.11   81.05  520.95  534.72    9.57  523.05   40.27
   298    1.32   21.75   22.59    1.91   81.70  498.55  509.71   13.86  534.67   42.58
   299    1.33   21.48   22.76    1.96   81.50  495.68  507.47   10.94  542.62   41.27
   300    1.28   21.72   22.36    1.91   81.75  502.61  513.76   12.38  524.18   42.92
   301    1.35   21.65   22.50    1.84   81.96  500.71  511.12   12.07  530.86   44.16
   302    1.31   21.50   22.27    2.11   80.56  494.78  508.57   12.56  519.51   38.30
   303    1.38   21.48   22.44    1.94   81.46  495.23  506.76   11.40  527.45   41.67
   304    1.36   21.70   22.38    2.27   80.01  499.57  515.45   12.20  525.41   36.21
   305    1.33   21.70   22.41    2.32   79.97  494.50  511.10   10.48  527.52   35.13
   306    1.39   21.58   22.65    2.56   78.86  498.53  518.78   10.74  538.52   32.33
   307    1.40   21.52   22.59    2.54   78.80  501.52  521.58   10.57  534.71   32.65
   308    1.37   21.73   22.41    2.43   79.42  509.74  527.97   10.81  526.34   34.65
   309    1.33   21.89   22.54    2.36   79.74  514.59  531.79   10.91  532.86   35.91
   310    1.25   22.09   22.52    2.22   80.48  523.32  538.56    8.64  531.66   38.59
   311    1.34   21.82   22.77    2.27   79.96  513.35  529.31    9.42  543.52   37.08
   312    1.28   21.93   22.53    2.16   80.58  520.17  534.52   10.50  531.52   39.45
   313    1.29   22.26   22.85    2.21   80.42  529.91  544.96   11.46  546.76   39.30
   314    1.30   22.20   23.27    2.25   80.38  528.84  544.50   10.59  567.24   38.50
   315    1.33   22.19   22.86    2.37   80.13  531.00  548.34   10.41  547.30   36.87
   316    1.29   22.02   22.89    2.28   80.53  522.93  538.94   11.00  549.63   37.70
   317    1.34   21.97   22.93    2.27   80.62  522.27  538.14   12.31  551.18   37.81
   318    1.27   22.25   22.63    2.37   80.14  526.59  543.92   12.14  537.25   36.58
   319    1.28   22.06   22.79    2.37   79.76  528.46  545.89   14.02  545.10   36.62
   320    1.38   22.39   22.45    2.27   80.20  538.55  554.39    9.87  528.35   38.97
   321    1.26   22.31   22.61    2.37   79.64  539.15  556.49   12.18  536.51   37.42
   322    1.35   22.19   22.77    2.18   80.71  537.59  552.29   10.27  543.90   40.28
   323    1.19   22.66   22.94    2.30   80.21  550.57  566.91   11.31  551.49   39.24
   324    1.28   22.58   22.63    2.11   80.94  546.16  559.85   11.99  536.70   42.26
   325    1.35   22.55   22.61    2.07   81.41  552.40  565.62   10.74  536.27   43.42
   326    1.31   22.71   22.86    2.14   80.85  553.14  567.26   10.22  548.49   42.18
   327    1.30   22.48   22.46    2.49   79.26  546.35  565.52    7.76  528.99   36.19
   328    1.33   22.49   22.37    2.41   79.57  539.79  557.81   11.54  524.35   36.80
   329    1.33   22.55   22.47    2.43   79.65  544.17  562.43   12.24  529.34   36.86
   330    1.34   22.97   22.26    2.27   80.42  560.12  576.05   12.30  520.50   40.36
   331    1.22   22.55   22.92    2.28   80.32  549.82  565.93   12.74  551.39   39.44
   332    1.28   22.75   22.96    2.22   80.59  560.92  576.09   12.90  552.69   41.35
   333    1.27   23.35   22.84    2.14   81.29  585.25  599.32   11.37  546.86   44.62
   334    1.24   23.11   23.01    2.23   80.84  573.46  588.73   10.07  555.24   42.12
   335    1.25   23.27   23.07    1.93   82.26  581.69  593.13   11.62  557.37   48.87
   336    1.27   22.96   23.28    1.89   82.25  564.68  575.56   12.08  568.12   48.60
   337    1.25   22.78   22.85    1.95   82.01  560.99  572.67    9.99  547.18   46.71
   338    1.26   23.01   23.03    2.22   80.95  569.56  584.73   10.57  555.83   41.96
   339    1.43   22.89   23.09    2.16   81.03  562.38  576.71   12.40  559.16   42.57
   340    1.35   22.68   22.86    2.27   80.45  554.85  570.77   11.16  547.62   40.00
   341    1.36   22.50   22.85    2.15   80.63  544.17  558.35   11.66  548.07   41.44
   342    1.34   22.44   22.75    2.01   81.33  542.48  554.83   12.11  544.11   44.06
   343    1.38   22.53   22.71    2.11   80.89  552.34  566.03   10.74  542.25   42.72
   344    1.42   22.48   22.79    2.20   80.44  546.50  561.48   12.05  545.14   40.56
   345    1.38   22.25   22.82    2.10   81.01  540.68  554.22   12.35  545.89   42.07
   346    1.43   22.35   22.96    2.27   80.31  541.61  557.47   11.44  552.21   39.16
   347    1.40   22.15   22.82    2.03   81.13  536.87  549.55   10.00  545.67   43.08
   348    1.39   22.33   22.65    2.20   80.51  537.34  552.31   10.74  537.74   39.92
   349    1.39   22.76   22.85    2.07   81.27  554.45  567.69   12.15  547.79   43.58
   350    1.50   22.41   22.87    2.11   80.71  540.29  554.00   12.21  549.34   41.79
   351    1.44   22.56   22.74    1.98   81.51  551.25  563.30   10.29  542.44   45.26
   352    1.44   22.54   22.93    1.95   81.63  546.11  557.80   12.03  551.69   45.51
   353    1.41   22.46   23.13    2.07   80.91  540.47  553.63   13.05  560.74   42.62
   354    1.42   22.21   22.48    2.26   80.08  526.47  542.29   10.69  530.07   38.16
   355    1.41   22.28   22.56    2.30   79.92  526.85  543.17   11.17  534.34   37.63
   356    1.46   22.46   22.43    2.21   80.34  531.02  546.04   11.47  527.59   39.41
   357    1.45   22.99   22.50    2.09   80.79  557.79  571.17   13.57  530.35   43.60
   358    1.40   23.08   22.68    2.04   80.93  556.99  569.82   10.04  539.31   44.41
   359    1.41   22.78   22.46    1.83   81.96  549.43  559.71   12.61  528.33   48.60
   360    1.42   22.84   22.54    2.31   79.91  553.26  569.71    9.75  532.00   39.31
   361    1.49   22.41   22.69    2.16   80.56  539.72  554.14   12.80  539.15   40.80
   362    1.36   22.66   23.21    1.75   82.48  555.26  564.60   10.32  564.46   51.36
   363    1.41   22.42   23.25    1.88   81.87  543.94  554.73   10.26  565.92   47.04
   364    1.43   22.59   22.88    1.99   81.54  551.94  564.10   11.14  548.61   45.13
   365    1.45   22.76   23.57    1.90   81.91  560.82  571.92   12.73  581.63   47.84
   366    1.47   22.50   23.26    2.06   81.02  556.71  569.71   13.03  566.66   44.10
   367    1.43   22.57   23.13    2.12   80.78  551.85  565.74   12.99  560.47   42.41
   368    1.43   22.55   23.52    1.94   81.58  551.49  562.99    9.39  579.29   46.29
   369    1.39   22.56   23.47    2.14   80.76  548.09  562.22   12.20  577.11   41.79
   370    1.40   22.60   23.74    1.85   82.19  562.46  572.95   13.85  590.25   49.27
   371    1.44   22.86   23.84    1.95   81.71  564.85  576.52   13.10  595.12   47.05
   372    1.38   22.71   23.86    1.74   82.83  561.03  570.27   13.26  596.55   52.15
   373    1.47   22.34   23.81    1.62   83.30  543.96  551.96   13.40  593.88   54.15
   374    1.50   21.93   23.59    1.79   82.22  528.39  538.17   13.99  582.85   47.91
   375    1.52   22.06   23.69    1.85   82.12  531.17  541.66   12.61  587.99   46.58
   376    1.43   21.85   23.85    1.89   81.76  528.45  539.35   13.35  595.77   45.52
   377    1.42   21.64   24.11    2.16   80.19  520.31  534.75   12.94  608.74   39.36
   378    1.46   21.59   23.57    2.03   80.97  523.28  535.94   12.49  581.94   42.06
   379    1.52   21.70   23.84    1.99   81.33  527.66  539.81   13.21  595.42   43.23
   380    1.43   21.64   23.41    2.24   80.16  521.26  536.74   14.09  574.52   38.17
   381    1.37   21.61   23.63    2.26   80.03  517.27  533.05   12.70  584.89   37.55
   382    1.36   21.75   23.96    2.14   80.48  520.85  534.94   13.28  601.43   39.84
   383    1.39   21.73   23.92    2.23   80.15  516.16  531.58   13.32  599.06   37.88
   384    1.38   21.88   23.84    2.01   81.33  519.93  532.38   12.36  595.46   42.12
   385    1.40   22.09   23.93    2.06   81.15  528.44  541.51   13.30  599.69   41.84
   386    1.39   21.95   23.83    2.06   80.89  524.91  538.00   14.93  595.28   41.55
   387    1.42   22.44   23.64    2.07   80.97  537.65  550.80   14.00  585.78   42.41
   388    1.41   21.90   23.70    2.13   80.63  522.57  536.60   14.35  588.61   40.05
   389    1.48   21.95   23.56    2.08   80.74  525.49  538.84   15.33  581.97   41.21
   390    1.44   22.26   23.91    2.07   81.05  534.78  547.90   14.04  598.83   42.24
   391    1.44   22.37   23.51    1.94   81.77  540.57  552.13   13.83  578.66   45.29
   392    1.38   22.57   23.70    1.86   82.25  552.99  563.54   13.80  588.02   48.33
   393    1.40   22.49   23.57    2.02   81.37  544.90  557.37   12.97  582.05   44.04
   394    1.37   22.31   23.79    2.12   80.74  537.80  551.60   13.10  593.25   41.48
   395    1.49   22.49   23.96    2.11   81.09  553.10  566.74   14.08  601.36   42.86
   396    1.39   22.21   23.31    2.21   80.46  534.01  549.05   13.82  569.55   39.59
   397    1.43   22.35   23.30    2.20   80.50  539.20  554.07   13.89  568.73   40.18
   398    1.46   22.35   23.42    2.09   80.73  544.38  557.82   12.09  574.66   42.50
   399    1.35   22.71   23.63    1.91   81.86  550.32  561.49   10.40  584.70   46.83
   400    1.41   22.31   23.51    1.89   81.90  537.93  548.85   12.79  579.07   46.30
   401    1.40   22.73   23.81    1.82   82.21  548.01  558.12   14.35  593.61   48.85
   402    1.45   23.19   23.86    1.88   81.86  565.42  576.29   12.55  596.32   48.68
   403    1.39   23.21   23.49    2.10   81.01  569.14  582.74   11.97  578.48   44.11
   404    1.38   23.20   23.58    1.87   82.14  573.10  583.74   11.72  582.28   49.82
   405    1.44   23.40   23.22    1.88   82.05  577.38  588.16   12.18  564.94   49.89
   406    1.36   23.17   23.37    1.75   82.46  567.32  576.69   14.30  572.02   52.35
   407    1.42   23.19   23.58    1.72   82.57  567.15  576.19   13.42  582.33   53.24
   408    1.44   23.27   23.33    1.84   82.21  572.13  582.44   13.01  570.11   50.50
   409    1.37   23.25   23.24    1.92   82.04  571.12  582.40   14.38  565.97   48.30
   410    1.32   23.40   23.25    1.78   82.60  574.56  584.18   13.76  566.17   52.35
   411    1.29   23.11   23.08    1.85   82.24  559.51  570.02   12.79  557.71   48.96
   412    1.24   23.04   23.00    2.20   80.81  563.61  578.58   11.87  554.33   41.81
   413    1.37   22.83   23.46    2.00   81.36  552.24  564.51   12.99  576.36   44.96
   414    1.36   22.85   23.19    1.84   82.32  563.32  573.67   10.92  563.50   49.64
   415    1.31   23.10   23.11    1.66   83.14  564.54  572.96   10.73  560.09   54.80
   416    1.36   23.10   23.54    1.70   82.91  566.47  575.24   11.68  580.56   53.93
   417    1.30   23.57   23.61    1.82   82.50  586.41  596.56   10.80  583.85   52.09
   418    1.40   23.31   23.43    1.80   82.37  574.09  583.97    8.42  575.64   51.65
   419    1.44   23.74   23.64    1.86   82.03  595.87  606.46   11.40  586.27   51.87
   420    1.38   23.64   23.22    1.99   81.69  597.29  609.37   12.17  564.99   48.88
   421    1.40   23.58   23.87    1.89   82.08  598.86  609.76   11.65  597.24   51.40
   422    1.45   23.49   23.92    1.68   82.84  597.02  605.60   11.69  599.98   57.36
   423    1.41   23.12   23.51    1.78   82.47  576.45  586.10   10.70  579.81   52.46
   424    1.37   23.09   23.65    1.98   81.70  576.65  588.71    9.52  586.54   47.27
   425    1.32   23.04   23.33    1.79   82.43  569.28  579.03   11.18  570.63   51.56
   426    1.29   23.19   23.57    1.83   82.41  582.97  593.20   13.32  582.32   51.60
   427    1.22   23.21   23.66    2.07   81.39  581.37  594.57   11.77  587.14   45.68
   428    1.28   23.08   23.42    1.92   81.94  575.84  587.07   13.00  575.55   48.81
   429    1.31   22.96   23.22    2.08   80.89  565.79  579.07   10.83  565.18   44.37
   430    1.34   22.95   23.04    2.13   80.75  563.94  577.95   13.39  557.19   43.14
   431    1.32   22.88   23.17    2.00   81.38  562.87  575.13   13.59  563.13   45.80
   432    1.33   22.64   23.18    1.80   81.85  549.80  559.67   12.58  562.69   49.57
   433    1.44   22.87   22.80    2.14   80.66  562.05  576.16   10.49  545.39   42.86
   434    1.34   23.00   23.12    2.04   81.25  564.90  577.72   12.73  560.60   45.03
   435    1.30   22.94   23.27    2.07   81.21  561.35  574.52   11.94  568.22   44.21
   436    1.30   23.17   23.11    1.99   81.64  565.34  577.49   10.98  560.29   46.21
   437    1.33   23.04   23.10    1.98   81.57  563.33  575.38   11.58  559.55   46.22
   438    1.26   22.92   23.12    1.99   81.48  559.38  571.47   12.20  560.71   45.83
   439    1.33   23.23   23.18    1.78   82.34  564.56  574.25   11.33  563.29   51.29
   440    1.31   23.14   23.08    1.98   81.38  564.77  576.73   12.66  558.58   46.49
   441    1.28   22.91   22.82    1.90   81.74  553.89  564.98    9.75  545.82   47.28
   442    1.24   22.64   23.03    1.82   82.15  543.72  553.83   12.51  555.63   48.50
   443    1.31   22.96   23.35    1.97   81.43  561.63  573.57   10.19  571.87   46.28
   444    1.36   22.73   23.08    2.19   80.59  549.67  564.39   11.43  558.75   41.13
   445    1.34   22.84   23.08    1.86   82.12  549.44  560.01   11.04  558.50   47.98
   446    1.34   23.11   23.24    1.93   81.95  560.81  572.24   12.11  566.77   47.17
   447    1.34   22.85   22.98    2.28   80.10  551.32  567.38   11.38  553.71   39.60
   448    1.29   22.46   23.27    1.88   81.87  539.36  550.16   12.21  568.14   46.64
   449    1.38   22.44   23.12    1.95   81.51  539.29  550.89   14.32  560.66   45.10
   450    1.37   22.40   23.32    2.21   80.35  544.24  559.35   12.65  570.05   40.23
   451    1.39   21.85   23.35    2.32   79.60  521.72  538.42   13.57  572.17   36.88
   452    1.29   22.32   23.26    2.39   79.78  542.60  560.25   13.44  567.31   37.34
   453    1.35   22.73   23.26    2.10   81.04  555.75  569.34   12.99  567.12   43.13
   454    1.35   22.88   23.39    1.96   81.69  563.51  575.31   12.62  573.93   46.69
   455    1.26   22.90   23.61    2.13   80.78  565.50  579.41   12.75  584.33   43.39
   456    1.31   23.04   23.38    1.80   82.47  571.81  581.65   12.50  573.79   51.56
   457    1.27   23.38   23.20    2.05   81.56  578.06  590.95   13.37  563.80   45.92
   458    1.27   23.39   23.33    1.98   81.75  570.62  582.65   13.46  570.41   46.84
   459    1.33   23.08   23.23    2.07   81.32  560.47  573.58   11.66  565.46   44.22
   460    1.35   23.01   22.99    2.01   81.59  553.69  566.07   13.20  554.02   44.89
   461    1.35   22.82   23.04    1.74   82.50  551.71  560.96   13.44  556.53   51.26
   462    1.42   22.69   23.18    1.61   83.11  550.45  558.32   13.97  562.98   55.18
   463    1.43   22.38   23.10    1.69   82.76  541.53  550.23   11.73  559.58   51.82
   464    1.44   22.14   23.36    1.90   81.86  530.52  541.60   14.53  572.56   45.37
   465    1.37   22.53   23.39    2.03   81.29  540.52  553.14   13.73  573.76   43.46
   466    1.36   22.31   23.42    1.91   81.66  534.98  546.22   13.74  574.89   45.43
   467    1.34   22.03   23.32    2.00   81.36  524.30  536.63   16.16  569.70   42.67
   468    1.42   22.09   23.42    2.00   81.32  525.17  537.45   13.34  574.73   42.82
   469    1.33   22.37   23.21    1.86   81.93  532.50  543.14   14.30  564.33   46.39
   470    1.37   22.22   23.39    1.59   83.23  534.89  542.56   12.05  573.70   54.33
   471    1.33   22.47   23.79    1.57   83.38  545.59  553.07   14.34  593.24   56.03
   472    1.38   22.35   23.67    1.69   82.63  539.18  547.89   14.75  587.37   51.59
   473    1.31   22.04   23.54    1.99   81.34  525.23  537.36   14.58  581.49   43.06
   474    1.23   22.32   23.70    1.84   81.98  534.82  545.20   14.27  588.99   47.14
   475    1.26   22.30   23.77    1.90   81.80  533.87  544.98   13.14  591.92   45.57
   476    1.33   22.33   23.58    2.06   81.02  537.08  550.12   12.66  583.37   42.55
   477    1.26   22.55   23.52    1.87   82.07  550.27  560.96   12.12  581.23   47.79
   478    1.22   22.44   23.78    1.86   81.92  541.55  552.19   15.32  592.97   47.16
   479    1.30   22.36   23.82    1.75   82.38  533.27  542.65   14.15  595.09   49.28
   480    1.22   22.25   23.59    1.93   81.55  532.48  543.91   17.07  583.50   44.86
   481    1.32   22.03   23.77    1.82   81.91  527.88  538.05   16.40  592.46   46.99
   482    1.34   22.08   23.90    1.59   83.07  523.86  531.52   14.05  598.09   53.29
   483    1.36   22.46   23.73    1.75   82.16  540.57  549.97   12.91  589.88   49.90
   484    1.37   22.37   23.80    1.75   82.36  541.14  550.51   14.58  593.36   50.02
   485    1.32   22.62   23.56    1.92   81.59  543.15  554.40   13.66  582.36   46.07
   486    1.37   22.57   23.59    1.79   82.08  542.65  552.40   12.92  582.93   49.22
   487    1.36   22.55   23.46    1.77   82.08  543.76  553.30   12.52  576.81   49.82
   488    1.30   22.30   23.21    2.08   80.85  532.13  545.41   14.78  564.50   41.80
   489    1.44   22.20   23.59    2.12   80.70  523.29  537.18   14.16  583.09   40.29
   490    1.40   22.24   23.38    2.02   81.21  527.78  540.32   14.99  573.03   42.60
   491    1.39   22.32   23.78    1.70   82.54  531.47  540.29   12.94  593.05   50.57
   492    1.38   22.15   23.65    1.88   81.58  525.20  536.03   12.64  586.75   45.41
   493    1.41   22.17   23.59    1.72   82.53  529.07  538.11   14.96  583.58   49.77
   494    1.44   21.82   23.67    1.68   82.64  513.86  522.45   14.47  587.16   49.54
   495    1.40   21.72   23.41    1.91   81.43  512.13  523.37   14.87  574.99   43.54
   496    1.39   22.09   23.39    1.74   82.22  522.45  531.73   15.69  573.97   48.56
   497    1.41   22.19   23.29    1.78   82.06  524.09  533.77   13.38  568.70   47.75
   498    1.41   22.37   23.40    1.75   82.33  530.77  540.14   16.13  575.42   49.07
   499    1.33   22.48   23.32    1.80   82.16  533.10  543.03   16.18  571.34   47.99
   500    1.36   22.33   23.47    1.99   81.35  531.26  543.47   14.00  578.93   43.42
   501    1.35   21.97   23.41    2.02   81.11  514.57  527.13   16.37  575.58   41.53
   502    1.40   21.88   23.31    2.10   80.73  510.40  523.96   16.43  570.39   39.77
   503    1.43   21.93   23.04    2.13   80.50  507.57  521.61   15.16  556.98   38.93
   504    1.40   21.70   23.17    2.11   80.50  500.61  514.30   14.36  562.61   38.87
   505    1.47   22.09   23.36    2.17   80.33  515.50  529.96   12.85  572.15   38.97
   506    1.43   21.98   23.36    2.19   80.25  514.78  529.55   12.57  572.96   38.54
   507    1.50   21.97   23.06    2.13   80.61  518.55  532.58   13.29  559.26   39.75
   508    1.42   22.18   23.11    1.93   81.42  522.38  533.87   15.71  561.11   43.94
   509    1.36   21.99   23.04    1.93   81.48  516.37  527.83   14.84  558.24   43.50
   510    1.36   21.97   22.86    2.31   79.71  510.30  526.85   12.73  549.30   36.26
   511    1.35   21.87   22.83    2.41   79.25  508.12  526.06   13.48  547.57   34.80
   512    1.41   22.05   22.83    2.05   80.89  519.04  531.92   12.66  549.12   41.41
   513    1.35   22.03   22.59    2.16   80.32  518.62  532.97   14.19  537.00   39.35
   514    1.30   22.10   22.81    2.24   80.13  520.60  536.09   13.99  545.76   38.10
   515    1.33   22.08   23.14    2.08   80.73  520.68  534.04   15.12  561.96   40.83
   516    1.24   21.85   23.06    2.31   79.86  512.15  528.58   16.45  559.36   36.50
   517    1.30   22.26   23.34    1.95   81.43  526.96  538.65   14.99  573.65   43.95
   518    1.36   22.03   23.40    1.86   81.87  517.09  527.64   14.88  576.18   45.28
   519    1.32   22.31   23.51    1.53   83.08  528.71  535.82   13.51  582.94   55.67
   520    1.28   22.07   23.17    2.01   81.02  518.99  531.41   15.33  566.02   42.11
   521    1.38   22.05   23.30    2.11   80.80  519.46  533.11   13.66  571.00   40.33
   522    1.42   21.90   23.22    2.02   81.05  511.02  523.62   12.25  567.96   41.20
   523    1.43   21.84   23.10    2.22   80.17  509.89  525.16   12.54  561.81   37.60
   524    1.42   21.97   23.56    2.13   80.53  518.46  532.47   12.65  584.49   39.77
   525    1.51   21.58   23.66    2.07   80.60  502.89  516.10   11.17  590.05   39.67
   526    1.44   21.76   23.46    2.18   80.24  519.49  534.20   13.62  580.49   38.95
   527    1.39   22.03   23.30    2.47   79.03  524.10  543.00   13.09  573.36   35.00
   528    1.39   21.81   23.76    2.01   81.04  518.78  531.24   11.95  596.16   42.03
   529    1.38   21.75   23.74    1.86   81.61  519.09  529.66   14.77  594.90   45.40
   530    1.34   21.95   23.64    1.86   81.63  527.30  537.86   14.55  589.07   46.11
   531    1.37   21.64   23.25    2.10   80.50  508.37  522.00   12.48  571.70   39.52
   532    1.42   21.73   23.38    2.25   79.83  516.82  532.52   13.01  578.94   37.62
   533    1.41   21.89   23.42    2.04   80.85  518.27  531.11   12.30  579.35   41.40
   534    1.38   22.06   23.19    2.09   80.89  525.47  538.96   12.21  565.99   41.01
   535    1.35   21.75   23.12    2.08   80.76  513.39  526.72   11.44  562.30   40.32
   536    1.34   21.97   23.65    2.21   80.25  516.25  531.26   11.26  587.14   38.35
   537    1.40   21.99   23.50    2.05   80.72  520.39  533.34   11.85  581.35   41.39
   538    1.35   21.93   23.36    1.86   81.76  520.42  531.00   12.97  575.42   45.51
   539    1.44   21.57   23.46    1.96   81.18  513.01  524.87   11.57  578.84   42.54
   540    1.44   21.78   23.51    1.88   81.61  514.21  525.06   11.46  581.34   44.44
   541    1.45   21.70   23.10    2.01   80.92  508.66  521.12   12.15  561.88   41.24
   542    1.44   21.70   22.93    1.85   81.67  510.81  521.24   13.08  554.44   44.99
   543    1.40   21.71   23.44    1.97   81.24  513.71  525.62   11.58  578.61   42.50
   544    1.42   21.87   23.19    2.12   80.61  515.56  529.39   12.55  566.89   39.79
   545    1.43   21.83   23.24    1.96   81.25  519.81  531.63   11.88  571.88   43.16
   546    1.45   21.76   23.60    1.93   81.44  518.42  529.87   14.64  589.54   43.69
   547    1.33   21.84   23.50    2.13   80.55  513.56  527.50   12.88  581.56   39.49
   548    1.37   21.81   23.29    2.25   80.08  513.69  529.31   15.00  571.21   37.48
   549    1.33   21.87   23.43    2.32   79.60  513.68  530.36   16.24  578.61   36.36
   550    1.26   22.32   23.51    2.25   80.12  531.01  546.57   14.92  583.35   38.75
   551    1.32   22.14   23.65    2.35   79.49  524.33  541.43   15.42  590.37   36.66
   552    1.35   22.47   23.60    2.39   79.36  534.96  552.63   16.20  587.92   36.82
   553    1.43   22.21   23.43    2.47   79.04  530.48  549.38   15.79  580.33   35.40
   554    1.28   22.53   23.60    2.47   79.22  543.23  562.09   14.57  588.98   36.25
   555    1.39   22.29   23.40    2.44   79.53  532.90  551.26   14.08  577.27   36.04
   556    1.42   22.12   23.38    2.29   79.99  527.57  543.75   15.83  577.42   37.84
   557    1.34   22.08   23.38    2.14   80.54  524.32  538.40   13.15  577.38   40.12
   558    1.36   22.29   23.07    2.00   81.26  531.97  544.31   12.88  560.75   43.25
   559    1.38   21.77   23.09    2.27   79.80  513.47  529.45   12.98  563.43   37.08
   560    1.35   21.79   22.84    2.10   80.59  508.70  522.28   13.23  550.43   39.62
   561    1.40   21.48   23.18    2.27   79.81  503.62  519.61   14.46  566.41   36.37
   562    1.39   21.52   22.83    2.15   80.35  508.85  523.07   12.16  551.12   38.79
   563    1.40   21.56   23.29    2.18   80.18  511.33  526.01   13.33  575.14   38.39
   564    1.31   21.89   22.71    2.35   79.47  520.29  537.39   14.68  547.31   36.40
   565    1.37   21.86   22.69    2.17   80.17  518.40  532.91   12.46  546.13   39.13
   566    1.32   22.10   22.64    2.38   79.35  524.84  542.42   12.50  543.39   36.22
   567    1.31   21.74   22.73    2.07   80.71  516.87  530.05   14.20  551.67   40.78
   568    1.31   22.18   22.72    2.13   80.43  529.09  543.03   14.84  550.53   40.65
   569    1.37   22.19   22.90    2.40   79.41  529.49  547.27   16.23  555.08   36.34
   570    1.38   22.56   23.13    1.98   81.31  545.54  557.62   16.06  567.34   44.78
   571    1.30   22.61   22.92    2.16   80.67  538.28  552.63   17.35  556.86   40.78
   572    1.29   22.37   22.77    2.12   80.62  536.12  550.02   15.71  549.35   41.22
   573    1.36   21.85   23.12    2.03   80.67  514.06  526.73   17.08  567.35   41.34
   574    1.38   21.89   22.93    2.31   79.63  514.62  531.05   16.93  555.91   36.68
   575    1.36   21.45   23.00    2.10   80.57  496.36  509.92   16.81  557.96   38.71
   576    1.35   21.01   23.01    1.86   81.46  484.39  494.98   16.94  558.40   42.42
   577    1.32   21.21   23.04    2.03   80.77  489.62  502.35   15.25  559.05   39.34
   578    1.31   21.24   23.28    1.95   81.07  486.60  498.27   15.12  571.34   40.74
   579    1.26   20.99   23.17    2.05   80.66  482.14  495.03   15.41  566.44   38.54
   580    1.33   20.94   23.35    1.96   81.09  476.79  488.58   15.35  572.67   39.73
   581    1.37   21.05   23.27    2.07   80.54  482.07  495.28   14.63  570.00   38.10
   582    1.29   21.12   23.39    1.90   81.22  484.19  495.30   14.88  575.71   41.47
   583    1.29   21.36   23.58    1.98   81.05  500.27  512.38   14.85  586.07   41.11
   584    1.33   21.05   23.48    2.11   80.56  493.64  507.31   14.93  580.96   38.37
   585    1.33   21.47   23.60    2.06   80.82  505.33  518.36   15.85  586.05   40.13
   586    1.35   21.54   23.67    2.02   80.95  512.57  525.16   14.13  591.10   41.34
   587    1.33   21.94   23.96    1.61   82.86  527.75  535.64   14.28  604.53   52.92
   588    1.31   21.67   23.77    1.93   81.35  515.28  526.69   14.28  596.15   43.50
   589    1.38   21.57   23.74    2.07   80.72  511.60  524.84   13.77  595.72   40.29
   590    1.35   21.62   23.72    2.08   80.72  506.69  519.99   14.79  592.80   39.85
   591    1.43   21.58   23.68    2.27   79.90  507.34  523.30   11.73  590.86   36.66
   592    1.36   21.64   23.63    2.28   79.93  517.02  533.06   12.63  589.89   37.25
   593    1.40   21.81   23.84    2.17   80.37  522.31  536.87   13.41  599.41   39.34
   594    1.41   21.91   23.76    2.04   81.08  526.12  538.90   14.20  596.41   42.09
   595    1.42   21.67   24.23    1.81   81.98  518.50  528.53   14.14  618.41   46.50
   596    1.37   21.70   24.06    1.87   81.80  514.92  525.58   15.39  609.07   44.87
   597    1.36   21.92   23.84    1.84   81.91  523.88  534.23   15.25  598.48   46.25
   598    1.31   22.15   23.93    2.18   80.45  535.24  549.88   15.62  605.06   40.18
   599    1.36   22.25   23.96    2.46   79.29  536.67  555.42   14.50  606.67   35.93
   600    1.35   22.61   24.06    2.18   80.50  549.69  564.39   15.34  614.77   41.14
   601    1.39   22.33   23.67    2.19   80.41  537.21  551.96   15.62  594.65   40.18
   602    1.39   22.12   23.67    2.22   80.22  534.50  549.66   14.99  592.78   39.48
   603    1.35   22.32   23.90    2.14   80.70  538.57  552.66   14.67  604.07   41.16
   604    1.35   22.30   23.94    1.99   81.29  537.61  549.82   15.53  604.97   43.92
   605    1.31   22.09   23.78    1.96   81.49  534.57  546.41   16.57  596.19   44.30
   606    1.32   22.18   23.83    1.93   81.61  532.93  544.34   16.51  599.79   44.95
   607    1.31   21.99   23.73    2.14   80.65  532.44  546.55   16.74  594.49   40.68
   608    1.26   22.19   23.48    2.33   80.00  538.06  554.78   15.16  582.78   37.97
   609    1.34   22.01   23.88    1.99   81.30  530.72  542.87   15.87  601.36   43.46
   610    1.30   22.10   23.71    1.93   81.63  534.76  546.24   15.84  592.97   44.96
   611    1.34   22.65   23.60    2.26   80.41  553.87  569.61   15.38  588.31   40.15
   612    1.27   22.07   23.98    2.09   80.89  528.89  542.29   16.41  607.01   41.38
   613    1.29   21.98   23.79    2.30   80.02  525.91  542.31   14.91  598.30   37.48
   614    1.31   22.24   24.17    1.90   81.78  540.50  551.55   17.75  617.29   46.26
   615    1.31   22.11   24.22    2.36   79.82  537.83  555.07   15.13  620.28   37.43
   616    1.41   22.61   24.26    2.05   81.35  554.93  567.81   16.93  621.27   44.16
   617    1.34   22.58   24.32    2.21   80.74  563.14  578.26   16.63  626.55   41.57
   618    1.37   22.88   24.41    1.98   81.73  571.11  583.13   16.75  629.63   46.90
   619    1.27   22.60   24.31    2.00   81.52  565.44  577.72   16.09  625.37   45.97
   620    1.39   22.49   24.33    2.09   81.14  555.86  569.27   16.60  626.71   43.41
   621    1.30   22.37   24.29    2.05   81.20  550.63  563.58   15.05  625.86   43.72
   622    1.26   22.44   24.37    1.71   82.68  555.83  564.77   16.14  630.48   52.46
   623    1.33   22.63   24.34    1.66   82.96  565.91  574.25   15.08  628.21   55.16
   624    1.41   22.43   24.19    1.88   81.97  547.93  558.78   15.27  618.78   47.26
   625    1.42   22.58   24.19    2.09   81.16  559.50  573.00   14.44  620.94   43.56
   626    1.37   23.06   24.23    2.19   80.83  579.05  593.88   13.57  626.09   43.09
   627    1.37   23.05   24.57    2.22   80.88  583.90  599.08   15.35  641.98   42.97
   628    1.37   22.86   24.49    2.12   81.04  567.70  581.52   14.90  635.44   43.69
   629    1.29   22.71   24.33    2.05   81.45  563.80  576.75   14.09  627.96   44.73
   630    1.38   22.74   24.09    2.04   81.48  563.57  576.36   13.88  614.94   44.96
   631    1.27   22.71   24.13    2.05   81.52  564.77  577.62   16.36  617.64   44.97
   632    1.26   23.05   23.85    2.19   81.11  582.70  597.52   14.88  607.21   43.37
   633    1.23   22.83   24.18    2.33   80.28  571.08  587.81   14.64  622.79   40.20
   634    1.39   23.00   24.02    2.10   81.37  576.53  590.13   15.33  615.53   44.66
   635    1.35   22.52   24.06    2.12   81.18  569.01  582.81   14.42  616.30   43.80
   636    1.32   22.47   23.68    2.17   80.93  560.85  575.30   12.16  597.83   42.28
   637    1.30   22.77   23.75    2.03   81.70  569.27  581.94   15.09  602.25   45.62
   638    1.25   22.51   23.76    2.18   80.93  560.78  575.48   14.28  603.90   41.95
   639    1.32   22.50   23.57    2.36   80.16  565.87  583.12   15.89  596.07   39.28
   640    1.35   22.57   23.75    1.83   82.46  569.08  579.36   15.71  606.38   50.28
   641    1.29   22.59   23.81    2.23   80.62  565.49  580.79   15.81  603.79   41.51
   642    1.32   22.73   23.77    2.08   81.29  568.30  581.65   14.56  604.48   44.44
   643    1.33   22.89   23.59    2.33   80.21  572.14  588.90   14.91  595.51   40.24
   644    1.31   23.02   23.84    2.00   81.69  580.15  592.40   15.01  607.18   47.20
   645    1.27   23.24   23.88    1.81   82.54  594.21  604.22   15.48  609.75   53.09
   646    1.33   23.14   23.83    1.96   81.93  588.78  600.55   14.80  608.07   48.79
   647    1.32   22.86   23.84    2.03   81.55  566.26  578.95   15.13  605.82   45.34
   648    1.30   22.50   24.13    1.99   81.57  561.14  573.33   16.30  618.72   45.81
   649    1.32   21.89   23.79    2.10   81.01  540.73  554.35   15.38  600.33   41.96
   650    1.36   22.17   23.88    1.92   81.93  544.27  555.51   15.36  603.30   46.19
   651    1.30   22.40   23.96    2.02   81.34  550.99  563.58   14.81  610.50   44.33
   652    1.20   22.30   23.81    2.00   81.54  546.70  558.94   14.51  606.80   44.58
   653    1.26   22.38   23.57    2.11   80.81  544.46  558.18   14.89  593.74   42.10
   654    1.25   22.44   23.49    1.96   81.46  546.82  558.65   14.04  589.83   45.30
   655    1.24   22.47   23.90    1.99   81.42  548.51  560.63   14.29  610.48   44.91
   656    1.28   22.28   23.72    2.18   80.74  545.03  559.71   16.03  601.13   40.83
   657    1.28   22.24   23.45    1.92   81.74  542.81  554.08   16.11  588.12   46.02
   658    1.26   22.12   23.82    1.90   81.75  535.18  546.29   13.98  604.07   45.69
   659    1.18   22.19   23.74    2.10   80.92  537.82  551.34   13.21  600.31   41.90
   660    1.27   21.94   23.57    1.76   82.33  527.72  537.16   14.17  592.54   48.64
   661    1.36   22.07   23.60    1.76   82.19  532.71  542.17   14.00  594.91   49.03
   662    1.26   22.20   23.33    1.98   81.30  533.63  545.68   13.32  583.28   43.86
   663    1.16   22.28   23.10    2.27   80.03  538.57  554.45   14.26  568.88   38.93
   664    1.31   22.22   23.30    2.47   79.28  539.48  558.39   12.91  579.01   35.97
   665    1.15   22.30   22.99    2.28   80.18  543.14  559.21   12.42  561.85   39.04
   666    1.15   22.32   23.19    2.15   80.69  540.67  554.96   14.52  570.57   41.03
   667    1.26   22.38   23.25    2.00   81.42  546.79  559.10   13.64  573.31   44.47
   668    1.33   22.74   23.18    2.10   81.15  556.17  569.75   13.68  570.34   43.17
   669    1.37   22.92   22.86    2.20   80.80  563.92  578.78   13.63  557.54   41.95
   670    1.29   22.47   22.82    2.10   81.12  547.75  561.30   13.77  553.16   42.59
   671    1.23   22.40   23.00    2.34   79.99  546.73  563.61   14.31  560.60   38.40
   672    1.29   22.15   22.96    2.38   79.75  540.82  558.34   12.65  559.00   37.36
   673    1.19   22.11   23.00    2.26   80.24  533.97  549.73   14.25  559.86   38.75
   674    1.35   22.45   23.00    2.18   80.70  549.86  564.53   13.19  562.15   41.20
   675    1.31   22.22   23.05    1.97   81.63  545.59  557.48   14.66  566.02   45.10
   676    1.27   22.17   23.00    2.31   79.95  539.84  556.29   14.78  562.30   38.39
   677    1.25   22.29   23.15    2.36   79.85  545.75  562.99   13.80  570.27   37.95
   678    1.35   22.17   23.23    2.07   81.05  541.52  554.73   14.48  573.88   42.63
   679    1.39   22.18   23.35    2.32   80.02  545.20  561.77   14.24  577.89   38.62
   680    1.32   22.32   23.39    2.21   80.54  549.69  564.70   13.65  577.61   40.75
   681    1.28   22.11   23.23    2.12   80.91  537.50  551.34   13.04  571.14   41.41
   682    1.37   22.28   23.62    2.08   81.12  550.19  563.52   13.74  588.55   43.10
   683    1.26   22.46   23.27    2.09   81.12  550.56  564.02   12.58  572.01   42.94
   684    1.30   22.96   23.39    1.87   82.10  568.13  578.84   13.67  577.54   49.26
   685    1.33   23.06   23.65    1.72   82.88  573.91  582.87   12.06  591.08   54.08
   686    1.33   22.93   23.96    1.59   83.34  571.22  578.82   12.52  606.33   58.14
   687    1.31   22.93   23.96    1.85   82.07  567.42  577.90   12.08  604.50   49.69
   688    1.38   22.91   23.89    1.67   82.95  566.39  574.90   10.03  603.69   54.70
   689    1.31   22.94   23.98    1.67   82.96  569.59  578.07   11.91  608.69   55.10
   690    1.34   22.95   24.02    1.69   82.87  568.84  577.56   12.81  609.37   54.30
   691    1.32   23.03   24.20    1.75   82.53  578.08  587.40   11.49  618.75   53.45
   692    1.36   22.68   24.22    1.69   82.84  569.81  578.50   11.56  620.27   54.47
   693    1.32   23.13   24.19    1.74   82.76  584.36  593.58   11.53  618.54   54.31
   694    1.34   22.95   24.37    1.71   82.65  578.96  587.83   11.44  626.17   54.81
   695    1.35   22.91   24.04    1.92   81.96  570.47  581.70   11.29  611.57   48.36
   696    1.40   23.09   24.28    1.82   82.24  583.98  594.06   14.49  624.77   52.04
   697    1.33   22.64   24.25    1.84   81.90  563.30  573.64   13.99  623.48   49.66
   698    1.30   22.59   24.22    2.06   81.16  560.78  573.80   14.47  621.53   44.39
   699    1.31   22.54   24.17    2.11   80.92  562.92  576.67   14.40  618.12   43.44
   700    1.33   23.07   24.23    1.86   82.17  580.33  590.88   13.16  622.11   50.62
   701    1.39   22.79   24.27    1.71   82.67  565.10  574.05   13.57  623.87   53.30
   702    1.37   23.03   24.22    1.80   82.20  581.23  591.09   13.89  621.77   52.33
   703    1.36   23.01   24.34    1.62   83.32  577.34  585.26   15.13  627.92   57.64
   704    1.29   23.09   23.90    1.82   82.26  583.12  593.24   12.46  608.03   51.86
   705    1.36   22.88   23.95    1.75   82.40  561.18  570.47   13.82  612.07   52.04
   706    1.42   22.61   23.95    1.86   81.92  558.67  569.24   12.97  608.91   48.74
   707    1.34   22.46   24.17    1.83   81.98  551.95  562.16   12.62  621.62   48.98
   708    1.36   22.85   24.02    1.91   81.74  562.50  573.66   13.85  612.36   47.85
   709    1.35   23.09   24.36    1.97   81.65  571.43  583.35   13.26  629.79   47.11
   710    1.26   23.00   24.13    2.15   81.03  567.06  581.26   12.62  618.46   43.09
   711    1.35   22.81   24.14    1.99   81.70  561.75  573.94   11.65  618.70   45.86
   712    1.31   22.41   23.99    1.92   82.00  552.31  563.57   11.49  609.99   46.81
   713    1.39   22.77   23.83    2.00   81.51  559.96  572.21   12.07  603.05   45.59
   714    1.30   22.93   23.97    1.72   82.75  565.55  574.59   12.48  608.31   53.10
   715    1.37   22.76   24.17    1.72   82.61  561.33  570.29   12.80  618.38   52.92
   716    1.35   22.44   24.15    2.01   81.31  544.41  556.81   12.21  616.51   44.12
   717    1.39   22.68   23.92    2.19   80.83  561.08  575.85   10.31  605.46   41.88
   718    1.27   22.41   24.04    2.31   80.31  551.54  567.97   11.36  611.43   39.20
   719    1.29   22.71   24.15    2.22   80.57  559.46  574.68   13.52  616.01   41.19
   720    1.31   23.06   24.15    1.90   82.14  569.77  580.78   13.19  614.79   48.76
   721    1.33   22.90   24.22    1.88   82.26  562.77  573.61   10.43  618.93   48.53
   722    1.34   23.35   24.05    2.05   81.66  585.16  598.07   11.49  610.44   46.42
   723    1.36   23.12   23.94    1.85   82.18  573.84  584.32   11.94  604.06   50.25
   724    1.34   22.95   23.38    2.01   81.46  564.18  576.61   10.94  574.29   45.63
   725    1.30   22.43   23.63    2.20   80.50  545.21  560.07   13.00  586.09   40.62
   726    1.30   22.97   23.88    2.27   80.48  561.85  577.75   12.85  598.37   40.52
   727    1.34   23.20   23.72    2.10   81.25  577.62  591.15   13.61  590.08   44.86
   728    1.18   23.33   23.67    2.31   80.38  573.31  589.82   12.94  589.07   40.60
   729    1.26   23.18   23.66    2.31   80.38  567.33  583.82   12.74  588.88   40.21
   730    1.23   23.17   23.79    1.96   81.94  570.44  582.15   12.72  594.89   47.41
   731    1.25   23.04   23.69    2.10   81.12  566.58  580.12   12.02  590.06   44.03
   732    1.21   23.32   23.94    2.09   81.41  585.46  598.83   12.19  605.07   45.71
   733    1.32   23.15   24.02    2.24   80.62  580.14  595.67   12.29  606.48   42.25
   734    1.30   22.95   24.42    2.13   81.03  573.74  587.63   12.21  626.48   44.03
   735    1.36   23.06   24.26    2.04   81.64  579.16  591.92   12.26  619.08   46.24
   736    1.30   23.11   23.91    2.08   81.41  576.42  589.73   11.79  602.01   45.11
   737    1.27   23.49   23.85    2.19   80.90  589.86  604.57   13.41  598.54   44.04
   738    1.30   23.14   24.12    2.11   81.46  583.86  597.52   12.18  611.88   45.13
   739    1.36   23.06   24.32    2.19   81.07  579.08  593.83   12.99  621.75   43.20
   740    1.33   22.91   24.52    2.18   80.84  577.38  592.01   12.11  632.99   43.24
   741    1.36   23.14   24.37    2.36   80.06  582.98  600.21   13.08  626.25   40.46
   742    1.29   22.70   24.15    2.49   79.61  569.25  588.35   12.51  615.28   37.70
   743    1.35   23.34   24.15    2.45   79.79  587.01  605.60   14.51  615.45   39.33
   744    1.31   23.26   24.12    2.47   79.82  583.74  602.62   13.68  612.22   38.82
   745    1.37   23.22   24.08    1.93   82.01  586.18  597.62   11.60  611.35   49.20
   746    1.40   23.10   24.28    1.90   82.22  580.73  591.80    9.29  621.90   49.53
   747    1.37   23.68   24.46    1.84   82.58  603.36  613.64   11.58  631.09   53.21
   748    1.39   23.47   24.47    1.86   82.43  592.28  602.83   11.64  631.05   51.66
   749    1.38   23.41   24.11    1.82   82.72  600.85  610.95   12.49  615.50   53.46
   750    1.31   23.57   24.35    1.80   82.97  602.36  612.23   11.26  628.90   54.15
   751    1.42   23.69   24.44    2.02   81.90  613.05  625.54   10.91  635.74   49.33
   752    1.34   23.64   24.32    1.75   83.00  604.75  614.09   13.75  629.84   55.78
   753    1.33   23.58   24.20    1.66   83.28  601.52  609.82   11.97  623.26   58.67
   754    1.30   23.28   23.85    1.91   82.20  586.75  597.90   11.93  603.82   49.86
   755    1.38   23.72   23.86    1.89   82.51  600.74  611.66   11.53  604.52   51.52
   756    1.39   23.41   24.09    1.64   83.62  584.16  592.30   12.25  616.25   57.54
   757    1.27   23.33   24.34    1.94   82.13  591.61  603.11   13.10  628.28   49.53
   758    1.29   23.67   24.31    1.90   82.38  602.92  613.91   12.35  625.56   51.55
   759    1.29   23.87   24.51    1.68   83.24  611.97  620.50   12.47  636.34   58.87
   760    1.27   23.50   24.27    1.75   82.82  599.93  609.22   12.90  623.28   55.52
   761    1.33   23.58   24.50    1.57   83.58  600.95  608.40   12.44  633.55   61.65
   762    1.31   23.02   24.52    1.68   83.26  579.35  587.96   11.67  633.85   55.60
   763    1.38   22.92   24.55    1.84   82.45  573.99  584.34   12.44  634.32   50.55
   764    1.37   23.12   24.20    1.91   82.13  580.02  591.21   13.56  618.33   49.23
   765    1.37   23.17   24.38    1.73   83.03  582.90  592.03   12.05  628.36   54.43
   766    1.27   23.31   24.55    2.15   81.07  589.56  603.79   13.23  637.39   44.69
   767    1.33   23.22   24.72    2.07   81.34  581.69  594.81   11.79  647.04   45.83
   768    1.30   23.66   24.39    1.87   82.24  594.93  605.60   13.36  628.73   51.59
   769    1.23   23.49   24.57    1.87   82.30  592.22  602.85   12.27  636.42   51.44
   770    1.31   23.27   24.38    2.01   81.70  581.73  594.14   12.54  627.76   47.03
   771    1.26   23.37   24.25    2.08   81.49  582.10  595.35   13.17  621.67   45.64
   772    1.38   23.44   24.31    1.69   83.25  588.62  597.33   13.07  624.38   56.14
   773    1.41   23.43   24.20    1.69   83.16  580.19  588.89   13.45  616.73   55.40
   774    1.38   23.52   24.24    1.80   82.75  585.11  594.93   10.29  620.45   52.76
   775    1.33   23.32   24.35    2.12   81.26  578.01  591.85   11.78  625.18   44.43
   776    1.27   23.18   24.21    2.14   80.96  573.89  588.00   12.51  619.87   43.71
   777    1.27   23.41   24.41    1.88   81.96  587.36  598.20   12.88  627.14   50.58
   778    1.31   23.64   24.54    1.91   82.05  593.47  604.61   11.74  634.51   50.44
   779    1.36   23.41   24.54    1.77   82.72  587.63  597.14   11.70  635.42   53.80
   780    1.28   23.78   24.84    1.84   82.41  604.70  615.03   13.19  650.17   53.20
   781    1.34   23.86   24.67    1.69   83.00  608.91  617.56   12.95  641.92   58.20
   782    1.33   23.66   24.61    1.65   83.13  600.10  608.32   11.69  639.64   58.77
   783    1.36   23.36   24.25    1.92   81.89  587.38  598.62   12.02  619.75   49.71
   784    1.32   23.51   24.36    1.79   82.69  596.93  606.68   12.13  625.92   53.99
   785    1.32   23.29   24.26    1.74   82.79  584.56  593.79   12.11  619.76   54.30
   786    1.34   23.59   24.37    1.84   82.53  593.57  603.88   12.32  626.70   52.31
   787    1.34   23.98   24.47    1.89   82.48  619.02  629.97   12.37  630.53   52.97
   788    1.29   23.65   24.44    1.82   82.59  605.38  615.50   14.70  629.21   53.77
   789    1.32   23.75   24.43    1.87   82.43  605.85  616.53   11.46  629.63   52.49
   790    1.37   23.66   24.31    2.03   81.84  603.57  616.15   10.52  625.58   48.44
   791    1.31   23.52   24.23    1.88   82.40  599.50  610.34   12.51  618.95   51.57
   792    1.33   23.85   24.45    1.81   82.81  613.55  623.53   13.39  630.57   54.83
   793    1.25   23.95   24.09    2.01   81.82  610.19  622.61   14.29  611.72   49.23
   794    1.35   23.66   24.41    1.86   82.44  596.19  606.71   13.46  627.95   52.03
   795    1.34   23.54   24.06    1.91   82.12  589.71  600.82   11.75  611.36   50.19
   796    1.30   23.45   24.48    1.87   82.26  594.34  605.08   12.05  631.16   51.39
   797    1.40   23.65   24.27    1.85   82.23  594.86  605.29   14.10  621.10   52.13
   798    1.38   23.78   24.20    2.06   81.39  596.95  609.94   15.00  619.13   47.22
   799    1.43   23.66   24.09    1.99   81.71  597.01  609.21   11.90  610.79   48.63
   800    1.34   23.99   24.38    1.99   81.82  612.26  624.45   13.56  625.77   49.84
   801    1.30   23.60   24.43    1.87   82.15  597.62  608.26   14.54  628.94   51.89
   802    1.27   23.19   24.38    1.79   82.26  572.69  582.47   13.84  626.54   51.80
   803    1.33   23.47   24.09    1.74   82.56  583.49  592.72   11.21  614.13   54.21
   804    1.34   23.50   24.00    2.22   80.59  587.22  602.36   11.33  609.92   43.26
   805    1.28   23.53   23.89    2.18   80.88  586.36  601.01   11.81  603.34   43.86
   806    1.32   23.53   24.10    2.04   81.66  592.93  605.72   10.65  614.29   47.24
   807    1.27   23.21   23.80    2.05   81.74  584.26  597.19   12.99  599.92   46.33
   808    1.27   23.07   23.89    1.93   82.21  580.47  591.89   12.61  603.08   48.78
   809    1.16   23.20   24.08    2.02   81.70  581.08  593.64   14.13  613.64   46.72
   810    1.28   22.99   24.02    2.07   81.42  569.43  582.62   14.22  609.79   44.78
   811    1.27   22.81   24.06    2.08   81.46  565.04  578.33   13.69  609.99   44.29
   812    1.32   23.09   23.90    2.01   81.85  574.54  586.96   10.74  603.41   46.45
   813    1.38   23.22   23.88    2.03   81.81  583.91  596.53    8.34  600.64   46.85
   814    1.26   22.81   23.93    2.01   81.65  567.88  580.29   10.89  603.83   45.95
   815    1.26   23.12   24.06    1.85   82.36  577.68  588.16    9.49  609.82   50.57
   816    1.32   23.18   23.95    1.65   83.07  579.26  587.56   10.63  603.83   56.58
   817    1.27   23.59   24.05    1.59   83.46  600.96  608.55   10.94  609.71   61.11
   818    1.41   23.68   24.00    1.76   82.78  600.85  610.32   12.34  607.32   55.08
   819    1.31   23.41   24.07    1.62   83.21  589.65  597.63    9.78  611.30   58.59
   820    1.30   23.39   23.88    1.67   82.88  584.63  593.06   12.69  600.28   56.65
   821    1.39   23.43   23.90    1.61   83.10  591.55  599.38   11.60  602.59   59.31
   822    1.37   23.53   24.29    1.44   84.06  590.70  596.94   10.84  621.39   65.90
   823    1.38   23.63   23.89    1.80   82.40  598.36  608.23    9.68  601.07   53.81
   824    1.40   23.67   23.86    1.60   83.48  603.44  611.14    9.78  602.13   60.92
   825    1.35   23.36   23.79    1.95   81.78  584.98  596.67   10.79  597.74   48.61
   826    1.35   23.49   24.11    1.69   83.11  591.06  599.69   10.45  611.54   56.63
   827    1.44   22.87   24.04    1.77   82.66  571.98  581.50   10.82  607.80   52.40
   828    1.39   22.88   24.12    2.13   81.26  569.82  583.75   14.31  611.34   43.68
   829    1.31   22.99   24.32    2.00   81.61  572.58  584.86   12.79  622.50   46.56
   830    1.43   23.09   24.30    2.18   81.00  578.89  593.48   14.10  621.24   43.42
   831    1.45   23.21   24.19    2.18   80.89  586.46  601.05   13.63  615.78   43.96
   832    1.53   22.94   24.29    1.76   82.44  572.50  581.96   11.79  620.19   52.58
   833    1.51   22.96   24.37    1.75   82.77  581.90  591.19   12.73  625.08   53.88
   834    1.52   22.90   24.28    1.96   81.80  577.88  589.67   12.92  621.04   47.86
   835    1.57   23.19   24.13    2.02   81.63  589.33  601.84   12.76  613.15   47.43
   836    1.58   23.32   24.21    2.03   81.59  590.71  603.39   13.44  618.10   47.26
   837    1.48   23.25   24.06    2.32   80.47  591.11  607.66   12.75  610.40   41.78
   838    1.55   22.99   23.99    1.96   81.93  577.82  589.65   12.14  607.16   47.79
   839    1.53   23.52   23.99    1.64   83.60  604.41  612.55   14.28  606.99   59.48
   840    1.57   23.96   24.08    1.92   82.26  619.41  630.63   12.74  611.43   52.40
   841    1.47   23.74   24.04    1.78   82.81  611.64  621.26   13.25  610.11   55.62
   842    1.42   23.69   24.03    1.90   82.28  609.85  620.91   12.22  609.13   51.97
   843    1.38   23.75   24.51    2.03   81.71  612.18  624.80   12.54  634.25   49.03
   844    1.39   23.52   24.16    1.93   82.21  606.65  618.05   12.39  616.57   50.98
   845    1.39   23.30   24.26    2.02   81.53  595.55  608.07    9.69  620.89   47.91
   846    1.45   23.54   24.09    1.99   81.75  605.88  618.01   10.98  613.73   49.46
   847    1.37   23.66   24.17    2.00   81.73  612.23  624.46   13.29  617.00   49.76
   848    1.35   23.63   24.14    1.83   82.42  613.23  623.38   13.09  616.08   54.38
   849    1.37   23.72   23.79    1.83   82.63  614.66  624.85   11.39  598.61   54.41
   850    1.38   23.84   24.28    1.86   82.41  621.59  632.17   10.70  620.52   54.03
   851    1.39   24.24   24.47    1.97   82.03  640.31  652.13   13.10  631.10   52.80
   852    1.37   24.23   24.30    1.77   82.71  640.93  650.49   10.87  624.58   58.39
   853    1.42   24.64   24.33    1.87   82.42  657.45  668.12   10.98  625.47   56.82
   854    1.41   24.67   24.63    1.76   82.75  654.76  664.18   11.12  640.78   60.01
   855    1.38   24.73   24.63    1.68   83.03  653.96  662.51   11.16  640.93   62.75
   856    1.36   24.38   24.37    1.77   82.56  642.78  652.27   12.83  627.76   58.76
   857    1.44   24.62   24.37    1.72   83.02  651.11  660.05   11.57  627.22   61.17
   858    1.46   24.63   24.67    1.49   83.98  646.67  653.28   12.79  643.78   69.97
   859    1.45   24.38   24.39    1.49   83.86  637.88  644.52   11.82  627.79   68.95
   860    1.43   24.44   24.36    1.32   84.56  642.59  647.76   13.38  625.84   77.96
   861    1.37   24.13   24.09    1.42   84.15  629.79  635.81   11.28  612.30   71.23
   862    1.46   24.39   24.05    1.52   83.83  637.98  644.88   10.59  610.17   67.70
   863    1.43   24.52   24.02    1.70   82.93  639.72  648.49   12.23  608.00   60.68
   864    1.40   24.30   24.28    1.68   83.09  632.72  641.23   11.57  621.04   60.88
   865    1.45   24.35   24.26    1.67   83.14  638.38  646.86    9.69  622.11   61.51
   866    1.51   24.17   24.28    1.44   84.15  628.98  635.16   11.06  623.46   70.30
   867    1.50   24.45   24.42    1.67   83.29  644.54  653.01   10.79  631.49   62.12
   868    1.49   24.26   24.35    1.84   82.68  632.58  642.89   11.70  627.08   55.64
   869    1.36   24.39   24.69    1.48   84.01  639.64  646.23   11.99  645.22   69.37
   870    1.42   24.28   24.40    1.92   82.31  635.84  647.07   10.11  630.87   53.70
   871    1.45   24.04   24.63    1.74   83.10  623.46  632.62   11.89  642.43   57.99
   872    1.44   24.40   24.71    1.67   83.45  638.78  647.21    9.71  647.29   61.70
   873    1.44   24.93   24.71    1.84   82.86  663.15  673.45   10.08  647.88   58.27
   874    1.44   24.98   24.94    1.71   83.21  661.93  670.83   10.71  658.80   62.29
   875    1.33   24.80   24.78    1.67   83.45  654.10  662.56   10.77  650.31   63.05
   876    1.45   24.42   24.92    1.61   83.60  641.73  649.58   12.86  655.78   64.09
   877    1.35   24.45   24.71    1.58   83.83  646.68  654.21   12.08  642.99   65.84
   878    1.26   24.83   24.62    1.37   84.56  655.09  660.65   12.77  638.92   76.77
   879    1.36   24.91   24.56    1.31   84.88  656.78  661.83   12.01  635.86   80.46
   880    1.30   24.48   24.35    1.59   83.84  642.47  650.06   11.66  625.06   65.19
   881    1.34   24.78   24.60    1.72   83.22  646.62  655.62   11.00  639.43   60.58
   882    1.26   24.65   24.62    1.54   84.06  643.21  650.34   15.19  639.74   67.21
   883    1.26   24.43   24.56    1.79   82.97  639.62  649.40   13.54  638.20   57.66
   884    1.26   24.33   24.75    1.58   83.95  637.13  644.65   13.50  648.46   64.95
   885    1.27   24.22   24.93    1.63   83.65  631.69  639.75   12.14  656.39   62.36
   886    1.24   24.06   24.44    1.62   83.73  617.31  625.26   11.72  631.07   61.38
   887    1.26   23.98   24.74    1.65   83.53  617.59  625.78   11.76  645.92   60.53
   888    1.25   23.78   24.45    1.81   82.81  610.70  620.70   12.26  631.44   54.55
   889    1.29   24.25   24.61    1.89   82.64  628.99  639.84   14.05  640.69   54.02
   890    1.28   24.03   24.59    1.80   82.98  625.00  634.88   13.72  639.58   56.11
   891    1.28   24.23   24.42    1.78   83.15  625.20  634.87   13.02  630.10   56.70
   892    1.34   23.99   24.84    1.46   84.73  628.62  634.95   12.26  652.97   69.46
   893    1.30   24.08   24.49    1.59   83.85  620.75  628.37   10.88  633.57   62.96
   894    1.33   23.82   24.79    1.83   82.75  610.97  621.15   11.23  649.58   54.10
   895    1.31   23.85   24.49    1.83   82.82  620.81  630.96   11.22  633.56   55.03
   896    1.29   24.26   24.40    1.78   82.94  626.00  635.59   10.96  628.29   56.98
   897    1.24   24.13   24.63    1.97   82.16  625.03  636.90   12.05  639.78   51.49
   898    1.33   24.03   24.44    1.92   82.07  619.74  631.00   12.37  631.35   52.34
   899    1.28   24.33   24.55    2.09   81.80  636.42  649.78   11.00  636.24   49.57
   900    1.24   24.49   24.32    1.91   82.38  635.34  646.46    9.64  627.51   53.94
   901    1.26   24.45   24.46    1.76   83.18  633.31  642.71   12.77  633.93   58.18
   902    1.18   24.77   24.77    1.95   82.57  648.68  660.27   12.67  648.03   53.96
   903    1.20   24.66   24.45    1.93   82.64  642.96  654.37   14.16  633.12   53.90
   904    1.24   24.14   24.41    1.81   83.01  626.40  636.33   12.81  631.36   56.11
   905    1.20   24.10   24.88    1.63   83.67  629.66  637.64   13.05  655.47   62.45
   906    1.25   23.81   24.44    1.60   83.59  611.26  618.95   12.17  631.25   61.77
   907    1.31   23.73   24.23    1.92   82.21  611.27  622.55   13.01  619.26   51.59
   908    1.31   23.65   24.41    1.95   82.20  610.77  622.37   12.58  629.26   50.88
   909    1.23   23.60   24.48    1.82   82.62  609.34  619.47   13.44  631.90   54.11
   910    1.25   23.35   24.37    1.96   82.07  596.01  607.80   12.19  627.20   49.31
   911    1.29   23.39   24.48    1.79   82.80  600.80  610.55   13.34  632.26   54.33
   912    1.26   23.52   24.77    1.88   82.59  610.30  621.12   14.00  648.43   52.54
   913    1.28   23.45   24.95    1.78   82.98  610.16  619.82   13.82  656.28   55.39
   914    1.40   23.56   24.96    1.77   82.81  607.22  616.77   11.66  659.63   55.43
   915    1.24   23.43   24.80    1.73   82.86  604.36  613.42   13.90  652.25   56.56
   916    1.19   23.55   24.90    1.61   83.45  606.70  614.58   13.21  654.18   60.60
   917    1.23   23.11   24.30    1.70   82.98  588.81  597.59   12.90  622.31   55.96
   918    1.28   23.05   24.44    1.70   82.97  584.16  592.94   12.39  629.72   55.56
   919    1.34   23.14   24.67    1.78   82.73  584.58  594.20   13.35  640.04   53.24
   920    1.32   23.36   24.47    1.46   83.90  594.42  600.84   14.18  631.23   65.42
   921    1.31   23.64   24.43    1.66   83.13  601.64  609.94   11.67  630.80   58.66
   922    1.30   23.73   24.68    1.69   83.21  614.07  622.78   13.87  643.96   58.52
   923    1.33   23.19   24.59    1.63   83.30  592.32  600.36   12.91  637.11   58.63
   924    1.29   22.99   24.43    1.85   82.39  581.80  592.21   12.88  627.48   51.06
   925    1.29   23.17   24.36    2.02   81.78  586.06  598.57   14.62  623.69   47.20
   926    1.27   22.97   24.31    1.96   81.94  576.27  588.08   11.52  620.77   47.71
   927    1.30   22.95   24.24    2.07   81.50  572.12  585.30   12.47  617.47   45.00
   928    1.26   22.48   24.54    1.97   81.80  557.49  569.40   13.59  633.71   46.02
   929    1.28   22.41   24.27    1.88   82.01  557.46  568.29   14.23  619.66   48.11
   930    1.28   22.56   24.64    1.61   83.00  568.87  576.69   13.81  638.71   57.16
   931    1.39   22.74   24.70    1.44   83.79  580.25  586.44   13.05  641.86   64.98
   932    1.31   22.18   24.45    1.48   83.57  553.53  560.15   14.07  629.35   60.19
   933    1.30   22.39   24.35    1.38   83.92  561.84  567.51   13.81  625.30   65.62
   934    1.27   23.03   24.51    1.39   83.93  584.11  589.87   11.61  632.85   67.60
   935    1.30   23.26   24.49    1.30   84.58  593.26  598.26   12.88  630.03   73.30
   936    1.36   23.24   24.56    1.48   83.75  599.51  606.05   12.04  634.39   65.38
   937    1.35   23.35   24.66    1.44   83.87  607.49  613.70   11.90  639.49   67.81
   938    1.34   23.14   24.58    1.37   84.30  596.33  601.93   13.72  635.72   69.93
   939    1.39   23.15   24.71    1.42   84.04  597.01  603.08   13.37  640.83   67.44
   940    1.36   23.26   24.52    1.58   83.39  604.34  611.85   12.27  631.32   61.74
   941    1.26   23.54   24.72    1.70   83.01  615.30  624.03   13.58  643.74   58.56
   942    1.31   23.56   24.79    1.73   82.96  612.67  621.72   13.72  647.03   57.34
   943    1.28   23.27   24.67    2.04   81.60  599.51  612.30   13.70  640.36   47.74
   944    1.20   23.41   24.74    1.82   82.54  602.48  612.56   13.14  643.41   53.65
   945    1.32   23.17   24.59    1.79   82.65  598.24  607.99   15.16  634.98   54.10
   946    1.29   23.02   24.82    1.86   82.34  595.79  606.31   12.01  647.78   52.00
   947    1.30   23.28   24.72    1.88   82.02  594.90  605.72   14.30  642.54   51.24
   948    1.34   23.47   24.54    1.82   82.44  605.80  615.85   13.56  634.84   53.98
   949    1.37   23.24   24.60    1.91   81.92  593.59  604.74   14.46  636.14   50.42
   950    1.32   23.42   24.78    2.05   81.56  600.59  613.54   12.88  647.38   47.56
   951    1.27   23.41   24.54    2.00   81.75  602.76  615.05   12.63  635.75   48.90
   952    1.28   23.52   24.56    1.92   82.23  601.60  612.86   14.41  636.03   50.85
   953    1.36   23.47   24.37    2.00   81.71  598.41  610.62   15.97  624.37   48.71
   954    1.28   23.51   24.13    2.17   80.96  601.53  615.98   13.87  613.06   45.25
   955    1.32   23.51   24.44    1.87   82.21  607.57  618.27   14.87  629.20   52.57
   956    1.31   23.42   24.67    1.84   82.34  602.64  612.97   13.21  640.92   53.03
   957    1.34   23.47   24.39    1.69   83.00  603.91  612.58   13.08  626.29   57.72
   958    1.31   23.72   24.38    1.69   83.29  619.16  627.85   14.43  627.39   59.06
   959    1.31   23.41   24.52    1.57   83.78  606.88  614.35   13.04  634.64   62.16
   960    1.32   23.30   24.72    1.71   83.21  603.78  612.61   13.41  645.26   57.18
   961    1.29   23.45   24.39    1.74   82.88  609.88  619.11   11.43  627.04   56.54
   962    1.36   23.38   24.30    1.81   82.85  605.63  615.66   12.77  624.60   54.02
   963    1.38   23.51   24.59    1.57   83.93  606.91  614.36   14.89  638.07   62.24
   964    1.34   23.36   24.39    1.63   83.53  598.20  606.24   12.37  628.69   59.25
   965    1.40   23.61   24.50    1.75   83.33  611.71  621.06   12.77  634.65   56.37
   966    1.31   23.09   24.40    1.63   83.47  592.35  600.37   13.35  628.71   58.75
   967    1.31   23.26   24.39    1.91   82.36  597.12  608.29   11.77  627.25   50.68
   968    1.34   23.33   24.59    1.94   82.06  603.13  614.65   13.07  638.28   50.43
   969    1.38   23.81   24.66    1.87   82.61  619.16  629.78    9.97  640.36   53.74
   970    1.25   24.08   24.72    1.93   82.52  630.20  641.63   12.06  643.97   52.82
   971    1.32   23.96   24.56    1.44   84.39  623.81  630.04   14.06  636.83   69.48
   972    1.30   24.07   24.27    1.58   83.69  624.78  632.28   13.08  621.98   63.82
   973    1.28   24.19   24.41    1.45   84.18  632.23  638.53   13.79  628.47   70.01
   974    1.25   24.26   24.15    1.74   83.09  634.89  644.09   12.90  614.50   58.88
   975    1.31   24.23   24.18    1.73   83.22  629.55  638.63   12.07  616.69   58.75
   976    1.33   24.37   23.85    1.76   83.07  637.24  646.60   12.47  599.34   58.65
   977    1.31   24.09   24.05    1.78   82.74  623.65  633.26   10.66  608.37   56.74
   978    1.29   23.56   24.22    1.66   83.16  601.33  609.64   12.70  617.71   58.62
   979    1.35   23.33   24.06    1.72   82.81  590.71  599.72   11.97  608.31   55.46
   980    1.35   23.32   24.06    1.54   83.64  593.14  600.34   13.63  609.17   61.87
   981    1.25   23.11   23.70    1.69   83.00  578.97  587.66   13.10  590.78   55.31
   982    1.34   23.07   23.87    1.62   83.30  575.84  583.83   11.15  601.08   57.24
   983    1.22   23.28   23.83    1.71   82.98  588.45  597.28   12.38  598.75   55.76
   984    1.32   23.03   23.93    1.78   82.52  573.49  583.17   12.36  600.97   52.09
   985    1.29   23.24   23.84    1.91   81.86  586.81  598.01   13.86  596.14   49.78
   986    1.34   22.91   23.83    1.83   82.22  564.81  575.02   11.78  596.16   50.10
   987    1.29   22.90   23.62    2.02   81.46  567.17  579.67   13.97  585.74   45.74
   988    1.36   22.71   24.00    1.94   81.73  564.07  575.63   13.69  604.79   47.19
   989    1.40   23.07   23.85    1.80   82.50  574.25  584.11   14.07  597.73   51.73
   990    1.37   23.34   23.95    1.84   82.29  580.23  590.54   14.24  603.01   51.18
   991    1.48   22.73   23.67    1.95   81.78  561.44  573.08   12.27  589.83   46.83
   992    1.39   23.03   24.01    2.01   81.68  574.83  587.16   12.92  606.32   46.62
   993    1.38   22.80   23.72    1.84   82.25  571.55  581.92   12.57  590.83   50.29
   994    1.34   22.74   24.05    1.72   82.65  570.66  579.63   13.68  609.11   53.74
   995    1.40   22.56   23.96    1.70   82.80  564.92  573.73   11.27  604.25   53.68
   996    1.28   22.68   24.18    1.91   81.89  564.56  575.74   11.48  615.94   47.99
   997    1.29   23.00   24.19    1.81   82.58  583.50  593.51   11.49  616.40   52.16
   998    1.30   23.20   24.23    1.51   83.78  580.66  587.54   12.30  619.11   61.89
   999    1.31   23.36   24.16    1.87   82.35  591.83  602.49   13.26  615.99   51.35
  1000    1.33   23.07   24.11    1.89   82.27  583.39  594.35   12.60  612.03   49.99
  1001    1.29   23.11   24.21    1.87   82.16  586.05  596.77   13.00  615.83   50.73
  1002    1.24   23.31   23.95    2.17   80.89  592.32  606.74   11.58  602.29   44.62
  1003    1.33   23.37   24.37    1.87   82.06  598.81  609.52   12.42  624.42   51.83
  1004    1.30   23.54   23.96    1.90   82.05  599.12  610.19   13.13  603.01   51.03
  1005    1.37   23.41   23.84    1.93   81.68  595.48  606.86   11.41  597.26   50.12
  1006    1.20   23.78   23.84    2.03   81.48  613.10  625.72   13.32  596.91   49.10
  1007    1.32   23.83   23.37    2.19   81.00  613.44  628.17   13.74  575.31   45.70
  1008    1.17   23.61   23.48    2.07   81.42  605.11  618.21   13.67  582.15   47.63
