#time, _distVP, _dist67, _distF,  _domz1, _flattenA, _projA, _domeA, _hrot, _projA_RF, _rad
     0    0.63   19.33   15.60    8.59   52.45  382.86  614.26   25.71  254.69   11.39
     1    0.71   20.93   16.14    7.43   58.25  440.15  613.39   23.35  272.92   13.14
     2    0.73   21.35   16.55    7.11   59.77  453.33  611.87   23.37  286.94   13.70
     3    0.76   22.14   16.66    6.69   61.94  479.45  619.79   20.50  290.64   14.75
     4    0.74   22.48   16.73    6.30   63.67  498.11  622.49   21.30  293.36   15.73
     5    0.71   22.30   16.96    6.00   64.84  498.76  611.51   19.37  301.30   16.23
     6    0.68   22.85   17.45    5.66   66.47  515.96  616.42   21.53  318.85   17.33
     7    0.74   22.80   17.76    5.39   67.44  513.87  604.95   19.65  330.39   17.86
     8    0.87   22.72   18.29    5.31   67.75  511.36  599.79   18.72  350.31   17.97
     9    0.90   22.79   18.18    5.08   68.88  519.34  599.99   16.16  346.32   18.82
    10    1.00   22.87   18.47    5.00   69.10  517.21  595.30   14.69  357.45   18.98
    11    0.92   23.09   18.10    4.90   69.79  531.75  606.84   14.11  343.21   19.73
    12    0.99   23.28   17.87    4.65   70.76  527.70  595.36   16.40  334.32   20.38
    13    0.97   23.03   18.30    4.84   69.72  516.81  590.05   15.26  350.94   19.42
    14    0.94   22.90   18.45    4.66   70.35  516.73  584.67   13.07  357.20   19.98
    15    0.95   23.03   18.85    4.54   70.79  518.19  582.56   17.15  372.50   20.45
    16    1.04   22.93   18.50    4.59   70.62  518.29  584.21   14.94  358.88   20.26
    17    1.05   23.14   18.44    4.24   72.22  527.81  584.02   15.46  356.22   21.93
    18    1.00   22.95   18.15    4.18   72.15  514.19  568.80   15.84  345.03   21.67
    19    0.95   22.75   18.43    4.19   72.03  505.41  560.23   16.74  356.54   21.30
    20    0.91   22.73   18.43    4.06   72.52  509.47  561.05   17.59  355.99   21.99
    21    0.92   22.68   18.56    4.20   71.94  504.73  559.78   14.96  360.66   21.24
    22    0.86   22.65   18.83    4.16   71.97  501.84  555.81   16.00  371.51   21.30
    23    0.84   22.47   18.45    4.31   71.24  491.03  549.03   13.31  356.72   20.30
    24    0.93   22.36   18.77    4.03   72.26  486.75  537.56   13.50  369.24   21.23
    25    0.94   22.01   18.60    4.27   71.19  479.27  536.22   12.67  362.81   20.01
    26    0.91   22.12   18.77    4.10   72.05  479.08  531.52   11.69  369.02   20.66
    27    0.93   22.14   18.44    4.20   71.66  486.25  541.32   11.70  356.47   20.54
    28    0.93   22.16   18.86    4.14   71.89  488.06  541.62   13.85  372.66   20.83
    29    0.94   21.87   18.86    3.98   72.09  472.20  521.66   16.18  373.09   20.88
    30    0.96   21.82   18.65    4.01   72.03  470.12  520.45   10.71  364.87   20.65
    31    0.92   22.08   18.54    3.92   72.47  473.20  521.11   13.92  361.13   21.19
    32    0.95   21.88   18.75    3.72   73.09  466.63  509.87   12.51  369.69   21.82
    33    0.97   22.21   19.00    3.47   74.64  485.67  523.33   12.43  380.42   23.99
    34    1.12   22.31   19.12    3.57   74.04  485.26  525.00   11.75  384.83   23.42
    35    0.95   22.77   19.00    3.53   74.39  493.32  532.18   10.56  379.87   24.01
    36    0.95   22.76   18.97    3.76   73.55  497.44  541.54   11.44  378.12   22.95
    37    1.07   22.97   19.13    3.70   73.87  507.80  550.58   11.51  386.17   23.68
    38    1.04   22.95   19.17    3.40   75.09  501.45  537.44    9.03  389.37   25.19
    39    1.05   23.24   19.16    3.50   74.89  516.36  554.65   11.63  387.51   25.21
    40    0.97   23.27   19.14    3.43   75.21  513.76  550.43   11.13  386.27   25.56
    41    1.00   23.40   18.94    3.19   76.26  520.64  552.33   10.48  377.21   27.57
    42    0.94   23.33   19.25    3.26   76.05  516.33  549.38   11.38  390.41   26.86
    43    0.98   23.10   18.95    3.27   75.85  513.50  546.83   12.61  378.85   26.62
    44    0.98   22.64   19.44    3.33   75.44  497.50  532.01   11.73  399.27   25.46
    45    0.92   22.51   19.32    3.33   75.31  489.89  524.45   11.94  394.64   25.08
    46    0.95   22.91   19.60    3.19   76.08  504.09  535.77   12.65  405.65   26.75
    47    0.97   22.85   19.86    3.10   76.58  504.91  534.74   11.37  417.43   27.51
    48    1.07   22.41   19.78    3.15   76.20  496.52  527.39   10.53  413.65   26.67
    49    1.02   23.12   19.89    3.22   76.10  511.68  544.06   13.06  419.90   26.87
    50    0.97   23.34   19.79    3.24   76.12  517.04  549.75   13.22  414.68   27.01
    51    1.04   23.51   19.77    3.16   76.51  521.44  552.56   11.51  413.52   27.83
    52    1.08   23.14   19.80    2.90   77.46  511.60  537.67   12.77  415.00   29.56
    53    1.08   22.98   19.91    2.86   77.46  505.21  530.68   13.45  419.61   29.52
    54    1.09   22.57   20.47    2.95   77.08  496.03  523.13   13.99  441.10   28.23
    55    1.08   23.05   20.33    2.81   77.82  508.32  532.83   13.74  436.00   30.21
    56    1.14   22.83   20.04    3.14   76.49  504.62  535.34   12.66  423.59   27.14
    57    1.10   23.15   19.99    3.05   76.94  518.21  547.25   13.68  421.60   28.52
    58    1.09   23.06   20.40    2.85   77.66  517.48  542.71   14.98  442.22   30.33
    59    1.07   22.87   20.35    2.96   77.28  506.77  533.97   10.73  438.25   28.75
    60    1.06   22.95   20.63    3.04   76.89  515.17  543.99   12.66  450.53   28.46
    61    1.09   23.11   20.45    3.01   77.12  523.54  551.70   12.30  442.91   29.20
    62    1.13   23.22   20.39    3.05   76.81  516.90  545.94   10.81  440.40   28.46
    63    1.04   23.16   20.56    2.86   77.69  515.95  541.30   11.06  446.63   30.18
    64    1.09   23.47   20.53    2.84   77.74  522.19  547.18   11.04  447.34   30.72
    65    1.14   23.09   20.43    2.77   77.85  511.05  534.95    9.78  443.04   30.71
    66    1.11   23.13   19.90    3.10   76.74  512.80  542.67    9.99  421.72   27.89
    67    1.13   23.03   20.11    3.14   76.49  509.04  539.65   11.56  429.84   27.41
    68    1.08   23.65   20.00    2.86   78.02  533.18  558.53   12.63  423.90   31.13
    69    1.14   23.53   20.10    2.89   77.87  529.65  555.56    8.68  429.51   30.64
    70    1.12   23.50   20.16    3.04   77.05  525.39  554.19   13.00  432.34   29.00
    71    1.15   23.12   20.06    2.99   77.22  516.97  544.74   11.54  428.58   29.03
    72    1.05   23.37   20.22    2.77   78.29  526.62  550.41   10.83  435.58   31.66
    73    1.10   23.46   20.26    2.89   77.66  527.69  553.71   11.01  435.55   30.48
    74    1.17   23.49   19.79    2.76   78.26  523.29  546.92   10.88  416.03   31.57
    75    1.04   23.57   19.73    2.83   77.98  529.11  554.00   13.59  413.48   31.17
    76    1.05   23.55   19.93    2.86   77.70  525.41  550.79   11.85  420.47   30.69
    77    1.00   23.38   20.03    2.57   78.98  522.64  543.08   11.30  426.49   33.68
    78    1.15   23.17   20.11    2.77   78.11  523.16  546.95   11.50  429.47   31.46
    79    1.16   23.14   20.15    2.71   78.19  516.86  539.74   11.82  430.59   31.66
    80    1.18   23.40   20.11    2.38   79.77  526.31  543.81    8.38  427.76   36.40
    81    1.17   23.39   20.36    2.77   78.15  527.86  551.61    9.35  439.45   31.76
    82    1.19   23.53   20.52    2.51   79.12  529.72  549.21    8.73  449.11   34.86
    83    1.22   23.37   20.81    2.43   79.57  530.07  548.27   10.05  462.97   36.00
    84    1.06   23.56   20.97    2.46   79.55  543.48  562.13    9.51  470.66   36.46
    85    1.22   23.28   21.00    2.44   79.43  532.50  550.88    8.25  471.68   35.99
    86    1.21   23.15   21.08    2.69   78.20  528.55  550.96   10.83  474.75   32.65
    87    1.23   23.09   20.98    2.65   78.33  522.61  544.46    8.30  471.29   32.66
    88    1.13   23.38   20.72    2.54   78.90  530.88  550.85    7.51  459.95   34.55
    89    1.22   23.43   20.76    2.02   81.06  536.77  549.28    8.51  461.47   43.35
    90    1.12   23.98   20.69    2.25   80.26  553.57  569.20    8.10  458.32   40.26
    91    1.39   23.69   20.41    2.56   78.99  550.05  570.31   10.08  447.37   35.51
    92    1.39   23.30   20.55    2.53   78.99  528.51  548.37    8.43  453.44   34.49
    93    1.14   23.35   20.34    2.58   78.67  529.94  550.57   11.18  442.52   33.99
    94    1.12   23.37   20.50    2.37   79.42  530.52  547.86   11.03  452.87   36.84
    95    1.28   23.32   20.65    2.40   79.47  529.22  547.03   10.82  456.82   36.30
    96    1.14   23.41   20.53    2.30   79.93  530.13  546.52    8.40  451.18   37.78
    97    1.12   23.68   20.31    2.46   79.42  540.88  559.66   10.53  439.17   36.18
    98    1.12   23.57   20.59    2.27   80.12  541.99  557.86   11.23  452.70   39.18
    99    1.17   23.56   20.79    2.27   80.10  543.21  559.14   12.33  467.86   39.19
   100    1.19   23.20   20.70    2.18   80.57  535.66  550.27    8.55  460.51   40.25
   101    1.08   23.02   20.88    2.26   80.24  525.46  541.18    9.47  468.98   38.19
   102    1.20   23.08   20.93    2.15   80.87  532.25  546.49    9.14  471.65   40.49
   103    1.24   23.06   20.73    2.33   79.93  533.63  550.42    9.81  466.49   37.61
   104    1.25   23.29   20.57    2.14   80.86  541.57  555.74   12.76  456.26   41.26
   105    1.17   23.14   20.73    2.39   79.60  539.56  557.29   14.02  464.80   37.06
   106    1.19   23.03   20.75    2.17   80.39  533.48  548.04   11.31  470.23   40.15
   107    1.16   23.00   21.06    2.36   79.86  531.54  548.82   11.67  482.05   36.97
   108    1.06   23.05   20.74    2.34   80.11  534.21  551.17   11.81  465.01   37.47
   109    1.17   22.86   20.88    2.45   79.36  531.74  550.24    9.21  470.82   35.83
   110    1.13   23.16   20.87    2.20   80.47  537.49  552.43   10.52  469.81   39.97
   111    1.14   23.02   21.16    2.23   80.47  531.70  547.00   11.37  481.38   39.11
   112    1.18   23.09   21.02    2.36   79.89  533.18  550.44   12.11  477.55   37.09
   113    1.13   22.79   21.18    2.14   80.82  521.34  535.46   11.31  481.22   39.83
   114    1.12   22.96   21.02    1.97   81.59  532.70  544.64    9.12  476.25   43.99
   115    1.15   23.06   21.30    2.20   80.59  532.52  547.40    9.34  489.69   39.69
   116    1.13   23.29   21.20    2.25   80.51  543.15  558.79    9.84  483.00   39.52
   117    1.06   23.31   21.28    2.06   81.37  547.62  560.68   10.42  483.88   43.31
   118    1.11   23.17   21.26    2.16   80.95  541.12  555.55    9.19  484.47   40.88
   119    1.26   23.32   21.32    2.03   81.46  555.59  568.29    7.80  493.29   44.50
   120    1.20   23.41   21.56    2.15   80.97  561.84  576.11   11.52  505.08   42.60
   121    1.12   23.49   21.46    2.03   81.27  561.33  574.02   10.33  499.28   44.97
   122    1.17   23.44   21.53    2.11   81.32  562.14  575.79   10.22  503.17   43.53
   123    1.25   23.61   21.73    2.06   81.43  572.08  585.05    6.86  516.73   45.33
   124    1.24   23.80   21.63    2.20   80.93  567.97  582.86   10.65  508.05   42.22
   125    1.12   23.62   21.50    2.21   80.70  562.48  577.56    8.77  501.62   41.57
   126    1.20   23.88   21.56    2.17   81.03  572.95  587.41    7.66  501.18   43.16
   127    1.26   23.95   21.50    2.05   81.68  576.35  589.20    5.54  501.78   45.87
   128    1.15   24.29   21.69    1.93   82.38  585.49  596.83    7.80  507.11   49.36
   129    1.17   24.12   21.35    2.12   81.51  584.43  598.20    7.36  493.06   45.01
   130    1.17   24.04   21.48    2.10   81.75  580.54  594.13    6.90  496.33   44.99
   131    1.11   23.70   21.48    2.28   80.64  561.94  578.04    9.88  497.64   40.29
   132    1.07   23.87   21.56    2.38   80.42  569.58  587.13   10.40  500.58   39.22
   133    1.14   23.89   21.38    2.53   79.71  568.17  588.00    9.14  494.29   36.99
   134    1.12   23.62   21.71    2.32   80.65  557.25  573.89    7.04  508.34   39.36
   135    1.05   23.81   21.69    2.19   81.24  568.37  583.14    8.86  507.55   42.40
   136    1.02   23.84   21.83    2.20   81.33  568.35  583.31    8.09  517.28   42.15
   137    1.07   23.97   21.41    2.37   80.75  579.44  596.76    6.60  496.66   40.13
   138    1.17   24.00   21.64    2.26   81.20  585.83  601.63    6.99  510.50   42.31
   139    1.12   24.14   21.80    2.53   79.97  590.44  610.17    7.88  518.24   38.47
   140    1.21   24.21   21.81    2.56   79.70  590.91  611.20    4.71  515.58   38.00
   141    1.19   24.20   21.59    2.69   79.22  593.45  615.93    4.73  502.40   36.42
   142    1.11   24.55   22.04    2.54   79.91  605.11  625.04    7.15  524.20   39.21
   143    1.17   24.32   21.92    2.32   80.48  602.71  619.24    5.92  522.88   42.58
   144    1.22   24.61   21.84    2.28   80.92  611.29  627.32    7.42  518.25   43.79
   145    1.22   24.26   21.86    2.24   81.24  606.32  621.72    4.27  516.80   44.26
   146    1.28   24.15   21.91    2.30   80.57  596.47  612.72    4.20  517.90   42.50
   147    1.26   24.01   21.86    2.37   80.27  589.35  606.68    4.25  517.45   40.77
   148    1.16   23.55   22.05    2.28   80.52  572.47  588.49    6.49  525.24   41.12
   149    1.26   23.99   22.17    2.40   80.17  588.41  606.19    7.12  531.91   40.22
   150    1.23   23.64   21.89    2.23   80.89  575.27  590.66    5.48  519.10   42.09
   151    1.31   23.56   21.31    2.47   79.91  578.25  597.16    6.57  491.49   38.45
   152    1.22   23.38   21.74    2.22   80.71  569.59  584.74   10.12  511.98   41.99
   153    1.22   23.54   21.67    2.50   79.82  572.35  591.69    8.44  507.61   37.68
   154    1.16   23.70   21.85    2.56   79.36  585.06  605.38    7.31  518.23   37.62
   155    1.27   23.89   21.67    2.52   79.78  590.30  609.98    9.09  506.30   38.51
   156    1.25   23.89   21.68    2.37   80.34  594.61  612.00    8.61  506.60   41.05
   157    1.22   23.57   21.83    2.34   80.36  586.84  603.77   10.01  515.32   41.05
   158    1.17   23.88   21.99    2.26   80.83  593.06  608.75    9.20  520.02   42.95
   159    1.21   23.77   22.11    2.46   80.01  590.07  608.75    7.46  528.47   39.42
   160    1.32   23.87   21.88    2.29   80.57  587.04  603.23    8.09  518.51   41.92
   161    1.23   24.28   21.75    2.41   80.14  594.34  612.31    9.22  511.84   40.42
   162    1.25   24.21   21.80    2.33   80.69  605.96  622.71    6.92  515.85   42.55
   163    1.23   24.03   21.61    2.53   79.85  597.78  617.59    7.65  504.23   38.86
   164    1.27   24.47   21.70    2.60   79.84  615.77  636.69    7.90  507.41   38.99
   165    1.28   24.47   22.04    2.20   81.53  623.66  638.52    5.16  524.15   46.25
   166    1.33   24.54   21.66    2.55   80.12  614.93  635.06    6.34  505.99   39.63
   167    1.23   24.33   22.08    2.12   81.87  620.48  634.28    7.12  526.51   47.64
   168    1.20   24.18   22.04    2.34   80.97  605.07  621.96    8.47  522.13   42.32
   169    1.35   24.18   21.97    2.24   81.06  603.90  619.28    5.12  516.27   44.11
   170    1.22   24.07   22.27    2.12   81.60  592.89  606.66    7.04  529.92   45.63
   171    1.26   23.97   22.32    2.22   81.24  588.02  603.24    7.68  531.58   43.21
   172    1.18   24.10   22.10    2.20   81.21  586.37  601.22    7.15  521.95   43.59
   173    1.17   24.10   22.15    2.19   81.14  587.07  601.89    7.37  524.73   43.69
   174    1.22   24.40   22.63    2.23   80.94  600.55  615.85    3.71  548.07   43.99
   175    1.33   24.22   22.77    2.21   81.11  592.57  607.63    5.62  551.99   43.74
   176    1.41   24.06   22.33    2.23   80.83  591.97  607.29    4.23  533.88   43.36
   177    1.45   24.39   21.99    2.15   81.41  607.21  621.41    3.71  516.67   46.02
   178    1.28   24.70   21.94    2.03   81.80  617.95  630.57    6.88  517.44   49.48
   179    1.39   24.63   22.15    2.11   81.35  617.95  631.62    4.72  524.36   47.65
   180    1.38   24.82   22.29    2.11   81.34  629.50  643.11    4.25  535.86   48.62
   181    1.43   24.87   22.46    2.00   81.61  631.13  643.43    4.14  543.91   51.10
   182    1.34   24.47   22.46    1.82   82.27  608.35  618.43    4.25  543.30   54.16
   183    1.39   24.70   22.43    2.11   80.97  621.13  634.83    3.23  539.51   47.84
   184    1.36   24.24   22.62    2.11   80.97  593.48  607.13    5.35  549.02   45.87
   185    1.35   24.23   22.51    2.15   81.04  595.52  609.67    4.52  546.99   45.24
   186    1.33   23.83   22.58    1.83   82.11  581.76  591.97    7.33  548.67   51.54
   187    1.37   24.14   22.25    1.92   81.77  583.43  594.66    6.39  531.16   49.43
   188    1.38   24.10   22.37    1.85   81.85  585.90  596.35    3.74  542.35   51.32
   189    1.36   23.58   22.19    1.77   82.21  563.88  573.42    4.53  536.28   51.62
   190    1.28   23.66   22.15    2.08   80.85  561.68  574.93    5.00  531.34   44.10
   191    1.43   23.73   22.04    1.90   81.71  562.48  573.51    6.20  526.10   48.11
   192    1.52   23.51   22.04    2.15   80.73  555.37  569.58    5.81  525.06   42.21
   193    1.41   23.62   22.29    2.09   80.95  563.65  577.13    5.13  535.27   43.89
   194    1.45   23.33   22.11    2.00   81.24  555.67  567.93    6.97  526.73   45.26
   195    1.42   23.42   22.45    2.16   80.52  560.60  575.02    4.90  540.38   42.32
   196    1.23   23.78   22.20    2.01   81.42  569.85  582.21    8.20  527.09   46.19
   197    1.34   23.83   22.49    1.91   81.79  564.47  575.69    6.84  543.30   47.90
   198    1.32   24.07   22.76    1.88   82.06  574.39  585.19    4.81  559.48   49.58
   199    1.30   24.01   22.44    2.06   81.26  574.94  588.00    5.52  539.17   45.40
   200    1.32   24.06   22.38    1.92   81.95  581.18  592.42    4.69  536.01   49.22
   201    1.26   23.78   22.31    2.16   80.72  567.88  582.21    4.06  534.31   42.97
   202    1.26   23.82   22.27    2.03   81.53  577.99  590.60    3.00  532.46   46.39
   203    1.18   24.09   22.55    2.28   80.48  589.10  605.18    5.20  545.23   42.19
   204    1.34   23.97   22.41    2.18   80.74  575.93  590.61    1.63  536.09   43.07
   205    1.20   23.99   22.37    1.94   82.06  577.74  589.24    3.32  533.70   48.40
   206    1.25   23.76   22.67    2.10   81.35  572.11  585.69    3.58  548.66   44.37
   207    1.27   23.77   22.70    2.01   81.66  569.94  582.36    2.57  548.53   46.09
   208    1.28   23.95   22.58    1.95   81.88  577.36  589.02    1.22  545.14   48.07
   209    1.19   23.82   22.90    2.05   81.17  573.57  586.50    4.58  561.29   45.52
   210    1.26   23.60   22.81    1.83   82.52  567.85  578.09    1.72  559.11   50.27
   211    1.33   23.76   23.03    1.88   82.12  565.90  576.73    4.37  568.30   48.82
   212    1.28   23.65   22.64    1.98   81.69  567.32  579.36    4.43  548.55   46.56
   213    1.26   23.94   22.44    2.12   81.13  574.63  588.43    4.00  542.11   44.23
   214    1.27   23.49   22.56    2.08   81.33  556.80  570.16    4.14  547.80   43.56
   215    1.22   23.48   22.61    2.02   81.31  553.84  566.43    4.66  551.45   44.55
   216    1.29   23.73   22.46    1.92   81.99  565.70  577.04    4.60  542.01   47.74
   217    1.26   23.74   22.48    1.95   82.05  570.68  582.28    4.56  543.18   47.64
   218    1.30   23.37   22.91    2.04   81.63  557.07  569.80    3.95  563.67   44.58
   219    1.17   23.59   23.32    2.07   81.61  560.31  573.52    7.08  583.95   44.05
   220    1.24   23.93   22.97    2.00   81.86  567.13  579.45    5.49  568.74   46.04
   221    1.30   23.74   22.90    2.01   81.66  565.99  578.43    4.12  565.00   45.75
   222    1.31   23.68   22.81    2.18   80.82  556.99  571.62    3.83  558.98   41.76
   223    1.25   24.07   22.69    2.21   81.00  568.84  583.87    5.44  551.31   42.09
   224    1.36   24.21   23.01    2.16   80.88  574.26  588.69    3.31  564.61   43.30
   225    1.23   24.19   22.93    2.00   81.65  572.02  584.34    3.74  562.54   46.43
   226    1.31   24.42   22.85    1.92   81.99  574.00  585.23    3.61  555.63   48.64
   227    1.32   24.03   23.18    2.04   81.44  565.54  578.36    6.46  574.24   45.08
   228    1.32   24.26   23.52    2.19   80.86  573.36  588.09    6.38  588.13   42.82
   229    1.37   24.06   23.28    2.02   81.44  567.20  579.69    5.95  579.76   45.75
   230    1.45   24.27   23.17    2.12   80.96  568.55  582.31    5.01  573.29   43.83
   231    1.45   24.22   23.00    1.96   81.59  572.03  583.84    4.09  564.65   47.35
   232    1.39   23.90   23.11    2.05   81.19  551.95  564.93    5.44  569.39   43.78
   233    1.36   23.93   23.09    2.25   80.28  553.40  569.08    5.61  570.17   40.19
   234    1.59   24.18   22.93    1.99   81.67  567.50  579.58    5.47  561.40   46.49
   235    1.51   24.01   23.06    1.95   81.66  555.92  567.57    5.96  565.63   46.38
   236    1.51   24.19   23.02    1.91   81.91  562.60  573.79    5.79  563.53   47.78
   237    1.43   24.15   23.16    1.97   81.69  559.93  571.82    6.33  571.96   46.24
   238    1.51   24.08   23.13    2.01   81.46  557.23  569.57    5.47  575.13   45.23
   239    1.53   23.78   23.23    2.00   81.38  548.00  560.26    6.39  574.94   44.64
   240    1.54   23.96   23.18    2.06   81.16  555.24  568.32    5.46  573.33   43.86
   241    1.54   23.72   23.58    2.19   80.74  546.05  560.86    6.41  589.61   40.74
   242    1.56   23.47   23.79    2.04   81.40  542.54  555.33    6.88  599.94   43.35
   243    1.60   23.76   23.59    2.14   81.37  557.93  572.04    4.68  590.64   42.54
   244    1.55   23.92   24.01    2.30   80.84  564.16  580.48    4.51  614.82   40.20
   245    1.50   23.75   23.82    2.27   80.55  552.75  568.64    7.79  604.73   39.91
   246    1.39   23.78   23.80    2.00   81.72  563.35  575.63    5.86  604.55   45.81
   247    1.27   23.82   23.95    1.97   81.88  560.83  572.76    5.12  608.84   46.23
   248    1.35   24.46   23.68    1.85   82.56  586.73  597.21    4.63  598.49   51.33
   249    1.45   24.46   23.45    2.21   81.22  586.48  601.45    6.64  584.66   43.42
   250    1.55   24.13   23.94    2.04   81.95  575.38  588.19    6.73  605.50   45.85
   251    1.42   24.02   24.00    2.01   81.94  573.22  585.65    6.70  609.82   46.34
   252    1.42   24.46   24.15    1.92   82.48  594.51  605.73    5.19  618.08   50.36
   253    1.36   24.47   23.86    1.85   82.80  594.00  604.40    5.30  604.96   52.13
   254    1.41   24.35   24.26    1.75   83.01  590.72  600.06    7.91  628.21   54.52
   255    1.49   24.29   23.74    1.86   82.39  584.80  595.36    5.10  598.24   50.99
   256    1.45   24.31   24.03    2.04   81.96  588.35  601.14    5.03  614.61   46.88
   257    1.41   24.33   24.18    1.62   83.94  592.59  600.51    7.68  623.28   59.11
   258    1.43   24.47   23.91    1.79   83.15  598.31  608.08    7.22  607.98   54.06
   259    1.49   24.31   23.85    1.89   82.54  588.61  599.50    4.86  604.50   50.57
   260    1.44   24.56   23.68    1.76   83.05  602.90  612.32    4.79  597.42   55.42
   261    1.43   24.85   23.74    1.86   82.63  618.54  629.12    6.40  597.62   53.77
   262    1.51   24.79   23.99    1.50   84.28  615.15  621.94    3.73  609.60   65.84
   263    1.56   24.44   24.04    1.57   83.72  598.55  606.04    4.42  615.40   61.27
   264    1.44   24.86   23.74    1.63   83.43  617.69  625.68    5.55  600.47   61.28
   265    1.47   25.10   23.69    1.71   83.31  629.89  638.78    6.83  596.92   59.39
   266    1.48   25.22   23.71    1.61   83.55  633.65  641.52    4.55  596.37   63.26
   267    1.48   25.17   23.81    1.57   84.03  627.33  634.71    5.78  603.76   64.55
   268    1.53   25.21   23.49    1.74   83.15  626.72  635.91    4.36  585.76   58.21
   269    1.54   25.26   23.63    1.79   82.79  631.03  640.75    4.51  596.85   57.07
   270    1.50   25.00   23.72    1.78   82.67  624.48  634.13    3.98  602.02   56.67
   271    1.50   25.18   23.48    2.03   81.73  626.53  639.17    4.19  588.56   50.11
   272    1.51   25.20   23.88    1.83   82.82  630.19  640.35    5.75  611.51   55.80
   273    1.52   25.13   23.45    2.06   81.62  627.89  640.88    4.43  590.45   49.58
   274    1.55   24.91   23.38    2.21   80.85  615.15  630.22    5.18  584.18   45.35
   275    1.52   25.07   23.61    2.15   81.15  628.06  642.21    6.28  596.04   47.63
   276    1.60   24.78   23.10    2.08   81.24  599.81  613.11    5.61  572.02   46.90
   277    1.60   24.84   23.35    1.86   82.29  607.84  618.37    5.89  584.08   52.98
   278    1.55   24.93   23.48    1.89   82.66  607.40  618.31    5.28  587.00   52.09
   279    1.60   24.72   23.86    1.96   82.19  601.87  613.59    5.69  605.44   49.93
   280    1.67   24.73   23.70    1.95   82.22  602.43  614.04    5.60  598.02   50.20
   281    1.70   24.75   23.20    1.95   82.22  603.42  615.11    6.00  573.63   50.11
   282    1.63   24.79   23.50    2.04   81.79  607.90  620.70    5.70  586.85   48.37
   283    1.64   24.96   23.52    2.10   81.55  611.12  624.72    4.98  586.75   47.27
   284    1.71   24.84   23.69    1.53   83.80  615.78  622.86    7.62  597.07   64.65
   285    1.66   25.02   23.77    1.68   83.50  620.80  629.40    5.76  600.30   59.48
   286    1.69   24.97   23.22    1.79   83.21  617.38  627.17    5.97  571.87   55.66
   287    1.59   25.02   23.37    1.80   83.26  613.74  623.56    6.75  579.03   55.29
   288    1.74   24.61   23.98    1.99   82.13  597.71  609.87    5.30  607.65   48.75
   289    1.72   24.47   23.50    2.10   81.73  595.19  608.71    6.08  584.62   46.20
   290    1.52   24.44   23.61    2.06   81.75  595.73  608.73    5.00  587.74   47.10
   291    1.60   24.60   23.68    1.85   82.56  603.37  613.82    4.88  591.97   52.80
   292    1.64   24.50   23.73    1.81   82.70  602.40  612.42    6.48  593.62   53.77
   293    1.56   24.40   23.71    1.85   82.58  601.07  611.50    5.22  591.66   52.65
   294    1.71   24.29   23.92    1.80   82.98  601.32  611.23    6.64  601.99   53.98
   295    1.65   24.48   23.94    1.78   83.03  607.51  617.12    6.11  604.97   55.32
   296    1.74   24.50   23.89    1.80   82.89  596.26  606.15    6.20  602.69   53.58
   297    1.62   24.54   23.75    1.85   82.74  605.04  615.49    5.76  596.27   52.94
   298    1.54   24.69   23.94    2.15   81.56  613.96  628.10    4.34  603.97   46.62
   299    1.68   24.67   23.66    1.95   82.20  605.60  617.28    4.67  591.11   50.30
   300    1.67   24.57   23.78    2.11   81.54  606.42  620.08    5.48  598.10   46.83
   301    1.52   24.42   23.69    2.07   81.84  596.76  609.96    5.08  593.18   46.84
   302    1.65   24.31   23.88    1.91   82.48  593.39  604.53    3.59  602.41   50.45
   303    1.70   24.49   23.46    2.07   81.76  601.69  614.87    3.48  580.58   47.25
   304    1.67   24.09   23.79    1.98   82.08  589.74  601.74    6.32  598.20   48.41
   305    1.62   24.33   23.74    1.87   82.40  600.15  610.80    5.41  597.62   52.08
   306    1.63   24.52   23.77    1.99   82.25  606.15  618.25    4.78  600.75   49.53
   307    1.73   24.33   23.81    1.85   82.88  602.89  613.28    4.87  602.94   52.90
   308    1.75   24.13   24.10    1.75   83.09  592.80  602.17    4.94  619.21   54.64
   309    1.69   24.15   24.22    1.80   82.87  601.32  611.21    4.65  621.78   53.99
   310    1.64   24.07   24.07    1.82   82.59  605.84  615.93    5.60  618.06   53.91
   311    1.69   24.05   23.85    1.90   82.29  607.12  618.18    5.43  606.91   51.74
   312    1.70   23.64   23.96    1.85   82.36  587.71  598.12    6.07  612.52   51.57
   313    1.73   23.80   23.89    2.03   81.72  591.79  604.43    5.54  608.50   47.41
   314    1.74   23.72   23.85    1.77   82.63  582.15  591.75    5.00  609.46   53.09
   315    1.68   23.91   23.98    1.77   82.81  603.98  613.52    6.86  613.83   55.19
   316    1.70   23.77   23.73    1.90   82.22  591.38  602.38    5.74  601.68   50.57
   317    1.68   23.36   23.46    1.68   82.92  572.38  580.97    5.59  587.73   55.02
   318    1.82   23.55   23.76    1.73   82.59  586.32  595.46    5.31  605.28   54.69
   319    1.73   23.26   23.56    2.04   81.19  574.20  586.92    7.17  595.20   45.92
   320    1.71   23.27   23.51    1.78   82.30  573.18  582.81    7.88  589.50   52.21
   321    1.66   23.55   23.68    1.79   82.22  585.78  595.58    6.75  595.43   52.87
   322    1.62   23.41   23.52    1.87   81.99  578.88  589.56    5.77  589.95   50.22
   323    1.73   23.26   23.46    2.12   80.98  575.77  589.53    7.04  590.06   44.38
   324    1.69   23.33   23.42    2.04   81.28  582.91  595.63    6.83  586.91   46.58
   325    1.67   23.59   23.62    1.78   82.62  589.62  599.32    6.13  597.16   53.47
   326    1.62   23.59   23.86    1.86   82.27  586.02  596.57    6.67  608.89   51.10
   327    1.60   23.91   23.91    2.06   81.52  593.27  606.29    5.62  610.48   46.87
   328    1.69   23.81   23.87    1.78   82.85  591.66  601.30    5.34  607.95   53.80
   329    1.60   23.99   24.17    1.69   83.12  603.64  612.35    6.80  621.33   57.53
   330    1.61   23.92   24.13    1.79   82.62  595.85  605.58    5.49  619.66   53.95
   331    1.58   23.84   23.95    1.74   83.17  592.78  602.03    6.95  610.67   54.98
   332    1.57   24.07   24.03    1.68   83.54  605.09  613.69    5.25  615.27   58.04
   333    1.56   23.99   23.77    1.80   82.96  601.98  611.90    4.41  600.09   53.99
   334    1.53   24.27   24.10    1.79   83.38  618.17  627.91    5.57  617.54   55.89
   335    1.47   24.16   23.83    1.96   82.22  608.44  620.20    5.78  603.95   50.38
   336    1.55   24.01   24.01    1.91   82.54  609.98  621.18    5.30  612.03   51.65
   337    1.41   24.04   24.23    1.78   83.18  615.66  625.29    5.17  624.10   55.96
   338    1.52   23.99   24.30    1.86   83.10  597.88  608.40    5.74  627.67   52.19
   339    1.47   23.91   24.33    1.92   82.70  600.39  611.71    4.82  630.52   50.63
   340    1.52   23.52   24.30    1.70   83.28  591.16  599.99    5.72  632.11   56.05
   341    1.55   23.65   24.86    1.75   83.17  591.88  601.20    4.86  660.38   54.68
   342    1.56   23.86   24.73    1.53   84.37  598.29  605.35    5.63  653.37   62.95
   343    1.59   23.75   24.30    1.73   83.69  588.17  597.30    4.52  628.61   54.89
   344    1.54   23.87   24.63    1.79   83.34  590.19  599.98    5.54  644.78   53.28
   345    1.46   23.75   24.76    1.75   83.40  586.36  595.68    8.10  649.85   54.19
   346    1.50   23.80   24.64    2.08   81.89  587.14  600.37    6.76  643.65   46.06
   347    1.64   24.29   24.76    1.79   83.07  611.21  620.99    5.12  652.13   55.18
   348    1.59   24.01   24.69    1.72   83.26  599.40  608.37    5.31  647.52   56.40
   349    1.67   24.31   25.05    1.63   83.76  612.87  620.93    6.62  666.25   60.56
   350    1.57   24.20   24.84    1.33   84.89  603.97  609.22    5.45  654.53   72.90
   351    1.78   24.12   24.85    1.51   83.99  604.50  611.37    5.40  657.12   64.41
   352    1.59   23.64   24.74    1.45   84.37  583.39  589.69    6.56  652.98   64.77
   353    1.56   23.93   24.53    1.60   83.71  588.19  595.97    5.72  641.04   59.14
   354    1.66   23.87   24.30    1.80   83.16  578.32  588.16    5.29  626.54   52.15
   355    1.77   23.53   24.36    1.74   83.28  572.29  581.51    5.37  631.18   53.21
   356    1.69   23.67   24.33    1.85   82.60  576.36  586.85    5.54  628.36   50.42
   357    1.66   23.76   24.50    1.59   83.65  584.25  591.92    5.73  637.67   59.18
   358    1.71   23.38   24.10    1.76   82.76  564.57  574.02    7.63  619.06   51.91
   359    1.64   23.83   23.73    2.11   81.42  577.19  590.81    6.87  598.23   44.69
   360    1.64   23.81   24.03    1.77   82.88  575.06  584.60    7.17  613.75   52.61
   361    1.51   23.91   24.16    1.91   82.42  583.14  594.32    6.12  619.22   49.51
   362    1.70   24.12   23.82    1.90   82.70  592.88  603.95    8.26  601.13   50.55
   363    1.65   23.99   23.88    2.05   82.01  587.98  600.82    7.95  603.44   46.78
   364    1.67   23.91   23.98    2.19   81.42  587.38  602.10    8.67  611.07   43.84
   365    1.66   24.22   23.96    2.37   81.05  604.82  622.10    5.94  610.51   41.86
   366    1.75   24.01   24.36    2.20   81.88  587.87  602.82    7.54  630.15   43.55
   367    1.47   24.18   24.26    2.26   81.95  597.60  613.27    6.15  626.74   43.29
   368    1.59   24.23   24.23    2.47   81.00  603.82  622.62    5.91  624.75   40.20
   369    1.66   24.35   24.22    2.47   81.02  604.75  623.56    6.12  625.53   40.24
   370    1.60   24.22   24.10    2.09   82.53  597.59  611.02    5.74  618.23   46.52
   371    1.66   24.34   24.48    2.05   82.85  608.55  621.44    7.00  637.45   48.27
   372    1.62   24.27   24.48    2.10   82.48  609.00  622.55    7.04  635.33   47.19
   373    1.82   24.88   24.84    1.96   83.01  625.53  637.30    8.51  654.40   51.73
   374    1.67   24.60   24.75    2.01   82.67  613.81  626.22    8.84  650.12   49.54
   375    1.77   24.61   24.61    2.10   82.23  611.83  625.37    9.23  642.97   47.42
   376    1.71   24.77   24.50    2.22   81.80  618.21  633.40    9.81  637.05   45.38
   377    1.78   24.79   24.21    2.21   82.03  619.82  634.90    8.40  619.88   45.66
   378    1.70   24.64   24.29    2.10   82.32  612.19  625.79    8.03  626.01   47.34
   379    1.65   24.88   24.46    1.83   83.51  623.20  633.45    7.56  637.08   54.99
   380    1.65   24.79   24.53    1.91   83.15  617.41  628.54    6.80  640.44   52.44
   381    1.62   25.03   24.62    1.99   83.09  633.35  645.49    6.96  643.83   51.60
   382    1.59   24.96   24.64    2.00   82.91  623.34  635.64    8.01  644.40   50.49
   383    1.63   25.25   24.72    1.67   84.38  632.53  640.95    7.60  646.66   61.18
   384    1.66   24.84   24.65    1.87   83.42  617.22  627.89    9.15  646.69   53.47
   385    1.66   25.24   24.76    2.21   82.16  636.73  651.69    8.10  648.90   47.04
   386    1.65   24.99   24.19    2.02   82.96  630.18  642.64    8.97  619.79   50.72
   387    1.68   25.12   24.42    1.84   83.57  639.27  649.59    8.14  632.76   56.19
   388    1.78   25.24   24.30    1.71   84.14  645.52  654.32    9.11  626.98   61.08
   389    1.70   25.42   24.92    2.00   83.10  653.83  666.01    8.70  659.92   53.14
   390    1.63   25.53   24.87    2.05   83.05  653.76  666.61    9.73  658.41   51.81
   391    1.66   25.67   24.91    2.20   82.42  664.20  679.02   10.07  660.82   49.22
   392    1.75   25.76   24.87    1.92   83.77  669.87  681.14    8.52  659.80   56.41
   393    1.74   25.81   24.62    2.17   82.42  667.80  682.27    7.33  645.12   50.03
   394    1.78   25.82   24.41    1.95   83.38  670.98  682.53    8.53  635.18   55.85
   395    1.66   26.04   24.10    2.19   82.60  674.46  689.23    7.71  620.29   50.03
   396    1.79   25.98   24.39    1.93   83.65  674.31  685.63    9.48  633.38   56.66
   397    1.68   26.00   24.59    1.81   84.03  676.41  686.37    9.34  642.07   60.35
   398    1.77   25.73   24.66    1.84   84.06  668.94  679.24    9.12  645.23   58.77
   399    1.72   26.05   24.55    1.87   83.79  678.85  689.47    6.56  639.52   58.75
   400    1.78   25.94   24.65    1.83   84.11  677.73  687.92    7.66  645.29   59.81
   401    1.73   26.03   24.61    1.97   83.57  677.29  689.16    8.25  644.04   55.63
   402    1.66   26.05   24.82    1.84   84.09  680.02  690.26    9.42  654.85   59.84
   403    1.73   26.25   25.08    1.87   83.98  689.04  699.65    8.18  667.21   59.62
   404    1.68   26.40   24.94    1.93   83.62  691.18  702.58    7.65  661.06   57.84
   405    1.69   26.33   24.86    1.87   83.92  689.04  699.71    7.56  654.88   59.49
   406    1.68   26.29   24.88    2.06   83.44  688.54  701.48    6.97  656.83   54.29
   407    1.71   25.84   24.90    2.04   83.26  672.18  684.87    7.03  658.30   53.52
   408    1.75   25.76   24.93    1.86   84.02  668.15  678.63    6.99  661.18   58.21
   409    1.73   25.85   25.16    1.52   85.53  669.36  676.28    6.39  675.26   70.83
   410    1.63   25.36   25.24    1.80   84.19  652.91  662.73    8.88  681.03   58.69
   411    1.64   25.68   25.13    1.80   84.29  666.18  676.05    7.26  676.11   59.72
   412    1.67   25.53   24.82    1.74   84.30  655.63  664.81    7.61  657.25   60.82
   413    1.67   25.56   24.63    1.85   83.88  653.03  663.48    7.14  648.69   57.04
   414    1.73   25.84   24.39    2.04   83.10  665.20  677.92    7.72  636.25   52.93
   415    1.76   25.55   24.62    1.96   83.37  656.70  668.43    7.51  650.33   54.30
   416    1.67   25.31   24.74    2.03   82.96  654.15  666.80    6.23  654.19   52.22
   417    1.66   25.48   24.55    2.01   83.21  655.51  667.92    6.62  644.43   52.79
   418    1.71   25.76   24.78    1.94   83.54  668.67  680.16    7.31  658.04   55.81
   419    1.61   25.54   24.70    2.11   82.95  656.93  670.52    7.83  650.30   50.71
   420    1.59   25.51   24.95    1.94   83.31  656.33  667.84    7.13  666.39   54.76
   421    1.66   25.34   24.68    1.90   83.45  650.08  661.04    6.95  652.72   55.50
   422    1.59   25.74   24.58    1.93   83.42  666.19  677.59    7.74  647.87   55.79
   423    1.58   25.29   24.87    1.86   83.78  653.35  663.93    8.03  664.47   56.69
   424    1.61   25.44   24.71    1.86   83.61  650.70  661.23    7.56  654.47   56.60
   425    1.61   25.08   24.81    1.74   83.96  638.18  647.31    6.51  658.93   59.40
   426    1.55   25.33   25.01    1.59   84.45  648.10  655.75    7.35  665.97   65.48
   427    1.65   25.86   25.15    1.68   84.51  673.92  682.40    7.96  674.14   64.83
   428    1.52   25.81   25.18    1.73   84.16  671.61  680.62    7.16  675.18   62.82
   429    1.48   25.63   24.95    1.75   84.10  658.82  668.13    8.28  663.69   60.71
   430    1.56   25.77   24.83    1.81   83.82  664.53  674.42    9.78  659.57   59.49
   431    1.62   26.24   24.84    1.71   84.35  683.57  692.41    6.05  657.43   64.48
   432    1.58   26.05   24.61    1.84   83.88  670.22  680.53    7.99  646.93   58.84
   433    1.63   25.85   24.70    1.80   83.75  667.71  677.54    8.55  648.04   59.93
   434    1.56   26.27   25.03    1.49   85.27  691.07  697.68    6.34  667.75   74.64
   435    1.69   26.10   25.21    1.50   85.02  684.18  690.88    7.77  678.83   73.45
   436    1.58   25.80   24.86    1.72   84.14  675.81  684.76    7.47  661.84   63.39
   437    1.60   25.85   25.18    1.42   85.24  679.93  685.92    7.64  680.49   76.91
   438    1.58   25.88   25.12    1.38   85.58  681.11  686.78    9.89  676.70   78.98
   439    1.49   26.00   25.17    1.59   84.79  682.17  689.73   11.35  677.37   69.24
   440    1.62   25.67   25.65    1.49   85.21  673.78  680.43   11.81  703.82   72.61
   441    1.63   25.68   25.32    1.44   85.14  668.44  674.66    9.04  684.57   74.35
   442    1.68   25.91   25.19    1.55   84.72  671.70  678.93   10.10  679.66   69.63
   443    1.65   25.91   25.21    1.46   85.01  678.94  685.30   11.92  677.99   74.64
   444    1.62   26.41   25.29    1.78   83.70  696.38  706.00    8.88  683.63   63.07
   445    1.62   26.51   25.32    1.75   83.90  697.23  706.53    9.21  684.02   64.16
   446    1.70   26.77   25.16    1.71   84.11  717.37  726.22   10.65  674.79   67.51
   447    1.71   26.69   25.13    1.95   83.44  716.86  728.40   11.23  673.66   59.57
   448    1.62   26.59   24.88    1.93   83.50  707.46  718.81   10.50  665.03   59.27
   449    1.68   26.69   24.92    1.77   84.35  712.24  721.70    9.86  667.12   64.99
   450    1.62   26.58   24.64    1.88   83.66  711.61  722.35   10.75  654.35   61.16
   451    1.58   26.82   24.59    1.49   84.92  715.26  721.82   10.82  648.50   77.39
   452    1.63   26.95   24.74    1.94   83.31  718.68  730.19   11.07  655.45   59.80
   453    1.64   26.62   24.81    1.52   84.93  707.82  714.70   11.46  659.15   74.98
   454    1.65   26.57   24.60    1.48   85.19  708.97  715.49   10.74  648.55   76.98
   455    1.66   26.53   24.55    1.61   84.63  696.22  704.02   11.10  645.83   69.58
   456    1.70   26.68   24.67    1.60   84.61  703.42  711.05    9.58  649.16   70.98
   457    1.72   26.73   24.70    1.49   85.03  707.43  714.01   11.19  651.54   76.49
   458    1.53   26.61   24.42    1.66   84.48  694.27  702.59    9.57  635.42   67.34
   459    1.55   26.48   24.84    1.58   84.72  697.04  704.49   11.61  656.94   71.19
   460    1.56   26.61   24.85    1.63   84.78  703.27  711.23   11.69  660.45   69.59
   461    1.58   26.58   24.73    1.86   83.52  707.75  718.26    9.51  652.28   61.46
   462    1.56   26.27   24.74    1.65   84.51  694.38  702.57   10.63  653.59   67.82
   463    1.59   26.40   24.39    1.87   83.87  701.28  711.87   11.42  633.94   60.72
   464    1.63   26.42   24.68    1.93   83.66  701.12  712.40   10.84  648.05   58.91
   465    1.66   26.49   24.71    1.81   84.17  708.09  718.04    9.35  650.76   63.09
   466    1.63   26.21   24.31    1.82   83.76  690.14  700.21    8.08  626.88   61.19
   467    1.58   26.17   24.44    1.82   83.90  697.77  707.81    9.04  634.73   61.95
   468    1.55   26.44   24.36    1.84   83.82  704.96  715.26    8.61  629.22   61.82
   469    1.67   26.56   24.29    2.05   82.97  708.23  721.01    9.22  626.25   56.12
   470    1.65   26.36   24.37    1.91   83.64  700.40  711.48    8.73  629.73   59.38
   471    1.58   26.20   24.37    2.15   82.62  690.36  704.46    9.36  632.02   52.29
   472    1.67   26.15   24.09    2.49   81.26  685.68  704.78    9.32  617.88   45.09
   473    1.67   26.40   23.93    2.11   83.10  705.60  719.23    8.27  609.08   54.28
   474    1.76   26.18   24.33    1.95   83.44  695.43  707.00    9.11  628.42   57.76
   475    1.70   26.60   24.32    2.02   83.03  714.68  727.16    9.20  628.91   57.27
   476    1.68   27.09   24.39    2.02   83.08  730.97  743.44    8.97  631.44   58.53
   477    1.63   26.95   24.41    2.27   82.17  726.10  741.97    8.29  632.35   51.96
   478    1.58   26.65   24.09    2.48   81.39  711.70  730.65    8.18  617.05   46.92
   479    1.57   26.80   24.42    2.25   82.43  722.29  737.84    7.71  632.89   52.18
   480    1.55   27.02   24.53    2.26   82.51  727.71  743.43    8.51  638.99   52.29
   481    1.53   26.58   24.57    1.99   83.59  718.37  730.49    7.85  640.84   58.35
   482    1.63   26.75   24.62    2.12   82.87  723.18  736.95    7.04  646.50   55.32
   483    1.68   26.53   24.52    1.83   84.12  707.49  717.62    8.05  641.47   62.52
   484    1.63   26.84   24.62    1.87   83.85  717.04  727.64    7.32  644.84   61.99
   485    1.66   26.79   24.69    1.93   83.79  726.13  737.42    7.83  649.76   60.94
   486    1.59   26.99   24.44    2.10   83.13  725.88  739.39    9.36  637.62   56.01
   487    1.57   26.72   24.24    1.83   84.33  717.70  727.80    8.59  626.43   63.46
   488    1.60   26.60   24.37    1.61   85.11  701.41  709.23    8.47  632.32   69.99
   489    1.79   26.47   24.57    1.76   84.62  700.04  709.38    9.27  641.04   64.28
   490    1.62   26.40   24.57    1.80   84.49  701.32  711.14    6.75  641.33   62.91
   491    1.60   26.61   24.73    1.97   83.78  710.92  722.78    8.54  649.70   58.36
   492    1.69   26.81   24.55    1.90   84.18  724.43  735.45    8.03  640.76   61.51
   493    1.63   26.62   24.84    1.93   83.96  712.88  724.17    8.34  654.27   59.88
   494    1.62   26.78   25.02    1.71   84.89  723.70  732.55    8.25  663.96   68.09
   495    1.61   26.27   24.81    1.84   84.48  696.58  706.90    8.45  653.79   61.04
   496    1.59   26.42   24.92    1.91   84.36  704.05  715.17    9.00  660.72   59.58
   497    1.54   26.35   24.82    2.02   84.14  700.72  713.14    8.20  656.35   56.32
   498    1.66   26.76   24.57    1.80   84.85  716.52  726.34    9.22  641.23   64.24
   499    1.63   27.20   24.64    1.79   84.67  740.22  749.87   10.89  646.13   66.84
   500    1.62   27.22   24.61    1.85   84.62  743.95  754.28    9.64  643.63   65.04
   501    1.63   26.91   24.78    1.85   84.45  728.80  739.13    9.51  654.30   63.78
   502    1.65   26.95   24.45    1.70   85.03  724.51  733.23    9.17  638.78   68.63
   503    1.67   27.11   24.70    1.72   84.85  734.88  743.81    8.04  651.24   68.83
   504    1.60   26.96   24.65    1.74   84.64  728.86  737.96    8.82  649.74   67.66
   505    1.63   26.78   24.73    1.75   84.73  723.97  733.21    8.65  656.15   66.74
   506    1.64   26.43   24.69    1.80   84.28  706.01  715.86    9.36  649.21   63.24
   507    1.63   26.17   24.32    1.89   83.86  690.10  700.94    8.54  630.67   59.10
   508    1.67   26.27   24.84    1.58   85.41  698.18  705.71    9.58  659.48   70.92
   509    1.65   26.30   24.64    1.63   85.37  696.42  704.38   11.00  649.79   68.95
   510    1.65   26.50   24.74    1.57   85.52  713.07  720.41    8.68  655.74   73.28
   511    1.73   26.56   24.85    1.45   86.06  713.39  719.59    8.91  661.14   79.28
   512    1.69   26.52   24.81    1.53   85.57  706.94  713.91   11.14  656.49   74.42
   513    1.78   26.17   24.67    1.66   85.31  698.48  706.77   10.78  651.23   67.84
   514    1.65   26.39   24.76    1.54   85.55  706.84  713.92   10.67  656.03   73.90
   515    1.66   26.34   24.89    1.71   85.08  708.93  717.72    8.16  661.85   66.95
   516    1.63   26.49   24.51    1.88   84.16  715.68  726.46    8.94  643.68   61.41
   517    1.62   26.41   24.79    1.83   84.27  710.69  720.83   10.55  657.59   62.76
   518    1.67   26.98   24.43    1.95   84.11  733.44  744.97    8.33  641.02   60.93
   519    1.66   26.71   24.64    1.63   85.04  718.01  726.04    9.55  649.08   70.74
   520    1.65   27.25   24.70    1.60   85.54  748.08  755.74   10.21  653.61   75.22
   521    1.71   27.17   24.52    1.58   85.55  743.22  750.66   10.38  646.96   75.74
   522    1.66   26.93   24.49    1.82   84.86  731.34  741.34    9.74  644.56   64.95
   523    1.79   27.02   24.29    1.85   84.70  734.72  745.12    8.67  634.28   64.06
   524    1.71   26.83   24.41    2.12   83.68  725.42  739.11    8.50  640.47   55.62
   525    1.79   26.43   24.51    2.15   83.06  708.55  722.76    7.76  641.76   53.44
   526    1.76   26.51   24.11    2.09   83.38  719.24  732.63    7.05  622.08   55.75
   527    1.71   26.44   24.34    1.94   83.93  718.64  730.08    7.92  634.77   59.97
   528    1.70   26.44   24.49    1.85   84.65  717.02  727.41    7.77  646.73   62.60
   529    1.68   26.43   24.47    2.00   83.84  708.64  720.79    8.11  643.30   57.50
   530    1.70   26.35   24.65    1.89   84.45  699.81  710.73   10.07  654.72   59.74
   531    1.68   26.52   24.52    1.95   84.15  703.81  715.38    8.48  645.19   58.44
   532    1.66   26.07   24.50    1.77   84.70  693.14  702.66    9.94  643.88   63.12
   533    1.76   26.21   24.46    1.87   84.40  696.86  707.44    8.53  642.05   60.38
   534    1.68   26.45   24.82    1.84   84.53  704.40  714.72    8.57  659.52   61.73
   535    1.73   26.79   24.98    1.69   85.29  727.39  735.96    9.30  669.78   69.45
   536    1.61   26.90   24.79    1.57   85.63  729.72  737.06    7.61  656.27   74.92
   537    1.71   26.87   24.59    1.60   85.56  725.72  733.42    8.27  647.67   72.87
   538    1.74   26.64   24.64    1.63   85.17  715.17  723.11    7.38  645.79   70.82
   539    1.65   27.11   24.68    1.87   84.55  742.41  753.04    8.42  651.24   64.06
   540    1.73   26.91   24.62    1.63   85.48  733.08  741.09    9.20  652.08   72.24
   541    1.77   26.66   24.71    1.58   85.65  720.58  728.06    9.63  652.86   73.32
   542    1.71   26.64   24.67    1.72   85.24  722.23  731.15    9.00  650.94   67.68
   543    1.74   26.75   24.47    1.54   85.70  722.72  729.80    9.41  645.11   75.49
   544    1.82   26.67   24.55    1.69   85.20  718.54  727.11    8.28  646.08   68.65
   545    1.69   27.06   24.13    1.82   84.44  733.17  743.17    8.88  621.83   65.12
   546    1.76   26.89   24.20    1.60   85.26  725.56  733.23    9.01  628.02   72.95
   547    1.69   26.51   24.40    1.49   85.73  708.08  714.71    7.88  637.45   76.29
   548    1.75   26.69   24.33    1.62   85.32  713.96  721.80    8.44  632.79   71.14
   549    1.71   26.71   24.52    1.47   85.99  718.18  724.58    9.59  644.75   78.60
   550    1.70   26.73   24.28    1.37   86.38  719.02  724.58    9.24  633.56   83.99
   551    1.82   26.78   24.45    1.22   87.19  721.77  726.11   10.50  641.75   94.51
   552    1.76   26.99   24.38    1.40   86.70  733.85  739.61    9.24  638.50   84.27
   553    1.77   27.02   24.51    1.62   85.81  733.84  741.72    8.99  646.58   72.87
   554    1.77   26.63   24.51    1.54   85.86  716.81  723.86    9.24  646.90   75.01
   555    1.74   26.87   24.22    1.54   85.75  725.61  732.73    9.72  630.64   75.55
   556    1.75   27.01   24.56    1.46   85.99  728.01  734.32   10.06  648.61   80.18
   557    1.74   26.99   24.56    1.51   86.08  727.86  734.69    9.02  648.53   77.23
   558    1.68   26.69   24.39    1.76   85.06  717.91  727.26    9.72  643.71   65.86
   559    1.73   26.58   24.28    1.87   84.69  714.08  724.75    9.60  636.35   61.58
   560    1.77   26.38   24.39    2.07   84.13  702.23  715.31   11.61  643.02   55.07
   561    1.69   26.33   24.40    1.89   84.62  699.45  710.31    9.74  639.54   59.83
   562    1.68   26.09   24.28    1.93   84.15  686.59  697.90    9.78  631.57   57.67
   563    1.68   26.19   24.13    2.23   83.14  687.47  702.76    9.94  626.72   50.14
   564    1.69   26.36   24.22    2.08   83.86  704.36  717.63   10.31  634.63   54.85
   565    1.71   26.78   24.66    1.93   84.49  719.78  731.09    9.15  653.96   60.37
   566    1.63   26.69   24.64    1.64   85.87  727.06  735.18    8.28  656.33   71.18
   567    1.77   27.07   24.39    1.65   85.72  733.41  741.55    9.23  642.05   71.72
   568    1.74   27.12   24.50    1.95   84.66  740.35  751.89    7.15  649.19   61.46
   569    1.74   27.08   24.51    1.90   84.81  735.61  746.59    9.77  648.02   62.51
   570    1.63   27.04   24.31    2.05   84.09  734.81  747.60    9.81  639.53   58.14
   571    1.64   27.21   24.40    1.68   85.28  745.82  754.30   10.34  644.31   71.50
   572    1.72   27.19   24.48    1.70   85.09  746.39  755.13    8.48  648.57   70.55
   573    1.72   27.46   24.32    1.77   85.05  763.49  772.95   10.99  641.18   69.47
   574    1.72   27.58   24.54    1.71   85.49  765.08  773.88    9.95  650.47   72.06
   575    1.71   27.59   24.53    1.54   86.08  761.21  768.28    9.80  648.80   79.39
   576    1.69   27.42   24.18    1.54   85.94  758.32  765.41    8.07  628.76   79.01
   577    1.77   27.13   24.15    1.42   86.16  747.18  753.15    6.50  631.40   84.38
   578    1.79   27.24   24.23    1.58   85.74  754.76  762.26    7.10  638.08   76.61
   579    1.67   26.98   24.30    1.63   85.54  743.79  751.77    8.71  645.05   73.38
   580    1.72   26.85   24.19    1.63   85.66  736.68  744.60    8.81  636.91   72.95
   581    1.65   27.25   24.27    1.77   85.03  751.71  761.14   10.03  637.44   68.59
   582    1.69   27.14   24.24    1.63   85.31  741.08  749.09    8.55  638.02   73.00
   583    1.81   27.11   24.25    1.61   85.32  736.21  744.00    7.77  640.61   73.51
   584    1.75   27.14   24.31    1.38   86.14  741.20  746.83    7.05  644.54   86.00
   585    1.72   27.18   24.32    1.69   85.38  749.56  758.14    7.50  644.91   71.48
   586    1.77   27.36   24.37    1.65   85.71  761.73  769.88    6.59  643.83   74.36
   587    1.79   27.45   24.58    1.48   86.09  758.89  765.42    6.16  653.56   82.15
   588    1.68   27.33   24.16    1.67   85.49  756.69  765.05    6.50  630.06   73.01
   589    1.76   27.49   24.63    1.56   85.42  758.44  765.74    8.74  653.86   77.94
   590    1.78   27.58   24.43    1.70   85.11  766.74  775.45    8.15  640.79   72.53
   591    1.77   27.39   24.26    1.69   85.10  754.17  762.80    7.43  632.94   71.70
   592    1.75   27.79   24.57    1.36   86.13  774.04  779.45    6.96  650.66   91.29
   593    1.75   27.79   24.43    1.55   85.46  773.76  780.88    6.26  643.96   80.38
   594    1.77   28.03   24.45    1.53   85.85  781.73  788.72    7.79  641.29   81.87
   595    1.72   27.84   24.28    1.91   84.16  768.35  779.37    8.75  632.88   65.10
   596    1.69   27.84   24.14    1.50   85.57  770.20  776.88    7.42  623.34   82.43
   597    1.72   27.81   24.13    1.62   85.06  774.09  781.95    9.23  624.25   76.79
   598    1.78   27.83   24.14    1.70   84.95  776.56  785.30    8.04  624.90   73.34
   599    1.64   27.52   24.14    1.84   84.51  759.78  770.08    7.61  626.39   66.50
   600    1.81   27.31   24.18    2.06   83.45  746.22  759.16    9.84  628.50   58.68
   601    1.70   27.32   24.23    2.33   82.54  743.62  760.30    8.49  627.53   51.95
   602    1.70   27.18   24.52    1.92   84.17  738.56  749.76    9.70  643.51   62.19
   603    1.68   27.20   24.39    2.07   83.67  735.83  748.86    9.02  637.14   57.71
   604    1.74   27.46   24.14    1.77   84.59  756.68  766.19    7.36  623.99   68.75
   605    1.71   27.74   24.56    1.62   84.96  764.90  772.78    8.51  643.37   75.84
   606    1.68   27.72   24.69    1.64   84.89  773.59  781.60    8.25  652.96   76.08
   607    1.69   28.06   24.69    1.59   85.29  795.81  803.31    8.63  654.11   80.67
   608    1.76   27.71   24.66    1.64   85.14  779.42  787.42    7.95  648.34   76.67
   609    1.82   27.84   24.85    1.52   85.47  780.71  787.59    8.75  657.11   82.40
   610    1.79   27.50   24.96    1.48   85.39  773.12  779.57    7.89  664.98   84.09
   611    1.76   27.40   24.96    1.59   85.10  772.28  779.86    7.88  664.28   77.91
   612    1.75   27.13   24.73    1.71   84.62  750.05  758.85    7.84  650.82   70.69
   613    1.82   26.90   24.54    1.73   84.51  727.69  736.74    6.89  643.35   67.75
   614    1.86   26.98   24.71    1.62   85.04  732.54  740.40    8.09  651.31   72.82
   615    1.71   26.92   24.91    1.53   85.23  726.32  733.35    9.52  659.75   76.11
   616    1.85   26.89   24.71    1.63   84.80  726.85  734.85    7.01  651.43   71.68
   617    1.72   27.16   24.46    1.57   85.13  736.03  743.40    8.86  635.84   75.42
   618    1.95   27.12   24.80    1.41   85.52  738.36  744.27    7.27  654.25   83.79
   619    1.59   27.27   24.62    1.61   84.98  742.86  750.63    8.26  647.09   74.24
   620    1.77   27.25   24.41    1.73   84.56  743.31  752.35    8.42  637.34   69.19
   621    1.74   27.46   24.56    1.54   85.24  751.85  758.95    9.85  643.28   78.33
   622    1.76   27.55   24.73    1.64   84.70  753.98  762.02    8.34  653.41   74.08
   623    1.81   27.10   24.64    1.77   84.24  728.64  738.10    8.36  646.50   66.43
   624    1.75   27.29   24.70    1.85   83.94  742.67  753.00    9.96  648.90   64.93
   625    1.77   27.27   24.46    1.83   83.98  746.30  756.38    9.62  637.20   65.98
   626    1.82   27.64   24.36    1.93   83.60  755.34  766.67    7.55  631.95   63.22
   627    1.74   27.16   24.36    1.93   83.47  735.14  746.49    9.76  631.30   61.50
   628    1.73   27.12   24.42    1.78   83.93  737.42  746.96    8.52  633.57   66.93
   629    1.68   27.23   24.97    1.47   85.23  744.48  750.90    7.39  658.63   81.27
   630    1.84   27.52   25.01    1.58   84.95  763.01  770.47    6.53  661.34   77.61
   631    1.78   27.07   24.96    1.96   83.31  740.62  752.29    7.43  658.91   61.17
   632    1.70   27.19   24.90    1.78   83.85  741.61  751.22    8.95  658.30   67.07
   633    1.80   27.40   24.74    1.81   83.93  752.10  761.99    7.25  648.71   67.09
   634    1.81   27.27   25.02    1.89   83.34  745.41  756.27    7.44  662.15   63.67
   635    1.65   27.55   24.91    2.09   82.56  761.21  774.58    8.01  657.02   58.93
   636    1.75   27.49   24.93    1.72   84.09  768.95  777.88    7.22  657.52   71.92
   637    1.63   27.95   24.98    1.83   83.71  781.97  792.11    9.68  661.08   68.85
   638    1.70   27.87   24.87    1.85   83.60  782.27  792.58    8.87  655.80   68.34
   639    1.68   28.15   24.98    1.77   83.79  786.93  796.36    7.59  660.18   71.66
   640    1.68   27.95   24.95    1.96   83.01  778.64  790.28    8.38  657.17   64.27
   641    1.67   27.96   25.02    1.80   83.81  778.95  788.70    9.52  662.70   69.85
   642    1.71   27.79   25.06    1.59   84.45  776.29  783.87    7.64  665.58   78.34
   643    1.70   27.66   24.95    1.99   83.09  764.82  776.83    7.42  661.39   62.24
   644    1.64   27.14   24.77    1.83   83.69  743.37  753.47    7.24  652.51   65.70
   645    1.67   27.20   24.46    1.84   83.66  743.98  754.21    6.42  636.46   65.34
   646    1.73   27.24   24.93    1.71   83.98  753.69  762.48    7.83  662.06   71.03
   647    1.80   27.15   24.86    1.67   84.13  746.07  754.50    7.76  658.21   71.75
   648    1.71   27.55   24.75    1.92   83.39  761.91  773.11    8.05  651.00   64.09
   649    1.74   27.48   24.94    1.69   84.20  760.01  768.62    7.68  660.20   72.33
   650    1.71   27.74   24.98    1.79   83.77  766.58  776.30    7.48  663.51   68.92
   651    1.74   27.71   24.83    1.50   84.76  768.50  775.18    6.59  654.44   82.25
   652    1.67   27.36   24.85    1.56   84.46  750.01  757.24    5.56  655.39   77.45
   653    1.77   27.30   24.99    1.56   84.52  749.97  757.24    5.70  660.35   77.22
   654    1.77   27.12   25.10    1.57   84.50  738.85  746.18    7.41  665.51   75.83
   655    1.85   27.67   25.26    1.78   83.61  762.41  771.97    7.34  675.13   69.05
   656    1.80   27.42   25.41    1.52   84.45  753.89  760.76    8.06  683.32   79.71
   657    1.85   27.39   25.29    1.66   83.97  747.71  755.96    8.05  675.66   72.62
   658    1.79   27.36   25.06    1.85   83.42  751.34  761.69    6.93  663.19   65.60
   659    1.71   27.24   25.19    1.55   84.38  744.62  751.79    9.45  671.40   77.21
   660    1.83   27.19   25.13    1.37   85.19  747.48  752.99    9.04  667.19   87.56
   661    1.81   27.64   25.23    1.74   84.04  763.36  772.51    9.47  673.94   70.58
   662    1.90   27.34   25.28    1.45   85.10  751.03  757.21    7.85  675.94   83.39
   663    1.79   27.16   24.82    1.64   84.12  738.24  746.28    8.24  652.82   72.58
   664    1.71   27.33   25.13    1.87   83.13  743.49  754.11    9.18  669.69   64.16
   665    1.79   27.34   24.94    1.59   84.24  746.87  754.44    8.20  659.94   75.50
   666    1.83   27.22   25.23    1.58   84.23  738.03  745.46    9.72  673.31   75.30
   667    1.74   27.23   25.24    1.94   83.14  743.56  754.98    8.17  673.86   62.00
   668    1.67   27.37   25.05    1.95   83.13  744.68  756.26    7.37  662.52   61.71
   669    1.77   27.32   25.38    1.46   84.79  748.41  754.72    8.10  681.00   82.35
   670    1.84   27.35   25.09    1.30   85.32  741.47  746.39    8.79  665.47   91.53
   671    1.78   27.47   25.24    1.48   84.82  751.36  757.84    6.71  674.38   81.65
   672    1.76   27.36   25.22    1.54   84.52  750.22  757.26    8.38  676.48   78.46
   673    1.82   27.49   25.08    1.43   85.14  754.89  760.95    8.46  667.09   84.58
   674    1.81   27.33   24.94    1.83   83.76  745.64  755.81    7.86  660.32   65.68
   675    1.82   27.74   25.16    1.92   83.52  762.94  774.16    9.61  671.70   64.13
   676    1.72   27.81   25.14    1.78   83.88  772.56  782.14    7.51  671.48   69.87
   677    1.85   27.70   25.34    1.62   84.28  758.18  766.05    7.82  683.70   75.25
   678    1.84   27.56   24.83    1.68   84.14  757.99  766.48    7.01  658.19   72.61
   679    1.76   27.33   24.91    1.82   83.61  747.28  757.34    7.79  662.73   66.17
   680    1.72   27.59   24.91    1.61   84.42  763.57  771.30    7.41  661.07   76.41
   681    1.73   27.78   25.17    1.71   84.15  772.38  781.22    7.67  674.32   72.57
   682    1.76   28.33   25.00    1.48   85.00  799.06  805.48    5.47  666.48   86.95
   683    1.60   28.02   25.19    1.69   84.13  782.98  791.58    6.06  673.94   74.45
   684    1.68   28.23   24.92    1.81   83.76  789.68  799.59    7.05  658.59   70.26
   685    1.65   28.16   25.12    1.76   83.93  784.36  793.74    7.40  668.07   71.61
   686    1.61   27.54   25.22    1.65   84.20  747.19  755.37    7.44  671.24   72.85
   687    1.65   27.77   25.08    1.66   84.47  758.96  767.20    7.45  664.13   73.73
   688    1.66   27.65   25.01    1.56   84.67  749.74  757.05    7.45  659.73   77.03
   689    1.69   27.66   24.77    1.78   83.85  762.79  772.37    7.43  648.17   69.01
   690    1.59   27.49   24.86    1.73   83.88  751.76  760.79   10.05  651.66   69.97
   691    1.63   27.64   24.69    1.87   83.15  747.66  758.31    9.47  641.61   64.41
   692    1.77   27.58   24.80    1.99   82.66  751.66  763.75    8.38  647.63   61.02
   693    1.63   27.70   25.25    1.93   82.82  760.47  771.78    7.28  671.71   63.68
   694    1.61   27.73   25.11    1.73   83.66  761.88  770.87   10.74  666.14   71.03
   695    1.72   27.64   25.38    1.61   84.12  762.33  770.11    9.78  683.35   76.06
   696    1.67   27.91   25.51    1.64   84.24  780.74  788.77    8.42  689.39   76.67
   697    1.71   27.87   25.17    1.65   84.16  775.68  783.88    9.23  671.35   75.43
   698    1.63   27.87   25.11    1.79   83.60  769.46  779.15    9.37  665.60   69.25
   699    1.60   27.80   25.07    1.59   84.21  769.29  776.82    7.80  666.46   77.90
   700    1.72   27.30   25.33    1.27   85.22  749.42  754.11    8.63  679.95   94.55
   701    1.78   27.63   25.43    1.62   83.96  763.27  771.12   11.78  682.56   75.79
   702    1.75   27.53   25.26    1.88   82.78  754.91  765.66   10.11  673.25   64.75
   703    1.71   27.56   25.35    1.65   83.66  753.43  761.58    9.50  677.01   73.54
   704    1.71   27.51   25.28    1.51   84.08  744.95  751.77   10.51  676.34   79.08
   705    1.78   27.60   24.94    1.48   84.14  752.28  758.74    8.75  658.21   81.83
   706    1.76   27.39   24.97    1.43   84.22  740.62  746.69    9.42  658.47   83.00
   707    1.77   27.40   25.23    1.33   85.01  747.00  752.15    7.71  670.17   90.24
   708    1.72   27.63   25.11    1.33   84.84  759.05  764.22    7.65  664.06   91.55
   709    1.71   27.72   25.26    1.59   83.67  765.42  772.92    9.69  674.70   77.63
   710    1.76   27.50   25.35    1.54   83.87  757.80  764.84    7.12  681.17   79.20
   711    1.70   27.51   25.32    1.39   84.55  764.35  770.07    9.26  678.31   87.91
   712    1.86   27.76   25.54    1.27   85.01  776.87  781.58    6.32  692.46   97.63
   713    1.81   27.74   25.29    1.27   85.11  775.63  780.28    6.57  679.15   98.07
   714    1.87   27.81   25.76    1.31   84.97  771.65  776.67    7.60  703.48   94.23
   715    1.74   27.63   25.34    1.53   84.21  766.73  773.72    6.60  681.31   80.36
   716    1.79   28.02   25.62    1.37   84.93  790.51  796.01    4.89  696.28   92.46
   717    1.77   27.69   25.42    1.17   85.53  776.56  780.46    6.05  685.26  106.28
   718    1.81   28.21   25.48    1.29   85.27  800.09  804.91    6.19  687.59   99.38
   719    1.96   27.81   25.70    1.22   85.34  776.42  780.67    7.81  700.05  102.22
   720    1.70   27.66   25.80    1.34   84.65  773.49  778.76    8.03  706.43   92.35
   721    1.88   27.61   25.63    1.21   85.20  769.31  773.52    8.25  695.80  101.67
   722    1.97   27.82   25.46    0.89   86.39  777.69  779.81    5.51  688.27  138.89
   723    1.87   27.64   25.44    0.95   86.42  771.08  773.52    6.94  686.29  129.70
   724    1.94   27.70   25.20    1.21   85.46  777.79  782.02    5.58  673.15  102.58
   725    1.79   27.92   25.42    0.99   86.27  783.88  786.57    6.54  684.02  126.26
   726    1.88   28.06   25.19    1.08   85.94  790.57  793.83    8.36  672.48  117.02
   727    1.91   28.19   25.45    1.21   85.76  802.66  806.82    7.10  687.03  106.53
   728    1.84   27.90   25.35    1.00   86.51  787.95  790.68    4.59  679.15  126.08
   729    1.85   27.96   25.37    1.11   86.32  791.48  794.93    6.31  679.41  114.19
   730    1.91   28.19   25.45    1.01   86.49  793.91  796.72    5.64  684.86  125.48
   731    1.88   28.60   25.13    1.08   86.30  816.39  819.64    7.26  667.66  120.86
   732    1.91   28.33   25.09    1.30   85.52  802.40  807.26    4.57  663.82   99.23
   733    1.72   28.51   25.17    1.18   85.86  808.75  812.74    5.13  670.09  109.36
   734    1.98   28.17   24.97    1.22   85.69  798.28  802.53    5.16  659.37  104.94
   735    1.86   28.40   25.35    1.08   86.34  807.36  810.64    5.77  679.95  119.03
   736    1.84   28.27   25.33    1.13   86.14  795.89  799.50    5.45  677.90  112.59
   737    1.93   28.43   25.19    1.01   86.65  803.15  805.95    5.15  669.15  126.84
   738    1.83   28.59   25.45    1.28   85.59  814.16  818.91    4.91  685.16  101.71
   739    1.96   28.43   25.47    1.24   85.93  807.50  811.95    4.95  689.65  103.92
   740    1.86   28.44   25.76    1.11   86.44  815.78  819.24    6.60  704.86  117.33
   741    1.84   28.62   25.98    1.31   85.64  823.28  828.23    5.91  713.83  100.89
   742    1.80   28.44   25.75    1.43   85.09  816.79  822.83    5.83  702.03   91.42
   743    1.89   29.03   25.64    1.63   84.47  847.00  854.87    5.03  697.64   83.71
   744    1.92   28.89   25.59    1.48   85.11  838.72  845.13    4.00  694.13   91.20
   745    1.77   29.17   25.50    1.61   84.81  851.66  859.34    6.09  688.39   85.13
   746    1.86   29.20   25.87    1.25   86.20  847.54  852.03    4.71  709.11  108.42
   747    1.82   29.26   26.17    1.37   85.93  850.49  855.94    6.45  723.89   99.55
   748    1.78   29.34   25.82    1.51   85.27  856.31  863.00    6.41  705.52   91.17
   749    1.89   29.05   25.85    1.49   85.43  842.48  848.99    4.05  707.36   90.97
   750    1.85   28.87   26.11    1.31   85.99  833.33  838.27    4.07  719.14  102.06
   751    1.86   28.90   25.74    1.24   86.15  827.74  832.19    5.58  700.32  106.45
   752    1.93   28.70   25.79    1.31   86.03  821.55  826.52    3.37  703.18  100.48
   753    1.91   28.73   25.89    1.15   86.43  816.96  820.71    5.47  708.69  113.48
   754    1.96   28.75   25.90    1.53   85.18  825.37  832.31    5.16  711.42   86.57
   755    1.84   28.77   25.77    1.21   86.31  820.48  824.63    6.03  703.10  108.94
   756    1.91   28.96   25.53    1.23   86.46  835.71  840.04    5.96  691.27  108.81
   757    1.90   29.10   25.57    1.13   86.64  843.18  846.76    4.94  696.05  119.25
   758    2.10   28.84   25.58    1.33   85.79  826.41  831.54    5.21  695.66   99.57
   759    1.95   29.23   25.60    1.03   86.78  846.41  849.33    4.18  697.62  131.02
   760    1.95   29.72   25.77    1.00   87.12  866.39  869.06    5.55  706.40  139.05
   761    1.89   29.71   25.47    1.15   86.77  861.79  865.54    4.19  691.06  119.39
   762    1.88   29.89   25.73    1.41   85.90  876.31  882.11    6.89  705.39   99.58
   763    1.91   29.58   25.77    1.55   85.64  863.96  871.04    5.22  708.47   89.63
   764    1.87   29.45   25.86    1.51   85.71  856.67  863.42    3.85  717.70   90.90
   765    1.86   29.45   25.54    1.67   85.08  862.12  870.45    4.09  699.36   82.96
   766    1.80   29.34   25.45    1.27   86.61  848.27  852.89    4.63  693.77  107.08
   767    1.86   29.74   25.53    1.57   85.63  872.87  880.13    5.75  699.43   89.49
   768    1.87   29.68   25.61    1.47   86.15  860.59  866.92    6.42  702.48   94.04
   769    1.75   29.21   25.53    1.66   85.47  845.44  853.67    6.89  699.73   81.85
   770    1.86   29.53   25.35    1.85   84.65  847.13  857.42    6.70  689.28   73.88
   771    1.95   29.88   25.60    1.61   85.64  874.53  882.19    7.17  702.96   87.43
   772    1.90   29.71   25.34    1.53   85.88  859.34  866.23    7.09  684.96   90.32
   773    1.80   29.90   25.42    1.05   87.70  876.56  879.58    8.56  693.06  133.34
   774    1.74   30.10   25.42    1.18   86.89  887.86  891.79    6.21  692.84  120.21
   775    1.98   29.86   25.37    1.19   86.97  885.06  889.06    7.77  691.45  118.98
   776    1.88   29.98   25.53    1.26   86.70  889.06  893.55    6.28  697.49  113.37
   777    1.79   30.14   25.26    1.30   86.53  896.64  901.46    7.85  682.39  110.76
   778    1.82   29.79   25.18    1.45   86.05  875.02  881.13    6.57  676.47   97.09
   779    1.85   29.44   25.07    1.32   86.58  848.75  853.81    7.78  677.34  102.82
   780    1.81   29.58   25.24    1.11   87.26  853.61  857.03    7.44  682.41  123.26
   781    1.83   29.59   25.35    1.19   86.80  862.70  866.72    8.28  688.97  115.82
   782    1.95   29.34   25.49    1.42   85.85  858.28  864.21    7.53  693.81   96.67
   783    1.94   29.31   25.28    1.57   85.47  853.53  860.83    7.89  685.89   87.33
   784    1.87   29.60   25.66    1.83   84.64  867.44  877.49    6.71  707.69   76.45
   785    1.88   29.72   25.28    1.41   86.43  865.54  871.30    7.71  688.79   98.74
   786    1.95   29.36   25.47    1.41   86.49  846.22  852.00    6.11  701.46   96.46
   787    1.94   29.08   25.53    1.59   86.04  839.69  847.21    6.24  707.08   84.81
   788    1.89   28.92   25.52    1.74   85.44  832.46  841.55    7.35  702.03   76.98
   789    1.86   28.77   25.53    1.43   86.55  815.97  821.94    7.77  702.62   91.77
   790    1.83   28.53   25.57    1.96   84.42  805.25  816.91    9.05  704.72   66.36
   791    1.79   28.62   25.53    1.38   86.28  811.91  817.52    8.31  702.91   94.00
   792    1.87   28.97   25.55    1.39   86.47  834.31  839.94    8.46  705.24   96.28
   793    1.83   28.79   25.51    1.68   85.19  824.30  832.77    9.28  700.38   78.81
   794    1.86   29.00   25.66    1.26   87.02  833.40  837.94    9.40  708.14  106.06
   795    1.78   28.91   25.57    1.19   87.61  829.46  833.45   10.09  708.94  111.97
   796    1.84   28.72   25.49    1.36   87.19  827.83  833.18    9.91  708.96   97.87
   797    1.77   28.40   25.35    1.40   87.12  814.21  819.92    7.61  702.13   93.51
   798    1.75   28.48   25.72    1.13   88.18  810.19  813.82    8.74  724.24  114.24
   799    1.74   28.39   25.34    1.26   88.21  812.07  816.65    7.48  710.01  103.09
   800    1.72   28.48   25.41    1.32   87.33  811.97  817.06   10.11  706.39   98.29
   801    1.76   28.45   25.48    1.36   87.06  817.31  822.72    7.51  711.36   96.19
   802    1.84   28.58   25.59    1.53   86.35  815.68  822.63    8.22  713.48   85.59
   803    1.87   28.51   25.71    1.70   86.07  814.14  822.76    8.29  724.30   77.26
   804    1.89   28.23   25.60    1.64   86.04  804.21  812.29    7.51  720.53   78.66
   805    1.92   28.12   25.90    1.51   86.68  792.15  798.94    7.11  729.96   84.09
   806    1.87   28.36   25.73    1.68   85.87  799.62  808.05    7.41  722.08   76.70
   807    1.99   28.26   25.60    1.62   86.09  800.76  808.62    7.29  713.98   79.36
   808    1.92   28.36   25.46    1.50   86.51  808.98  815.66    6.28  709.31   86.40
   809    1.88   28.38   25.14    1.99   84.86  804.88  816.89    7.98  689.66   65.41
   810    2.02   28.51   25.36    1.93   85.32  812.98  824.30    8.69  705.51   67.92
   811    2.05   28.61   25.21    2.00   85.30  813.19  825.40    6.76  697.77   65.55
   812    2.04   28.44   25.18    1.73   86.11  810.47  819.48    6.71  695.83   75.33
   813    2.13   28.38   25.19    1.59   86.34  803.67  811.22    5.62  695.25   81.14
   814    1.91   28.81   25.45    1.53   86.59  816.52  823.44    5.46  707.97   85.84
   815    2.06   28.56   25.71    1.42   87.00  807.31  813.24    7.23  720.91   91.15
   816    1.94   28.46   25.58    1.51   86.49  803.99  810.71    5.82  711.13   85.67
   817    1.92   28.34   25.00    1.47   86.51  799.56  805.98    5.73  681.58   87.07
   818    2.06   28.46   25.28    1.37   86.79  807.04  812.56    6.25  697.11   94.12
   819    1.84   28.87   25.47    1.50   86.52  820.31  826.91    5.31  707.76   88.07
   820    2.09   28.55   25.73    1.26   87.13  806.56  811.16    3.67  721.83  102.25
   821    1.81   28.67   25.62    1.15   87.57  818.45  822.21    6.10  710.89  113.63
   822    1.94   28.61   25.23    0.95   88.65  812.31  814.71    4.53  696.02  136.93
   823    1.99   28.49   25.14    1.11   88.05  809.86  813.32    4.87  686.36  116.71
   824    1.89   28.21   25.52    1.24   87.49  797.50  801.91    4.98  705.64  103.04
   825    1.62   28.45   25.18    1.14   87.55  804.83  808.49    6.06  685.05  113.21
   826    1.62   28.60   25.11    1.53   86.17  817.49  824.39    6.44  683.61   86.00
   827    1.77   28.36   24.78    1.33   87.09  807.03  812.17    4.86  667.54   97.30
   828    1.77   28.65   25.07    1.79   85.60  821.52  831.12    7.10  684.26   74.08
   829    1.84   28.85   25.32    1.51   86.49  833.45  840.21    6.01  693.58   88.51
   830    1.80   28.93   24.98    1.56   86.57  838.09  845.26    6.05  676.36   86.56
   831    1.83   29.04   24.91    1.72   85.96  845.00  853.89    6.99  671.21   78.95
   832    1.86   29.02   25.10    1.62   86.21  842.29  850.08    5.35  682.41   83.70
   833    1.82   29.36   25.02    1.43   87.02  864.77  870.78    7.04  686.16   96.74
   834    1.73   29.46   25.33    1.30   87.63  868.10  872.92    8.65  700.91  107.32
   835    1.89   29.80   25.18    1.15   87.92  888.34  892.08    7.39  693.55  123.03
   836    1.80   29.43   25.11    1.54   86.64  865.32  872.33    6.08  690.34   90.17
   837    1.67   29.74   25.43    1.57   86.35  880.05  887.34    7.96  708.52   90.04
   838    1.81   29.63   25.08    1.54   86.21  867.55  874.59    6.05  687.18   90.24
   839    1.76   29.27   25.20    1.33   86.96  853.45  858.59    8.54  696.25  102.63
   840    1.71   29.60   25.22    1.36   87.02  870.18  875.57    7.35  694.25  102.25
   841    1.78   29.71   25.09    1.13   88.05  878.41  881.97    6.32  690.17  124.34
   842    1.78   29.40   25.00    1.37   87.17  862.49  867.95    7.67  688.19  100.87
   843    1.75   29.59   24.79    1.39   87.21  873.80  879.45    7.41  677.94  100.53
   844    1.80   29.35   24.91    1.35   87.12  853.55  858.87    6.81  681.50  101.05
   845    1.86   29.11   24.59    1.54   86.68  844.78  851.80    5.77  658.48   88.07
   846    1.73   29.08   24.75    1.38   87.06  836.88  842.41    7.35  669.08   97.42
   847    1.88   28.94   24.71    1.12   87.69  826.06  829.56    7.83  666.80  118.24
   848    1.93   28.86   24.90    1.42   87.11  822.07  828.02    6.62  678.82   92.60
   849    1.80   28.79   24.79    1.32   87.47  823.26  828.33    6.29  671.95   99.75
   850    1.87   28.81   24.81    1.37   87.13  825.69  831.19    7.02  674.63   96.42
   851    1.88   28.81   25.02    0.90   88.69  826.90  829.02    8.12  681.57  146.81
   852    1.95   29.42   25.21    1.19   87.84  856.73  860.74    9.37  691.17  115.22
   853    1.87   29.01   25.41    1.20   87.99  836.29  840.42    8.45  703.45  111.22
   854    1.77   29.05   25.33    1.26   87.68  832.08  836.66    8.89  695.45  105.54
   855    1.94   28.71   25.32    1.17   88.15  821.36  825.26    6.09  696.37  112.06
   856    1.88   28.61   25.18    1.55   86.32  813.42  820.57    7.78  689.78   84.20
   857    1.98   28.72   25.22    1.34   87.41  817.94  823.20    7.07  692.84   97.48
   858    1.89   28.41   24.93    1.47   87.00  808.70  815.05    7.68  677.33   88.48
   859    1.73   28.59   25.45    1.69   86.18  821.99  830.55    8.32  704.49   78.22
   860    1.83   28.65   25.46    1.79   86.35  822.03  831.63    9.12  708.52   74.14
   861    1.90   28.50   25.48    1.41   87.47  809.83  815.70    9.32  713.21   91.85
   862    1.94   28.88   25.60    1.45   87.48  830.19  836.35    9.98  718.05   91.97
   863    2.00   28.94   25.66    1.37   87.74  827.90  833.39    8.39  718.48   96.69
   864    1.96   29.06   25.54    1.17   88.32  834.14  838.04    8.16  716.10  113.69
   865    1.95   29.38   25.69    1.41   87.56  856.18  862.00    9.51  722.81   97.30
   866    1.87   29.38   25.15    1.63   86.84  855.94  863.87    6.81  693.88   84.25
   867    1.90   29.55   25.19    1.53   87.00  871.25  878.19    8.09  699.92   91.23
   868    2.06   29.87   25.43    1.36   87.60  881.54  886.86    7.90  702.13  104.21
   869    2.02   29.67   25.33    1.47   87.13  871.01  877.35    7.49  699.70   95.09
   870    2.05   29.69   25.43    1.60   86.93  875.18  882.80    8.17  701.07   87.73
   871    1.93   29.82   25.38    1.34   87.74  884.83  890.06    6.12  702.78  105.40
   872    1.95   29.46   25.24    1.38   87.28  866.38  871.95    7.21  692.40  100.38
   873    1.94   29.61   25.34    1.17   88.06  868.24  872.09    6.88  699.67  118.73
   874    1.97   29.69   25.17    1.08   88.55  875.31  878.54    8.81  691.02  129.35
   875    2.01   29.82   25.33    1.33   87.47  882.64  887.73    8.26  697.99  106.44
   876    1.99   29.83   25.10    1.64   86.69  881.60  889.57    6.28  682.75   86.54
   877    2.02   29.43   25.14    1.43   87.03  863.71  869.73    9.22  686.38   96.58
   878    2.08   29.69   25.15    1.10   88.30  876.87  880.26    6.39  685.58  126.90
   879    2.04   29.25   24.95    1.18   87.89  848.21  852.19    5.21  676.56  114.57
   880    1.96   29.57   25.21    1.11   87.99  862.92  866.37    6.07  688.03  124.00
   881    2.07   29.62   25.50    1.10   88.03  869.59  872.92    7.78  698.89  126.79
   882    2.14   29.49   25.19    0.74   89.51  855.17  856.45    6.57  684.78  184.33
   883    2.06   29.94   25.13    0.88   88.81  877.20  879.18    7.09  680.85  159.29
   884    2.18   30.20   25.05    1.03   88.56  897.67  900.52    6.55  679.96  139.76
   885    2.01   30.04   25.17    1.15   87.87  889.00  892.69    8.98  684.00  123.84
   886    2.15   30.10   24.89    1.35   87.28  894.97  900.20    6.44  670.79  106.53
   887    1.92   29.96   25.29    1.31   87.63  892.05  896.99    7.59  689.01  109.00
   888    2.01   29.74   25.51    1.08   88.09  877.49  880.74    6.85  701.63  129.26
   889    1.95   29.78   25.08    1.26   87.52  873.03  877.55    7.28  679.45  111.11
   890    2.01   29.70   25.04    1.23   87.38  869.23  873.54    6.89  675.11  113.08
   891    1.96   29.42   25.06    1.13   87.82  853.41  856.98    5.75  676.50  120.85
   892    1.96   29.38   25.11    0.99   88.05  854.56  857.22    6.39  681.03  137.44
   893    1.89   29.41   25.05    1.35   86.96  848.56  853.82    6.09  677.26  100.99
   894    1.86   29.36   25.24    1.25   87.11  845.37  849.85    5.62  687.79  108.24
   895    1.91   29.53   25.06    1.20   87.34  851.92  855.98    7.02  680.15  113.95
   896    2.02   29.45   25.13    1.00   88.15  852.87  855.60    8.42  684.45  135.60
   897    1.90   29.16   25.20    1.08   87.84  838.73  841.94    7.85  687.99  124.63
   898    1.93   29.33   25.12    1.08   87.57  848.10  851.33    6.25  680.65  125.49
   899    1.98   29.48   25.00    1.22   87.12  856.07  860.27    5.79  673.13  112.69
   900    2.00   29.46   25.31    0.79   88.55  858.02  859.54    5.13  688.29  173.39
   901    1.95   29.37   25.07    1.00   87.65  843.96  846.67    5.34  674.87  134.91
   902    2.02   29.46   25.26    0.85   88.30  843.50  845.37    4.87  683.26  157.51
   903    1.94   29.31   24.98    1.01   88.00  840.66  843.45    5.27  672.29  132.85
   904    2.05   29.31   25.08    0.89   88.23  836.53  838.61    6.95  677.34  149.37
   905    1.83   29.44   25.04    1.17   87.34  847.29  851.19    7.65  676.11  115.46
   906    1.85   29.71   25.42    0.73   88.83  856.35  857.58    6.44  692.69  187.86
   907    1.98   29.63   25.15    1.11   87.71  859.13  862.58    7.38  676.47  123.63
   908    2.09   29.80   25.03    1.24   87.24  865.43  869.81    5.73  672.11  111.80
   909    1.95   29.37   25.07    1.15   87.41  845.49  849.18    6.95  677.74  118.06
   910    1.91   29.30   25.15    1.12   87.34  838.62  842.15    5.87  680.36  119.43
   911    1.90   29.24   25.15    1.14   87.42  838.44  842.11    7.15  679.26  117.34
   912    1.90   29.43   25.32    1.26   86.89  849.17  853.71    5.91  685.99  108.11
   913    1.76   28.97   25.18    1.13   87.35  829.63  833.24    6.33  681.59  117.09
   914    1.97   29.26   25.04    1.07   86.98  840.89  844.08    5.80  673.12  125.24
   915    1.88   29.02   25.03    1.18   86.66  831.15  835.11    7.53  674.71  112.60
   916    1.91   29.40   25.02    1.08   87.22  850.88  854.13    6.24  672.52  125.47
   917    1.94   29.39   24.75    1.16   86.92  843.93  847.75    5.98  657.74  116.07
   918    1.88   29.30   25.03    1.14   87.26  844.51  848.14    7.51  673.06  118.78
   919    1.77   29.30   25.28    1.09   87.52  844.44  847.73    7.89  686.23  124.11
   920    1.92   29.61   25.32    1.31   86.64  857.60  862.54    8.11  689.35  104.98
   921    1.71   29.63   25.04    1.64   85.56  862.17  870.18    8.80  674.53   84.49
   922    1.69   29.22   24.96    1.47   86.05  841.01  847.41    5.71  671.49   91.49
   923    1.79   28.91   25.05    1.06   87.58  820.94  824.06    8.22  676.47  123.72
   924    1.75   29.00   24.92    1.34   86.43  817.93  823.19    8.30  669.55   97.51
   925    1.87   28.95   24.83    1.37   86.14  820.26  825.70    7.03  661.39   96.24
   926    1.88   28.98   25.14    1.06   87.20  832.19  835.29    7.72  678.44  125.60
   927    1.88   28.60   25.26    1.24   86.88  812.72  817.16    8.57  687.36  104.70
   928    1.94   28.56   25.29    1.22   86.74  802.36  806.60    7.81  687.01  105.64
   929    1.97   28.51   25.28    1.31   86.72  798.87  803.87    6.41  686.03   97.57
   930    1.96   28.75   25.17    1.17   87.31  805.01  808.89    5.44  679.20  110.15
   931    1.92   28.93   25.23    1.33   86.89  824.88  830.01    6.79  684.17   99.42
   932    1.91   29.06   24.98    1.27   86.98  829.70  834.38    5.87  668.72  104.29
   933    1.92   28.94   24.91    1.31   86.81  824.56  829.54    6.48  663.58  100.80
   934    1.91   28.93   25.26    1.49   85.93  818.91  825.49    5.77  681.18   88.06
   935    1.88   28.63   25.40    1.34   86.57  809.18  814.38    5.70  690.49   97.04
   936    1.82   28.64   25.32    1.71   85.37  802.91  811.69    7.65  684.35   75.56
   937    1.84   28.56   25.07    1.45   86.16  794.60  800.79    6.55  667.95   87.99
   938    1.88   28.83   24.99    1.16   87.09  812.17  816.02    6.99  664.46  111.55
   939    1.89   28.81   24.76    1.30   86.45  804.49  809.41    9.08  654.62   98.99
   940    1.91   28.68   24.99    0.94   87.43  804.02  806.37    8.13  663.59  137.01
   941    1.93   28.28   25.15    0.84   87.72  786.54  788.33    6.73  671.89  150.16
   942    1.97   28.14   25.03    1.13   86.59  774.82  778.41    9.34  665.31  110.17
   943    1.95   28.36   25.24    1.20   86.42  797.96  802.10    7.43  676.59  106.18
   944    1.95   28.23   24.99    1.05   87.14  786.13  789.17    8.59  666.80  120.13
   945    1.92   28.46   25.33    1.34   86.11  802.35  807.56    7.36  684.08   96.20
   946    1.84   28.44   24.97    1.51   85.49  800.83  807.62    7.00  664.74   84.92
   947    1.89   28.48   25.00    1.43   85.98  807.45  813.44    6.86  668.64   90.71
   948    1.92   28.70   25.05    1.32   86.30  817.61  822.69    8.00  670.16   99.07
   949    1.85   28.97   24.62    1.44   85.70  829.24  835.36    7.48  647.44   92.14
   950    1.82   28.64   24.65    1.35   86.12  812.76  818.03    8.33  648.83   96.83
   951    1.91   28.92   25.00    1.09   87.09  823.88  827.16    8.67  667.17  121.33
   952    1.88   28.89   24.75    1.55   85.17  822.38  829.55    6.22  652.95   84.98
   953    1.90   28.78   25.02    1.01   87.19  817.50  820.30    7.71  666.81  128.99
   954    2.08   28.73   25.04    1.08   87.19  810.97  814.24    6.65  667.74  119.78
   955    1.97   28.78   25.00    1.10   87.01  816.72  820.10    6.81  664.91  118.89
   956    1.95   28.71   25.13    1.19   86.62  814.80  818.81    9.25  672.56  109.83
   957    2.00   28.83   24.98    1.29   86.11  815.42  820.22    8.08  663.20  101.30
   958    1.98   28.57   25.21    1.45   85.60  811.36  817.58    7.43  677.07   89.57
   959    1.94   29.05   25.34    1.16   86.85  825.22  829.02    8.76  682.91  113.88
   960    2.00   28.55   24.86    1.31   86.39  799.26  804.25    6.88  658.48   97.72
   961    1.93   28.38   25.07    1.10   87.05  793.57  796.96    9.06  671.05  115.44
   962    2.01   28.18   24.94    1.11   87.02  783.80  787.25    7.49  661.91  113.15
   963    1.86   28.37   25.18    1.32   86.48  790.14  795.23    7.04  676.31   95.77
   964    1.91   28.28   25.02    1.27   86.49  782.89  787.56    7.67  667.39   98.71
   965    1.96   28.20   24.93    1.40   86.20  786.80  792.53    6.48  664.05   90.31
   966    1.87   28.09   24.91    1.56   85.55  783.69  790.91    7.95  664.06   80.82
   967    1.88   28.35   25.08    1.63   85.31  799.60  807.58    7.81  670.73   78.71
   968    1.96   28.42   25.13    1.27   86.76  797.96  802.59    7.99  674.62  100.96
   969    1.97   28.22   25.08    0.76   88.43  791.35  792.77    8.96  676.08  165.92
   970    2.05   28.51   24.98    0.98   87.62  795.55  798.18    9.18  668.08  129.26
   971    2.01   28.69   25.08    0.97   87.88  815.07  817.60    8.31  672.58  134.30
   972    2.06   28.65   25.10    1.09   87.37  809.21  812.55    7.38  672.36  118.35
   973    2.04   29.14   25.29    0.87   87.96  833.17  835.13    7.89  683.45  152.55
   974    2.12   29.14   24.89    0.99   87.76  830.89  833.55    7.14  659.45  133.97
   975    1.87   29.25   25.39    1.16   87.14  835.00  838.79   10.43  683.16  115.33
   976    2.11   29.04   25.34    0.99   87.81  827.68  830.34    7.30  681.52  133.54
   977    2.09   28.77   25.62    1.06   87.48  813.33  816.47    6.74  698.49  122.25
   978    2.00   28.60   25.36    0.84   88.40  799.65  801.47    7.25  686.56  151.44
   979    2.03   28.32   25.61    0.96   87.97  790.67  793.13    7.01  698.36  132.11
   980    2.05   28.46   25.63    0.84   88.26  797.73  799.53    6.19  700.26  152.11
   981    2.02   28.93   25.36    1.25   87.09  817.65  822.11    8.32  685.95  105.06
   982    2.18   28.52   25.21    1.26   86.77  793.14  797.71    5.84  676.86  100.95
   983    2.00   28.61   25.26    1.08   87.54  798.16  801.45    6.57  677.45  117.72
   984    2.02   28.36   25.37    1.16   87.19  794.26  798.06    7.60  685.74  109.94
   985    2.01   28.84   25.15    1.16   87.47  814.27  818.07    7.79  676.93  112.41
   986    2.06   28.64   25.26    0.94   88.20  800.08  802.43    6.68  683.17  136.41
   987    1.98   28.55   25.08    1.14   87.32  803.62  807.27    6.96  674.95  113.05
   988    1.99   28.57   25.37    0.89   88.63  805.55  807.64    9.27  690.27  144.16
   989    1.92   28.91   25.60    0.74   89.10  824.82  826.12    6.91  702.07  178.04
   990    1.98   29.03   25.41    0.97   87.83  822.83  825.36    5.42  692.83  135.50
   991    2.08   29.26   25.32    1.10   87.66  829.73  833.08    6.55  688.58  121.07
   992    2.06   28.99   25.42    0.92   88.18  821.99  824.21    6.15  690.28  143.38
   993    1.98   29.14   25.71    0.87   88.44  831.71  833.67    7.15  709.99  152.59
   994    2.10   28.81   25.76    0.98   88.17  811.83  814.43    4.03  709.98  132.54
   995    2.02   29.01   25.39    0.97   87.99  824.72  827.28    4.75  695.29  135.34
   996    1.95   28.90   25.46    0.92   88.17  819.65  821.87    6.06  695.60  142.84
   997    2.01   28.91   25.57    0.78   88.28  814.71  816.22    6.74  699.60  166.24
   998    2.09   28.76   25.49    0.71   88.60  799.19  800.34    5.03  695.43  180.59
   999    1.97   29.36   25.64    0.59   89.34  837.64  838.29    3.72  703.86  228.04
  1000    2.10   29.30   25.76    0.96   87.97  832.16  834.65    4.06  712.22  138.08
  1001    1.99   29.10   25.82    0.71   88.70  825.11  826.27    3.76  712.98  185.45
