#time, _distVP, _dist67, _distF,  _domz1, _flattenA, _projA, _domeA, _hrot, _projA_RF, _rad
     0    0.73   19.40   15.55    8.63   52.42  384.53  618.19   24.99  253.25   11.41
     1    0.67   21.41   16.65    7.41   58.64  450.60  622.87   24.92  290.23   13.38
     2    0.71   22.41   17.68    6.41   62.96  481.98  610.94   25.60  327.56   15.17
     3    0.68   22.53   18.20    6.02   64.55  489.00  602.54   24.56  346.98   15.94
     4    0.69   23.52   18.52    5.63   66.69  522.02  621.21   23.56  359.72   17.58
     5    0.66   23.87   18.62    5.31   67.99  531.24  619.38   25.36  363.11   18.59
     6    0.71   23.95   18.93    5.26   68.39  537.20  623.65   23.48  375.59   18.90
     7    0.70   24.17   19.34    4.90   69.80  550.20  625.44   22.90  392.21   20.31
     8    0.72   24.48   19.73    4.37   72.09  559.45  619.00   23.45  408.37   22.58
     9    0.60   24.14   19.75    4.06   73.47  557.72  609.20   21.28  408.76   23.89
    10    0.70   24.12   19.73    4.32   72.25  552.41  610.86   20.65  407.97   22.49
    11    0.69   24.11   19.45    4.02   73.35  552.39  602.86   19.85  396.58   23.88
    12    0.62   23.88   19.38    4.02   73.29  540.63  590.97   19.77  393.77   23.44
    13    0.61   23.52   20.15    3.89   73.77  533.08  580.36   19.14  425.51   23.75
    14    0.60   23.81   20.49    3.88   73.74  537.99  585.01   17.60  439.91   24.00
    15    0.61   23.79   20.21    3.99   73.29  539.36  589.12   20.06  428.92   23.50
    16    0.63   23.73   20.35    3.47   75.32  537.56  575.09   18.38  435.89   26.39
    17    0.64   23.69   20.53    3.75   74.12  531.85  575.65   17.74  443.74   24.47
    18    0.61   24.04   20.80    3.54   75.11  549.28  588.28   18.16  454.94   26.49
    19    0.63   24.14   20.67    3.53   75.06  554.38  593.21   17.93  450.20   26.76
    20    0.61   24.05   20.33    3.78   74.01  548.51  593.21   18.54  435.34   24.96
    21    0.67   23.74   20.69    3.46   75.28  548.85  586.08   17.20  452.12   27.00
    22    0.68   24.35   20.70    3.26   76.40  568.29  601.31   19.82  451.67   29.40
    23    0.59   24.50   20.78    3.43   75.94  575.32  611.92   19.05  454.53   28.43
    24    0.63   24.37   20.81    3.50   75.48  574.06  612.28   17.04  456.60   27.84
    25    0.62   24.50   21.11    3.33   76.12  578.66  613.26   18.13  469.72   29.29
    26    0.57   24.81   21.22    3.35   76.30  593.55  628.48   16.27  475.18   29.88
    27    0.62   24.55   21.33    3.47   75.67  579.47  616.98   17.95  480.78   28.32
    28    0.62   24.82   21.29    3.42   76.15  590.44  626.94   15.75  477.79   29.16
    29    0.67   24.71   21.27    3.36   76.14  589.42  624.49   17.96  477.07   29.63
    30    0.67   24.62   21.33    3.37   76.25  585.72  621.00   15.17  482.14   29.38
    31    0.64   25.07   21.23    3.29   76.73  601.22  634.93   15.83  476.18   30.72
    32    0.59   24.80   21.37    3.16   77.02  593.53  624.60   16.26  483.24   31.46
    33    0.61   24.80   21.68    3.05   77.40  594.27  623.09   15.28  498.91   32.58
    34    0.66   24.77   21.07    3.13   77.33  591.61  622.14   16.90  469.86   31.62
    35    0.69   25.02   21.27    2.95   77.86  599.07  626.14   15.14  478.40   33.77
    36    0.63   24.72   21.43    3.15   77.22  589.01  619.89   13.97  485.14   31.33
    37    0.67   24.80   21.46    3.37   76.23  598.80  634.26   19.76  485.66   29.93
    38    0.67   24.42   21.43    3.10   77.26  574.71  604.62   18.17  483.74   31.04
    39    0.64   24.30   21.55    3.36   76.11  572.48  607.71   16.46  490.69   28.77
    40    0.68   23.87   21.67    3.09   77.23  559.45  589.16   14.93  497.67   30.36
    41    0.74   24.20   22.13    2.96   77.76  572.52  599.79   15.76  515.07   32.24
    42    0.70   23.94   22.11    3.11   77.01  560.52  590.57   14.82  514.77   30.26
    43    0.73   24.13   21.94    2.94   77.68  564.03  590.80   14.40  506.64   32.05
    44    0.75   24.28   22.03    2.94   77.68  574.27  601.13   13.52  512.45   32.55
    45    0.72   24.20   21.88    2.87   78.05  574.78  600.34   16.46  506.32   33.32
    46    0.67   24.38   22.01    2.91   77.84  586.74  612.97   13.81  511.20   33.58
    47    0.71   24.39   22.05    2.87   77.94  587.50  613.08   14.61  513.00   34.01
    48    0.69   24.57   21.90    3.02   77.35  591.18  619.47   14.39  504.98   32.69
    49    0.68   24.61   21.83    2.94   77.59  590.71  617.63   13.55  500.68   33.41
    50    0.75   24.56   22.10    2.89   77.98  588.29  614.22   14.41  515.17   33.84
    51    0.67   24.67   22.15    2.85   77.85  584.30  609.44   15.00  517.01   34.09
    52    0.64   24.61   22.20    2.89   77.88  590.61  616.57   14.49  520.55   33.95
    53    0.70   24.31   22.40    2.84   78.00  572.61  597.69   17.00  528.25   33.48
    54    0.71   24.21   22.00    2.93   77.51  566.53  593.18   13.95  511.74   32.25
    55    0.69   23.78   21.84    3.06   77.10  559.16  588.35   17.28  502.73   30.58
    56    0.65   24.16   22.35    2.75   78.38  567.06  590.46   15.26  525.85   34.23
    57    0.62   24.21   22.34    2.79   78.16  566.48  590.62   14.81  525.41   33.72
    58    0.67   23.94   22.45    2.77   78.32  557.22  580.96   14.61  531.79   33.45
    59    0.71   23.84   22.10    2.70   78.73  554.14  576.79   16.06  514.24   33.99
    60    0.67   23.98   22.43    2.64   78.88  558.34  579.97   11.86  529.94   34.95
    61    0.67   23.66   22.32    2.76   78.15  545.62  569.30   13.82  523.56   32.82
    62    0.64   23.77   22.59    2.54   79.08  549.55  569.53   10.71  536.89   35.71
    63    0.66   23.66   22.47    2.62   78.84  545.93  567.16   13.78  531.63   34.51
    64    0.71   23.89   22.52    2.16   80.77  552.42  566.75   13.09  533.71   41.85
    65    0.61   23.55   22.27    2.13   80.78  543.64  557.60   15.29  521.31   41.69
    66    0.63   23.82   22.44    2.26   80.34  551.58  567.28   15.91  530.48   40.05
    67    0.67   23.57   22.41    2.25   79.99  537.82  553.40   13.58  530.60   39.22
    68    0.70   23.76   22.54    2.15   80.57  546.60  560.89   13.09  534.77   41.46
    69    0.79   24.00   22.54    2.19   80.32  551.83  566.67   12.58  535.14   41.13
    70    0.65   23.73   22.66    2.41   79.57  544.96  562.91   15.63  540.68   37.20
    71    0.72   23.89   22.77    2.43   79.56  555.09  573.43   13.62  546.74   37.50
    72    0.74   23.92   22.90    2.03   80.99  555.02  567.67   15.10  557.01   44.54
    73    0.73   24.18   22.56    2.19   80.54  564.43  579.24   14.07  536.75   42.07
    74    0.73   23.78   22.60    2.28   80.10  551.57  567.66   14.66  538.98   39.59
    75    0.72   24.34   22.77    2.33   79.93  567.46  584.17   14.80  546.50   39.98
    76    0.74   24.43   22.89    2.43   79.59  573.20  591.41   15.57  552.27   38.79
    77    0.83   24.14   22.73    2.43   79.68  563.46  581.79   13.72  545.87   38.05
    78    0.81   24.18   22.78    2.32   80.16  570.75  587.41   14.30  547.64   40.26
    79    0.79   24.32   22.63    2.05   81.20  573.68  586.59   16.21  541.71   45.56
    80    0.76   24.77   22.90    2.16   81.12  601.78  616.10   16.68  554.79   45.46
    81    0.82   24.33   22.93    2.21   80.88  585.44  600.51   12.45  553.79   43.22
    82    0.82   24.04   22.73    2.33   80.23  562.18  578.93   13.49  544.48   39.58
    83    0.74   24.85   22.55    2.42   80.01  589.12  607.17   15.20  535.96   40.00
    84    0.82   24.84   22.81    2.41   80.06  588.50  606.50   15.27  548.41   40.01
    85    0.73   24.73   23.10    2.23   80.97  599.73  614.99   12.77  561.30   43.99
    86    0.87   24.81   23.02    2.00   81.81  603.90  616.14   13.98  557.85   49.09
    87    0.95   24.31   22.89    2.12   81.25  585.36  599.20   13.84  553.16   44.97
    88    0.86   24.69   23.10    2.03   81.31  593.70  606.32    9.82  562.39   47.60
    89    0.84   24.22   23.01    1.96   81.56  572.38  584.13   10.21  557.45   47.50
    90    0.97   24.41   23.14    2.09   81.10  577.56  591.02    8.50  563.60   44.97
    91    0.86   24.56   23.25    1.78   82.44  590.76  600.43   11.09  568.09   53.66
    92    0.90   24.79   23.32    1.93   81.82  597.05  608.43   10.13  572.02   50.24
    93    0.92   24.59   23.31    1.83   82.18  587.71  597.89    8.12  572.68   52.10
    94    0.94   24.47   23.17    2.00   81.55  588.64  600.89    9.90  564.88   47.86
    95    0.94   24.42   23.25    1.87   82.23  585.43  596.07   10.39  567.90   50.85
    96    0.88   24.54   23.25    1.92   82.09  589.39  600.61   10.15  568.49   49.93
    97    0.90   24.43   23.43    1.73   82.85  591.78  600.89   10.37  576.99   55.26
    98    0.92   24.63   23.47    1.70   82.94  602.11  610.90   10.09  578.70   57.15
    99    0.95   24.74   23.86    1.76   82.76  609.79  619.23    7.95  599.54   55.96
   100    0.97   24.79   23.48    1.73   83.06  605.50  614.55    7.90  581.17   56.67
   101    0.98   24.80   23.36    1.67   83.17  608.65  617.11   10.40  575.20   58.82
   102    0.97   24.76   23.35    1.60   83.18  602.02  609.74    8.68  576.22   60.74
   103    1.02   24.52   23.06    1.79   82.25  586.60  596.41    7.91  561.75   52.92
   104    1.03   24.38   23.17    1.50   83.52  584.29  591.09    6.74  566.21   62.63
   105    0.95   24.67   23.23    1.51   83.60  597.71  604.56    9.56  571.36   63.79
   106    1.07   24.87   23.04    1.44   84.04  610.95  617.15    6.80  561.88   68.25
   107    1.01   24.85   23.39    1.27   84.79  599.92  604.68    7.70  579.48   75.78
   108    1.00   24.59   23.20    1.62   83.31  590.74  598.66    7.96  569.95   58.89
   109    0.95   24.34   23.33    1.73   82.88  589.64  598.74    8.47  575.49   55.11
   110    1.00   24.70   23.28    1.53   83.88  602.51  609.54    8.50  575.03   63.51
   111    1.05   25.12   23.42    1.73   83.06  621.21  630.29    5.75  581.36   58.01
   112    1.01   25.62   23.67    1.67   83.40  636.54  644.98    5.35  591.47   61.48
   113    1.03   25.54   23.53    1.77   82.87  636.11  645.63    7.72  587.36   58.09
   114    0.95   25.44   23.40    1.76   82.98  637.12  646.51    8.41  578.24   58.54
   115    0.98   25.78   23.52    1.78   82.99  650.62  660.19    9.77  583.27   59.21
   116    0.95   25.41   23.18    1.61   83.42  632.42  640.25    8.61  566.58   63.26
   117    1.00   25.65   23.50    1.74   82.97  651.45  660.62    7.13  583.89   60.47
   118    1.00   25.58   23.74    1.47   84.03  649.22  655.72    7.06  595.80   70.80
   119    1.01   25.43   23.32    1.58   83.63  649.41  656.91    6.08  574.44   66.26
   120    1.03   25.28   23.59    1.89   82.54  643.72  654.62    7.12  587.16   55.13
   121    1.04   25.86   23.63    1.62   83.42  662.66  670.61    8.57  587.65   65.76
   122    0.93   25.89   23.80    1.85   82.40  662.71  673.15    9.61  595.19   57.86
   123    1.00   25.59   23.55    1.84   82.52  645.40  655.68    8.44  582.17   56.81
   124    0.92   25.83   23.44    1.50   84.03  657.25  663.95    7.21  577.32   70.64
   125    0.93   25.56   23.36    1.68   83.22  642.70  651.22    6.17  572.90   61.77
   126    0.99   25.86   23.31    1.94   82.30  655.89  667.37    5.86  571.31   54.78
   127    1.14   25.80   23.68    1.68   83.16  650.46  659.00    6.06  588.32   62.44
   128    1.00   25.68   23.65    1.68   83.33  648.24  656.83    7.70  587.90   62.07
   129    1.07   25.33   23.30    1.60   83.52  631.61  639.32    4.30  570.48   63.66
   130    1.10   25.34   23.61    1.67   83.17  633.27  641.69    6.76  586.09   61.24
   131    0.97   25.40   23.64    1.76   82.73  634.13  643.57    7.07  587.35   58.12
   132    0.99   25.51   23.87    1.72   83.04  631.81  640.78    7.09  597.38   59.32
   133    1.01   25.90   23.65    1.71   83.10  651.29  660.14    7.56  587.10   61.49
   134    1.01   25.71   23.73    1.91   82.45  650.03  661.19    4.38  592.83   55.03
   135    0.98   25.97   23.81    1.74   83.08  658.37  667.57    4.53  597.86   61.02
   136    0.95   25.40   23.70    1.83   82.65  641.70  651.90    6.41  592.28   56.70
   137    0.93   25.45   24.00    1.85   82.55  645.89  656.36    6.84  608.03   56.36
   138    0.93   25.49   23.94    1.76   82.98  647.90  657.24    7.87  606.07   59.63
   139    0.90   25.71   23.88    1.63   83.35  657.78  665.80    5.93  603.89   65.01
   140    0.93   26.05   23.48    1.92   82.34  672.52  683.71    5.61  584.24   56.81
   141    1.00   26.25   23.97    1.49   84.08  687.15  693.73    7.04  607.66   74.39
   142    0.99   26.23   23.79    1.66   83.47  686.56  694.88    5.71  598.42   66.62
   143    0.95   26.16   23.68    1.57   83.87  678.96  686.31    4.48  592.28   69.83
   144    1.03   26.34   23.91    1.60   83.78  691.35  699.02    3.38  604.32   69.67
   145    1.03   26.28   23.94    1.33   84.71  687.26  692.50    3.65  606.04   82.65
   146    1.03   26.03   24.21    1.42   84.37  676.48  682.50    3.81  620.01   76.34
   147    1.11   26.25   24.44    1.51   84.03  687.28  694.08    3.89  630.63   73.29
   148    1.08   26.26   24.12    1.40   84.29  687.57  693.36    3.09  615.47   78.97
   149    1.10   26.34   24.30    1.52   83.95  693.99  700.91    4.17  624.69   73.37
   150    0.98   26.04   24.13    1.77   82.91  681.60  691.10    3.76  617.74   62.16
   151    0.98   26.04   23.90    1.60   83.65  678.41  686.08    3.87  604.39   68.39
   152    0.99   26.09   23.96    1.40   84.34  677.88  683.70    4.63  605.69   77.69
   153    1.01   25.62   23.96    1.77   82.72  666.19  675.67    5.72  606.67   60.86
   154    1.07   25.97   23.97    1.56   83.59  680.35  687.65    5.00  605.97   70.18
   155    1.06   26.40   24.06    1.62   83.40  703.34  711.27    4.40  610.25   69.72
   156    1.05   26.16   24.18    1.40   84.21  686.50  692.27    5.81  617.90   78.94
   157    1.07   26.28   24.26    1.35   84.56  691.58  696.94    6.38  622.30   82.33
   158    1.04   26.30   24.54    1.40   84.49  690.27  696.10    6.66  635.12   79.00
   159    1.02   26.12   24.18    1.24   85.28  682.99  687.50    5.62  619.32   88.09
   160    0.99   26.16   24.42    1.00   86.01  683.73  686.55    5.68  632.74  108.80
   161    1.05   26.03   24.32    1.35   84.40  677.02  682.41    7.05  626.01   80.38
   162    1.07   26.15   24.50    1.46   84.24  685.35  691.68    4.16  634.72   75.54
   163    1.11   26.17   24.48    1.49   83.91  682.94  689.54    4.23  632.53   73.82
   164    1.07   26.08   24.59    1.50   83.80  681.12  687.82    4.81  637.69   73.12
   165    0.96   25.93   24.50    1.28   84.52  678.44  683.20    8.42  634.86   85.30
   166    1.08   26.23   24.53    1.03   85.33  688.50  691.45    6.04  635.39  107.36
   167    1.00   26.08   24.47    1.40   84.18  675.78  681.63    5.01  631.80   77.28
   168    1.03   26.13   24.55    1.50   83.93  680.14  686.81    6.48  637.15   73.14
   169    1.05   26.88   24.57    1.37   84.22  719.79  725.28    6.66  638.17   84.58
   170    1.02   27.05   24.54    1.31   84.33  728.02  733.05    7.61  637.64   89.04
   171    1.02   26.86   24.79    1.36   84.14  726.62  732.02    5.87  649.24   85.99
   172    1.04   26.76   24.73    1.20   84.81  722.74  726.91    6.09  645.72   96.34
   173    1.08   27.13   24.55    1.42   84.05  741.37  747.29    5.15  635.44   84.06
   174    1.07   26.62   24.55    1.17   84.90  718.34  722.24    4.75  638.43   98.62
   175    1.02   26.99   24.91    1.21   84.70  731.52  735.75    6.91  657.17   96.78
   176    1.05   26.88   24.92    1.23   84.72  720.03  724.43    5.81  658.13   93.67
   177    1.07   27.05   24.73    1.23   84.62  727.94  732.31    6.44  648.06   94.90
   178    1.11   27.17   24.61    1.35   84.15  737.12  742.50    8.73  641.58   87.36
   179    1.08   26.96   24.69    1.16   84.56  727.30  731.18    7.09  647.49  100.03
   180    0.99   27.05   24.59    1.39   84.20  725.83  731.53    6.23  640.05   83.75
   181    1.16   27.31   24.80    1.61   83.44  745.55  753.32    5.98  650.55   74.47
   182    1.11   27.44   24.46    1.27   84.56  741.28  745.94    7.15  635.19   93.72
   183    1.15   27.72   24.72    1.37   84.15  760.06  765.58    5.33  649.86   88.95
   184    1.14   27.56   24.64    1.27   84.71  750.56  755.27    4.90  646.17   94.46
   185    1.28   27.86   24.48    1.46   83.91  766.70  772.98    5.34  637.55   84.50
   186    1.24   27.65   24.90    1.24   84.59  765.01  769.48    3.89  661.90   98.50
   187    1.36   27.94   24.75    1.35   83.84  774.43  779.79    5.55  650.47   91.74
   188    1.39   27.96   24.63    1.46   83.95  778.28  784.61    5.58  643.79   85.39
   189    1.38   28.22   24.78    1.23   84.90  787.28  791.59    5.22  651.79  102.88
   190    1.37   28.30   24.79    1.17   84.89  802.49  806.37    3.61  655.03  109.84
   191    1.36   28.89   24.84    1.32   84.44  828.45  833.52    3.74  655.90  100.36
   192    1.45   28.47   24.64    1.45   84.07  798.38  804.54    4.33  645.38   88.58
   193    1.47   28.51   24.67    0.97   85.80  800.32  802.86    5.04  648.01  132.08
   194    1.37   28.65   24.51    1.17   84.89  806.30  810.20    3.18  639.18  110.04
   195    1.44   28.76   24.40    1.34   84.21  814.06  819.32    4.41  633.49   97.06
   196    1.42   28.24   24.69    1.41   84.00  796.57  802.44    4.70  648.83   90.38
   197    1.35   28.39   24.66    1.27   84.47  796.66  801.34    6.12  645.99  100.19
   198    1.40   28.39   24.80    1.26   84.78  794.81  799.39    4.37  650.90  101.01
   199    1.53   28.37   24.48    1.28   84.61  793.20  797.96    6.10  634.37   99.09
   200    1.55   28.60   24.61    1.00   85.49  811.43  814.15    4.61  642.93  129.80
   201    1.48   28.83   24.84    0.94   85.93  822.66  825.04    4.66  654.27  139.20
   202    1.58   28.43   24.77    0.89   86.02  806.93  809.00    5.76  649.86  145.13
   203    1.52   28.27   24.40    1.01   85.86  788.22  791.02    3.64  631.50  124.75
   204    1.48   28.50   24.85    0.99   85.58  807.54  810.24    2.68  654.64  129.81
   205    1.57   28.08   24.66    0.86   86.16  785.83  787.75    4.87  647.70  145.92
   206    1.47   27.89   24.91    0.53   87.39  779.18  779.66    5.10  660.60  234.54
   207    1.41   27.94   24.69    1.22   85.30  776.82  781.08    3.90  647.74  102.19
   208    1.51   27.83   24.37    1.30   84.93  771.38  776.32    4.99  631.15   94.93
   209    1.55   28.05   24.58    1.12   85.71  782.98  786.53    4.34  640.09  111.72
   210    1.46   27.94   24.60    1.05   86.01  773.68  776.75    4.56  640.76  117.72
   211    1.40   27.78   24.80    0.75   86.86  762.30  763.69    3.48  650.90  161.65
   212    1.40   28.02   25.00    0.97   86.09  773.92  776.47    4.29  664.50  127.68
   213    1.44   27.81   25.00    1.14   85.58  760.02  763.68    5.50  663.50  107.08
   214    1.42   27.42   24.68    1.04   85.95  745.82  748.86    5.66  646.54  114.36
   215    1.39   27.23   24.97    0.95   86.16  734.72  737.16    4.81  662.86  124.10
   216    1.60   27.33   24.95    0.90   86.10  738.46  740.63    4.53  662.44  130.85
   217    1.53   27.63   24.94    1.01   85.75  750.31  753.12    4.80  662.52  119.05
   218    1.42   27.98   25.08    0.97   85.92  767.43  769.98    6.27  667.97  126.70
   219    1.49   28.04   25.10    1.14   85.24  777.23  780.89    3.72  668.45  109.42
   220    1.50   28.09   24.84    0.67   87.12  778.31  779.31    3.41  657.05  186.34
   221    1.55   27.92   24.86    0.72   86.90  765.59  766.81    3.64  656.24  170.51
   222    1.52   27.72   25.17    0.56   87.13  758.67  759.29    2.81  673.19  214.13
   223    1.51   27.82   25.53    0.83   86.73  771.00  772.76    2.97  689.73  148.70
   224    1.54   28.01   25.19    1.04   85.99  768.32  771.31    4.70  671.89  118.34
   225    1.47   28.10   25.28    0.72   86.92  780.93  782.15    4.44  677.15  173.66
   226    1.56   27.99   25.34    0.92   86.29  775.38  777.66    4.71  679.46  134.10
   227    1.43   28.23   25.09    1.05   86.06  786.91  789.95    4.43  665.35  120.05
   228    1.47   27.96   25.08    0.87   87.08  778.61  780.58    4.43  667.08  143.37
   229    1.65   27.87   25.02    0.85   86.53  765.32  767.19    4.69  662.15  144.23
   230    1.54   28.01   24.86    0.96   86.19  777.95  780.45    4.63  654.53  129.45
   231    1.54   27.98   24.74    1.23   85.20  770.47  774.83    3.64  651.30  100.33
   232    1.64   27.92   24.81    1.02   85.89  766.45  769.32    3.45  653.64  120.24
   233    1.65   27.81   24.92    0.65   87.10  763.96  764.91    5.08  659.71  186.43
   234    1.67   27.92   24.77    0.60   87.28  754.90  755.64    4.66  650.40  201.69
   235    1.47   27.76   24.43    1.16   85.46  753.25  757.11    4.52  632.78  103.65
   236    1.47   27.51   24.09    1.23   85.25  733.97  738.32    5.05  616.56   95.90
   237    1.51   27.49   24.47    0.88   86.43  734.35  736.39    3.67  638.25  133.99
   238    1.50   27.75   24.53    0.86   86.28  749.52  751.46    3.31  642.38  139.50
   239    1.53   27.28   24.33    0.68   86.88  729.65  730.72    3.01  635.93  172.10
   240    1.64   27.49   24.20    0.79   86.60  731.76  733.35    5.89  627.61  147.71
   241    1.58   27.90   24.25    0.99   86.30  763.77  766.45    3.56  631.72  123.57
   242    1.54   27.91   24.35    1.15   85.01  757.91  761.70    3.18  634.58  105.19
   243    1.53   27.63   24.46    0.95   85.94  751.47  753.90    3.55  640.22  126.93
   244    1.53   27.66   24.51    1.04   85.68  747.87  750.87    4.06  640.66  115.32
   245    1.60   27.68   24.49    0.77   86.61  745.32  746.82    4.17  638.91  153.97
   246    1.53   27.44   24.52    0.94   85.94  736.53  738.91    3.85  642.75  125.62
   247    1.59   27.68   24.47    0.86   86.44  740.20  742.12    4.30  638.87  138.16
   248    1.46   27.63   24.31    0.91   86.32  737.38  739.59    4.50  630.04  129.66
   249    1.52   27.86   24.22    0.94   86.57  754.69  757.06    3.92  624.18  128.75
   250    1.48   27.74   24.09    0.79   86.81  752.22  753.80    2.70  618.10  151.74
   251    1.40   27.84   24.45    0.69   86.96  754.08  755.19    2.98  637.94  174.42
   252    1.43   27.85   24.27    0.78   86.93  749.71  751.24    2.69  626.01  153.32
   253    1.40   27.98   24.53    0.48   88.01  755.81  756.14    2.71  639.80  252.13
   254    1.48   28.08   24.33    0.85   86.65  761.43  763.34    4.04  629.23  142.17
   255    1.52   28.01   24.40    0.97   86.32  756.05  758.63    4.80  632.57  124.47
   256    1.46   27.75   24.28    0.61   87.34  748.71  749.50    5.28  630.65  195.66
   257    1.53   28.23   24.11    1.02   86.11  765.59  768.47    3.57  621.19  119.96
   258    1.64   28.00   24.13    1.17   85.47  756.93  760.86    5.20  620.70  103.35
   259    1.56   28.16   24.36    0.91   86.72  764.95  767.16    5.54  632.01  134.30
   260    1.59   28.86   24.14    0.75   87.34  804.77  806.12    4.14  619.93  171.63
   261    1.61   28.88   24.24    0.73   87.54  801.16  802.45    6.44  627.00  174.19
   262    1.58   28.48   24.31    0.94   86.91  787.73  790.09    5.76  627.63  134.33
   263    1.62   28.38   24.15    0.95   86.51  777.98  780.41    3.14  622.70  130.84
   264    1.61   28.66   24.28    1.02   86.05  797.03  799.88    4.42  628.08  125.13
   265    1.65   28.89   24.22    1.14   85.78  801.90  805.54    2.93  623.43  113.01
   266    1.59   28.76   24.23    1.07   86.05  798.52  801.69    3.70  625.63  119.64
   267    1.67   28.23   24.02    0.90   86.54  777.56  779.72    3.92  616.38  137.67
   268    1.56   28.49   24.54    0.58   87.78  787.15  787.80    4.32  643.09  216.75
   269    1.56   28.60   24.27    0.90   86.58  794.67  796.82    4.03  630.95  140.74
   270    1.52   28.04   24.38    0.64   87.46  764.97  765.86    5.38  637.60  190.85
   271    1.54   28.33   24.08    0.45   87.58  780.58  780.81    4.24  622.41  278.26
   272    1.58   28.50   24.16    0.55   87.16  788.97  789.50    4.12  628.49  230.30
   273    1.50   28.71   24.13    0.81   86.14  798.05  799.71    4.35  629.73  157.10
   274    1.60   28.59   23.95    0.64   87.31  793.36  794.26    3.83  620.48  196.78
   275    1.63   28.49   24.15    0.77   87.21  787.67  789.11    4.00  625.62  164.02
   276    1.51   28.71   24.00    0.82   86.77  793.61  795.34    3.22  620.03  153.96
   277    1.45   28.60   24.14    0.95   85.93  799.97  802.41    3.17  630.92  134.11
   278    1.52   28.53   24.04    0.64   87.45  800.61  801.48    3.75  629.21  200.22
   279    1.45   28.53   24.12    0.65   87.45  792.56  793.48    2.94  632.23  194.48
   280    1.54   28.72   24.14    0.47   88.07  791.86  792.14    3.84  631.15  270.64
   281    1.63   28.54   24.24    0.47   87.93  797.18  797.47    3.72  635.11  271.37
   282    1.50   28.35   24.19    0.55   88.29  786.45  786.99    2.23  632.00  229.68
   283    1.51   28.44   24.04    0.77   87.38  784.10  785.57    1.97  627.05  161.88
   284    1.48   28.06   24.39    0.69   87.74  772.61  773.70    3.05  645.38  179.41
   285    1.48   28.38   24.53    0.99   86.69  792.44  795.13    2.36  649.82  127.53
   286    1.43   28.02   24.46    0.73   87.64  774.41  775.72    3.01  648.20  168.13
   287    1.49   28.14   24.66    0.83   87.58  777.31  779.10    3.03  657.13  148.93
   288    1.38   28.39   24.30    0.89   87.45  792.66  794.72    1.99  639.72  142.91
   289    1.43   28.14   24.80    0.94   87.09  776.07  778.47    4.34  664.86  131.49
   290    1.55   28.56   24.85    0.58   87.77  802.20  802.84    4.57  669.46  221.86
   291    1.54   28.05   24.85    0.65   87.15  781.57  782.50    5.38  667.81  192.40
   292    1.46   28.17   24.59    0.73   86.67  780.60  781.88    4.06  650.52  170.30
   293    1.47   28.04   24.64    0.89   86.45  775.74  777.85    3.86  659.36  138.85
   294    1.38   28.20   24.52    0.72   86.91  779.88  781.13    4.20  646.90  171.63
   295    1.50   27.88   24.38    0.85   86.62  764.88  766.75    5.26  644.71  143.91
   296    1.48   28.21   24.47    0.75   87.38  781.90  783.25    3.99  653.11  166.85
   297    1.56   28.13   24.24    0.79   87.08  773.48  775.05    3.75  640.26  156.32
   298    1.57   28.14   24.11    0.99   86.70  778.19  780.87    6.31  628.05  125.62
   299    1.51   28.36   24.45    0.79   87.65  789.53  791.09    5.84  644.66  159.45
   300    1.58   28.46   24.46    0.86   87.20  800.62  802.55    6.51  649.61  147.95
   301    1.56   28.50   24.61    1.07   86.07  807.08  810.26    6.25  658.38  120.69
   302    1.60   28.29   24.79    0.74   86.94  799.63  800.94    6.32  662.87  172.67
   303    1.52   28.52   24.50    0.75   87.14  803.67  805.03    5.29  649.49  170.93
   304    1.56   28.16   24.15    0.76   87.11  794.41  795.81    6.33  626.94  167.52
   305    1.48   28.14   24.51    0.79   87.23  783.15  784.72    4.55  646.54  157.68
   306    1.43   28.16   24.36    0.53   88.42  792.34  792.82    5.63  644.55  237.49
   307    1.48   28.19   24.75    0.80   87.60  793.68  795.27    4.71  665.86  158.93
   308    1.50   28.62   24.46    0.95   87.03  801.92  804.34    5.22  649.10  135.08
   309    1.52   28.42   24.76    0.93   86.59  796.37  798.68    5.10  668.00  136.88
   310    1.70   28.45   24.48    0.72   87.23  803.11  804.33    6.77  649.30  177.88
   311    1.61   28.48   24.86    0.70   87.20  806.75  807.87    5.67  672.05  184.22
   312    1.58   28.41   24.75    0.85   86.39  801.07  802.96    5.64  665.93  149.60
   313    1.50   28.43   24.67    0.89   86.36  797.39  799.47    5.72  664.60  143.19
   314    1.55   28.56   24.63    0.90   85.76  802.72  804.86    7.65  660.50  142.35
   315    1.56   28.63   24.75    1.02   85.93  809.69  812.53    6.23  664.70  127.15
   316    1.66   27.94   24.57    0.63   87.07  772.53  773.39    6.03  653.32  195.24
   317    1.56   27.86   24.46    0.79   86.91  765.97  767.54    8.05  647.47  154.83
   318    1.46   27.98   24.49    1.07   86.42  775.78  778.95    5.26  653.57  116.37
   319    1.43   28.05   24.44    1.10   85.92  777.72  781.10    7.27  652.17  113.45
   320    1.43   28.02   24.55    0.97   86.28  780.50  783.05    3.89  659.13  128.75
   321    1.59   28.16   24.52    1.00   86.04  785.18  787.94    5.44  654.53  125.17
   322    1.62   28.12   24.44    1.07   85.53  782.87  786.08    6.03  653.60  116.86
   323    1.55   28.07   24.56    0.89   86.07  779.57  781.69    6.67  659.74  139.29
   324    1.53   28.41   24.47    1.21   85.22  791.38  795.61    6.05  652.28  104.35
   325    1.61   28.07   24.69    1.16   85.20  782.24  786.06    5.89  664.94  108.08
   326    1.54   27.94   24.64    1.17   85.06  776.26  780.18    7.18  669.73  106.00
   327    1.56   28.14   24.49    0.93   86.06  787.08  789.38    6.26  661.99  135.78
   328    1.65   27.97   24.40    1.22   85.01  776.57  780.88    6.86  653.98  101.63
   329    1.63   28.18   24.51    0.91   85.93  783.15  785.34    6.56  661.98  137.78
   330    1.61   28.55   24.49    0.94   86.20  805.65  808.04    6.96  658.79  136.19
   331    1.61   28.71   24.66    1.16   85.18  815.11  818.90    5.86  667.79  112.71
   332    1.44   28.89   24.61    1.15   85.39  821.64  825.35    5.64  658.94  114.56
   333    1.58   28.76   24.84    0.99   86.18  820.43  823.09    6.49  675.08  132.40
   334    1.51   28.86   24.46    1.35   85.08  825.64  830.96    5.74  658.29   97.85
   335    1.53   28.77   24.69    1.00   86.04  821.28  824.03    7.43  669.21  130.68
   336    1.66   28.78   24.75    0.86   86.18  821.14  823.03    7.73  671.89  153.01
   337    1.63   28.62   24.88    1.16   85.83  810.61  814.43    6.23  679.98  111.71
   338    1.64   28.59   24.81    0.97   85.84  809.14  811.67    6.26  674.61  133.50
   339    1.57   28.63   24.51    1.40   84.30  811.43  817.20    6.77  661.80   92.77
   340    1.66   28.60   24.63    1.27   85.25  810.41  815.06    6.59  667.34  102.26
   341    1.44   28.80   24.29    1.23   85.75  823.66  828.02    4.89  644.29  106.87
   342    1.60   28.30   24.27    1.03   85.55  804.36  807.30    6.46  652.17  124.55
   343    1.49   28.40   24.18    1.46   84.57  805.68  811.95    5.65  645.89   88.64
   344    1.44   28.12   24.55    1.09   85.91  780.59  783.93    5.98  664.12  114.40
   345    1.32   28.16   24.41    1.37   84.47  789.00  794.50    5.98  656.33   92.28
   346    1.48   28.14   24.55    1.40   83.92  787.33  793.11    7.24  665.61   89.99
   347    1.51   28.45   24.64    1.26   84.83  798.19  802.74    6.65  666.02  101.74
   348    1.53   28.21   24.58    1.05   85.35  788.14  791.22    6.23  665.66  119.54
   349    1.45   28.10   24.40    1.35   84.95  782.18  787.52    6.34  652.70   92.73
   350    1.45   28.35   24.45    1.34   85.20  789.41  794.63    5.90  657.38   94.53
   351    1.37   28.40   24.51    1.43   84.43  785.20  791.20    5.61  658.19   88.20
   352    1.46   28.49   24.27    1.25   85.35  793.87  798.40    6.87  645.78  101.44
   353    1.42   28.24   24.54    1.21   85.83  785.35  789.52    6.77  658.38  104.18
   354    1.41   28.74   24.46    1.21   85.34  801.07  805.25    6.73  658.04  106.08
   355    1.37   28.29   24.44    1.47   84.10  783.81  790.22    6.71  652.04   85.45
   356    1.38   28.32   24.36    1.16   85.31  785.60  789.42    6.32  645.80  108.44
   357    1.46   28.51   24.44    1.26   85.26  793.27  797.88    6.32  648.27  100.65
   358    1.51   28.24   24.78    1.25   85.56  775.10  779.62    6.70  663.80   99.20
   359    1.42   28.38   24.73    1.14   85.26  786.33  790.01    4.80  661.49  110.35
   360    1.38   28.28   24.61    1.62   83.47  781.79  789.68    4.85  657.59   77.43
   361    1.34   28.50   24.53    1.26   84.49  793.45  798.06    7.28  653.13  100.61
   362    1.40   28.35   24.68    1.22   84.55  783.40  787.69    4.96  659.53  102.76
   363    1.41   28.54   24.38    1.12   85.24  791.69  795.23    5.22  642.95  112.92
   364    1.36   28.52   24.38    1.05   85.62  790.19  793.27    5.67  645.75  119.89
   365    1.50   28.35   24.39    1.23   84.90  777.77  782.13    5.63  646.53  101.19
   366    1.42   28.52   24.39    1.03   85.44  788.61  791.51    6.75  643.24  122.96
   367    1.45   28.26   24.25    1.23   84.09  779.86  784.24    6.75  637.41  101.27
   368    1.48   27.99   24.26    1.22   84.25  763.16  767.44    6.84  636.50  100.23
   369    1.39   27.90   24.30    0.89   86.04  764.17  766.29    6.39  636.26  136.53
   370    1.47   27.96   24.74    1.06   85.38  767.34  770.47    6.85  661.28  115.87
   371    1.43   28.44   24.75    1.06   85.55  795.26  798.41    5.93  659.33  119.60
   372    1.43   28.48   24.49    1.18   85.44  800.51  804.44    8.93  650.54  108.92
   373    1.49   28.51   24.76    1.13   85.71  802.54  806.12    7.86  663.74  113.89
   374    1.52   28.46   24.74    1.07   86.21  795.94  799.15    7.45  658.82  118.57
   375    1.38   28.56   24.94    0.73   87.20  802.79  804.04    6.34  668.36  175.85
   376    1.45   28.55   24.88    1.08   85.53  804.10  807.36    7.00  666.18  118.93
   377    1.49   28.65   24.85    0.56   87.12  808.14  808.73    6.74  668.35  228.09
   378    1.51   29.06   24.80    0.76   86.55  831.94  833.35    5.31  665.36  173.61
   379    1.50   28.91   24.52    0.97   85.47  821.41  823.94    7.53  651.69  135.36
   380    1.54   28.86   24.72    0.37   87.83  828.71  828.73    6.88  663.95  355.71
   381    1.47   28.64   24.71    0.68   86.83  813.97  815.00    5.41  660.60  191.84
   382    1.50   28.55   24.65    0.93   85.65  804.29  806.61    6.66  654.32  137.76
   383    1.48   28.66   24.61    0.68   86.22  808.81  809.87    5.18  656.65  188.86
   384    1.52   28.23   24.60    1.00   84.82  782.25  784.97    3.78  657.45  125.50
   385    1.55   28.36   24.42    1.29   83.74  788.95  793.79    5.16  646.81   97.88
   386    1.52   28.77   24.39    1.38   83.83  808.75  814.31    4.78  644.56   94.08
   387    1.47   28.36   24.38    1.38   83.80  786.30  791.86    4.39  641.30   91.54
   388    1.46   28.44   24.52    1.41   83.67  795.71  801.55    4.20  648.80   90.49
   389    1.48   28.59   24.57    0.84   85.22  808.08  809.89    2.84  654.94  153.39
   390    1.54   28.89   24.78    1.03   85.65  812.68  815.60    5.39  665.34  126.20
   391    1.51   29.12   24.36    1.20   84.66  831.27  835.39    5.60  644.18  110.66
   392    1.44   28.99   24.47    1.07   85.26  822.26  825.43    5.85  649.17  123.03
   393    1.51   29.26   24.71    1.18   84.44  839.98  843.93    5.02  664.91  113.74
   394    1.51   28.97   24.63    0.79   85.62  822.73  824.26    6.90  658.68  166.91
   395    1.58   29.13   24.51    1.40   83.20  823.08  828.85    5.80  653.52   94.03
   396    1.51   29.13   24.60    1.16   84.21  825.13  828.92    6.67  659.92  113.92
   397    1.46   28.97   24.78    0.84   85.92  816.58  818.39    6.69  665.65  154.83
   398    1.51   29.05   24.57    1.27   84.49  820.19  824.81    6.04  651.50  103.72
   399    1.54   29.23   24.71    1.48   84.10  832.55  839.02    5.59  657.84   90.21
   400    1.38   28.99   24.57    1.27   84.44  826.00  830.67    4.15  652.63  103.96
   401    1.40   29.45   24.46    1.24   84.66  854.03  858.40    2.29  647.15  110.51
   402    1.43   29.44   24.61    1.38   84.05  849.71  855.29    3.08  658.00   98.42
   403    1.37   29.29   24.86    1.29   84.44  845.00  849.79    3.26  669.92  105.00
   404    1.48   29.07   24.72    1.07   85.01  834.75  837.90    4.31  663.39  125.09
   405    1.32   28.88   24.69    1.30   84.27  816.26  821.13    2.72  658.88  100.81
   406    1.41   28.70   24.56    1.30   84.72  809.10  814.02    2.81  648.59   99.48
   407    1.41   29.20   24.65    1.20   85.36  835.26  839.35    1.37  656.84  111.48
   408    1.42   29.00   24.59    1.13   84.99  823.83  827.43    3.40  652.58  116.35
   409    1.45   29.05   24.72    1.31   84.98  821.87  826.87    0.89  659.79  100.26
   410    1.50   29.10   24.73    1.44   84.52  822.44  828.50    2.98  661.68   91.85
   411    1.33   29.03   24.68    1.37   84.70  818.44  823.89    2.50  657.62   96.00
   412    1.37   28.99   24.73    1.59   84.26  819.92  827.48    3.64  660.62   82.69
   413    1.29   29.11   24.59    1.34   84.94  830.18  835.40    3.44  654.19   99.26
   414    1.39   29.13   24.55    1.28   85.67  826.97  831.67    3.37  651.88  103.74
   415    1.29   29.15   24.58    1.07   86.59  830.54  833.69    3.07  655.84  124.39
   416    1.30   28.86   24.63    1.69   83.77  816.11  824.69    5.45  657.55   77.60
   417    1.39   28.95   24.74    1.52   84.27  826.51  833.35    3.76  666.46   87.29
   418    1.31   28.90   24.66    1.34   84.86  820.26  825.52    4.52  662.08   97.76
   419    1.37   28.93   24.40    1.55   84.42  826.77  833.89    3.80  651.65   85.69
   420    1.30   29.10   24.61    1.45   84.42  832.84  839.04    5.73  663.66   92.01
   421    1.34   29.16   24.55    1.36   84.86  828.63  834.02    5.95  655.88   97.69
   422    1.33   28.97   24.63    0.82   86.72  819.22  820.94    4.77  657.82  158.62
   423    1.32   29.11   24.41    1.31   84.54  822.50  827.46    6.85  644.38  100.69
   424    1.27   29.32   24.54    1.21   84.63  834.92  839.08    6.05  650.74  110.52
   425    1.29   29.61   24.35    1.29   84.85  850.39  855.21    4.81  640.53  105.29
   426    1.37   29.84   24.33    1.42   84.38  859.39  865.26    5.48  641.79   97.26
   427    1.33   29.40   24.37    1.43   84.28  835.06  841.09    5.61  641.19   93.40
   428    1.30   29.25   24.28    1.18   85.81  826.69  830.68    6.13  635.32  111.72
   429    1.35   29.10   24.52    0.99   86.40  826.72  829.38    4.49  647.04  133.40
   430    1.34   28.95   24.47    1.09   86.22  814.14  817.44    4.47  643.05  119.75
   431    1.42   29.11   24.26    1.01   86.27  817.41  820.22    5.80  628.73  128.86
   432    1.35   28.82   24.22    1.09   85.93  801.55  804.86    4.11  631.65  117.79
   433    1.36   28.85   24.07    1.17   85.49  801.56  805.43    3.30  619.59  109.88
   434    1.35   28.90   24.17    1.02   86.20  803.54  806.39    4.59  625.83  126.08
   435    1.36   28.94   24.34    1.23   85.36  809.39  813.74    5.03  635.38  105.17
   436    1.38   28.70   24.45    1.22   85.95  801.57  805.81    4.58  641.54  105.49
   437    1.36   28.76   24.27    0.94   86.52  804.46  806.82    2.92  633.60  136.81
   438    1.37   28.55   24.22    1.05   86.16  794.71  797.78    4.22  630.92  120.83
   439    1.39   28.44   24.34    0.96   86.23  785.16  787.68    2.90  634.14  130.04
   440    1.46   28.49   24.38    1.15   85.91  788.73  792.45    4.88  634.31  110.14
   441    1.34   28.12   24.62    1.17   85.56  776.07  779.98    3.19  645.78  106.01
   442    1.23   28.07   24.56    1.46   84.57  771.76  778.03    4.75  644.31   85.10
   443    1.33   28.05   24.57    1.43   84.87  774.00  780.01    4.26  643.41   87.00
   444    1.31   28.36   24.48    1.47   84.50  789.81  796.18    3.92  639.69   86.36
   445    1.29   28.21   24.88    1.30   85.24  779.92  784.82    2.77  660.93   96.30
   446    1.37   28.22   24.65    0.88   86.50  782.47  784.53    3.89  650.42  141.32
   447    1.39   28.31   24.71    1.16   85.41  788.62  792.47    3.94  651.81  108.42
   448    1.31   28.30   24.63    1.43   84.17  786.62  792.62    3.61  646.95   88.45
   449    1.39   28.41   24.54    1.22   85.24  797.80  802.04    3.91  644.64  105.01
   450    1.36   28.58   24.63    1.18   85.93  813.76  817.71    2.62  650.83  110.51
   451    1.36   28.55   24.50    1.50   84.48  805.21  811.86    3.98  643.85   86.23
   452    1.40   28.58   24.69    1.33   84.84  806.18  811.33    4.46  653.82   97.08
   453    1.28   28.63   24.49    1.68   83.89  809.15  817.56    4.03  642.12   77.64
   454    1.32   28.49   24.50    1.54   84.55  797.46  804.52    4.42  639.56   83.09
   455    1.32   28.42   24.38    1.08   86.28  796.14  799.38    2.64  632.31  118.14
   456    1.34   28.04   24.50    1.25   85.60  776.89  781.44    2.73  639.35   99.15
   457    1.30   28.13   24.68    1.07   86.26  780.96  784.15    3.92  648.34  116.92
   458    1.36   27.53   24.70    0.86   86.92  758.48  760.41    4.69  649.62  141.08
   459    1.34   27.63   24.82    1.02   86.27  764.90  767.77    4.27  657.40  119.97
   460    1.35   27.67   24.93    1.15   85.52  760.31  764.05    3.59  661.96  106.04
   461    1.37   27.70   25.15    0.96   86.38  757.50  759.98    3.62  674.86  126.72
   462    1.37   27.36   24.85    0.93   86.51  744.34  746.69    2.85  659.82  127.51
   463    1.39   27.33   24.71    1.32   85.07  740.33  745.39    4.76  650.03   90.25
   464    1.39   27.73   24.55    0.96   86.69  756.92  759.43    3.26  639.53  126.02
   465    1.32   27.07   24.62    1.34   85.32  726.18  731.44    4.54  645.46   87.06
   466    1.45   27.22   24.59    1.03   86.61  736.88  739.82    3.00  644.18  114.58
   467    1.42   27.35   24.69    1.44   84.92  743.88  750.05    3.47  649.23   82.69
   468    1.40   27.07   24.67    1.19   85.82  728.21  732.27    3.55  650.99   98.23
   469    1.28   27.01   24.85    1.22   85.59  724.71  729.02    4.74  659.59   95.14
   470    1.46   27.01   24.81    1.28   85.56  724.20  728.94    3.12  656.99   90.95
   471    1.30   26.87   24.82    1.57   84.35  719.24  726.65    3.46  658.40   73.55
   472    1.31   27.09   25.07    1.51   84.71  729.47  736.26    1.72  669.18   77.65
   473    1.43   27.26   24.92    1.43   85.23  739.35  745.38    2.16  665.09   83.13
   474    1.27   27.07   25.21    1.64   84.14  728.49  736.57    2.81  680.40   71.52
   475    1.27   27.24   25.33    1.23   85.62  736.68  741.07    1.06  688.43   95.89
   476    1.26   26.81   25.43    1.51   84.11  721.50  728.31    1.94  695.39   76.73
   477    1.30   26.89   25.30    1.42   84.72  724.93  730.86    2.53  687.14   82.21
   478    1.24   27.28   25.17    1.27   85.18  745.87  750.56    3.34  682.80   94.01
   479    1.18   27.21   25.27    1.23   85.38  743.10  747.45    2.98  685.73   97.00
   480    1.29   27.40   25.19    1.29   85.33  755.09  759.89    1.81  682.22   94.16
   481    1.20   27.15   25.18    1.27   85.47  742.76  747.44    1.25  680.10   93.86
   482    1.27   27.08   24.98    1.41   85.05  737.77  743.68    1.88  669.25   83.73
   483    1.26   27.08   25.30    1.19   85.14  741.25  745.33    2.18  689.15   99.70
   484    1.25   26.81   25.31    1.14   85.41  733.14  736.88    2.64  688.31  102.51
   485    1.22   27.29   25.10    1.45   84.24  753.32  759.54    3.76  675.75   83.45
   486    1.25   27.51   25.02    1.43   84.76  758.58  764.61    2.94  670.70   85.17
   487    1.24   27.46   25.30    1.32   84.76  763.19  768.31    2.77  686.96   92.41
   488    1.23   27.56   25.52    1.13   85.50  761.66  765.29    4.19  697.54  107.75
   489    1.33   27.76   25.37    1.53   84.10  772.87  779.88    2.55  692.20   80.92
   490    1.31   27.76   25.20    1.54   83.72  767.03  774.08    2.76  684.16   80.11
   491    1.27   27.65   24.99    1.33   84.25  769.87  775.04    3.10  674.01   92.77
   492    1.15   27.34   25.11    1.36   85.15  753.26  758.65    4.28  679.40   89.10
   493    1.20   27.44   24.95    1.37   84.65  763.01  768.55    4.40  671.68   89.07
   494    1.28   27.17   24.76    1.24   84.78  739.83  744.31    2.63  658.18   95.38
   495    1.16   27.27   24.85    1.61   83.55  745.82  753.63    3.48  666.59   74.34
   496    1.22   27.82   25.27    1.24   85.10  768.24  772.68    3.26  687.13   99.21
   497    1.18   27.53   25.01    1.35   84.61  755.61  760.91    2.97  674.52   90.07
   498    1.17   27.47   24.79    1.21   85.11  749.07  753.29    3.53  658.93   99.11
   499    1.20   28.05   25.08    1.07   85.66  777.10  780.32    2.70  676.55  115.84
   500    1.14   27.84   25.32    1.19   84.83  767.68  771.71    4.45  691.55  103.63
   501    1.11   27.76   24.95    1.29   84.46  759.62  764.47    4.40  670.02   94.27
   502    1.33   28.37   25.03    0.95   85.96  789.40  791.84    2.99  674.31  132.52
   503    1.30   28.01   24.83    1.10   85.52  774.10  777.48    4.51  666.57  113.04
   504    1.20   27.46   25.03    0.96   86.14  751.61  754.11    4.55  677.83  125.39
   505    1.13   27.47   25.03    1.09   85.32  750.28  753.64    4.79  675.57  110.01
   506    1.11   27.80   24.90    1.25   84.85  759.96  764.46    6.11  668.40   97.57
   507    1.25   27.48   24.91    1.42   84.51  749.32  755.23    5.88  670.99   84.96
   508    1.33   27.45   25.12    1.37   84.44  748.21  753.70    6.12  678.05   87.79
   509    1.28   27.19   24.82    1.28   84.71  732.85  737.61    5.45  664.42   91.82
   510    1.34   27.17   24.92    1.27   85.27  733.39  738.11    7.21  670.36   92.23
   511    1.44   27.21   25.02    1.08   85.51  742.06  745.36    6.62  676.46  109.62
   512    1.31   27.48   25.05    1.13   85.91  752.10  755.71    6.41  677.65  106.73
   513    1.42   27.21   25.35    1.23   85.22  747.60  751.98    6.94  698.54   97.32
   514    1.36   27.28   25.31    0.89   86.28  749.55  751.68    9.02  697.65  133.86
   515    1.32   27.48   25.34    0.86   86.55  761.82  763.74    6.40  698.41  141.98
   516    1.29   27.46   25.48    0.78   86.42  760.49  762.03    7.30  705.18  154.70
   517    1.34   27.56   25.48    0.82   87.11  768.36  770.10    8.19  703.25  148.98
   518    1.36   27.64   25.49    0.83   86.98  772.65  774.44    7.56  701.07  147.75
   519    1.33   27.64   25.40    1.11   85.98  771.96  775.46    6.43  698.52  110.98
   520    1.29   27.58   25.23    1.11   86.05  763.35  766.86    6.00  692.27  109.71
   521    1.36   27.97   25.19    1.03   86.78  778.10  781.01    7.37  690.84  121.32
   522    1.30   28.22   25.15    0.93   86.78  792.64  794.98    7.17  687.82  135.49
   523    1.39   27.97   25.29    0.88   86.53  785.93  787.97    5.24  695.30  142.56
   524    1.42   27.83   25.43    0.99   86.38  776.43  779.12    5.82  699.68  125.09
   525    1.39   27.67   25.51    0.84   87.20  766.16  768.01    4.94  703.33  144.89
   526    1.42   27.69   25.32    0.95   86.53  762.02  764.49    5.95  692.76  127.54
   527    1.50   27.31   25.41    0.77   87.27  743.67  745.18    6.04  699.07  153.20
   528    1.40   27.20   25.38    0.86   87.47  743.82  745.75    5.61  700.49  138.50
   529    1.48   27.03   25.53    0.71   87.75  745.19  746.40    6.06  707.99  166.72
   530    1.44   27.10   25.50    0.71   87.88  739.49  740.70    5.45  704.63  165.98
   531    1.51   27.42   25.56    0.87   86.84  748.45  750.45    6.53  705.84  137.24
   532    1.52   27.14   25.39    0.72   87.60  739.73  740.99    5.27  698.30  163.48
   533    1.56   27.18   25.51    0.94   87.03  745.32  747.75    5.50  701.66  126.05
   534    1.47   27.12   25.62    0.85   87.11  739.23  741.11    4.77  708.70  139.14
   535    1.37   27.20   25.36    0.85   86.91  735.28  737.18    5.73  691.58  138.00
   536    1.38   27.41   25.35    0.86   86.66  748.17  750.11    5.16  690.53  138.83
   537    1.45   27.29   25.42    0.68   87.44  747.17  748.24    4.69  694.80  174.96
   538    1.41   27.22   25.12    1.14   85.99  735.32  739.04    4.25  679.06  103.11
   539    1.38   27.42   25.22    0.67   87.59  750.42  751.46    4.50  684.74  177.64
   540    1.37   27.38   25.36    0.80   87.30  747.83  749.45    3.11  690.87  149.63
   541    1.34   27.58   25.23    0.95   86.71  755.43  757.87    5.35  683.64  127.19
   542    1.35   27.63   25.10    0.83   87.11  756.32  758.07    4.37  676.85  146.19
   543    1.30   27.66   25.32    0.68   87.60  756.22  757.29    4.58  690.71  177.62
   544    1.32   27.50   25.08    0.80   87.49  754.43  756.07    5.77  675.49  149.90
   545    1.47   27.65   25.36    0.70   87.88  761.67  762.83    5.23  693.59  173.14
   546    1.32   27.12   25.31    0.90   87.07  731.08  733.24    3.82  686.97  130.30
   547    1.34   27.00   25.00    0.96   86.92  725.94  728.47    5.16  670.70  120.77
   548    1.42   27.12   24.78    1.08   86.25  728.18  731.49    4.36  660.57  107.54
   549    1.39   26.81   24.82    0.98   87.24  717.89  720.52    4.45  663.90  117.44
   550    1.35   26.88   24.91    0.96   86.96  728.22  730.74    2.62  666.53  121.28
   551    1.25   27.11   25.04    0.75   87.65  739.69  741.09    4.50  674.74  157.03
   552    1.34   27.18   25.06    0.72   87.85  740.28  741.56    3.36  677.97  162.88
   553    1.40   27.20   25.01    0.90   87.02  745.08  747.23    4.02  678.67  132.49
   554    1.38   27.38   25.08    1.06   86.46  742.93  746.09    2.92  679.27  111.96
   555    1.40   27.04   25.13    1.10   86.50  739.00  742.41    3.61  682.00  107.67
   556    1.43   27.06   25.12    1.08   86.43  735.27  738.56    3.85  682.78  109.01
   557    1.31   26.96   25.04    1.13   86.90  734.08  737.68    2.67  675.97  104.39
   558    1.30   27.67   25.07    1.02   87.27  760.27  763.16    3.65  677.93  118.92
   559    1.40   26.99   25.13    0.77   87.78  728.79  730.29    3.33  679.88  150.56
   560    1.38   27.23   25.03    1.21   85.78  736.35  740.59    2.87  672.51   97.37
   561    1.36   26.93   25.10    1.21   86.30  719.23  723.48    3.04  673.64   95.00
   562    1.32   27.11   25.49    0.74   87.96  727.53  728.89    4.23  695.36  156.61
   563    1.38   26.98   25.45    0.97   87.36  728.58  731.19    3.19  692.85  119.42
   564    1.39   27.00   25.20    1.21   86.50  730.61  734.81    4.84  677.72   97.07
   565    1.32   26.99   25.37    0.82   87.73  727.43  729.18    4.05  688.23  141.26
   566    1.43   27.02   25.45    0.72   88.13  732.02  733.28    2.43  695.53  161.97
   567    1.31   27.17   25.55    0.55   88.80  737.52  738.08    3.41  699.72  215.62
   568    1.41   27.18   25.60    0.99   87.27  740.79  743.47    3.09  701.29  120.00
   569    1.43   27.07   25.53    0.98   87.16  730.73  733.36    4.61  699.27  119.36
   570    1.36   26.84   25.56    1.09   86.83  722.56  725.92    5.31  700.86  106.12
   571    1.34   26.99   25.73    0.85   88.18  739.62  741.50    4.40  706.57  139.47
   572    1.31   27.05   25.81    0.93   87.56  743.21  745.58    4.32  714.77  127.03
   573    1.29   27.03   25.50    0.78   88.30  739.01  740.57    4.82  695.37  150.49
   574    1.41   27.20   25.38    0.85   87.66  744.92  746.82    5.04  688.47  139.56
   575    1.30   27.35   25.40    0.96   87.21  751.43  753.97    4.79  690.95  124.42
   576    1.30   27.30   25.21    0.85   87.72  740.56  742.48    5.69  680.20  138.49
   577    1.22   27.42   25.25    1.15   86.58  747.82  751.58    5.04  683.82  104.23
   578    1.29   27.27   25.23    1.19   87.01  738.12  742.17    5.25  685.21   99.56
   579    1.32   27.30   25.70    1.21   86.50  737.70  741.91    4.48  708.21   97.75
   580    1.23   27.26   25.64    0.83   87.99  739.59  741.38    4.67  703.16  142.04
   581    1.24   27.39   25.62    0.82   87.94  741.90  743.63    1.89  699.91  144.78
   582    1.29   27.48   25.47    1.17   86.66  744.28  748.21    3.88  692.20  101.74
   583    1.20   27.49   25.56    0.94   87.53  749.94  752.35    3.32  702.31  127.01
   584    1.37   27.32   25.43    0.85   87.57  743.32  745.23    5.10  693.24  139.22
   585    1.36   27.29   25.39    1.03   86.90  743.28  746.25    5.66  689.85  115.10
   586    1.32   27.19   25.10    0.98   87.06  731.67  734.33    4.55  674.62  118.91
   587    1.25   26.96   25.28    1.01   87.06  724.28  727.11    5.22  683.04  114.57
   588    1.34   27.18   25.15    0.94   86.94  734.76  737.15    3.99  677.07  125.16
   589    1.31   27.30   25.47    0.82   87.18  737.25  738.99    4.70  693.27  143.53
   590    1.43   27.37   25.32    0.72   87.92  746.00  747.27    3.81  686.54  164.61
   591    1.38   27.50   25.48    0.67   88.01  751.46  752.50    4.18  696.43  178.26
   592    1.31   27.45   25.43    0.70   87.70  747.50  748.67    2.88  690.40  169.80
   593    1.46   27.23   25.53    0.57   88.41  742.00  742.63    4.72  696.95  208.77
   594    1.40   27.53   25.36    0.68   88.28  752.00  753.09    4.33  686.57  175.31
   595    1.45   27.74   25.56    0.88   87.09  761.54  763.58    5.37  696.73  138.32
   596    1.48   27.79   25.79    0.77   87.54  762.17  763.65    3.57  708.42  157.88
   597    1.35   27.99   25.82    0.71   88.16  776.29  777.47    2.67  711.00  174.87
   598    1.37   27.66   25.53    0.69   88.11  759.03  760.12    3.78  694.15  176.57
   599    1.42   27.68   25.42    0.81   87.43  758.36  760.04    5.26  687.18  149.21
   600    1.45   27.46   25.22    1.06   86.79  760.16  763.32    4.56  681.24  114.29
   601    1.47   28.23   25.26    1.37   85.79  790.43  795.95    4.32  682.23   92.33
   602    1.43   27.92   25.42    1.01   86.94  779.29  782.11    3.92  691.63  123.13
   603    1.44   27.93   25.34    1.10   86.29  775.26  778.70    5.68  687.94  112.23
   604    1.42   27.73   25.55    1.03   86.52  772.30  775.20    3.45  700.00  120.43
   605    1.47   27.88   25.63    1.00   87.04  779.01  781.74    4.08  702.86  124.88
   606    1.42   27.92   25.69    0.93   87.04  778.73  781.07    2.43  704.93  133.21
   607    1.45   28.19   25.39    1.02   86.88  795.01  797.85    3.81  689.85  124.98
   608    1.43   28.28   25.38    0.80   87.63  788.64  790.27    5.38  686.89  156.74
   609    1.50   28.50   25.04    1.05   86.79  801.28  804.36    4.34  670.54  121.69
   610    1.31   28.52   25.41    0.60   88.59  797.19  797.91    3.53  687.75  212.50
   611    1.44   28.30   25.16    0.99   86.78  787.91  790.57    6.17  675.46  127.35
   612    1.33   27.84   25.20    1.02   86.46  767.18  770.07    4.50  674.76  119.98
   613    1.23   27.85   25.16    1.09   86.48  758.25  761.61    3.73  673.35  111.10
   614    1.32   27.86   25.00    1.10   86.37  768.40  771.78    3.46  665.02  112.22
   615    1.36   27.76   25.00    0.53   88.05  752.51  752.99    4.45  665.24  228.16
   616    1.36   27.57   25.30    0.77   87.41  745.24  746.73    3.77  677.76  154.36
   617    1.28   27.68   25.56    0.81   87.12  753.40  755.07    3.26  692.97  148.80
   618    1.36   27.68   25.42    0.81   86.98  759.46  761.15    6.17  686.25  149.07
   619    1.32   27.81   25.25    0.84   87.07  767.91  769.74    5.41  679.96  145.76
   620    1.30   27.70   25.37    0.96   86.29  761.62  764.12    4.52  684.62  126.97
   621    1.35   27.53   25.55    0.86   86.73  752.70  754.65    4.51  694.96  139.48
   622    1.36   27.59   25.47    1.25   85.73  758.96  763.48    5.35  690.06   97.32
   623    1.30   27.97   25.80    0.69   87.46  778.69  779.80    3.82  708.93  179.22
   624    1.40   28.09   25.64    0.80   87.26  787.68  789.28    4.11  700.01  157.31
   625    1.41   28.05   25.76    0.89   86.55  776.57  778.65    6.54  707.86  139.61
   626    1.37   27.94   25.90    0.84   87.05  775.47  777.29    5.03  716.43  147.37
   627    1.29   27.87   25.77    1.04   86.33  773.21  776.20    4.62  710.01  119.12
   628    1.31   27.86   25.94    1.16   86.15  766.75  770.58    5.48  719.33  105.85
   629    1.33   28.54   25.87    1.09   86.35  804.48  807.77    3.40  717.26  118.47
   630    1.30   28.55   25.83    1.15   86.13  811.46  815.18    5.37  714.54  113.24
   631    1.33   28.47   25.69    1.10   86.20  810.77  814.18    3.72  707.43  117.51
   632    1.39   28.56   25.90    1.12   85.94  815.90  819.41    4.05  720.20  116.68
   633    1.35   28.75   25.87    1.14   86.51  824.69  828.35    4.52  716.43  115.81
   634    1.31   28.67   25.77    0.99   86.65  817.57  820.21    3.67  710.34  132.39
   635    1.37   28.79   25.91    0.92   87.24  821.68  823.92    4.19  716.54  142.82
   636    1.23   29.16   25.86    0.84   87.79  836.99  838.80    2.99  713.22  158.44
   637    1.43   28.90   25.91    0.92   87.05  825.49  827.72    3.04  717.49  143.41
   638    1.39   28.61   26.06    0.82   87.01  817.92  819.63    2.20  726.47  159.00
   639    1.40   28.92   25.99    0.84   86.65  830.36  832.15    4.04  723.37  157.92
   640    1.34   28.77   25.98    1.10   86.37  827.08  830.43    6.04  720.38  120.72
   641    1.32   28.39   25.77    0.86   87.40  805.41  807.32    5.70  706.32  149.72
   642    1.21   28.91   25.80    0.93   86.90  825.20  827.49    4.26  707.80  141.79
   643    1.31   28.83   25.93    1.16   86.02  824.04  827.83    5.85  715.02  113.92
   644    1.39   28.92   25.93    0.91   87.54  830.71  832.91    5.13  715.55  145.33
   645    1.34   29.26   25.99    0.67   88.12  844.77  845.76    3.41  718.25  200.33
   646    1.27   28.63   25.96    0.71   87.71  822.93  824.09    6.19  719.08  184.99
   647    1.37   28.80   26.20    0.76   87.79  826.01  827.42    4.49  730.04  172.80
   648    1.32   29.03   26.29    0.58   88.22  831.45  832.08    6.21  734.09  229.40
   649    1.43   28.52   26.11    0.72   87.87  810.36  811.58    5.11  721.90  179.09
   650    1.38   28.81   26.34    0.68   87.99  831.13  832.16    4.95  734.65  195.01
   651    1.46   28.37   26.10    0.70   87.84  803.90  805.02    5.40  721.55  183.82
   652    1.42   28.18   26.40    0.61   88.32  799.73  800.49    5.47  739.21  209.20
   653    1.31   28.19   26.22    0.56   88.68  796.09  796.65    4.53  730.35  228.42
   654    1.37   28.29   26.15    0.62   88.05  803.07  803.88    4.10  729.90  205.57
   655    1.39   28.50   26.12    0.67   88.06  815.79  816.77    4.16  727.17  195.29
   656    1.40   28.21   26.01    0.46   88.87  794.41  794.66    3.89  719.23  276.58
   657    1.43   27.87   25.87    0.72   88.01  774.89  776.12    5.91  711.81  172.08
   658    1.48   27.84   26.18    0.86   87.21  776.07  777.98    4.67  729.58  144.44
   659    1.39   27.71   26.33    0.62   88.05  774.20  775.02    4.55  736.11  198.39
   660    1.38   27.83   25.67    0.84   87.76  775.78  777.60    5.03  701.38  147.40
   661    1.44   27.87   25.85    0.74   88.00  775.61  776.92    5.85  709.13  167.72
   662    1.35   27.67   26.07    0.63   88.40  767.01  767.88    5.26  722.53  193.78
   663    1.29   27.78   25.67    1.07   86.53  771.73  774.94    7.38  702.91  115.34
   664    1.30   27.43   25.81    0.86   87.47  755.41  757.37    7.45  710.05  139.58
   665    1.34   27.26   25.92    0.72   87.86  750.85  752.11    7.33  715.76  165.68
   666    1.34   27.05   25.33    0.81   87.75  735.69  737.40    6.53  680.16  144.31
   667    1.52   26.69   25.56    0.96   86.66  721.48  724.03    6.44  691.20  119.52
   668    1.39   26.99   25.71    0.91   86.92  732.83  735.06    6.47  699.50  128.75
   669    1.39   26.87   25.79    0.73   87.60  733.20  734.49    4.59  704.86  160.71
   670    1.42   27.22   25.68    1.10   86.10  741.49  744.94    4.67  697.05  107.54
   671    1.45   27.09   25.81    1.08   86.46  737.79  741.09    3.78  704.11  109.20
   672    1.34   27.19   25.85    1.02   86.86  739.69  742.55    4.46  708.81  116.47
   673    1.35   27.42   25.84    0.91   87.00  752.17  754.40    4.91  706.38  131.61
   674    1.30   27.33   25.72    1.14   86.27  746.41  750.09    5.32  701.33  104.97
   675    1.30   26.99   25.64    0.85   87.21  729.59  731.47    3.97  699.12  137.52
   676    1.30   26.93   25.36    0.75   87.54  717.81  719.23    4.31  681.94  152.33
   677    1.35   26.78   25.47    0.82   87.31  707.94  709.71    5.98  686.57  137.34
   678    1.31   26.61   25.36    0.75   87.27  708.94  710.34    5.66  681.37  151.18
   679    1.39   26.69   25.32    0.59   88.08  710.53  711.26    5.65  677.92  191.91
   680    1.32   26.74   25.23    0.92   86.76  705.34  707.65    4.92  672.57  122.17
   681    1.43   26.74   25.33    0.90   86.80  712.03  714.19    3.67  679.92  126.76
   682    1.38   26.80   25.46    1.00   86.12  715.06  717.83    3.10  686.17  114.50
   683    1.36   26.35   25.46    0.83   87.02  698.31  700.11    5.09  685.87  134.80
   684    1.41   26.50   25.31    0.67   87.77  702.56  703.61    3.80  678.82  167.05
   685    1.43   26.49   25.28    0.93   86.46  698.61  700.98    4.57  678.49  119.81
   686    1.35   26.74   25.49    0.80   87.43  712.59  714.23    4.20  687.31  142.31
   687    1.32   26.99   25.32    0.91   87.12  720.67  722.90    5.52  678.39  126.70
   688    1.32   27.07   25.57    0.90   86.89  734.14  736.32    3.39  693.74  130.16
   689    1.33   26.79   25.69    0.78   86.94  721.39  722.94    5.66  700.25  147.25
   690    1.31   27.02   26.00    0.71   87.46  733.02  734.23    5.83  717.07  164.64
   691    1.38   27.11   26.05    0.69   87.45  726.73  727.84    5.50  718.91  169.08
   692    1.43   26.95   25.63    0.84   86.89  726.90  728.73    5.96  697.68  138.76
   693    1.36   26.95   25.73    0.69   87.12  722.36  723.50    6.43  703.75  166.77
   694    1.44   26.66   25.54    0.68   87.38  714.33  715.40    5.79  690.73  168.65
   695    1.41   26.90   25.56    0.53   88.14  720.54  721.07    4.60  690.26  214.86
   696    1.40   26.98   25.30    0.54   88.20  715.43  715.99    3.90  676.74  210.75
   697    1.35   26.72   25.12    0.90   86.65  704.30  706.46    5.98  667.50  125.61
   698    1.39   26.88   25.36    0.97   86.40  715.54  718.16    5.16  680.36  117.41
   699    1.27   26.50   25.40    0.87   86.86  699.46  701.47    4.60  681.94  128.90
   700    1.31   26.14   25.23    1.07   86.10  678.03  681.25    5.29  672.74  101.77
   701    1.29   25.94   25.42    1.29   84.89  673.67  678.55    4.76  684.12   83.78
   702    1.31   25.92   25.39    1.05   86.05  675.90  679.02    3.71  681.95  102.95
   703    1.39   25.71   25.44    1.07   85.79  664.56  667.81    5.10  684.09   99.55
   704    1.52   26.07   25.51    1.09   85.95  674.18  677.57    4.37  686.91   98.97
   705    1.39   25.96   25.64    0.81   86.71  674.13  675.85    6.41  695.53  132.59
   706    1.38   25.95   25.75    1.03   86.04  678.18  681.15    3.88  702.87  105.55
   707    1.38   26.22   25.67    1.08   85.72  688.70  691.98    4.86  697.64  102.45
   708    1.41   26.11   25.78    1.05   86.27  687.58  690.73    4.09  703.09  104.30
   709    1.34   26.30   25.63    1.19   85.69  698.51  702.63    4.56  694.71   93.66
   710    1.30   26.40   25.78    1.16   85.58  698.64  702.52    2.16  701.54   96.32
   711    1.35   26.71   25.89    0.79   86.95  716.22  717.80    3.05  707.63  145.16
   712    1.36   26.85   26.01    0.70   87.46  723.56  724.74    6.22  713.79  164.37
   713    1.36   26.27   26.01    0.74   87.35  697.15  698.51    5.05  715.82  150.79
   714    1.32   26.43   25.83    0.70   87.42  704.61  705.79    5.21  706.31  160.77
   715    1.36   26.41   25.95    0.94   86.68  703.11  705.52    4.80  713.13  119.64
   716    1.41   26.38   25.75    0.81   87.16  704.52  706.23    5.99  702.28  138.45
   717    1.37   26.28   25.84    0.79   87.04  693.53  695.15    4.93  708.66  139.66
   718    1.36   26.39   26.04    0.79   87.06  706.75  708.34    6.91  720.23  142.96
   719    1.33   26.27   26.01    0.66   87.63  690.30  691.31    6.63  716.04  167.30
   720    1.38   25.68   25.99    0.60   88.15  664.00  664.79    6.43  714.37  177.33
   721    1.40   26.28   25.64    0.85   86.97  686.35  688.29    4.80  695.74  128.40
   722    1.42   26.18   25.71    0.91   86.51  690.21  692.46    6.15  701.14  121.20
   723    1.40   26.52   25.80    0.91   86.89  707.87  710.10    5.47  706.65  124.39
   724    1.46   26.06   25.86    1.07   86.05  690.55  693.79    5.67  708.83  103.30
   725    1.35   26.53   25.78    1.04   85.96  710.03  713.04    5.84  704.75  109.48
   726    1.42   26.64   25.64    0.98   86.42  720.79  723.47    6.83  696.66  116.97
   727    1.44   26.57   25.80    0.96   86.27  712.62  715.13    6.81  707.16  119.08
   728    1.46   26.90   25.82    0.82   86.73  734.38  736.13    5.71  708.35  142.59
   729    1.47   26.89   25.74    0.75   87.07  734.96  736.35    5.76  704.23  156.73
   730    1.46   26.52   26.06    0.90   86.92  716.96  719.13    6.60  718.60  127.34
   731    1.44   26.08   25.79    0.95   86.33  698.51  700.97    7.15  703.79  117.83
   732    1.37   26.21   25.79    1.19   85.71  698.45  702.54    5.19  706.03   94.10
   733    1.44   26.18   25.93    1.13   85.97  707.36  710.99    6.28  715.66  100.42
   734    1.36   26.35   25.99    1.22   85.56  712.44  716.71    6.50  719.43   93.91
   735    1.29   26.24   26.26    1.07   86.63  704.08  707.29    4.81  733.12  105.71
   736    1.34   26.26   26.23    1.52   84.78  702.90  709.80    5.23  730.86   74.34
   737    1.32   26.06   26.11    1.13   85.56  698.08  701.75    5.57  724.68   98.76
   738    1.45   26.26   25.91    1.15   85.50  701.70  705.52    7.20  710.38   97.40
   739    1.41   26.18   26.07    1.23   85.60  698.54  702.93    4.75  722.79   91.12
   740    1.36   26.17   25.88    0.83   87.10  694.54  696.36    4.91  710.99  133.41
   741    1.39   26.61   26.34    0.90   86.85  715.52  717.72    7.88  734.52  126.68
   742    1.47   26.43   26.43    0.81   86.95  708.96  710.65    5.95  738.82  140.14
   743    1.51   26.12   26.44    1.03   86.64  695.56  698.57    5.87  738.97  107.53
   744    1.39   26.31   26.30    0.85   87.13  704.41  706.31    5.62  732.21  132.48
   745    1.38   26.66   26.20    1.13   86.18  718.72  722.33    4.44  724.69  102.24
   746    1.46   26.93   26.15    1.01   86.54  735.27  738.09    5.93  723.04  116.44
   747    1.51   26.84   26.00    1.02   86.52  733.24  736.13    5.45  716.66  114.98
   748    1.50   26.80   25.96    0.84   86.84  730.92  732.78    4.94  715.19  138.37
   749    1.36   26.83   26.02    0.79   86.80  727.19  728.79    5.79  716.53  146.56
   750    1.43   26.76   25.92    1.01   85.77  722.79  725.61    5.54  712.14  114.69
   751    1.46   27.17   25.68    0.83   86.90  736.65  738.44    5.89  700.18  141.87
   752    1.49   26.61   25.46    0.79   86.81  707.10  708.69    5.82  688.71  143.41
   753    1.46   26.65   25.71    0.90   86.47  713.37  715.57    6.72  705.08  125.98
   754    1.43   26.85   26.05    0.97   86.20  726.00  728.58    6.37  723.32  119.72
   755    1.50   26.10   25.83    1.07   85.59  687.39  690.66    6.03  709.80  102.57
   756    1.47   26.41   26.09    0.94   85.75  698.56  701.00    7.26  724.41  118.33
   757    1.41   26.78   25.87    0.91   86.44  718.82  721.07    4.95  710.47  125.79
   758    1.38   27.08   25.69    0.94   86.75  740.04  742.43    6.90  698.79  126.01
   759    1.37   26.85   25.87    0.75   87.02  727.88  729.27    5.24  712.18  154.89
   760    1.46   26.78   25.80    0.84   86.99  716.93  718.76    4.50  707.05  137.06
   761    1.48   26.86   25.94    0.76   86.96  720.10  721.56    4.77  715.06  150.77
   762    1.45   26.67   25.86    0.99   86.29  709.49  712.21    4.66  710.31  114.46
   763    1.44   26.72   25.81    1.05   85.63  710.96  714.08    4.75  707.30  107.94
   764    1.44   26.78   26.13    0.74   87.27  714.92  716.28    5.63  723.44  154.13
   765    1.43   26.73   25.78    1.14   85.44  716.64  720.36    4.76  703.29  100.59
   766    1.36   26.90   25.77    1.17   85.47  725.00  728.90    4.77  704.37   99.57
   767    1.31   26.53   25.84    0.92   86.37  711.93  714.24    4.42  710.85  123.52
   768    1.40   27.14   25.97    0.78   86.71  736.58  738.13    5.68  718.88  150.05
   769    1.38   26.92   25.83    0.84   86.57  723.69  725.54    3.75  713.56  137.59
   770    1.49   26.84   25.84    0.96   85.85  722.26  724.80    4.91  710.42  120.10
   771    1.37   26.38   25.75    0.87   85.92  700.97  702.99    4.47  707.49  128.72
   772    1.45   26.55   26.06    0.73   87.01  711.67  713.00    4.81  724.24  154.73
   773    1.45   26.57   25.87    0.87   86.68  705.38  707.40    4.11  710.89  129.54
   774    1.49   26.64   26.01    1.08   85.61  718.39  721.67    5.93  724.40  106.63
   775    1.48   26.46   25.81    1.06   85.80  712.19  715.36    5.10  710.11  107.46
   776    1.44   26.80   25.83    1.24   85.18  732.93  737.36    6.81  714.66   95.01
   777    1.46   27.01   25.83    0.98   85.97  743.09  745.73    5.12  716.21  121.17
   778    1.42   26.83   25.74    0.99   86.17  732.39  735.07    4.40  707.76  118.73
   779    1.40   26.96   25.88    0.94   86.41  736.78  739.17    5.34  716.48  125.36
   780    1.37   26.95   25.66    1.06   86.00  735.94  739.10    5.57  704.66  110.92
   781    1.43   26.91   25.69    1.05   85.80  734.91  737.97    5.97  708.26  112.40
   782    1.44   27.07   25.77    1.14   85.56  741.34  745.07    4.99  712.31  103.72
   783    1.50   26.86   25.55    1.34   84.70  730.03  735.26    5.71  703.53   87.67
   784    1.41   26.53   25.71    1.23   85.24  718.79  723.17    6.06  713.70   93.65
   785    1.49   27.02   25.55    1.04   85.99  737.60  740.60    5.06  705.13  113.68
   786    1.55   26.86   25.81    0.95   86.24  732.26  734.71    4.31  720.53  123.36
   787    1.44   26.75   25.60    1.29   84.51  723.67  728.52    3.78  703.30   89.96
   788    1.47   27.09   25.80    1.06   85.28  738.19  741.36    4.86  713.02  110.99
   789    1.49   27.20   25.37    1.33   84.40  750.00  755.20    4.94  692.50   90.18
   790    1.54   27.28   25.60    1.36   84.18  741.85  747.29    5.46  702.01   87.48
   791    1.47   27.57   26.02    1.09   85.28  752.02  755.36    4.78  723.13  110.52
   792    1.53   27.52   25.92    1.21   84.82  752.15  756.33    3.46  719.65   99.91
   793    1.46   27.30   25.95    1.31   84.65  743.65  748.68    5.78  722.25   90.86
   794    1.63   26.88   26.11    1.31   84.24  722.51  727.50    5.48  728.98   88.64
   795    1.60   26.75   25.91    1.09   84.94  721.73  725.11    5.82  719.40  105.61
   796    1.56   26.57   25.96    0.85   85.76  718.50  720.42    5.91  725.90  134.70
   797    1.56   27.12   25.86    0.68   86.83  741.59  742.68    6.71  720.15  173.09
   798    1.43   27.08   26.04    0.91   85.46  734.69  736.95    5.29  722.78  128.32
   799    1.46   26.88   26.18    0.71   86.21  722.46  723.69    6.37  733.99  161.80
   800    1.56   27.60   25.95    0.63   86.69  747.81  748.66    4.50  718.03  190.45
   801    1.60   27.44   25.86    0.73   86.42  747.19  748.46    4.60  714.47  164.23
   802    1.58   27.34   25.78    1.00   85.13  743.15  745.92    4.33  711.70  118.64
   803    1.54   27.41   25.86    1.03   85.44  744.47  747.40    4.66  712.89  115.88
   804    1.53   27.47   25.74    1.22   84.63  742.83  747.13    5.84  705.67   97.58
   805    1.53   27.22   25.68    1.26   84.30  729.95  734.60    5.41  705.77   92.50
   806    1.51   27.39   25.90    1.26   84.37  738.12  742.76    5.08  715.02   93.64
   807    1.41   27.77   25.90    0.99   85.82  758.60  761.30    5.62  718.51  122.32
   808    1.44   27.48   25.82    1.14   85.48  743.39  747.09    6.97  715.10  104.31
   809    1.51   26.94   25.85    0.89   86.12  718.76  720.90    5.67  714.12  128.60
   810    1.50   26.85   25.68    1.22   84.93  714.93  719.27    5.37  703.70   93.67
   811    1.48   26.88   25.77    1.36   84.40  720.43  725.88    5.19  709.46   84.93
   812    1.49   26.77   25.78    1.18   84.82  705.20  709.21    6.01  711.69   95.78
   813    1.49   26.93   26.00    0.77   86.28  709.43  710.93    4.13  720.21  147.16
   814    1.53   27.08   25.77    1.10   85.26  706.93  710.35    4.91  706.37  103.12
   815    1.52   26.88   25.85    1.03   85.25  708.47  711.44    6.34  711.86  110.09
   816    1.45   27.03   25.96    0.88   85.87  709.52  711.59    5.82  718.27  128.67
   817    1.54   26.96   25.91    0.95   85.71  709.12  711.56    5.02  714.66  119.83
   818    1.54   27.15   25.93    0.88   85.29  719.29  721.37    4.79  721.76  130.33
   819    1.55   26.69   25.64    1.06   85.24  699.56  702.72    4.73  703.75  105.78
   820    1.45   26.97   25.62    1.23   84.72  704.74  709.12    4.21  701.18   91.93
   821    1.52   26.72   25.54    1.01   85.32  686.29  689.17    3.76  696.13  108.16
   822    1.51   26.61   25.58    1.06   85.28  683.57  686.75    4.47  697.85  103.30
   823    1.51   26.93   25.39    0.85   86.20  701.21  703.14    5.86  691.07  131.20
   824    1.53   26.90   25.47    0.77   86.50  698.58  700.08    3.78  694.07  145.11
   825    1.58   26.98   25.42    1.05   85.69  699.25  702.39    6.50  691.12  106.13
   826    1.53   27.11   25.44    1.08   85.60  712.72  716.01    5.71  692.03  105.70
   827    1.56   26.78   25.56    0.81   86.45  697.27  698.99    5.78  698.78  136.78
   828    1.45   27.22   25.49    0.86   86.30  712.39  714.34    5.18  693.22  132.64
   829    1.55   26.96   25.51    1.22   84.81  703.00  707.30    5.89  697.72   92.49
   830    1.62   26.97   25.49    1.13   85.32  711.81  715.48    8.40  698.79  100.48
   831    1.63   26.58   25.45    0.83   86.66  690.13  691.95    7.07  693.55  132.56
   832    1.65   26.80   25.54    1.11   85.44  699.51  703.00    8.30  699.25  101.13
   833    1.61   26.79   25.79    0.94   85.89  696.36  698.77    6.67  710.24  118.59
   834    1.61   26.69   25.70    0.81   86.21  698.42  700.11    5.75  708.28  138.15
   835    1.54   26.78   25.77    0.96   85.46  697.22  699.78    5.07  712.89  115.61
   836    1.51   26.44   25.53    1.16   84.32  680.21  684.12    5.55  700.76   93.58
   837    1.59   26.21   25.56    0.88   85.52  673.51  675.62    4.89  700.66  121.74
   838    1.55   25.93   25.67    0.87   85.65  662.31  664.35    4.71  704.07  121.73
   839    1.56   25.83   25.66    1.03   85.32  669.05  672.07    4.70  704.14  103.46
   840    1.51   26.41   25.75    1.11   85.24  685.75  689.29    5.09  705.10   98.70
   841    1.51   26.08   25.78    0.87   85.75  673.41  675.45    6.95  710.65  123.74
   842    1.50   26.39   25.51    0.93   85.73  683.24  685.60    5.32  697.79  117.58
   843    1.43   26.33   25.77    0.98   85.50  680.33  682.97    2.82  710.86  111.53
   844    1.56   26.09   25.82    1.08   84.87  672.53  675.86    5.36  715.51   99.54
   845    1.50   26.30   25.55    0.82   85.99  678.49  680.24    3.31  700.92  132.64
   846    1.55   26.47   25.73    0.84   86.11  689.59  691.47    4.87  706.76  130.60
   847    1.58   26.71   25.78    0.75   86.03  699.93  701.33    4.65  707.03  149.57
   848    1.55   26.82   26.00    0.93   85.31  698.05  700.41    2.66  719.38  119.81
   849    1.56   26.69   26.07    0.66   86.62  693.45  694.46    4.09  721.26  167.79
   850    1.48   26.75   26.07    0.62   87.07  698.16  699.02    5.28  722.39  178.75
   851    1.55   26.70   26.06    0.70   86.82  695.17  696.35    4.66  722.79  158.58
   852    1.61   26.70   26.02    0.97   85.66  694.77  697.34    4.24  720.74  115.06
   853    1.48   26.64   26.22    0.72   86.47  694.92  696.19    3.62  730.78  154.05
   854    1.51   26.32   26.25    0.84   86.20  677.18  679.04    5.49  729.98  129.12
   855    1.55   26.41   26.21    0.77   86.31  678.62  680.12    5.07  727.91  141.44
   856    1.54   26.58   26.07    0.96   85.80  685.65  688.20    3.45  721.63  114.14
   857    1.55   26.66   26.05    0.91   86.06  691.46  693.71    4.16  724.39  121.43
   858    1.49   26.52   25.87    0.93   85.58  690.53  692.88    3.95  716.44  119.04
   859    1.61   26.44   25.98    1.08   85.00  679.47  682.77    4.73  719.35  100.90
   860    1.59   26.33   26.00    0.84   86.10  675.10  676.95    2.49  716.89  129.01
   861    1.65   26.08   25.91    0.90   86.00  667.36  669.55    1.94  717.21  118.92
   862    1.59   26.17   26.17    0.86   86.07  671.28  673.24    3.22  730.23  125.17
   863    1.79   26.00   25.94    0.86   85.99  661.75  663.75    4.86  717.71  122.61
   864    1.73   26.03   26.08    0.73   86.40  662.46  663.79    2.62  726.23  145.18
   865    1.62   26.43   26.13    1.04   85.46  680.52  683.58    3.81  732.68  104.53
   866    1.78   26.44   26.08    0.77   86.49  694.34  695.86    3.07  733.22  143.41
   867    1.57   26.15   25.94    0.72   86.50  682.80  684.10    4.29  723.76  150.45
   868    1.56   26.14   25.94    0.74   86.52  674.43  675.82    2.61  721.85  145.06
   869    1.66   25.93   25.98    0.70   86.62  660.14  661.35    3.07  724.28  150.40
   870    1.50   25.99   25.97    0.54   87.26  667.56  668.14    3.55  724.54  196.32
   871    1.65   25.83   26.04    1.00   85.58  653.85  656.64    2.61  725.41  104.78
   872    1.69   26.08   26.31    0.73   86.74  665.69  667.04    3.30  743.74  144.81
   873    1.53   26.00   26.45    0.83   86.38  653.60  655.44    3.03  748.08  125.46
   874    1.66   26.26   26.09    0.79   86.54  665.80  667.41    2.31  731.20  134.80
   875    1.67   26.24   26.23    0.77   86.58  667.46  668.98    3.97  739.12  138.56
   876    1.63   26.03   26.09    0.68   87.20  664.96  666.07    2.73  729.61  156.39
   877    1.70   25.80   25.94    0.89   86.70  655.85  657.99    2.43  727.15  117.98
   878    1.69   25.99   25.75    1.01   85.91  668.69  671.55    2.91  715.22  105.96
   879    1.60   25.89   25.77    1.13   85.08  658.84  662.52    3.86  719.37   93.25
   880    1.62   25.96   25.83    0.97   85.89  666.59  669.20    4.24  717.33  109.86
   881    1.73   25.87   26.27    0.81   86.41  661.23  662.95    3.66  741.49  130.43
   882    1.58   26.13   26.08    1.02   85.73  664.33  667.25    3.35  729.84  104.30
   883    1.78   25.99   25.88    1.19   85.27  664.63  668.72    3.21  720.64   89.69
   884    1.71   26.26   25.83    0.90   86.63  679.32  681.52    4.43  718.72  120.72
   885    1.68   25.86   25.86    0.88   86.95  661.24  663.32    3.72  722.96  120.46
   886    1.56   26.11   26.41    0.64   87.41  679.69  680.63    3.47  751.03  169.49
   887    1.60   26.02   26.31    0.61   87.67  675.18  676.00    4.65  750.26  176.76
   888    1.61   26.10   25.97    0.87   86.65  673.61  675.64    3.40  731.73  124.01
   889    1.48   26.18   25.78    0.66   87.16  677.85  678.88    4.86  718.51  162.92
   890    1.61   25.93   25.42    1.06   85.40  667.52  670.69    5.63  696.68  101.08
   891    1.57   25.78   25.57    1.06   85.64  659.45  662.63    4.04  704.66   99.68
   892    1.57   25.53   25.75    0.84   86.43  643.15  645.04    5.08  713.95  122.30
   893    1.63   25.81   25.89    0.82   86.35  651.77  653.53    5.00  719.13  127.51
   894    1.56   26.03   26.00    1.03   85.47  660.03  663.00    3.03  723.01  102.88
   895    1.61   26.28   25.72    1.07   85.78  681.08  684.31    3.70  709.77  102.15
   896    1.61   25.87   25.56    0.83   85.98  658.77  660.62    3.86  705.21  126.09
   897    1.65   25.73   25.54    1.18   84.89  650.11  654.14    3.49  703.61   88.41
   898    1.60   25.68   25.77    0.86   86.22  647.18  649.17    4.63  714.45  120.27
   899    1.70   25.95   25.69    1.02   85.78  661.22  664.14    4.24  711.26  103.95
   900    1.60   25.62   25.37    0.90   86.27  646.87  649.10    6.15  694.49  114.53
   901    1.66   25.64   25.63    0.67   87.24  646.18  647.27    5.05  707.66  153.11
   902    1.71   25.97   25.70    0.75   87.00  660.04  661.47    4.59  709.09  140.56
   903    1.77   25.97   25.81    0.81   86.80  658.85  660.60    5.31  715.30  129.31
   904    1.79   25.74   25.64    1.07   85.64  652.43  655.72    4.68  708.35   97.20
   905    1.68   25.66   25.55    0.83   86.78  648.68  650.51    5.86  705.79  124.83
   906    1.77   25.82   25.57    0.81   86.91  659.31  661.04    4.91  709.49  129.97
   907    1.71   25.78   25.72    0.87   86.44  656.47  658.51    7.15  718.14  120.74
   908    1.78   26.06   25.86    0.92   85.97  671.95  674.29    6.36  726.18  116.14
   909    1.80   25.93   25.73    1.04   85.83  666.64  669.73    5.44  712.71  102.10
   910    1.66   25.76   25.65    1.01   86.18  660.20  663.05    6.24  711.60  104.82
   911    1.69   25.77   25.87    0.86   86.82  666.48  668.49    4.21  721.94  123.19
   912    1.85   25.71   25.85    0.87   86.85  660.33  662.39    4.35  718.97  120.87
   913    1.87   25.90   25.80    0.77   87.06  674.42  675.92    4.71  719.89  140.37
   914    1.73   25.48   25.89    0.88   86.87  663.59  665.66    4.09  727.02  121.10
   915    1.70   25.28   25.63    0.90   86.56  651.84  654.04    5.66  708.76  115.88
   916    1.87   25.20   25.59    0.80   86.71  654.14  655.81    5.26  709.05  130.93
   917    1.63   25.33   25.70    0.85   86.06  649.17  651.12    6.79  713.93  121.77
   918    1.71   25.62   25.66    1.03   85.53  660.30  663.27    6.05  712.99  102.87
   919    1.68   25.62   25.99    0.76   86.68  661.31  662.80    7.46  727.34  138.31
   920    1.70   25.82   25.96    0.96   85.89  666.08  668.62    7.05  724.33  111.18
   921    1.78   25.92   25.72    0.88   86.37  678.78  680.88    7.08  710.55  122.75
   922    1.61   26.03   25.78    0.97   86.10  682.14  684.77    5.51  716.66  111.99
   923    1.59   26.01   25.68    1.00   86.11  687.31  690.11    6.70  712.88  109.73
   924    1.79   25.97   25.79    1.29   84.90  693.22  698.06    5.89  723.25   86.39
   925    1.87   25.86   25.80    1.12   85.97  682.72  686.28    5.41  722.83   97.97
   926    1.78   25.83   25.90    0.92   86.65  677.29  679.59    6.83  725.69  117.78
   927    1.78   25.66   25.98    0.92   86.39  667.28  669.61    5.98  727.90  115.81
   928    1.74   25.77   25.95    1.06   85.51  679.00  682.15    5.37  726.61  102.92
   929    1.80   25.64   25.99    0.97   86.14  662.84  665.46    6.69  729.03  109.36
   930    1.78   25.75   25.68    0.89   86.46  655.56  657.73    6.95  711.82  117.31
   931    1.73   25.53   26.00    0.99   86.00  651.53  654.27    6.30  725.00  105.34
   932    1.77   25.69   26.02    0.81   86.81  662.11  663.82    6.65  728.18  130.92
   933    1.74   25.56   25.84    0.82   86.88  654.78  656.55    6.19  717.46  127.67
   934    1.68   25.50   26.05    0.76   86.86  652.86  654.33    5.63  729.64  137.69
   935    1.77   25.93   26.23    0.77   86.86  667.66  669.16    5.16  739.10  139.09
   936    1.69   25.49   26.11    0.62   87.34  653.92  654.82    5.99  729.21  166.97
   937    1.82   25.68   26.02    0.69   87.55  659.02  660.17    6.24  725.63  153.10
   938    1.78   25.24   26.16    0.39   88.61  649.78  649.93    5.40  735.15  265.29
   939    1.81   25.57   26.12    0.45   88.43  656.13  656.42    6.10  730.70  234.16
   940    1.83   25.31   25.76    0.51   87.88  644.10  644.58    5.70  710.68  201.64
   941    1.89   25.53   25.87    0.96   86.39  656.64  659.19    6.86  714.11  109.50
   942    1.73   25.46   25.99    0.81   86.96  646.18  647.93    4.78  722.02  126.68
   943    1.87   25.62   26.02    0.60   87.65  647.76  648.55    5.39  723.19  173.02
   944    1.85   25.57   26.15    0.74   86.90  640.64  642.03    6.18  730.78  138.61
   945    1.72   25.31   26.24    0.85   86.61  641.39  643.32    5.88  734.86  120.90
   946    1.88   25.18   26.19    0.72   86.95  631.40  632.69    5.58  733.01  140.65
   947    1.79   25.19   26.35    0.61   87.45  640.61  641.46    7.98  746.60  166.85
   948    1.76   25.17   26.20    0.66   87.20  633.40  634.44    6.22  736.07  153.18
   949    1.81   25.30   26.04    1.11   85.59  644.67  648.19    6.99  728.57   93.27
   950    1.82   25.22   25.95    1.08   85.92  635.78  639.09    5.50  721.70   94.62
   951    1.75   25.04   26.30    0.97   86.19  633.43  636.09    6.67  743.67  103.94
   952    1.73   25.57   26.27    0.93   86.25  662.73  665.11    5.67  742.69  113.85
   953    1.80   25.44   26.24    0.84   85.53  652.32  654.23    6.91  743.10  123.40
   954    1.79   25.52   26.37    0.63   86.78  654.03  654.94    4.78  751.05  166.36
   955    1.83   25.62   26.26    0.62   87.09  659.38  660.25    7.34  736.63  169.26
   956    1.79   25.49   26.24    0.82   86.21  655.17  656.94    5.70  738.49  127.84
   957    1.80   25.57   26.25    0.75   86.51  657.99  659.43    5.26  739.48  139.65
   958    1.78   25.64   26.07    0.73   86.81  660.63  661.98    7.04  731.43  143.91
   959    1.65   25.52   26.12    0.84   86.14  651.64  653.54    5.47  732.84  123.48
   960    1.65   25.71   26.05    0.87   85.98  661.03  663.07    5.95  725.61  121.52
   961    1.77   25.79   26.20    0.64   86.70  663.97  664.91    5.02  731.92  166.27
   962    1.60   25.77   26.05    0.82   86.39  662.66  664.43    4.93  724.64  129.21
   963    1.70   26.06   26.03    0.87   86.27  676.53  678.56    4.70  721.64  124.30
   964    1.72   26.14   25.98    1.01   85.21  680.46  683.33    5.78  720.13  107.48
   965    1.59   25.84   25.89    0.99   85.67  664.83  667.54    4.21  716.72  107.88
   966    1.61   25.65   26.17    0.81   86.13  662.59  664.33    5.60  735.01  130.18
   967    1.68   25.45   26.33    0.86   85.88  655.56  657.57    5.22  741.01  121.09
   968    1.61   25.30   26.29    0.87   85.91  649.30  651.36    3.67  737.12  118.92
   969    1.71   25.22   26.23    0.71   86.67  653.00  654.23    4.28  734.80  147.76
   970    1.60   25.71   26.54    0.72   86.57  669.44  670.73    4.93  753.64  148.37
   971    1.75   25.60   26.49    0.69   86.68  663.11  664.25    6.21  748.10  154.41
   972    1.64   25.54   26.43    0.78   85.80  656.52  658.10    5.11  744.60  134.28
   973    1.57   25.68   26.23    0.91   85.24  659.46  661.73    5.91  733.02  115.77
   974    1.67   25.63   26.48    0.55   86.63  659.78  660.41    6.83  744.78  190.10
   975    1.58   25.80   26.61    0.75   86.23  670.96  672.37    6.71  755.34  143.12
   976    1.51   25.49   26.57    0.63   86.47  655.66  656.56    5.72  751.04  166.72
   977    1.65   25.69   26.53    0.75   86.24  659.85  661.26    6.79  746.20  141.33
   978    1.56   26.12   26.54    0.83   86.02  683.67  685.47    6.19  749.43  131.88
   979    1.65   26.08   26.09    0.66   86.68  678.70  679.73    8.50  722.33  163.60
   980    1.65   26.06   26.46    0.84   86.12  679.45  681.30    6.80  743.41  129.64
   981    1.57   26.11   26.29    0.80   86.38  681.13  682.80    6.04  734.20  135.81
   982    1.60   25.68   26.18    0.86   86.04  660.87  662.86    4.51  727.39  122.74
   983    1.70   25.64   26.35    0.88   85.63  658.46  660.57    6.04  736.74  119.28
   984    1.65   25.30   26.51    0.80   85.63  645.44  647.11    6.34  744.29  129.23
   985    1.72   25.52   26.28    0.74   86.26  651.28  652.67    5.91  732.41  140.06
   986    1.62   25.44   26.25    0.53   86.77  647.92  648.46    6.79  733.96  196.04
   987    1.55   25.62   26.18    0.44   87.24  653.49  653.76    5.62  728.85  237.30
   988    1.67   25.43   26.21    0.93   85.47  651.19  653.56    6.00  732.09  112.20
   989    1.70   25.26   26.17    1.00   84.89  646.00  648.82    5.48  730.54  103.27
   990    1.77   25.43   26.11    1.26   84.06  650.08  654.73    6.48  727.77   82.80
   991    1.69   25.21   26.13    1.07   85.12  629.52  632.78    6.15  725.37   94.42
   992    1.67   25.41   26.01    1.01   85.42  640.90  643.80    6.98  718.85  101.15
   993    1.64   25.39   26.18    0.89   86.11  643.61  645.77    5.72  731.05  115.70
   994    1.79   26.07   26.26    1.05   85.28  674.83  677.97    5.89  736.34  102.53
   995    1.61   26.08   26.20    0.96   85.95  670.77  673.31    6.94  733.57  112.06
   996    1.71   25.99   26.27    0.92   85.75  679.79  682.12    6.94  740.94  117.64
   997    1.72   26.01   26.21    0.81   85.83  665.81  667.56    5.19  737.74  130.50
   998    1.75   26.14   26.26    0.87   85.68  679.32  681.34    3.55  737.24  124.87
   999    1.87   26.15   26.08    0.95   85.23  675.44  677.96    4.02  725.73  113.06
  1000    1.80   25.84   26.33    0.75   86.13  667.99  669.43    4.07  739.73  141.75
  1001    1.74   25.77   26.45    1.05   84.95  664.06  667.17    6.68  747.17  101.35
  1002    1.82   26.13   26.20    0.92   85.37  677.44  679.78    4.99  734.15  117.14
  1003    1.60   25.94   26.26    1.27   83.91  668.08  672.85    6.34  735.81   84.05
  1004    1.66   25.89   26.12    1.12   84.24  665.36  668.99    7.50  727.84   94.80
  1005    1.73   25.80   26.25    1.28   83.88  656.10  660.91    6.45  740.68   82.23
  1006    1.79   25.73   26.36    0.90   85.19  657.76  659.95    6.96  744.92  117.26
  1007    1.70   26.06   26.27    0.90   85.25  672.74  674.96    7.90  736.60  118.85
  1008    1.60   26.05   26.21    1.04   85.00  670.76  673.82    6.35  733.78  103.11
  1009    1.60   26.24   26.10    1.47   83.20  678.54  684.93    7.05  726.94   74.43
  1010    1.68   26.04   26.24    1.14   84.44  673.88  677.65    6.96  737.49   94.27
  1011    1.63   26.06   26.11    1.24   84.26  679.06  683.54    5.97  731.14   87.86
  1012    1.63   25.91   26.08    1.07   84.90  664.20  667.47    6.98  727.47   99.09
  1013    1.58   25.94   25.80    1.17   84.33  668.79  672.73    6.81  711.23   91.74
  1014    1.59   26.28   25.71    1.17   84.65  689.97  693.95    5.36  703.03   94.12
  1015    1.64   26.16   25.89    1.08   84.97  685.57  688.85    5.54  712.27  102.03
  1016    1.57   26.14   25.75    1.27   84.46  679.12  683.87    4.62  703.02   85.53
  1017    1.66   26.22   26.26    1.15   84.98  684.68  688.51    6.60  730.68   94.99
  1018    1.69   26.15   26.19    1.43   83.79  671.26  677.38    7.05  727.34   75.23
  1019    1.55   26.06   26.28    1.14   84.74  673.31  677.06    6.72  732.69   94.48
  1020    1.70   26.12   26.37    1.11   84.84  678.26  681.79    7.17  738.23   97.71
  1021    1.65   26.16   26.38    1.13   84.64  679.76  683.45    6.26  741.08   96.06
  1022    1.77   26.10   26.64    0.87   85.94  678.44  680.45    7.89  757.19  125.25
  1023    1.68   26.12   26.54    0.61   87.12  677.26  678.07    6.52  744.59  177.72
  1024    1.59   25.96   26.79    0.74   86.43  670.53  671.92    6.10  759.79  143.95
  1025    1.64   26.07   26.82    0.79   86.57  681.60  683.23    6.61  761.45  137.23
  1026    1.64   26.35   26.42    1.07   85.24  686.93  690.18    5.63  740.81  102.65
  1027    1.68   26.12   26.76    0.75   86.21  676.11  677.54    5.41  762.76  143.56
  1028    1.64   25.96   26.69    0.94   85.59  670.01  672.44    6.25  759.25  114.08
  1029    1.71   26.09   26.98    0.87   85.68  685.25  687.28    6.03  773.93  125.92
  1030    1.68   26.53   26.69    0.78   86.14  701.66  703.23    6.55  759.28  143.07
  1031    1.70   25.97   26.71    0.72   86.34  681.00  682.28    5.71  759.01  150.99
  1032    1.69   25.79   27.02    0.77   86.18  677.85  679.38    7.23  779.20  140.12
  1033    1.65   26.40   26.72    0.82   86.01  705.94  707.69    5.69  762.12  137.32
  1034    1.62   26.28   26.47    1.06   85.24  694.19  697.38    5.80  747.42  104.46
  1035    1.66   26.17   26.32    1.12   84.90  684.21  687.77    4.49  739.23   98.20
  1036    1.68   26.38   26.08    1.27   84.13  694.54  699.23    4.68  723.43   87.87
  1037    1.70   26.33   26.18    1.39   83.46  692.48  698.19    6.17  730.95   80.03
  1038    1.64   26.56   25.88    1.06   84.54  694.69  697.90    5.29  712.29  104.41
  1039    1.62   26.58   25.89    0.94   85.24  707.94  710.36    3.77  713.52  120.06
  1040    1.71   26.41   26.35    0.95   85.03  701.21  703.69    5.33  740.18  118.05
  1041    1.58   26.22   26.15    0.99   84.80  699.03  701.76    6.70  731.36  112.80
  1042    1.71   26.28   26.14    0.99   84.64  693.15  695.85    4.79  731.17  112.42
  1043    1.63   26.07   26.28    0.90   85.13  693.68  695.87    4.86  741.71  123.10
  1044    1.64   26.23   26.34    0.97   85.17  706.52  709.11    5.24  740.92  116.38
  1045    1.75   26.43   26.44    0.87   85.22  714.57  716.56    5.05  748.22  131.84
  1046    1.69   26.26   26.20    1.16   84.34  705.05  708.95    5.59  732.21   96.98
  1047    1.69   26.23   26.43    1.02   84.64  709.05  711.98    5.96  746.93  110.85
  1048    1.78   26.17   26.21    1.07   84.85  705.16  708.41    4.56  733.86  105.30
  1049    1.62   26.47   26.39    1.28   84.11  718.41  723.20    5.47  744.77   89.81
  1050    1.72   26.88   26.44    1.07   84.84  750.13  753.37    4.88  749.32  111.62
  1051    1.80   26.93   26.13    0.91   85.45  748.72  750.96    5.84  728.03  130.81
  1052    1.71   26.64   26.23    0.81   86.11  731.69  733.40    4.70  734.37  143.63
  1053    1.85   26.85   26.19    0.76   86.30  738.34  739.79    5.65  729.09  154.66
  1054    1.78   26.75   26.09    0.84   85.77  738.03  739.89    5.01  723.75  139.73
  1055    1.77   27.01   26.37    0.99   85.14  745.48  748.18    6.07  738.31  120.34
  1056    1.75   27.14   26.13    1.05   85.01  751.01  754.10    6.52  725.52  114.36
  1057    1.64   27.27   26.01    1.34   84.13  756.02  761.30    5.93  720.23   90.25
  1058    1.65   27.24   26.19    1.05   85.31  748.30  751.36    6.09  729.60  114.36
  1059    1.67   27.33   26.48    1.27   84.52  756.86  761.51    5.46  745.66   95.76
  1060    1.66   27.47   26.48    1.20   84.71  767.97  772.07    6.88  747.06  102.79
  1061    1.74   27.23   26.19    1.01   84.88  751.24  754.04    6.08  730.04  119.24
  1062    1.69   27.38   26.29    1.23   84.37  754.79  759.13    5.42  735.24   98.55
  1063    1.72   27.29   26.45    0.92   85.60  754.07  756.32    5.76  743.67  131.53
  1064    1.70   27.29   26.47    0.88   85.74  745.63  747.67    5.20  744.78  135.71
  1065    1.77   26.99   26.42    1.13   84.87  736.29  739.90    6.33  740.61  104.57
  1066    1.65   27.13   26.49    0.95   85.28  735.09  737.58    5.83  743.85  122.99
  1067    1.73   27.33   26.66    0.78   86.00  745.27  746.82    6.32  753.90  151.67
  1068    1.72   27.39   26.70    0.65   86.90  744.76  745.71    6.28  757.14  182.51
  1069    1.75   27.87   26.54    0.91   85.95  770.04  772.27    4.39  746.05  134.63
  1070    1.73   27.52   27.02    0.74   86.65  758.02  759.34    5.04  774.97  163.85
  1071    1.72   27.39   26.65    0.90   85.82  744.63  746.81    6.18  752.40  131.72
  1072    1.66   27.40   26.74    0.92   85.68  752.92  755.17    6.64  758.47  131.28
  1073    1.65   27.77   26.56    1.15   84.96  776.94  780.72    6.40  750.75  107.85
  1074    1.72   27.42   26.55    0.91   86.11  760.33  762.55    6.60  748.26  133.45
  1075    1.68   27.74   26.54    1.09   85.13  779.79  783.16    5.52  748.65  113.99
  1076    1.63   27.95   26.63    1.16   84.56  785.83  789.68    6.32  753.97  108.09
  1077    1.68   27.76   26.55    1.04   85.37  777.11  780.10    6.82  750.83  119.55
  1078    1.72   27.74   27.02    0.80   86.21  773.46  775.06    6.16  775.25  154.98
