#time, _distVP, _dist67, _distF,  _domz1, _flattenA, _projA, _domeA, _hrot, _projA_RF, _rad
     0    0.63   19.33   15.60    8.59   52.45  382.86  614.26   25.71  254.69   11.39
     1    0.78   21.46   16.63    7.54   58.42  456.31  634.55   21.51  289.77   13.40
     2    0.85   22.22   17.36    6.67   62.24  487.54  626.82   18.11  315.92   14.97
     3    0.84   23.03   17.86    6.13   64.85  518.45  636.31   18.47  334.05   16.52
     4    0.88   23.34   18.09    5.56   67.12  527.14  624.06   21.30  342.62   17.86
     5    0.89   23.56   18.16    5.16   68.72  532.72  616.06   17.21  345.50   19.01
     6    0.98   23.61   18.84    4.67   70.61  535.71  603.92   16.49  372.17   20.59
     7    0.92   23.61   18.82    4.65   70.93  545.47  613.03   15.94  371.46   21.00
     8    1.00   23.87   18.64    4.57   71.23  549.92  615.10   16.94  363.89   21.45
     9    0.96   24.13   19.13    4.24   72.68  566.50  622.62   14.39  383.28   23.39
    10    0.89   24.12   19.79    4.12   73.26  571.68  624.78   18.23  410.26   24.13
    11    0.90   24.37   19.85    4.00   73.79  576.94  626.80   17.65  412.63   24.97
    12    0.95   24.11   19.85    3.93   74.15  573.11  621.20   17.95  412.73   25.20
    13    0.89   24.25   20.38    3.82   74.51  576.75  622.37   15.35  435.10   25.92
    14    0.96   24.44   20.39    3.62   75.49  587.67  628.62   15.11  435.36   27.62
    15    0.85   23.95   20.54    3.78   74.74  567.83  612.31   20.29  442.20   25.82
    16    0.94   24.27   20.62    3.65   75.40  584.80  626.38   18.65  445.39   27.31
    17    0.98   24.37   20.65    3.88   74.44  587.18  634.14   16.25  446.88   26.03
    18    0.96   23.85   20.60    3.90   74.08  566.49  613.97   15.22  444.76   25.07
    19    1.02   24.06   20.69    3.63   75.20  567.88  609.08   12.79  448.72   26.68
    20    1.00   24.27   20.63    3.60   75.49  578.35  618.85   13.68  446.53   27.34
    21    0.97   24.19   20.84    3.58   75.40  569.33  609.27   13.75  455.45   27.10
    22    0.93   23.88   21.20    3.43   75.91  564.23  600.84   13.74  470.82   27.91
    23    0.86   23.86   21.13    3.46   75.89  571.30  608.58   13.52  468.28   28.02
    24    0.86   24.46   21.33    3.31   76.73  590.90  625.08   14.10  477.49   30.04
    25    0.96   24.48   21.11    3.10   77.48  590.68  620.58   15.75  467.15   31.86
    26    0.87   24.00   21.33    2.96   78.06  571.18  598.37   12.69  477.32   32.21
    27    1.04   24.13   21.29    3.26   76.87  577.13  610.21   14.56  474.61   29.80
    28    0.93   24.06   21.44    3.18   77.10  575.19  606.72   15.81  481.83   30.35
    29    1.25   24.35   21.52    2.88   78.50  584.60  610.31   12.47  485.12   33.77
    30    1.36   24.15   21.62    3.20   77.19  579.15  611.07    9.82  490.43   30.38
    31    1.37   24.35   21.44    3.07   77.68  582.81  612.02    9.77  482.03   31.79
    32    1.42   24.00   21.35    3.10   77.50  569.70  599.60   11.21  478.38   30.79
    33    1.08   24.07   21.90    2.96   78.10  576.93  604.23   11.41  502.98   32.46
    34    1.17   24.50   21.97    2.80   78.87  590.21  614.50    9.26  505.70   34.97
    35    1.10   24.17   21.90    2.61   79.47  569.22  590.38   14.36  502.84   35.97
    36    1.10   24.32   21.90    2.70   79.05  581.93  604.52   12.56  502.56   35.65
    37    1.07   24.37   22.18    2.82   78.66  584.43  609.06   12.30  515.34   34.42
    38    1.10   24.22   21.94    2.73   79.05  579.32  602.39   10.14  504.24   35.17
    39    1.13   23.95   21.88    2.48   80.04  577.42  596.38   10.96  501.73   38.34
    40    1.08   24.43   22.06    2.55   79.81  592.43  612.49   10.27  510.29   38.30
    41    1.15   24.70   22.20    2.46   80.21  599.50  618.21   11.07  516.52   40.01
    42    1.17   24.20   22.16    2.58   79.77  585.28  605.95   11.26  514.53   37.33
    43    1.31   24.07   22.51    2.59   79.52  568.48  589.27    9.80  531.20   36.21
    44    1.38   24.47   22.50    2.52   79.97  588.21  607.85    9.15  531.02   38.41
    45    1.28   23.98   22.80    2.39   80.19  564.55  582.19    8.85  545.53   38.80
    46    1.14   24.04   22.74    2.50   79.70  569.52  588.90    9.01  542.20   37.46
    47    1.19   23.87   22.74    2.41   80.00  561.11  579.07    9.09  542.26   38.26
    48    1.14   24.31   22.72    2.50   79.75  573.21  592.47    9.52  542.07   37.80
    49    1.25   24.15   22.74    2.42   80.05  576.81  594.90   10.85  541.82   39.15
    50    1.19   24.38   22.95    2.37   80.37  582.89  600.17    9.83  552.36   40.39
    51    1.18   24.32   22.86    2.63   79.30  582.07  603.46   10.28  548.04   36.57
    52    1.22   24.18   23.04    2.40   80.20  576.76  594.59   10.98  556.91   39.41
    53    1.23   24.08   23.04    2.24   80.91  576.80  592.26   10.98  558.35   42.10
    54    1.26   24.33   23.04    1.98   81.84  580.28  592.28    9.64  560.39   47.66
    55    1.32   23.97   22.89    2.16   81.18  569.92  584.22    9.52  551.15   43.16
    56    1.48   23.94   23.20    2.21   80.86  569.73  584.80   10.19  565.65   42.10
    57    1.38   24.40   23.23    2.21   80.94  585.10  600.16   12.58  566.92   43.21
    58    1.58   24.17   22.92    2.16   81.04  574.78  589.16   11.84  551.24   43.39
    59    1.41   24.24   23.07    2.17   81.11  580.50  594.99   11.52  559.37   43.66
    60    1.29   24.40   23.09    2.27   80.73  583.36  599.19    9.50  559.22   42.11
    61    1.26   24.42   23.16    1.97   81.81  579.28  591.17   13.31  563.52   47.79
    62    1.32   24.40   23.36    2.13   81.24  585.04  599.01   10.33  572.81   44.74
    63    1.34   24.68   23.17    2.22   81.03  591.36  606.56   10.63  564.07   43.46
    64    1.51   24.41   23.04    2.32   80.45  575.44  592.06    9.14  558.03   40.63
    65    1.37   23.98   23.29    2.17   80.76  564.77  579.31    8.93  569.21   42.46
    66    1.32   24.34   23.51    1.96   81.95  578.62  590.35   10.12  580.96   48.02
    67    1.26   24.56   23.29    2.14   81.22  581.00  595.09    9.58  569.22   44.26
    68    1.20   24.78   23.53    1.93   82.01  589.76  601.18    9.05  583.07   49.56
    69    1.23   25.11   23.43    1.96   82.18  603.11  614.87    7.79  577.76   49.95
    70    1.20   24.67   23.18    2.13   81.23  582.40  596.39    9.31  564.58   44.52
    71    1.31   24.59   23.05    2.26   80.51  584.92  600.68    9.25  558.05   42.30
    72    1.33   24.27   23.44    2.19   80.88  576.60  591.43    9.56  577.38   42.91
    73    1.31   24.25   23.35    2.12   81.24  580.78  594.60    9.48  572.76   44.65
    74    1.36   24.41   23.14    2.23   80.84  589.93  605.27    7.97  563.21   43.17
    75    1.39   24.68   23.60    1.95   81.96  599.38  611.01    7.53  584.35   49.90
    76    1.37   24.19   23.57    1.97   81.77  583.37  595.22    8.26  583.59   48.19
    77    1.34   24.26   23.49    2.17   81.08  584.97  599.51    8.96  579.45   43.92
    78    1.41   24.39   23.35    2.35   80.42  587.74  604.72    9.54  572.69   41.05
    79    1.32   24.96   23.45    2.45   79.99  595.62  614.14    9.90  578.52   39.95
    80    1.28   24.57   23.55    2.10   81.38  594.39  607.91    9.29  582.52   46.14
    81    1.26   24.77   23.76    1.88   82.30  606.13  616.86    9.55  595.14   52.38
    82    1.34   24.74   23.61    2.19   81.13  610.14  624.83    8.87  586.18   45.52
    83    1.24   24.84   23.62    2.16   81.05  606.19  620.55   10.25  586.55   45.73
    84    1.43   25.02   23.72    2.32   80.34  605.22  621.87    9.69  591.49   42.61
    85    1.29   24.94   23.90    2.05   81.52  607.89  620.79    9.55  600.55   48.21
    86    1.35   25.49   24.01    2.17   81.06  633.74  648.25    8.72  605.88   47.49
    87    1.43   25.49   24.01    2.32   80.64  637.90  654.48    8.59  606.48   44.92
    88    1.31   25.05   23.94    2.17   81.28  611.65  626.18    8.53  602.28   45.86
    89    1.28   24.40   23.52    2.16   81.13  590.01  604.43   12.06  582.92   44.46
    90    1.25   24.79   23.31    2.31   80.69  599.50  615.89   10.65  571.67   42.54
    91    1.28   24.99   23.61    2.34   80.55  608.66  625.57    9.10  586.34   42.55
    92    1.31   24.76   23.71    2.04   81.74  611.40  624.18   11.31  592.04   48.68
    93    1.32   25.36   23.77    2.25   81.03  631.56  647.18   11.32  593.18   45.75
    94    1.37   25.36   23.96    2.09   81.65  628.09  641.45    9.38  602.65   48.93
    95    1.43   25.18   24.15    2.23   80.87  621.83  637.13   10.78  612.54   45.49
    96    1.30   24.93   24.09    2.18   80.99  613.75  628.41    9.21  608.50   45.82
    97    1.43   25.09   23.97    1.81   82.55  619.61  629.55    8.73  603.37   55.48
    98    1.43   24.88   24.18    1.92   82.17  613.67  624.88    9.10  613.94   51.94
    99    1.36   24.71   23.98    1.99   81.78  611.05  623.14    9.02  603.30   49.93
   100    1.39   24.61   23.90    2.15   81.16  596.94  611.22   10.38  599.78   45.17
   101    1.38   24.51   24.04    2.25   80.67  596.69  612.34    9.65  607.26   43.27
   102    1.33   24.73   24.23    2.25   80.83  612.36  627.89    8.70  617.06   44.50
   103    1.15   24.53   24.11    2.30   80.47  609.07  625.30    7.83  612.20   43.38
   104    1.26   24.29   24.55    2.04   81.74  600.95  613.76    5.23  635.88   47.81
   105    1.23   24.73   24.69    2.07   81.45  614.67  627.84    6.17  641.37   48.25
   106    1.33   24.13   24.76    1.87   82.22  591.77  602.46    6.80  646.70   51.27
   107    1.19   24.23   24.76    1.94   81.86  591.48  603.02    6.93  645.32   49.44
   108    1.27   24.40   24.69    1.96   81.87  599.06  610.79    6.53  642.02   49.68
   109    1.32   24.88   24.53    1.78   82.82  617.47  627.07    7.03  634.30   56.20
   110    1.17   24.62   24.47    1.93   82.00  612.07  623.49    6.66  631.22   51.37
   111    1.31   24.33   24.53    2.02   81.55  594.54  607.10    7.79  634.92   47.76
   112    1.29   24.69   24.32    1.90   82.22  610.62  621.66    9.27  622.27   52.08
   113    1.41   25.10   24.80    2.09   81.56  626.03  639.40    6.21  646.69   48.77
   114    1.40   25.13   24.67    1.77   82.82  625.93  635.43    7.78  640.65   57.23
   115    1.30   25.63   24.48    2.21   81.17  650.63  665.69    7.62  631.32   47.89
   116    1.23   25.22   24.64    1.86   82.44  625.73  636.24    7.25  638.58   54.56
   117    1.30   24.82   24.56    1.91   82.17  613.53  624.63    6.67  633.81   52.18
   118    1.25   24.99   24.62    1.87   82.38  621.01  631.63    6.94  636.92   53.89
   119    1.33   25.16   24.41    2.02   81.95  635.24  647.71    5.38  625.23   51.09
   120    1.21   25.43   24.48    2.07   81.68  646.09  659.25    6.62  629.76   50.65
   121    1.26   25.41   24.72    2.02   81.91  647.53  659.98    6.45  641.81   52.08
   122    1.27   25.36   24.93    1.68   83.15  642.03  650.61    6.89  653.97   61.54
   123    1.35   25.23   24.98    1.60   83.34  631.81  639.58    8.28  656.63   63.48
   124    1.36   25.08   24.82    1.89   82.32  626.76  637.60    7.52  648.52   53.85
   125    1.33   24.86   24.89    1.76   82.71  620.16  629.62    9.76  651.27   56.83
   126    1.39   24.82   24.37    1.90   82.22  614.38  625.37    9.62  623.45   52.50
   127    1.37   24.71   24.57    1.78   82.64  606.95  616.57    9.12  634.25   55.21
   128    1.39   24.64   24.93    1.53   83.51  605.81  612.84    8.69  653.93   63.84
   129    1.39   25.09   24.73    1.57   83.57  619.03  626.47    8.36  642.96   63.49
   130    1.40   24.64   24.89    1.70   83.00  601.99  610.71    9.12  651.12   57.37
   131    1.36   24.80   24.60    1.61   83.40  612.61  620.40    7.13  635.02   61.51
   132    1.39   24.89   24.79    1.71   82.86  611.83  620.65    9.10  644.92   57.96
   133    1.36   24.91   24.91    1.55   83.67  618.82  626.03    8.06  650.90   64.42
   134    1.39   25.09   24.80    1.60   83.63  623.28  631.01    8.86  645.14   62.78
   135    1.37   25.22   24.63    1.40   84.46  631.10  636.94    7.56  635.78   72.38
   136    1.40   25.43   24.98    1.45   84.19  633.84  640.08    6.37  654.17   70.51
   137    1.39   25.45   24.91    1.44   84.21  633.80  639.99    7.01  650.49   70.78
   138    1.41   24.90   25.04    1.55   83.76  617.96  625.16    7.53  657.73   64.34
   139    1.41   24.97   25.06    1.25   84.89  625.79  630.35    7.51  660.45   80.58
   140    1.46   24.50   24.90    1.38   84.32  604.11  609.77    6.89  651.53   70.45
   141    1.43   24.85   24.90    1.29   84.74  620.38  625.26    8.48  651.51   77.37
   142    1.52   25.15   24.57    1.44   84.24  626.23  632.43    8.81  633.80   69.91
   143    1.41   24.99   24.35    1.55   83.79  616.82  624.03    8.14  622.40   64.17
   144    1.39   25.09   24.65    1.70   83.04  623.63  632.43   10.05  637.21   59.12
   145    1.40   24.76   24.76    1.67   83.26  616.42  624.87    8.87  642.72   59.55
   146    1.47   25.26   24.68    1.52   83.88  632.97  639.88    6.06  639.00   67.18
   147    1.43   24.71   24.78    1.48   84.02  609.03  615.62    7.54  643.51   66.14
   148    1.43   24.62   24.65    1.80   82.39  608.69  618.60    6.40  638.15   54.61
   149    1.51   24.65   24.81    1.65   83.04  607.70  615.90    5.78  646.41   59.60
   150    1.53   24.35   24.82    1.71   82.82  592.28  601.17    7.64  646.19   55.96
   151    1.42   24.40   24.92    1.39   84.12  599.67  605.45    7.95  651.44   69.23
   152    1.40   24.22   24.90    1.36   84.21  589.12  594.60    7.26  651.12   69.83
   153    1.42   24.68   24.73    1.52   83.76  606.66  613.56    6.03  641.85   64.47
   154    1.50   24.31   24.97    1.44   83.96  602.56  608.80    6.39  654.07   67.10
   155    1.48   24.31   25.03    1.46   84.12  597.15  603.51    7.22  657.63   66.00
   156    1.56   24.57   24.93    1.50   83.82  609.26  616.07    6.41  651.90   65.19
   157    1.52   24.33   24.99    1.71   83.00  599.25  608.13    5.81  655.70   56.63
   158    1.59   24.58   25.02    1.74   83.11  608.44  617.63    6.66  656.56   56.54
   159    1.53   24.61   24.86    1.68   83.27  607.85  616.42    4.98  648.96   58.38
   160    1.53   25.00   24.79    1.61   83.48  621.48  629.29    8.45  644.96   62.30
   161    1.56   24.61   25.06    1.48   83.85  602.93  609.48    8.36  658.86   65.68
   162    1.55   24.72   24.80    1.49   83.78  611.02  617.73    7.06  644.97   65.80
   163    1.70   24.59   24.77    1.59   83.25  611.99  619.65    4.60  643.71   61.93
   164    1.60   24.63   24.47    1.60   83.24  606.77  614.53    7.31  629.37   61.07
   165    1.55   24.46   24.61    1.50   83.76  601.24  608.00    5.47  639.17   64.53
   166    1.50   24.68   24.86    1.61   83.44  616.31  624.11    5.32  649.90   61.83
   167    1.53   24.49   25.02    1.55   83.58  605.28  612.55    7.44  657.50   62.80
   168    1.61   24.82   24.87    1.52   83.82  621.97  628.91    7.71  651.66   65.91
   169    1.52   24.74   25.38    1.41   84.21  626.84  632.77    9.26  677.22   71.42
   170    1.59   24.93   25.30    1.68   83.28  630.54  639.04    7.53  673.47   60.71
   171    1.44   24.88   25.20    1.66   83.26  626.28  634.62    7.89  669.81   60.84
   172    1.50   24.84   25.29    1.55   83.69  630.60  637.87    8.71  672.24   65.35
   173    1.47   24.78   25.03    1.46   84.05  622.62  629.01    7.44  658.41   68.54
   174    1.54   24.93   25.54    1.63   83.40  634.98  643.01    8.42  685.87   62.76
   175    1.45   24.66   25.26    1.55   83.68  622.95  630.17    8.31  670.57   64.77
   176    1.52   25.30   25.33    1.71   83.11  639.95  648.83    7.47  674.18   60.36
   177    1.54   25.19   25.18    1.75   82.98  644.39  653.64    8.30  666.26   59.59
   178    1.43   24.84   24.80    1.64   83.56  624.95  633.03    6.98  646.96   61.63
   179    1.47   24.91   24.98    1.58   83.70  629.10  636.66    6.43  655.24   63.98
   180    1.50   25.11   24.88    1.61   83.36  636.65  644.52    6.91  650.49   63.56
   181    1.46   25.08   25.03    1.51   83.72  635.58  642.41    7.45  658.16   67.78
   182    1.49   25.00   24.76    1.57   83.43  627.47  634.91    7.25  643.97   64.31
   183    1.55   25.04   24.80    1.62   83.31  635.56  643.44    8.37  647.50   63.40
   184    1.51   24.86   24.96    1.57   83.71  629.03  636.49    8.36  655.36   64.40
   185    1.55   24.89   25.23    1.65   83.13  637.21  645.46    8.80  670.11   62.21
   186    1.48   24.72   24.79    1.81   82.60  626.02  636.03    7.04  645.91   55.83
   187    1.54   24.86   24.89    1.76   82.96  629.99  639.41    8.38  650.96   57.81
   188    1.53   24.74   24.93    1.51   83.78  613.56  620.40    7.34  653.46   65.43
   189    1.49   24.69   25.03    1.76   82.73  612.48  621.86    8.48  658.78   56.35
   190    1.48   24.63   25.14    1.44   84.08  616.45  622.69    8.54  663.28   68.64
   191    1.49   25.09   25.06    1.53   83.89  632.73  639.76    6.59  658.62   66.55
   192    1.63   24.70   24.80    1.34   84.48  614.62  619.92    4.28  645.66   73.88
   193    1.61   24.67   24.63    1.70   83.00  613.33  622.13    6.99  636.57   58.17
   194    1.52   25.23   24.60    1.68   83.17  640.00  648.56    8.86  636.57   61.40
   195    1.52   25.15   24.80    1.43   84.20  634.45  640.58    7.26  645.98   71.13
   196    1.57   25.41   25.03    1.47   84.27  642.48  648.97    7.08  656.91   70.18
   197    1.56   25.66   24.83    1.37   84.61  654.06  659.62    6.94  647.64   76.73
   198    1.48   25.96   25.05    1.51   84.18  671.59  678.43    8.03  658.73   71.43
   199    1.57   25.26   25.12    1.31   84.77  636.69  641.77    6.79  663.77   77.96
   200    1.59   25.62   25.16    1.40   84.54  651.70  657.50    6.51  664.83   74.96
   201    1.52   25.37   25.08    1.41   84.42  639.85  645.76    5.85  662.79   72.95
   202    1.52   25.87   24.94    1.62   83.51  661.35  669.30    6.33  655.10   65.60
   203    1.52   25.71   25.17    1.37   84.61  657.57  663.12    5.47  666.95   77.16
   204    1.49   26.02   25.25    0.96   86.11  673.35  675.90    5.72  669.81  112.08
   205    1.47   26.39   25.11    1.19   85.35  689.43  693.56    5.48  663.65   92.48
   206    1.47   26.22   24.91    1.42   84.37  683.95  689.92    5.76  653.51   77.49
   207    1.57   26.23   24.93    1.61   83.60  684.51  692.32    6.46  655.57   68.39
   208    1.65   26.47   24.77    1.30   84.94  687.33  692.26    5.53  646.06   85.05
   209    1.56   26.46   24.97    1.18   85.48  691.14  695.14    4.81  657.86   94.07
   210    1.49   26.44   25.07    1.34   84.92  697.74  703.03    4.44  663.31   83.49
   211    1.52   26.15   24.66    1.04   86.13  670.17  673.25    5.00  641.65  102.72
   212    1.50   26.10   24.98    0.88   86.62  680.30  682.36    7.71  658.51  124.08
   213    1.46   26.26   24.65    0.84   86.88  684.23  686.10    6.41  640.59  130.28
   214    1.46   26.36   24.56    1.16   85.55  693.57  697.43    6.58  637.09   95.82
   215    1.56   26.43   25.05    1.12   85.42  692.51  696.13    7.12  663.02   98.58
   216    1.48   26.16   25.02    1.01   85.82  679.71  682.57    7.49  662.74  107.63
   217    1.54   25.83   24.95    1.36   84.37  659.56  665.01    6.22  658.04   78.00
   218    1.46   25.47   25.31    1.32   84.41  658.90  664.05    6.70  677.16   80.02
   219    1.53   25.57   24.97    1.76   82.96  661.91  671.24    6.13  661.23   60.90
   220    1.39   25.46   25.00    1.11   85.23  654.57  658.09    6.49  662.85   94.64
   221    1.48   25.45   24.87    1.29   84.63  647.07  651.99    6.85  657.76   80.32
   222    1.49   25.26   24.85    1.19   85.15  647.96  652.11    6.60  655.80   86.92
   223    1.55   25.50   25.10    1.26   84.92  655.86  660.53    3.82  669.25   83.37
   224    1.50   25.48   25.19    1.12   85.45  654.76  658.36    7.28  674.05   93.61
   225    1.40   25.49   24.74    1.45   84.05  656.89  663.17    7.97  649.62   72.76
   226    1.35   25.35   25.32    1.62   83.51  654.87  662.75    9.40  679.41   65.26
   227    1.41   25.37   25.15    1.38   84.58  653.06  658.67    7.59  668.46   76.25
   228    1.43   25.38   25.15    1.29   84.99  652.92  657.79    7.60  669.01   81.45
   229    1.37   25.32   25.30    1.14   85.62  650.76  654.49    8.49  677.27   91.70
   230    1.44   25.43   25.27    1.10   85.72  656.29  659.74    7.27  675.04   95.62
   231    1.42   25.50   25.18    1.02   86.17  654.43  657.37    9.08  669.22  102.40
   232    1.39   25.40   25.29    0.99   86.29  654.31  657.07    7.67  673.14  105.44
   233    1.36   25.02   24.91    1.17   85.35  636.24  640.24    9.41  652.94   86.92
   234    1.33   25.14   25.21    1.03   85.72  646.07  649.10   11.12  669.64   99.95
   235    1.43   24.71   25.44    1.03   85.66  628.88  631.90    9.67  681.08   97.52
   236    1.43   24.70   25.46    1.11   85.46  625.43  628.95    7.95  683.75   90.61
   237    1.60   24.64   25.48    0.99   85.86  628.75  631.53    6.70  685.08  101.24
   238    1.36   24.56   25.30    0.96   86.04  627.76  630.35   10.31  672.64  104.47
   239    1.42   24.72   25.54    1.20   85.14  628.87  633.11    8.09  685.42   83.67
   240    1.44   25.09   25.27    1.34   84.62  646.15  651.50    7.71  670.82   77.16
   241    1.45   25.11   25.39    1.42   84.43  644.12  650.09    7.66  679.44   73.08
   242    1.49   24.99   25.21    1.40   84.34  643.29  649.16    8.67  669.07   73.60
   243    1.59   25.04   25.42    1.04   85.88  643.96  647.04    8.05  680.27   98.89
   244    1.49   25.08   25.50    1.09   85.41  646.97  650.35    8.69  685.10   95.34
   245    1.45   24.82   25.63    1.31   84.63  634.69  639.75    9.98  692.82   77.78
   246    1.52   24.85   25.59    1.11   85.57  631.67  635.25    9.15  690.00   90.83
   247    1.50   24.98   25.60    0.73   87.13  639.20  640.56    8.02  689.70  139.61
   248    1.50   24.77   25.23    0.97   86.29  626.63  629.25   10.41  671.85  103.72
   249    1.47   24.53   25.40    1.06   85.77  621.77  624.99   10.44  682.71   93.81
   250    1.50   24.62   25.44    0.89   86.54  632.95  635.14    9.23  683.31  113.17
   251    1.58   24.87   25.25    1.05   85.90  633.16  636.29   10.11  672.71   96.62
   252    1.56   24.95   25.36    0.67   87.34  634.71  635.82   10.43  679.26  149.99
   253    1.54   25.36   25.32    0.96   86.28  651.35  653.92    8.26  676.18  108.38
   254    1.45   25.59   25.30    1.06   85.84  657.88  661.07   10.36  675.86   99.38
   255    1.49   25.70   25.29    1.12   85.74  661.15  664.75    7.34  674.53   94.54
   256    1.52   25.90   25.10    1.13   85.59  658.41  662.11    7.31  666.46   93.04
   257    1.60   25.90   25.37    1.29   84.96  668.10  673.00    8.89  680.31   82.92
   258    1.45   25.86   25.58    0.97   86.19  668.16  670.77    8.79  692.30  110.23
   259    1.53   25.75   25.49    0.85   86.61  660.34  662.30    8.60  684.64  123.59
   260    1.54   25.44   25.54    0.83   86.73  647.60  649.45   10.68  686.66  124.15
   261    1.52   25.64   25.55    1.13   85.60  656.26  659.94    9.90  686.51   93.00
   262    1.61   25.57   25.53    1.07   85.72  656.51  659.75    8.37  686.16   98.39
   263    1.47   26.16   25.43    1.08   85.83  677.30  680.63   11.48  681.71  100.22
   264    1.43   25.86   25.27    1.13   85.59  666.30  670.00    8.49  672.14   94.06
   265    1.43   25.54   25.24    0.93   86.37  653.29  655.65    6.97  670.25  112.69
   266    1.36   25.61   25.27    1.08   85.72  656.76  660.10    8.59  672.80   97.23
   267    1.35   25.48   25.19    1.06   85.84  651.40  654.58    6.75  667.41   98.59
   268    1.40   25.46   25.07    1.10   85.74  645.44  648.88   10.02  662.09   94.31
   269    1.35   25.36   24.99    1.15   85.39  640.28  644.08   10.92  657.82   89.53
   270    1.35   25.48   25.41    1.33   84.75  651.19  656.39    9.07  678.94   78.75
   271    1.43   24.97   25.46    1.39   84.29  627.30  633.07    8.73  683.02   72.39
   272    1.44   24.77   25.34    1.34   84.59  615.58  620.94    8.69  675.71   73.57
   273    1.44   24.69   25.35    1.12   85.50  618.65  622.28    8.35  676.72   88.39
   274    1.51   24.55   25.30    1.14   85.32  613.69  617.49    9.86  674.76   85.92
   275    1.50   24.37   25.20    1.16   85.21  604.73  608.67    8.91  670.39   83.35
   276    1.32   24.60   24.76    1.13   85.27  609.97  613.69   10.34  647.27   86.19
   277    1.42   24.83   24.84    1.16   85.15  614.82  618.75   11.49  652.90   84.79
   278    1.42   24.18   24.79    1.09   85.33  589.58  593.05   10.74  650.71   86.26
   279    1.33   24.43   25.33    0.79   86.61  599.11  600.75    9.06  677.88  121.57
   280    1.34   24.40   25.26    0.87   86.23  595.15  597.22    9.08  674.46  109.24
   281    1.29   24.35   25.29    0.90   86.13  589.66  591.88    9.84  675.59  105.13
   282    1.39   24.68   25.10    0.79   86.67  607.08  608.71   11.02  664.77  123.31
   283    1.35   24.57   25.11    0.89   86.23  601.61  603.79    8.32  664.17  108.05
   284    1.39   23.93   25.30    1.04   85.74  586.69  589.76   10.28  673.09   90.63
   285    1.36   24.20   24.81    1.01   85.79  590.14  593.06   10.37  648.25   93.25
   286    1.31   24.45   25.07    0.88   86.25  597.49  599.62    6.74  660.40  108.37
   287    1.37   24.20   25.17    0.72   86.83  589.97  591.29    8.20  666.01  131.14
   288    1.31   24.35   25.11    0.96   86.06  596.38  598.95    5.98  661.61   99.67
   289    1.23   24.07   24.89    0.99   85.71  584.46  587.25    6.18  651.30   94.34
   290    1.25   24.20   24.78    1.01   85.63  594.97  597.86    7.72  646.22   94.44
   291    1.26   24.33   24.98    0.81   86.47  595.19  596.94    6.47  656.63  117.47
   292    1.33   24.35   25.08    0.80   86.65  595.37  597.10    6.09  660.03  118.16
   293    1.32   24.17   25.30    0.86   86.29  591.15  593.16    5.59  672.73  110.29
   294    1.34   23.93   25.38    0.79   86.64  581.74  583.42    6.03  677.74  117.10
   295    1.25   24.12   25.11    0.83   86.48  583.13  584.98    6.69  660.97  112.73
   296    1.34   24.25   24.97    1.08   85.50  592.39  595.77    5.59  654.56   87.62
   297    1.26   24.35   25.03    0.82   86.52  592.41  594.21    6.42  658.17  115.85
   298    1.30   24.55   25.35    0.78   86.75  601.89  603.51    5.82  674.35  122.80
   299    1.31   24.63   25.10    0.82   86.64  604.98  606.80    6.93  661.32  117.42
   300    1.31   24.33   25.13    1.04   85.66  596.16  599.28    6.67  662.74   91.36
   301    1.29   24.50   25.19    1.15   85.40  598.20  602.03    8.32  665.21   83.57
   302    1.24   24.63   25.32    0.88   86.24  603.32  605.46    7.33  672.66  109.23
   303    1.30   24.74   25.66    1.00   85.91  611.55  614.41    8.03  690.59   97.43
   304    1.30   24.85   25.53    0.78   86.75  621.86  623.45    6.81  683.40  127.53
   305    1.31   24.61   25.71    0.75   86.86  612.56  614.01    6.09  692.85  130.54
   306    1.29   24.42   25.55    0.91   86.06  601.58  603.89    7.59  684.54  105.47
   307    1.24   24.47   25.38    0.79   86.68  598.48  600.14    8.15  676.59  120.80
   308    1.34   24.53   25.35    1.03   85.98  603.00  606.00    5.76  673.37   94.06
   309    1.28   24.60   25.40    0.97   86.14  602.51  605.19    5.67  676.49   98.84
   310    1.27   24.25   25.31    1.11   85.40  588.17  591.71    7.07  671.93   85.21
   311    1.27   23.60   25.21    0.88   86.38  572.92  575.09    6.42  666.12  103.60
   312    1.24   23.53   25.09    1.07   85.60  568.10  571.39    6.07  659.74   85.19
   313    1.32   23.67   25.11    1.44   84.13  568.37  574.57    7.23  661.06   63.68
   314    1.30   23.95   24.98    1.15   85.29  576.73  580.58    8.90  653.91   80.43
   315    1.30   23.69   24.86    1.27   84.78  566.25  571.00    7.16  647.25   71.79
   316    1.39   23.78   24.63    1.21   84.93  566.16  570.51    4.79  635.45   74.80
   317    1.32   24.08   24.64    0.96   86.06  578.64  581.25    7.88  635.87   96.20
   318    1.33   23.77   24.84    1.24   84.87  569.09  573.60    6.53  646.55   73.87
   319    1.26   23.99   24.54    1.04   85.81  578.90  582.02    5.55  630.63   88.89
   320    1.38   23.80   24.73    1.09   85.61  570.78  574.23    7.75  640.79   83.79
   321    1.33   24.11   24.65    1.12   85.32  575.03  578.67    5.73  636.48   82.35
   322    1.31   23.84   24.66    1.22   84.88  565.06  569.49    3.94  637.53   74.06
   323    1.33   24.02   24.76    1.26   84.75  571.74  576.41    5.26  642.02   73.09
   324    1.23   23.96   25.10    1.20   84.88  570.23  574.49    6.65  660.12   75.99
   325    1.35   23.93   25.00    1.02   85.86  566.16  569.16    5.95  654.89   88.53
   326    1.37   23.64   24.73    1.25   84.86  561.21  565.82    6.01  641.12   72.15
   327    1.32   23.54   24.79    1.19   85.12  558.19  562.37    8.09  644.13   75.13
   328    1.36   23.57   24.81    1.11   85.41  561.97  565.53    6.75  645.96   81.39
   329    1.33   23.60   24.61    1.18   85.08  556.58  560.65    8.47  635.64   75.84
   330    1.30   23.96   24.94    1.21   84.83  569.60  573.91    8.38  653.90   75.51
   331    1.35   23.90   25.05    1.20   85.01  576.67  580.89    7.13  659.74   77.10
   332    1.32   23.46   25.27    1.00   85.71  556.30  559.13    6.17  671.55   89.47
   333    1.43   23.44   25.20    0.88   86.04  562.63  564.75    7.23  667.02  102.59
   334    1.33   23.28   24.92    0.95   85.90  551.02  553.57    6.90  652.46   92.79
   335    1.34   23.19   24.85    0.86   86.34  547.82  549.86    8.08  648.55  101.98
   336    1.36   23.36   25.00    1.07   85.44  551.95  555.24    8.16  657.38   82.87
   337    1.37   23.18   24.93    1.17   85.22  550.89  554.88    5.10  653.70   75.69
   338    1.35   22.99   24.78    1.38   84.27  544.75  550.44    6.86  646.20   63.62
   339    1.35   22.96   24.67    1.13   85.20  545.86  549.56    7.97  639.39   77.73
   340    1.40   23.04   25.22    1.17   85.03  551.83  555.83    6.03  667.63   75.76
   341    1.35   23.04   25.29    1.19   85.00  553.25  557.39    7.39  670.67   74.81
   342    1.35   22.91   25.04    1.37   84.23  547.04  552.69    7.86  657.91   64.06
   343    1.38   22.90   25.05    1.26   84.71  545.50  550.19    8.34  658.38   69.61
   344    1.33   22.67   25.17    1.16   85.08  538.18  542.15    9.08  664.57   74.33
   345    1.30   22.60   25.03    1.09   85.22  533.01  536.50    7.39  657.17   78.05
   346    1.33   22.54   25.24    1.19   84.92  529.81  533.99    7.81  668.47   71.46
   347    1.31   22.89   25.50    1.36   84.45  548.25  553.74    9.63  682.25   65.04
   348    1.33   23.10   25.03    1.25   84.80  550.66  555.28    7.92  657.42   70.72
   349    1.32   22.98   25.19    1.33   84.63  551.30  556.54    8.09  667.52   66.82
   350    1.36   23.16   25.15    1.07   85.58  554.09  557.43    6.90  664.45   82.73
   351    1.33   23.26   25.33    1.17   85.25  557.71  561.74    9.40  673.59   76.37
   352    1.35   23.25   25.31    0.79   86.77  560.75  562.44    8.51  673.07  112.98
   353    1.41   23.37   25.52    0.70   87.12  566.42  567.69    6.55  685.06  128.26
   354    1.34   23.63   25.27    0.85   86.40  576.19  578.16    7.12  672.77  108.43
   355    1.32   23.51   25.28    0.92   86.33  572.97  575.36    5.75  674.85   99.12
   356    1.36   23.40   25.03    0.92   86.32  565.76  568.15    5.78  660.34   97.97
   357    1.34   23.33   25.10    1.10   85.69  562.48  566.01    4.44  666.62   81.73
   358    1.41   23.19   24.80    1.13   85.52  557.30  561.05    4.78  649.70   78.79
   359    1.41   23.49   24.82    1.13   85.63  567.58  571.27    6.95  651.74   80.82
   360    1.31   23.35   24.49    1.10   85.61  558.90  562.38    6.72  633.03   81.77
   361    1.37   23.54   24.86    0.85   86.54  565.38  567.34    6.15  653.16  106.80
   362    1.30   23.26   24.68    1.08   85.92  560.96  564.32    5.97  641.29   83.39
   363    1.36   23.18   24.77    0.86   86.70  558.44  560.50    5.37  646.73  103.27
   364    1.39   23.16   24.84    1.06   85.75  555.80  559.06    6.78  649.74   83.86
   365    1.41   22.79   24.64    1.26   84.74  544.72  549.41    6.17  639.31   69.57
   366    1.47   23.15   24.83    1.19   85.19  557.16  561.33    6.23  647.88   75.12
   367    1.53   23.17   24.79    1.03   85.89  559.28  562.31    6.51  645.36   87.15
   368    1.47   22.87   25.03    0.81   86.59  551.17  552.94    7.40  657.00  108.77
   369    1.40   23.22   25.17    1.10   85.51  556.86  560.36    4.82  666.26   81.33
   370    1.48   23.12   25.06    1.13   85.63  553.89  557.60    4.78  660.62   78.75
   371    1.44   23.00   25.28    1.18   85.42  554.38  558.46    6.91  671.55   75.50
   372    1.33   22.34   25.52    1.10   85.59  529.64  533.19    7.77  685.16   77.05
   373    1.38   22.74   25.37    0.90   86.55  544.46  546.73    6.03  678.29   96.71
   374    1.33   22.96   25.31    0.85   86.63  556.21  558.20    5.57  674.52  104.52
   375    1.35   23.10   25.28    0.95   86.24  557.02  559.58    4.72  672.41   93.59
   376    1.39   22.67   25.47    1.00   86.03  547.39  550.23    7.12  682.17   87.88
   377    1.37   22.71   25.43    0.83   86.76  544.23  546.13    6.16  680.92  104.36
   378    1.24   22.86   25.22    0.90   86.65  551.59  553.86    6.55  669.16   97.86
   379    1.33   22.50   25.18    0.82   86.91  534.52  536.38    4.84  667.85  103.72
   380    1.34   22.55   25.17    0.94   86.25  537.79  540.28    6.03  669.34   91.78
   381    1.48   22.49   25.20    1.15   85.34  533.06  536.95    6.17  669.40   74.28
   382    1.42   22.42   25.22    1.40   84.22  532.18  538.02    6.80  668.86   61.39
   383    1.43   22.37   24.94    1.42   84.15  536.70  542.74    6.50  653.80   60.96
   384    1.46   22.46   25.17    1.06   85.78  540.48  543.72    4.99  666.06   81.78
   385    1.49   22.46   25.35    0.99   86.08  542.80  545.57    6.20  675.34   88.11
   386    1.45   22.89   25.16    1.24   85.15  556.53  561.07    5.83  666.18   72.10
   387    1.42   22.72   25.00    1.23   84.98  550.28  554.72    8.95  655.98   72.05
   388    1.41   22.47   24.93    1.22   84.90  543.78  548.21    9.18  652.74   71.28
   389    1.36   22.23   24.82    0.98   86.07  535.09  537.86    8.17  647.33   86.95
   390    1.29   22.74   25.35    0.82   86.80  559.85  561.67    7.80  677.27  109.48
   391    1.32   22.63   25.19    0.96   86.29  550.13  552.77    8.47  666.77   91.23
   392    1.42   22.48   25.17    0.98   86.16  542.75  545.48    7.57  665.61   88.83
   393    1.54   22.85   25.01    1.23   85.22  559.05  563.51    6.41  658.13   72.98
   394    1.53   22.54   24.87    1.23   85.12  540.10  544.55    5.74  648.73   70.67
   395    1.46   22.50   24.94    1.03   86.09  543.54  546.62    6.08  652.92   84.20
   396    1.48   22.20   24.77    0.87   86.48  530.87  532.99    7.00  644.14   97.22
   397    1.50   22.14   24.90    1.08   85.62  527.63  531.00    6.62  650.80   78.55
   398    1.49   21.96   24.79    1.03   86.02  522.07  525.13    6.11  646.04   81.27
   399    1.52   22.20   24.91    0.92   86.26  526.86  529.27    5.90  652.59   91.30
   400    1.63   22.16   24.66    0.94   86.26  526.42  528.92    7.19  638.35   89.73
   401    1.47   22.47   24.67    1.09   85.53  541.23  544.66    6.42  639.71   79.87
   402    1.43   21.94   24.69    1.08   85.81  527.26  530.66    8.09  641.81   78.16
   403    1.49   22.17   24.60    0.94   86.42  535.36  537.86    9.18  636.45   91.15
   404    1.41   22.46   24.56    1.35   84.53  541.65  547.07    8.79  633.76   64.71
   405    1.50   22.16   24.92    0.89   86.45  540.84  543.07    8.72  652.99   96.80
   406    1.48   22.23   24.57    1.02   85.76  543.27  546.27    8.68  633.90   85.28
   407    1.44   22.03   25.24    0.87   86.49  545.81  547.92    7.41  669.06  100.09
   408    1.40   22.05   24.74    0.92   86.09  534.72  537.13    9.69  643.20   92.53
   409    1.44   22.41   25.00    0.99   86.16  556.00  558.78    9.24  656.77   90.15
   410    1.42   22.52   25.13    0.98   86.07  555.28  558.03    8.46  663.39   90.31
   411    1.38   22.54   24.93    1.06   85.72  555.54  558.76   11.27  653.41   84.23
   412    1.47   22.65   24.95    0.76   87.21  561.93  563.45   10.23  654.24  118.21
   413    1.48   22.75   25.00    0.82   86.85  561.82  563.66    8.48  659.13  109.00
   414    1.45   23.03   25.14    0.79   87.04  572.34  574.00    8.65  666.85  116.05
   415    1.50   23.22   25.12    0.98   86.20  576.88  579.59    6.61  664.86   94.50
   416    1.44   23.21   25.10    1.07   85.80  578.67  581.97    8.43  663.09   86.64
   417    1.46   22.95   25.17    0.90   86.37  563.93  566.18    6.80  667.38  100.28
   418    1.41   22.85   24.78    1.02   85.74  554.52  557.49    7.33  645.69   87.27
   419    1.37   22.80   25.13    1.10   85.47  555.56  559.08    6.60  664.71   80.89
   420    1.44   22.93   25.41    1.31   84.59  558.11  563.21    7.67  679.13   68.49
   421    1.44   22.93   25.08    1.32   84.61  556.54  561.71    5.99  660.76   67.91
   422    1.49   22.54   25.03    1.12   85.37  539.88  543.55    5.77  659.14   77.22
   423    1.56   22.65   24.97    1.17   85.30  545.82  549.82    6.16  658.56   75.03
   424    1.51   22.60   25.08    0.89   86.47  552.39  554.58    6.64  663.28   99.52
   425    1.68   22.81   25.08    1.02   85.88  551.50  554.49    6.33  663.82   86.52
   426    1.62   22.82   25.02    1.12   85.51  549.42  553.10    5.10  659.73   78.50
   427    1.76   22.89   24.78    1.07   85.65  558.51  561.84    4.87  646.40   83.36
   428    1.61   22.59   25.15    1.33   84.57  546.55  551.79    4.22  666.54   66.30
   429    1.53   22.32   25.05    1.24   84.89  536.09  540.61    5.20  662.37   69.68
   430    1.73   22.10   25.12    1.07   85.61  531.89  535.20    4.81  665.66   79.87
   431    1.62   22.21   25.23    1.21   85.05  532.49  536.79    5.33  672.83   70.90
   432    1.51   22.58   25.28    1.14   85.27  546.33  550.11    7.68  677.48   77.09
   433    1.53   22.19   25.24    1.03   85.56  537.60  540.64    7.57  675.21   83.86
   434    1.43   22.40   25.24    1.09   85.22  547.95  551.42    8.58  675.35   80.38
   435    1.48   22.29   24.99    1.16   85.12  542.55  546.50    6.96  662.89   75.07
   436    1.58   22.40   25.02    1.26   84.79  548.88  553.63    7.53  665.90   69.69
   437    1.57   22.18   24.71    1.39   84.31  536.61  542.42    8.05  651.34   62.06
   438    1.60   22.06   24.69    1.20   84.86  523.45  527.73    5.46  647.43   69.81
   439    1.71   21.97   24.72    1.18   85.19  523.39  527.47    3.71  647.62   71.42
   440    1.71   22.06   24.34    1.14   85.17  527.97  531.77    4.17  627.66   74.37
   441    1.64   21.91   24.42    0.95   86.01  521.96  524.54    4.37  629.73   87.79
   442    1.65   22.23   24.60    0.87   86.35  535.61  537.70    4.94  639.68   98.74
   443    1.69   22.10   24.30    1.01   85.61  524.81  527.74    5.13  621.70   83.31
   444    1.63   21.94   24.26    1.21   84.66  524.60  528.95    6.62  622.03   69.41
   445    1.63   21.87   24.57    1.32   84.24  517.40  522.58    6.12  636.18   63.20
   446    1.59   21.83   24.39    1.44   83.63  518.05  524.32    7.68  629.17   57.87
   447    1.61   21.96   24.54    1.37   84.22  523.30  528.89    5.17  637.10   61.66
   448    1.64   22.05   24.69    1.41   83.66  526.93  532.95    6.69  645.37   59.99
   449    1.70   21.96   24.58    1.05   85.40  519.47  522.65    6.35  639.31   79.58
   450    1.63   21.87   24.68    1.31   84.07  514.70  519.86    7.53  645.07   63.02
   451    1.62   21.86   24.46    1.20   84.49  512.38  516.65    6.52  632.44   68.56
   452    1.59   22.08   24.51    1.25   84.21  522.16  526.83    6.94  635.28   66.91
   453    1.65   21.85   24.50    1.17   84.91  515.57  519.64    6.22  637.05   70.46
   454    1.58   22.06   24.63    1.39   83.72  522.08  527.87    6.78  644.64   60.54
   455    1.60   22.20   24.72    1.28   84.48  531.54  536.38    5.30  647.19   66.97
   456    1.56   22.38   24.50    1.44   83.75  537.97  544.22    5.73  637.07   60.14
   457    1.73   22.02   24.42    1.34   84.17  521.41  526.75    6.04  630.35   62.74
   458    1.63   22.13   24.82    1.21   84.55  527.23  531.58    7.14  651.77   69.79
   459    1.76   22.15   24.38    1.10   85.24  521.14  524.70    4.38  628.50   75.71
   460    1.72   22.46   24.70    1.53   83.50  542.30  549.33    5.01  647.65   57.35
   461    1.66   22.38   24.57    1.13   85.56  540.23  543.99    3.66  640.94   76.42
   462    1.69   22.20   24.45    1.41   84.23  529.42  535.36    4.27  632.67   60.64
   463    1.72   22.30   24.29    1.30   84.73  534.35  539.37    5.54  623.89   66.16
   464    1.62   22.59   24.57    1.29   84.76  547.56  552.52    6.75  639.25   68.15
   465    1.78   22.65   24.49    1.08   85.48  551.46  554.86    6.52  634.49   81.67
   466    1.80   22.59   24.59    1.17   85.36  548.12  552.13    6.14  640.10   75.25
   467    1.69   22.52   24.55    1.06   85.93  546.76  549.99    5.34  638.69   82.89
   468    1.65   22.33   24.54    0.96   86.20  540.40  543.00    6.72  638.95   90.42
   469    1.70   22.38   24.78    0.90   86.41  540.42  542.66    5.86  651.81   96.54
   470    1.68   22.24   24.63    0.76   86.94  539.03  540.56    4.98  643.76  113.52
   471    1.68   22.65   24.83    0.56   87.66  559.79  560.48    5.85  655.56  160.10
   472    1.72   22.57   25.23    0.71   86.79  552.69  553.98    4.74  674.81  124.72
   473    1.72   22.41   25.04    0.60   87.43  546.22  547.08    5.27  660.67  144.83
   474    1.76   22.55   24.90    1.08   85.39  552.26  555.62    6.29  653.06   82.16
   475    1.76   22.51   24.91    0.93   86.31  553.03  555.44    8.94  655.55   95.47
   476    1.85   22.56   25.01    1.11   85.65  562.72  566.27    7.96  659.34   81.58
   477    1.91   22.49   24.98    0.90   86.41  557.53  559.79    7.15  657.99   99.20
   478    1.86   22.48   25.24    0.99   86.32  561.30  564.07    9.32  671.85   91.14
   479    1.80   22.62   25.35    1.13   85.49  566.08  569.77    7.24  678.50   80.56
   480    1.85   22.61   25.19    1.03   85.94  559.62  562.66    8.85  667.97   87.07
   481    1.83   22.37   25.29    1.05   85.95  553.07  556.28    8.59  673.66   84.03
   482    1.86   22.32   25.32    0.97   85.83  554.27  556.93    6.24  675.91   91.50
   483    1.83   22.44   25.23    1.16   85.11  553.76  557.73    5.14  671.06   76.30
   484    1.74   22.94   25.26    1.07   85.21  577.00  580.33    6.13  674.27   86.08
   485    1.85   22.96   25.49    0.94   85.65  578.73  581.23    7.03  686.46   98.20
   486    1.92   22.87   25.58    0.95   85.57  578.81  581.36    6.47  689.91   97.24
   487    1.91   22.82   25.46    0.97   85.81  567.57  570.22    6.04  683.74   94.00
   488    1.91   22.63   25.49    0.87   85.99  561.08  563.18    6.51  685.04  102.98
   489    1.77   22.70   25.32    1.02   85.80  567.86  570.82    6.56  676.10   89.45
   490    1.81   22.87   25.42    1.13   85.23  572.47  576.19    5.79  681.34   81.14
   491    1.85   23.09   25.51    0.83   86.41  587.05  588.90    6.78  686.90  113.26
   492    1.76   23.61   25.25    0.90   86.23  601.39  603.61    6.60  674.32  107.15
   493    1.73   23.67   25.17    1.19   85.02  608.74  612.90    8.54  671.80   81.76
   494    1.71   23.60   25.23    1.12   85.33  605.03  608.66    5.56  672.87   86.57
   495    1.76   23.96   24.84    1.02   85.87  611.16  614.14    7.76  651.85   95.48
   496    1.73   23.55   24.92    1.17   85.19  591.19  595.18    6.74  658.96   81.06
   497    1.68   23.64   24.72    1.25   84.81  599.19  603.81    7.54  647.39   76.74
   498    1.70   23.67   25.24    1.39   84.58  602.96  608.68    6.47  678.97   69.94
   499    1.79   23.77   25.10    1.08   85.82  604.25  607.61    6.76  671.55   89.47
   500    1.64   23.44   24.90    0.98   86.31  595.96  598.68    7.34  657.29   97.15
   501    1.78   23.42   25.09    1.11   85.92  596.24  599.78    6.14  668.61   86.30
   502    1.67   23.40   25.33    1.11   85.75  593.84  597.40    7.06  683.34   85.80
   503    1.68   23.15   25.47    0.96   86.62  586.82  589.41    6.41  690.98   97.97
   504    1.74   23.29   25.47    0.65   87.62  592.87  593.88    8.61  689.70  146.13
   505    1.67   22.93   25.17    1.01   86.17  578.21  581.10    8.24  673.13   91.92
   506    1.60   23.13   25.01    1.00   86.43  585.57  588.38    9.21  666.27   94.07
   507    1.73   22.86   25.24    0.90   86.66  574.88  577.15    8.21  679.65  101.85
   508    1.72   22.83   25.01    1.17   85.38  573.84  577.87    6.81  666.55   78.40
   509    1.68   23.13   25.08    1.06   85.88  585.62  588.81    8.27  668.00   88.86
   510    1.69   23.16   24.89    1.13   85.48  586.29  589.99   10.35  660.49   83.19
   511    1.67   22.74   24.93    1.17   85.32  565.54  569.56    8.20  659.26   77.47
   512    1.68   22.75   25.25    1.10   85.95  569.56  573.08    7.40  676.22   82.79
   513    1.68   22.83   25.06    1.11   85.57  574.98  578.55    7.41  667.82   83.11
   514    1.73   22.91   25.23    1.01   85.69  577.64  580.56    7.66  675.10   91.41
   515    1.76   22.48   25.21    0.93   86.05  566.25  568.70    7.82  674.58   97.06
   516    1.79   22.63   25.16    0.95   86.19  564.15  566.68    9.71  670.67   95.34
   517    1.71   22.19   25.11    0.98   86.06  552.17  554.89    6.94  668.67   90.37
   518    1.66   22.34   24.98    1.07   85.87  553.48  556.82    8.36  662.68   82.66
   519    1.73   22.50   24.93    1.21   85.01  561.17  565.50    7.87  661.28   74.25
   520    1.73   22.53   24.94    1.16   85.26  563.45  567.40    7.20  660.40   77.79
   521    1.67   22.73   24.94    0.79   86.53  567.94  569.61    8.70  660.05  114.81
   522    1.82   22.45   25.16    0.75   86.98  558.54  560.03    8.65  672.57  118.63
   523    1.80   22.91   24.92    1.02   85.88  575.19  578.16    6.91  658.47   90.42
   524    1.74   22.91   25.00    0.95   86.02  579.59  582.16    8.04  666.03   97.23
   525    1.86   22.62   25.18    0.95   86.09  563.04  565.59    6.58  675.19   94.84
   526    1.89   22.80   25.11    0.94   86.16  572.85  575.33    7.17  667.91   97.55
   527    1.88   22.49   24.94    1.12   85.38  556.80  560.47    8.88  662.04   79.54
   528    1.93   22.75   24.56    0.95   86.23  573.38  575.92    6.82  642.06   96.70
   529    1.84   22.39   24.60    0.97   85.72  548.50  551.16    6.88  641.81   90.72
   530    1.85   22.32   24.44    0.86   86.39  549.79  551.85    6.68  634.25  101.75
   531    1.81   22.27   24.42    1.00   86.25  547.91  550.76    5.84  635.11   87.82
   532    1.84   22.63   24.31    1.17   85.70  555.53  559.55    5.53  629.85   76.11
   533    1.68   22.46   24.49    1.14   85.65  553.49  557.26    4.96  639.55   78.14
   534    1.82   22.80   24.02    1.07   85.79  559.00  562.30    4.51  611.58   83.80
   535    1.77   22.49   24.51    1.07   85.73  555.11  558.44    5.28  639.02   82.94
   536    1.83   22.74   24.61    0.87   86.81  564.12  566.24    5.01  643.35  103.09
   537    1.84   22.63   24.69    0.83   87.08  565.17  567.06    4.61  651.39  108.43
   538    1.81   22.89   25.12    0.87   87.02  576.36  578.46    5.47  671.26  105.58
   539    1.78   23.03   25.06    1.01   86.34  583.22  586.14    5.88  671.57   92.22
   540    1.85   23.28   24.89    0.94   86.69  590.85  593.35    5.60  662.92  100.02
   541    1.81   22.76   24.88    0.91   86.98  570.25  572.59    6.43  662.26   99.77
   542    1.77   22.97   24.99    1.00   86.76  579.46  582.30    5.95  669.90   92.79
   543    1.79   22.89   24.90    0.90   87.00  576.47  578.70    6.70  664.39  102.90
   544    1.89   22.89   24.96    1.05   86.44  578.61  581.78    7.03  671.30   88.25
   545    1.92   22.88   25.18    1.04   86.19  577.13  580.25    6.58  683.19   88.63
   546    1.84   22.93   25.22    0.98   86.64  584.65  587.38    6.66  683.39   95.18
   547    1.88   22.71   25.04    0.88   87.01  568.77  570.94    6.94  676.86  102.75
   548    1.78   22.95   25.03    0.74   88.05  582.04  583.46    6.40  674.93  125.96
   549    1.87   22.99   24.69    0.74   87.94  583.00  584.44    5.85  655.20  125.18
   550    1.87   23.22   24.70    1.01   86.81  583.45  586.37    6.31  658.76   92.27
   551    1.83   23.04   24.95    0.90   87.12  580.64  582.90    5.52  672.77  102.93
   552    1.88   22.94   25.09    0.58   88.00  574.70  575.47    5.47  679.09  157.43
   553    1.76   23.17   25.03    0.68   87.56  583.79  584.97    8.03  677.15  136.05
   554    1.77   23.23   24.83    0.62   87.64  591.10  592.00    5.84  664.16  152.31
   555    1.86   23.28   24.72    0.58   88.17  587.91  588.69    7.11  656.50  160.32
   556    1.78   23.63   24.73    0.72   87.68  609.28  610.60    6.30  657.16  134.91
   557    1.81   23.40   24.53    0.67   87.97  598.55  599.64    5.81  647.22  143.29
   558    1.83   23.50   24.87    0.89   87.07  608.75  610.94    5.75  663.84  108.93
   559    1.73   23.68   24.80    0.77   87.61  618.11  619.64    6.16  658.50  128.55
   560    1.85   23.89   24.90    0.72   87.94  619.65  620.95    5.36  662.26  137.95
   561    1.80   23.87   25.16    0.96   87.25  615.03  617.60    4.15  677.97  102.66
   562    1.69   24.39   25.29    0.93   87.38  643.24  645.65    7.21  685.91  110.06
   563    1.70   24.29   25.42    0.97   87.45  643.74  646.38    6.87  692.82  105.90
   564    1.72   23.73   25.62    1.08   86.68  618.34  621.70    5.47  705.13   91.58
   565    1.74   23.28   25.59    0.99   86.79  602.64  605.40    6.39  702.01   97.51
   566    1.70   23.73   25.61    0.77   87.60  625.11  626.65    5.00  703.26  129.74
   567    1.67   23.76   25.85    0.83   87.27  624.21  626.04    5.33  720.70  120.67
   568    1.63   23.78   25.32    1.28   85.60  630.87  635.69    6.85  697.85   79.12
   569    1.67   23.77   25.53    1.11   86.15  628.74  632.26    4.71  708.61   90.99
   570    1.66   24.10   25.07    0.92   86.77  639.95  642.31    4.93  681.04  110.79
   571    1.67   24.03   25.34    0.97   86.91  643.09  645.72    5.19  697.16  105.92
   572    1.71   23.80   25.57    0.90   87.21  631.99  634.19    3.95  705.18  112.79
   573    1.65   24.53   25.21    0.91   87.42  652.83  655.11    4.45  684.35  114.48
   574    1.74   24.38   25.23    1.03   86.63  652.58  655.57    3.91  688.55  101.55
   575    1.68   24.25   25.48    0.66   88.26  643.08  644.12    4.49  699.69  155.45
   576    1.67   24.42   25.65    0.87   87.53  650.50  652.56    4.87  710.86  119.14
   577    1.66   24.52   25.33    1.08   86.56  657.11  660.41    4.13  691.76   97.77
   578    1.76   24.29   25.55    1.14   86.37  652.92  656.65    6.34  706.44   91.88
   579    1.70   24.31   25.22    1.26   86.04  658.28  662.94    6.86  692.08   83.69
   580    1.58   24.20   25.11    1.15   86.57  649.81  653.65    7.22  683.17   90.26
   581    1.72   24.42   25.31    1.06   86.70  656.40  659.62    8.44  696.15   98.76
   582    1.72   24.33   25.30    1.17   86.75  650.84  654.78    5.44  694.47   89.37
   583    1.74   24.08   25.34    1.18   86.17  652.88  656.89    7.72  700.80   88.97
   584    1.72   23.98   25.70    1.03   86.73  646.13  649.11    5.98  722.21  100.64
   585    1.74   24.35   25.23    0.88   87.38  654.04  656.12    6.95  699.93  119.31
   586    1.67   24.47   25.47    1.00   86.91  673.34  676.17    6.35  711.96  107.16
   587    1.72   25.00   25.73    0.85   87.51  690.14  692.04    8.62  726.22  130.00
   588    1.70   24.98   25.50    0.97   87.29  689.10  691.72    6.44  715.95  113.27
   589    1.72   24.49   25.45    0.74   88.17  662.79  664.15    6.38  709.80  143.81
   590    1.79   24.52   25.19    0.96   86.95  666.17  668.72    5.92  694.10  111.00
   591    1.70   24.64   25.37    1.01   87.13  671.11  673.97    5.92  702.27  106.34
   592    1.73   24.75   25.05    1.08   87.25  682.86  686.16    5.81  686.41  101.34
   593    1.65   24.95   25.17    0.94   87.52  689.73  692.14    5.24  695.85  117.50
   594    1.61   24.74   24.98    1.09   86.69  677.05  680.42    5.30  683.94   99.69
   595    1.61   24.64   25.07    1.19   86.63  674.47  678.61    6.16  684.97   90.47
   596    1.73   24.76   24.95    1.33   85.94  682.35  687.55    6.65  675.82   82.40
   597    1.63   24.97   25.29    1.16   87.01  691.68  695.56    8.65  700.85   95.38
   598    1.76   24.74   24.63    1.12   87.08  674.86  678.45    8.22  661.95   96.57
   599    1.70   24.90   25.05    1.01   87.49  679.60  682.43    6.32  681.75  108.06
   600    1.64   24.98   25.24    1.21   86.74  691.95  696.19    9.59  692.56   91.69
   601    1.67   25.40   25.09    1.10   87.22  699.37  702.82    9.02  685.46  101.68
   602    1.56   25.31   25.15    1.11   86.80  700.07  703.57    8.75  689.98  101.08
   603    1.56   25.42   25.32    1.08   86.84  706.40  709.72   10.43  701.13  104.47
   604    1.67   25.57   25.51    1.06   86.91  715.99  719.18    6.46  710.34  107.65
   605    1.65   25.24   25.49    0.86   87.93  696.38  698.34    7.71  715.21  129.55
   606    1.71   25.45   25.52    0.97   87.07  714.45  717.06    8.26  716.55  117.24
   607    1.71   25.50   25.70    1.01   87.40  698.78  701.65   10.61  718.11  110.27
   608    1.71   25.23   25.45    0.98   87.14  690.79  693.47   11.28  706.27  112.46
   609    1.71   25.69   25.57    1.04   87.04  710.92  713.98   12.66  713.14  108.97
   610    1.79   25.94   25.52    0.98   87.73  717.08  719.75   11.43  712.15  116.59
   611    1.77   25.88   25.41    1.13   87.10  719.20  722.82    9.29  712.51  102.22
   612    1.72   25.82   25.55    0.95   87.75  711.70  714.19   10.21  719.89  119.31
   613    1.69   26.00   25.33    1.09   86.60  724.64  728.03    9.03  709.85  106.02
   614    1.74   26.19   25.45    1.03   87.36  740.12  743.06   11.08  710.97  115.04
   615    1.59   25.80   25.34    0.76   88.25  721.41  722.85   11.73  703.03  152.04
   616    1.64   26.10   24.95    1.09   86.80  733.52  736.88    9.89  679.23  107.53
   617    1.73   25.87   25.05    1.15   86.95  715.45  719.20   11.34  682.87  100.00
   618    1.69   26.10   25.10    0.94   87.34  726.17  728.60   12.96  690.88  122.89
   619    1.72   26.23   25.15    0.88   87.28  725.50  727.59   11.01  690.39  130.96
   620    1.70   26.26   25.08    0.83   87.46  721.99  723.77   11.66  686.45  139.29
   621    1.68   26.66   25.40    0.78   88.36  739.44  740.96   11.69  701.80  152.01
   622    1.82   26.36   25.36    0.79   87.84  726.87  728.44    8.55  704.51  147.39
   623    1.83   26.72   25.45    0.87   87.70  744.19  746.19    8.10  709.67  136.44
   624    1.77   27.23   25.47    0.93   87.34  766.19  768.53   10.01  709.14  131.37
   625    1.78   27.10   25.38    1.06   86.86  766.51  769.65   10.54  705.35  115.69
   626    1.66   26.91   25.14    1.18   86.28  754.87  758.89   10.10  688.52  102.08
   627    1.78   27.00   25.27    1.15   86.49  760.23  763.98    8.59  694.72  106.01
   628    1.76   27.15   25.43    0.99   86.70  773.11  775.79    9.33  704.25  124.91
   629    1.77   26.65   25.39    1.04   86.89  743.48  746.51    8.76  702.76  114.03
   630    1.87   26.67   25.60    0.79   87.81  743.86  745.42    8.40  713.66  151.12
   631    1.87   26.82   25.48    1.07   86.60  756.67  759.90    6.73  704.70  112.81
   632    1.84   26.80   25.45    1.15   86.13  758.27  762.05    6.35  712.23  105.27
   633    1.82   27.10   25.18    1.06   86.48  766.80  769.93    8.50  696.73  115.76
   634    1.83   26.71   25.40    0.50   88.50  750.82  751.24    8.29  710.05  238.03
   635    1.85   26.58   25.50    0.94   86.88  740.55  742.96    7.50  709.14  125.42
   636    1.77   26.92   25.76    0.66   87.81  746.87  747.87    8.94  725.67  179.21
   637    1.70   26.72   25.47    0.79   87.42  742.88  744.45    9.42  712.26  150.64
   638    1.80   26.65   25.81    1.03   86.69  727.89  730.87    9.71  726.02  112.82
   639    1.84   26.81   25.62    0.80   87.56  738.69  740.33    9.31  716.59  147.41
   640    1.76   26.51   25.78    0.79   87.44  735.17  736.76    7.92  731.04  148.56
   641    1.82   26.09   25.86    0.95   86.78  720.54  723.01    8.31  737.80  121.03
   642    1.82   26.39   25.85    0.81   87.46  728.64  730.32    7.79  739.98  144.03
   643    1.79   25.98   25.32    0.88   87.52  723.17  725.21    8.71  706.34  131.88
   644    1.77   26.30   25.56    1.07   86.27  730.68  733.93   10.08  715.45  108.73
   645    1.77   26.33   25.58    1.03   86.43  728.92  731.85    9.15  712.91  113.68
   646    1.62   26.38   25.60    1.17   86.05  735.96  739.89    9.03  718.72  100.69
   647    1.78   26.21   25.88    0.74   87.61  723.24  724.58    8.38  735.84  156.54
   648    1.85   26.09   25.79    0.96   86.59  726.17  728.69    7.38  724.75  120.95
   649    1.73   25.94   25.83    1.09   86.36  715.28  718.62    8.53  729.95  105.34
   650    1.81   26.13   25.82    1.26   85.63  716.26  720.90    8.84  729.32   90.89
   651    1.84   25.97   25.93    0.95   87.11  712.32  714.78   10.50  733.93  120.00
   652    1.85   26.16   25.80    0.98   86.93  720.21  722.85    9.30  725.85  117.67
   653    1.75   26.39   25.82    0.78   88.01  734.55  736.09    8.60  731.40  149.93
   654    1.90   26.28   25.67    0.71   88.08  725.65  726.87    8.03  719.81  162.74
   655    1.74   26.44   25.70    0.55   88.57  741.24  741.81    9.05  723.62  215.08
   656    1.78   26.52   25.82    0.85   87.71  752.41  754.28    9.08  732.52  141.78
   657    1.82   26.14   25.95    0.85   87.48  727.48  729.39    7.25  733.24  136.43
   658    1.75   26.37   25.83    1.02   86.66  736.74  739.61    8.52  732.87  115.84
   659    1.82   26.24   25.62    0.97   86.94  736.67  739.23    7.24  719.15  121.79
   660    1.85   25.98   25.86    0.71   87.63  725.90  727.10    6.86  735.55  163.97
   661    1.80   26.15   25.89    0.97   86.55  735.02  737.59    7.42  734.04  121.28
   662    1.82   26.20   25.61    1.28   85.77  728.38  733.17    7.48  713.96   91.06
   663    1.84   25.89   25.77    1.08   86.38  723.72  727.00    7.30  724.19  107.34
   664    1.83   25.84   25.92    1.01   86.47  723.06  725.91    6.17  734.42  114.08
   665    1.84   25.73   25.68    1.09   85.96  711.57  714.92    5.83  723.18  104.63
   666    1.85   25.77   25.82    1.12   85.81  725.32  728.87    6.11  729.73  103.91
   667    1.86   25.97   25.55    1.16   85.83  732.51  736.39    5.13  718.44  100.83
   668    1.78   25.67   25.97    0.92   86.75  724.74  727.04    7.36  741.70  125.64
   669    1.82   25.83   25.52    0.99   86.45  733.91  736.64   10.85  716.19  117.91
   670    1.71   25.60   25.73    0.99   86.70  719.61  722.31   10.63  724.88  116.46
   671    1.76   25.94   25.54    0.93   86.81  739.76  742.10   12.07  712.43  127.29
   672    1.94   25.85   25.95    1.00   86.71  746.05  748.79    9.84  737.47  119.72
   673    1.88   25.59   25.82    0.88   87.28  732.16  734.20    8.26  732.67  133.37
   674    1.90   26.00   25.74    0.96   87.07  760.02  762.51    9.19  732.98  126.98
   675    1.97   26.27   25.61    1.02   86.82  757.48  760.33    8.60  725.49  119.22
   676    1.85   26.41   25.14    1.14   86.32  769.61  773.27   10.68  694.47  108.38
   677    1.87   26.20   25.42    1.02   86.65  756.44  759.34   11.59  713.90  118.22
   678    1.90   26.12   25.63    1.27   85.48  738.99  743.71    9.47  721.80   92.96
   679    1.80   25.98   25.58    1.33   85.32  734.08  739.28    9.77  717.76   88.43
   680    1.85   25.66   25.66    1.03   86.54  732.70  735.67   11.13  726.42  113.50
   681    1.93   25.86   25.84    1.07   86.07  734.14  737.33   12.13  731.13  110.20
   682    1.86   26.02   25.83    0.95   86.56  733.74  736.18   11.43  731.21  123.96
   683    1.82   26.21   25.74    1.01   86.39  746.18  749.01   11.40  734.94  117.92
   684    1.78   26.56   25.80    1.05   86.55  763.03  766.13    9.37  736.14  115.84
   685    1.89   26.59   25.78    1.10   86.13  775.06  778.46    8.15  739.77  112.79
   686    1.92   26.57   25.65    1.24   85.89  768.26  772.68    7.88  729.25   99.43
   687    1.88   26.63   25.56    1.05   86.15  779.52  782.56    8.31  728.31  119.07
   688    1.79   26.53   25.66    1.15   86.14  766.22  770.01   11.53  723.43  106.20
   689    1.79   26.37   25.46    1.26   86.28  770.63  775.20   11.39  715.24   98.26
   690    1.86   26.27   25.52    0.99   86.51  758.11  760.79    9.47  722.54  122.71
   691    1.74   26.24   25.77    1.38   85.12  764.47  770.08   10.05  737.26   88.70
   692    1.78   26.12   25.84    1.15   86.03  753.65  757.45   11.52  738.54  104.57
   693    1.76   26.04   26.05    1.27   85.17  743.93  748.59   10.43  758.36   94.08
   694    1.86   26.25   25.95    1.23   85.52  761.72  766.06   10.23  751.23   99.44
   695    1.86   26.06   26.31    1.09   86.49  759.43  762.79    8.45  769.91  111.21
   696    1.82   26.28   25.77    1.45   85.11  758.34  764.56    9.48  737.04   83.97
   697    1.86   26.34   25.65    1.41   85.15  762.45  768.31    9.77  729.90   86.73
   698    1.89   26.21   26.15    1.24   85.64  754.66  759.12    8.52  761.84   97.30
   699    1.70   26.22   25.78    1.30   85.02  753.45  758.35   10.32  740.54   93.08
   700    1.85   25.91   25.91    1.19   84.93  735.93  740.00   10.59  749.69   99.05
   701    1.81   26.08   26.18    1.09   85.42  749.90  753.23    9.48  769.78  110.37
   702    1.82   26.13   26.18    1.12   85.92  758.40  761.93    9.59  764.45  108.71
   703    1.89   26.23   26.16    1.24   85.38  770.04  774.47    7.40  763.88   99.54
   704    1.84   26.07   26.01    1.07   86.24  755.03  758.25    8.95  748.22  112.72
   705    1.76   26.66   26.30    1.15   85.69  778.55  782.27    7.19  769.52  108.77
   706    1.88   26.33   26.14    0.63   87.45  759.70  760.57    9.53  755.53  190.96
   707    2.01   26.07   26.08    0.76   87.21  748.13  749.58    8.88  757.03  156.09
   708    1.94   26.14   26.10    0.73   86.97  757.15  758.43    9.15  758.16  165.58
   709    1.82   25.74   25.87    0.87   87.12  738.34  740.34   10.73  746.72  135.61
   710    1.89   26.18   25.77    0.74   87.50  759.62  760.95    8.54  733.35  163.86
   711    1.83   26.17   25.65    0.82   86.86  750.86  752.58    8.77  729.76  146.59
   712    1.84   26.18   25.75    1.05   86.18  751.44  754.52   10.90  730.09  114.40
   713    1.84   26.36   25.69    0.85   87.15  769.62  771.52    9.71  726.69  144.02
   714    1.95   26.45   25.72    1.05   86.27  767.28  770.38    8.79  725.34  116.40
   715    1.96   26.09   25.79    1.07   86.22  750.77  753.99   10.38  728.16  112.12
   716    1.91   26.39   25.89    0.89   86.94  754.50  756.62   10.80  731.70  135.03
   717    1.93   25.94   25.90    0.93   86.65  733.02  735.39   10.08  735.31  125.27
   718    1.96   25.96   26.12    1.03   87.03  740.20  743.14   10.41  745.10  115.15
   719    1.99   26.06   25.97    1.28   85.91  734.56  739.33    8.58  736.85   91.93
   720    1.89   25.91   25.90    1.17   85.87  737.93  741.82    8.62  737.22  101.38
   721    1.94   25.98   26.14    1.07   86.34  732.83  736.02    7.52  749.69  109.98
   722    1.88   25.72   26.05    1.26   85.77  717.44  722.07    9.14  744.87   91.14
   723    1.85   25.89   25.53    1.24   85.78  721.73  726.18    9.17  712.46   93.37
   724    1.93   25.55   26.12    1.24   85.32  710.26  714.73    8.11  746.46   91.80
   725    1.85   25.44   26.36    1.03   86.71  707.55  710.51    8.86  759.49  110.15
   726    1.84   25.67   26.23    1.26   85.41  725.10  729.70    8.12  754.51   92.35
   727    1.88   25.70   26.17    0.92   87.05  721.30  723.58    8.59  751.93  125.59
   728    1.83   25.84   26.15    1.19   85.86  731.44  735.49    8.23  749.07   98.72
   729    1.87   25.75   25.92    1.28   85.85  727.65  732.39    9.73  735.91   91.41
   730    1.87   25.80   25.56    1.34   85.24  726.54  731.80   10.18  716.07   86.99
   731    1.84   25.36   25.89    1.39   85.10  701.65  707.39    8.16  734.40   80.89
   732    1.93   25.28   25.58    1.58   84.33  704.54  712.05    9.12  716.89   71.64
   733    1.80   25.52   25.42    1.23   85.33  721.35  725.73    9.61  711.07   94.00
   734    1.94   25.22   25.37    1.38   84.84  711.26  716.93    7.82  708.56   82.44
   735    1.93   25.26   25.41    1.16   85.97  710.36  714.22    9.98  708.18   98.13
   736    1.85   25.16   25.48    1.40   85.14  700.58  706.40    8.73  707.88   80.26
   737    1.75   25.21   25.85    1.09   85.96  709.27  712.65   10.07  732.52  103.92
   738    1.90   24.92   25.97    1.00   86.78  686.82  689.62    9.22  737.96  109.53
   739    1.72   24.95   25.92    1.22   85.94  688.30  692.65    9.44  738.38   90.22
   740    1.83   24.85   26.15    1.29   85.87  680.71  685.61    9.43  745.94   84.49
   741    1.66   25.31   25.75    1.45   84.99  700.55  706.75    9.91  724.65   77.87
   742    1.82   25.27   25.91    1.54   84.84  697.69  704.82   10.65  731.18   72.70
   743    1.82   25.59   25.49    1.23   86.00  715.29  719.69    8.97  706.79   93.08
   744    1.82   25.67   25.46    1.31   85.58  716.93  721.95    8.82  706.40   87.85
   745    1.66   25.54   25.48    1.11   86.41  722.89  726.41    8.81  712.01  103.95
   746    1.85   25.42   25.08    1.45   85.03  710.03  716.29    7.73  688.67   78.54
   747    1.79   25.33   25.42    1.64   84.56  705.14  713.21    8.62  705.72   69.35
   748    1.84   25.52   25.27    1.46   85.33  709.49  715.81    8.03  694.87   78.12
   749    1.83   25.60   25.28    1.38   85.38  710.91  716.56    8.99  693.80   82.45
   750    1.77   25.81   25.61    1.40   85.21  716.09  721.92    7.54  711.94   81.86
   751    1.75   25.56   25.82    1.04   86.57  707.23  710.28    8.53  723.05  108.51
   752    1.81   25.56   25.41    1.00   86.72  705.21  708.01    8.86  703.58  112.51
   753    1.87   25.76   25.48    1.14   86.07  712.93  716.62    8.36  702.74  100.45
   754    1.92   25.84   25.66    1.24   85.79  719.70  724.17    7.49  713.16   92.94
   755    1.86   25.63   25.42    1.28   85.61  712.52  717.33    6.71  703.58   88.94
   756    1.86   25.59   25.44    1.26   85.71  711.26  715.89    7.90  701.72   90.47
   757    1.86   25.23   25.27    1.53   84.52  697.16  704.21    9.24  695.99   73.06
   758    1.93   25.52   25.77    1.41   85.09  712.16  718.02    7.62  721.10   81.21
   759    1.82   25.46   25.44    1.35   85.50  701.50  706.86    7.00  699.06   83.43
   760    1.97   25.54   25.74    1.45   84.76  710.07  716.34    8.22  719.03   78.49
   761    1.91   25.42   25.80    1.04   86.50  708.76  711.82    9.01  720.24  108.56
   762    1.87   25.91   25.73    1.08   86.39  725.56  728.85    8.01  716.29  107.54
   763    1.90   25.75   25.68    1.01   86.54  713.77  716.60    8.74  715.06  113.22
   764    1.91   25.65   25.80    1.34   85.00  719.01  724.31    8.55  724.73   85.88
   765    1.89   25.41   25.67    1.37   84.98  708.77  714.27    7.75  716.50   83.25
   766    1.96   25.39   25.85    1.53   84.66  710.01  716.98    8.17  723.21   74.73
   767    1.90   25.29   25.58    1.48   84.72  694.73  701.26    9.16  709.67   75.42
   768    2.01   25.06   25.65    1.23   85.86  696.01  700.42    7.86  716.29   90.54
   769    1.92   25.20   25.58    1.53   84.91  695.22  702.19    6.52  713.27   73.24
   770    1.91   25.39   25.77    1.37   85.76  709.96  715.54    7.30  724.16   82.87
   771    1.91   25.97   25.88    1.37   85.47  734.10  739.60    7.67  733.04   86.09
   772    1.92   25.69   26.01    1.35   85.28  728.28  733.59    8.20  739.59   86.83
   773    1.90   25.65   25.83    1.28   85.44  721.77  726.56    8.32  727.78   90.28
   774    1.95   25.67   25.90    1.26   85.59  723.76  728.36    8.23  732.23   92.22
   775    1.94   25.53   25.89    1.32   85.41  710.38  715.52    7.09  730.23   86.09
   776    1.88   25.67   25.78    1.25   85.69  716.46  721.00    8.96  724.42   91.85
   777    1.88   26.04   25.86    1.24   85.72  723.74  728.18    7.34  726.24   93.70
   778    1.92   25.78   25.83    1.46   84.94  714.16  720.50    6.97  720.82   78.51
   779    1.80   25.89   26.03    1.48   84.55  729.06  735.59    8.44  737.24   79.03
   780    1.96   25.87   26.09    1.25   85.64  733.60  738.16    6.98  740.63   93.75
   781    1.93   26.24   25.98    1.38   84.83  742.24  747.82    9.08  732.69   86.46
   782    1.97   25.89   26.00    1.10   86.18  723.82  727.25    8.37  732.45  105.27
   783    1.89   25.73   26.23    1.13   86.08  715.90  719.52    7.32  746.63  101.74
   784    2.01   25.92   26.23    1.05   86.30  729.78  732.88    8.27  748.40  111.03
   785    1.94   26.32   26.27    1.18   85.89  748.00  752.02    9.18  754.36  101.12
   786    1.91   26.10   26.25    1.17   85.94  739.34  743.25    7.87  749.08  101.37
   787    1.91   25.87   26.23    1.25   85.51  727.44  731.95    7.92  747.23   93.57
   788    1.92   25.70   26.19    1.09   86.23  725.42  728.75    8.53  744.68  106.87
   789    1.93   26.07   26.07    0.88   87.17  736.24  738.32    7.02  738.89  132.94
   790    1.87   25.85   26.03    1.10   86.38  727.64  731.10    8.45  737.43  105.46
   791    1.84   25.89   26.17    1.09   86.30  727.24  730.59    7.66  743.33  106.81
   792    1.88   25.63   25.68    0.82   87.48  711.87  713.62    8.39  713.82  138.61
   793    1.89   25.65   26.08    0.94   87.28  720.95  723.36    8.80  737.91  122.34
   794    1.94   25.74   26.15    1.03   86.64  725.24  728.22    6.49  741.24  112.32
   795    1.83   25.59   26.34    1.11   86.22  711.80  715.30    7.40  750.44  102.77
   796    1.94   25.47   26.28    1.13   86.02  707.74  711.36    8.14  749.26  100.52
   797    1.92   25.71   26.01    1.25   85.66  711.80  716.36    6.98  729.33   91.12
   798    1.98   25.36   25.85    1.18   85.96  703.31  707.31    6.42  720.89   95.65
   799    1.92   25.40   26.03    0.91   87.10  696.81  699.04    6.07  732.00  122.74
   800    1.88   24.78   26.10    1.15   86.13  672.73  676.56    7.22  733.93   93.41
   801    1.87   24.92   26.15    1.05   86.36  673.67  676.78    6.68  736.89  102.72
   802    1.93   24.68   25.93    1.27   85.60  671.04  675.74    7.09  724.66   84.97
   803    1.91   24.84   25.91    1.12   86.41  688.74  692.36    7.79  723.97   98.01
   804    1.91   24.24   26.40    1.15   86.70  668.21  672.01    7.53  750.94   93.25
   805    1.94   24.59   26.20    1.05   87.05  676.32  679.45    6.77  737.99  102.93
   806    1.90   24.64   26.37    0.82   87.69  675.48  677.24    7.47  746.22  131.64
   807    2.03   24.75   26.31    0.71   88.08  682.91  684.16    7.10  747.09  152.77
   808    1.81   24.71   25.88    0.92   87.53  676.19  678.52    7.27  724.82  117.17
   809    1.86   24.19   25.96    1.13   86.43  653.13  656.83    7.45  728.77   92.41
   810    1.86   24.30   26.17    0.78   87.66  661.99  663.56    7.62  740.07  135.84
   811    2.01   24.17   26.08    0.81   87.31  655.03  656.77    6.80  735.39  128.84
   812    1.90   24.10   26.07    1.07   86.72  654.96  658.26    8.49  738.76   97.51
   813    1.89   24.27   26.02    1.17   86.21  654.55  658.52    5.71  731.32   89.62
   814    2.04   24.47   26.23    0.86   87.59  673.94  675.95    7.44  747.48  124.49
   815    1.95   24.28   26.12    0.76   87.97  658.67  660.13    6.56  739.41  139.12
   816    1.90   24.45   26.01    0.76   88.10  660.42  661.90    7.25  732.92  138.56
   817    1.89   24.01   26.40    0.53   88.77  639.72  640.26    6.42  754.46  193.50
   818    1.80   24.39   26.76    0.93   87.21  654.56  656.93    7.16  772.67  112.84
   819    1.90   24.08   26.29    0.53   88.59  641.51  642.08    7.08  746.96  191.11
   820    1.84   24.24   26.04    0.63   88.23  644.37  645.29    7.62  734.66  162.87
   821    2.04   24.10   26.05    0.66   88.20  641.12  642.16    6.81  736.86  154.60
   822    1.94   24.23   25.77    0.78   88.01  645.96  647.54    7.24  718.20  132.33
   823    1.93   24.03   26.08    0.61   88.59  632.73  633.58    5.21  733.51  165.42
   824    1.91   24.59   26.34    0.78   87.54  661.93  663.53    6.25  748.67  134.64
   825    1.90   24.45   26.31    0.54   88.34  649.61  650.19    6.65  749.94  193.05
   826    1.96   24.40   26.18    0.66   88.08  654.20  655.23    6.00  740.08  158.23
   827    1.90   24.34   26.16    0.77   87.62  642.76  644.29    7.26  742.09  133.80
   828    1.92   24.53   26.00    0.84   87.02  648.51  650.39    5.97  731.93  123.47
   829    1.81   24.62   26.14    0.77   87.34  649.54  651.05    6.44  741.00  135.43
   830    1.86   24.22   25.82    0.76   87.27  632.20  633.71    6.10  717.95  132.10
   831    1.95   24.32   25.49    0.93   86.66  639.87  642.28    6.73  699.02  109.59
   832    1.91   24.32   25.78    0.87   87.23  641.30  643.33    6.44  716.91  118.19
   833    1.87   23.95   26.02    0.68   87.62  629.92  631.07    7.35  729.79  146.98
   834    1.88   23.87   26.08    0.48   88.27  614.76  615.16    7.93  728.74  205.69
   835    1.95   24.03   26.35    0.56   87.73  628.10  628.78    8.10  743.92  177.98
   836    1.86   23.96   26.25    1.01   86.15  626.71  629.62    7.02  740.79   98.79
   837    1.93   23.61   26.06    0.73   87.16  615.74  617.13    6.81  729.32  133.77
   838    1.95   23.53   26.14    0.64   87.50  618.32  619.30    6.51  738.34  153.24
   839    2.06   23.89   25.99    0.59   88.23  626.31  627.10    7.53  728.49  168.19
   840    2.06   23.68   25.97    0.75   87.45  618.14  619.61    7.35  724.34  130.77
   841    2.03   24.03   26.03    0.40   89.06  632.91  633.09    5.33  732.66  252.10
   842    2.04   24.34   25.97    0.74   87.72  638.76  640.15    5.96  726.53  138.10
   843    2.07   24.15   25.97    0.27   89.44  633.31  633.22    6.17  728.01  371.75
   844    1.98   24.25   25.75    0.61   88.12  635.57  636.42    7.04  714.17  165.93
   845    1.91   24.65   26.10    0.62   87.93  652.59  653.48    6.65  733.23  167.00
   846    1.90   24.56   25.95    0.40   89.00  657.02  657.18    7.14  721.33  263.01
   847    1.83   24.33   25.89    0.34   89.26  640.47  640.50    8.19  718.32  301.85
   848    1.91   24.43   26.23    0.52   88.46  654.32  654.82   10.25  737.90  201.68
   849    1.80   24.64   26.37    0.31   89.32  655.87  655.85    9.24  743.74  332.98
   850    1.93   24.57   26.36    0.55   88.25  662.57  663.17    9.59  745.41  193.67
   851    1.90   24.55   26.24    0.28   89.23  660.17  660.08    6.61  738.04  374.63
   852    1.86   24.32   26.16    0.31   89.30  644.98  644.94    8.27  737.17  335.96
   853    1.84   24.01   26.23    0.38   88.96  642.02  642.15    9.16  743.68  270.10
   854    1.81   24.10   25.85    0.82   87.56  645.39  647.15    7.86  721.53  126.22
   855    1.96   23.74   25.62    0.97   86.71  625.64  628.26    6.94  710.66  103.46
   856    1.84   23.75   25.53    0.51   88.51  627.38  627.89    8.59  705.18  194.68
   857    1.86   23.69   25.57    0.37   89.41  624.19  624.30   10.21  709.12  270.77
   858    1.94   23.88   25.74    0.72   87.77  624.63  625.93    8.76  712.79  138.78
   859    2.05   23.73   25.78    0.54   88.45  619.12  619.71    9.11  720.92  184.21
   860    2.07   23.42   25.81    0.53   88.57  609.82  610.41    7.74  718.27  181.97
   861    2.02   23.80   25.89    0.66   88.06  621.11  622.16    8.91  720.03  149.96
   862    1.99   23.70   26.13    0.41   88.95  619.51  619.73    8.49  733.65  239.70
   863    1.90   23.67   25.78    0.81   87.03  617.49  619.24    9.61  717.18  121.76
   864    1.96   23.79   25.97    0.68   87.65  616.10  617.25    7.30  725.52  144.12
   865    1.92   23.85   26.03    0.44   88.77  624.04  624.35    9.00  736.05  223.68
   866    1.98   23.83   26.24    0.51   88.39  626.87  627.37    6.99  750.54  195.63
   867    1.95   23.60   25.85    0.51   88.65  615.71  616.22    7.70  724.88  191.78
   868    1.87   23.93   26.28    0.56   88.26  628.14  628.82    6.70  750.01  177.67
   869    1.90   23.80   26.32    0.49   88.43  621.21  621.65    6.78  748.06  202.37
   870    1.90   24.12   26.17    0.56   88.28  631.67  632.33    7.24  738.82  180.51
   871    1.78   23.97   26.15    0.59   88.19  625.38  626.15    8.26  739.14  169.25
   872    1.95   24.13   25.99    0.67   87.79  630.01  631.12    8.03  730.80  149.24
   873    2.01   24.19   25.97    0.73   87.87  632.49  633.85    7.95  731.62  138.13
   874    1.92   24.31   26.27    0.70   88.07  629.29  630.49    8.22  743.14  144.24
   875    1.86   24.54   26.17    0.64   88.19  646.27  647.24    8.06  740.92  159.97
   876    1.90   24.53   26.06    0.74   87.68  647.39  648.80    5.83  728.57  138.78
   877    1.76   24.19   26.50    0.68   88.07  623.37  624.49    5.47  752.94  147.15
   878    1.93   24.30   26.69    0.62   88.21  635.71  636.60    6.58  763.56  163.22
   879    2.04   24.10   26.39    0.72   88.40  623.59  624.90    7.12  748.04  138.11
   880    2.06   24.04   26.43    0.85   87.25  630.83  632.81    6.72  750.68  117.86
   881    1.90   24.33   26.31    0.94   86.91  637.17  639.64    5.97  744.98  108.01
   882    1.97   24.54   26.40    0.99   86.52  654.07  656.81    5.53  752.04  105.79
   883    1.93   24.70   26.44    0.97   86.81  658.24  660.84    7.21  755.22  108.85
   884    2.02   24.79   26.39    0.53   88.66  655.09  655.64    6.12  752.38  197.40
   885    1.95   24.73   26.38    0.71   88.06  652.31  653.57    6.80  750.55  146.26
   886    1.90   24.49   26.49    0.80   87.29  651.08  652.74    7.01  757.16  130.63
   887    1.90   24.39   26.04    0.95   86.65  640.17  642.69    7.28  732.37  107.39
   888    1.84   24.64   26.14    0.94   86.95  649.14  651.60    8.11  736.64  110.18
   889    1.96   24.39   26.32    0.91   86.49  646.91  649.20    7.72  745.45  113.35
   890    1.88   24.46   26.48    0.67   87.67  639.61  640.68    7.55  754.09  153.30
   891    2.01   24.23   26.13    0.85   87.00  641.16  643.09    7.93  736.18  120.99
   892    1.96   24.63   26.02    1.03   86.51  659.78  662.77    8.02  731.27  102.62
   893    1.93   24.69   26.05    0.96   86.92  661.18  663.73    9.36  733.13  110.21
   894    1.93   24.67   26.48    0.98   86.50  661.73  664.39    7.21  755.76  108.16
   895    1.94   24.72   26.26    0.89   86.82  662.08  664.24    6.60  746.47  118.58
   896    1.94   24.65   26.22    0.74   87.24  660.88  662.26    6.28  742.98  142.68
   897    1.84   24.47   26.13    0.73   87.26  649.21  650.57    6.69  739.10  140.99
   898    1.90   24.33   26.09    0.53   88.15  649.12  649.66    6.12  737.78  196.49
   899    1.89   24.19   26.17    0.62   87.99  642.13  643.03    7.21  741.98  163.87
   900    1.95   23.77   26.13    0.64   87.89  632.48  633.46    6.72  740.26  156.88
   901    1.94   23.84   26.11    0.58   88.05  634.03  634.78    8.37  738.23  173.63
   902    1.92   23.93   25.99    0.66   87.98  636.04  637.08    6.32  732.91  153.92
   903    1.92   24.19   25.87    0.65   87.81  642.31  643.33    7.84  729.40  156.44
   904    2.01   23.97   25.92    0.86   87.21  633.79  635.80    8.28  733.34  117.49
   905    2.00   23.92   25.99    0.65   88.07  632.99  633.99    7.40  735.51  155.87
   906    1.98   23.67   25.98    0.61   88.34  622.55  623.39    7.83  731.98  163.71
   907    1.92   23.80   26.11    0.59   88.45  629.36  630.16    8.78  741.90  168.68
   908    1.94   23.80   26.20    0.87   87.20  624.00  626.04    9.56  743.57  115.20
   909    2.04   23.66   25.86    0.75   87.24  616.75  618.23    7.86  722.19  130.45
   910    1.96   23.58   26.17    0.84   86.96  616.59  618.47    8.71  740.93  117.71
   911    1.94   23.70   25.78    0.89   86.75  612.79  614.97    9.23  719.93  109.82
   912    2.07   23.41   26.11    0.93   86.51  602.89  605.31    8.37  732.90  103.50
   913    2.04   23.61   26.11    0.71   87.19  607.83  609.11    9.28  732.61  136.41
   914    1.94   23.86   26.08    0.55   88.19  621.36  622.00    8.27  731.84  179.12
   915    2.10   23.66   25.85    0.67   87.42  605.46  606.56    9.94  720.57  144.33
   916    2.00   23.29   25.62    0.54   88.33  593.86  594.49    8.03  705.71  174.35
   917    2.04   23.57   25.94    0.68   87.80  604.00  605.15    7.27  722.69  141.56
   918    1.96   23.37   25.66    0.56   88.15  598.05  598.71    6.72  706.39  171.57
   919    2.03   23.54   25.90    0.38   88.56  600.41  600.56    8.88  723.15  250.90
   920    2.03   23.52   25.44    0.43   88.39  598.66  598.95    8.10  700.60  220.28
   921    2.06   23.65   25.70    0.67   87.77  604.21  605.30    8.02  709.66  144.11
   922    1.93   23.54   25.27    0.92   86.51  595.48  597.85    7.26  687.12  103.12
   923    2.00   23.61   25.65    0.69   87.90  600.81  602.00    8.81  707.79  138.89
   924    2.10   23.87   25.83    0.83   86.95  611.84  613.71    8.03  720.94  117.30
   925    2.03   23.88   25.81    0.58   87.96  610.39  611.13    9.08  714.87  168.57
   926    2.07   24.09   26.11    0.63   88.01  619.33  620.27    7.76  731.66  156.33
   927    2.04   24.08   25.99    0.74   87.34  622.94  624.34    7.26  725.50  134.53
   928    2.00   24.00   26.01    0.94   86.97  618.53  620.96    7.75  721.24  105.71
   929    2.15   23.95   25.87    0.70   87.89  619.02  620.23    8.43  716.45  141.87
   930    2.02   23.97   25.88    0.97   86.62  616.20  618.85    8.47  720.43  101.43
   931    2.05   23.94   25.75    0.87   86.74  614.75  616.83    9.41  708.08  112.62
   932    2.08   23.75   26.09    1.14   85.81  605.77  609.58    7.38  725.44   84.78
   933    1.96   23.59   25.84    1.16   85.58  606.86  610.77    6.63  709.66   83.92
   934    2.03   24.08   25.54    1.30   85.29  627.97  632.97    6.94  695.88   77.42
   935    2.02   24.02   25.73    1.05   86.22  620.07  623.21    6.83  709.59   94.57
   936    1.99   23.81   25.52    0.98   86.67  620.45  623.16    7.57  698.79  101.11
   937    1.99   23.36   25.67    0.77   87.55  601.41  602.97    7.08  706.06  124.57
   938    2.14   23.71   25.71    0.55   88.45  613.81  614.44    8.26  708.70  179.19
   939    2.02   24.08   26.07    0.60   88.09  622.64  623.44    7.91  727.39  166.71
   940    2.18   24.16   25.67    0.85   87.05  629.36  631.28    8.90  703.82  118.93
   941    2.13   24.17   25.74    1.07   86.00  631.28  634.54    8.46  709.71   94.65
   942    2.11   24.55   26.24    0.71   87.43  649.81  651.08    7.58  736.15  145.39
   943    2.10   24.68   26.39    0.94   86.63  654.43  656.87    7.95  744.38  111.35
   944    2.11   24.83   25.75    1.04   86.42  654.02  657.05    6.26  714.11  100.99
   945    2.10   24.82   26.28    0.75   87.40  659.09  660.50    6.72  738.91  141.12
   946    2.01   25.03   26.16    1.11   86.07  666.75  670.25    6.64  733.21   96.50
   947    1.98   25.10   25.88    1.13   86.45  673.71  677.39    4.90  720.24   95.40
   948    1.99   25.37   25.70    0.98   87.12  683.14  685.81    6.47  709.36  111.32
   949    2.10   25.27   25.99    0.73   87.88  679.25  680.57    7.63  726.85  148.77
   950    2.10   25.37   26.40    0.88   87.12  687.37  689.48    7.35  747.49  124.14
   951    2.12   25.17   26.48    0.92   86.95  675.96  678.26    7.57  751.06  117.70
   952    2.06   25.20   26.36    0.84   87.23  683.03  684.88    8.66  744.61  130.43
   953    2.10   25.43   26.80    0.98   86.54  685.19  687.86    9.43  769.68  111.79
   954    2.09   25.56   26.52    0.58   88.34  699.59  700.31    7.36  755.67  190.89
   955    2.00   25.58   26.86    0.89   86.99  703.13  705.23    9.17  775.54  126.82
   956    2.08   25.57   26.58    1.07   86.63  702.15  705.41    7.94  762.01  104.68
   957    2.01   25.55   26.56    0.87   87.23  702.47  704.48    8.56  758.00  129.38
   958    2.04   25.28   26.47    1.00   86.64  689.07  691.88    9.63  755.07  109.94
   959    1.97   25.40   26.48    0.74   87.89  689.91  691.26    6.34  753.61  149.45
   960    1.92   25.72   26.58    1.05   86.80  707.82  710.90    6.90  762.18  108.21
   961    1.94   25.75   26.53    1.20   85.88  705.20  709.36    8.16  757.41   94.16
   962    1.96   25.83   26.44    1.19   85.94  702.21  706.29    8.23  755.78   94.57
   963    1.95   25.95   26.55    0.89   87.18  707.33  709.45    7.47  761.18  127.21
   964    1.95   26.03   26.41    0.68   88.39  705.65  706.72    7.45  750.88  166.41
   965    1.97   25.84   26.64    0.75   87.86  702.68  704.07    6.75  761.65  150.39
   966    1.89   25.71   26.76    0.69   88.00  700.26  701.41    5.75  765.32  161.47
   967    1.94   25.86   26.70    0.68   87.78  700.38  701.48    7.18  761.67  164.35
   968    1.91   26.00   26.42    0.75   87.47  706.24  707.66    6.65  745.28  149.63
   969    1.90   26.20   26.58    0.51   88.34  713.87  714.34    6.49  756.44  221.34
   970    1.86   26.01   26.77    0.76   87.62  709.38  710.84    6.71  767.15  148.33
   971    2.08   25.89   26.82    0.79   87.83  704.98  706.56    8.12  771.34  142.94
   972    1.83   26.07   26.82    0.70   87.91  712.18  713.36    7.18  770.28  162.02
   973    1.90   25.69   26.57    0.92   86.90  697.14  699.43    7.14  756.21  121.26
   974    1.82   25.81   26.61    0.87   87.48  704.58  706.58    5.84  761.69  129.90
   975    1.80   25.86   26.84    0.97   87.03  699.24  701.81    6.32  771.16  115.77
   976    1.92   26.04   27.10    0.93   87.18  720.62  723.00    4.77  784.29  123.24
   977    1.91   25.92   26.93    0.70   87.97  714.19  715.35    5.62  776.11  163.46
   978    1.91   26.13   26.79    0.82   87.34  722.75  724.49    6.72  765.41  140.90
   979    1.98   26.07   26.81    0.76   87.55  712.53  713.98    8.00  768.97  149.62
   980    1.79   25.96   26.63    0.75   87.81  714.92  716.34    5.03  755.41  151.22
   981    1.85   25.99   26.34    0.88   87.16  710.78  712.83    5.17  739.08  129.58
   982    1.90   26.00   26.37    0.94   87.20  714.43  716.84    6.82  742.89  121.50
   983    1.81   25.53   26.41    0.97   87.18  698.43  701.05    5.55  744.32  114.82
   984    1.96   25.96   26.12    0.84   87.51  713.43  715.31    5.64  728.11  134.99
   985    1.99   25.60   26.09    0.47   88.86  695.44  695.76    7.56  727.59  238.17
   986    1.91   25.68   26.34    0.84   87.44  699.50  701.34    7.13  741.22  133.44
   987    1.94   25.87   25.99    0.85   87.38  701.55  703.47    6.68  722.73  131.49
   988    1.88   25.61   26.13    0.66   88.14  697.00  698.00    6.24  731.03  169.40
   989    2.04   25.49   25.80    0.65   88.36  692.25  693.23    5.37  712.76  169.70
   990    2.03   25.92   26.15    0.49   88.72  711.35  711.74    7.81  732.07  231.35
   991    2.09   25.81   26.15    0.65   88.13  702.67  703.62    5.81  732.06  173.66
   992    1.99   25.67   26.36    0.48   88.73  694.56  694.93    5.19  742.90  231.13
   993    1.84   25.79   26.45    0.76   87.59  707.98  709.43    3.82  748.43  148.68
   994    1.96   25.16   26.31    0.49   88.49  680.13  680.52    6.90  736.83  223.16
   995    2.00   25.43   26.14    0.64   88.50  698.41  699.33    6.77  730.59  174.93
   996    2.05   24.96   26.42    0.32   89.71  681.43  681.41    6.81  745.80  337.03
   997    1.92   25.27   26.41    0.36   89.47  697.17  697.23    7.06  745.40  306.26
   998    1.97   25.43   26.58    0.60   88.88  696.79  697.57    5.27  755.71  184.39
   999    1.99   25.07   26.58    0.61   88.71  683.09  683.91    5.61  752.00  178.78
  1000    1.97   25.14   26.61    0.53   88.59  681.60  682.12    4.73  752.98  206.78
  1001    1.91   25.54   26.22    0.52   88.77  693.86  694.35    4.63  735.70  213.75
  1002    1.92   25.28   26.44    0.56   88.71  685.74  686.40    5.26  747.50  193.48
  1003    1.96   25.23   26.65    0.54   89.09  687.66  688.24    3.22  759.31  201.79
  1004    1.94   25.37   26.14    0.75   87.79  684.92  686.35    3.99  728.55  145.25
  1005    1.74   25.52   26.07    0.79   87.81  696.53  698.11    3.46  727.41  141.45
  1006    2.09   25.66   26.22    0.94   87.32  711.93  714.37    4.67  741.42  120.46
  1007    1.98   25.80   26.41    0.90   87.43  713.26  715.44    3.16  743.87  126.69
  1008    2.07   25.52   26.11    0.86   87.50  698.84  700.81    3.54  728.64  129.75
  1009    2.11   25.87   26.03    0.91   87.55  711.74  714.01    5.07  724.33  124.28
  1010    2.16   25.88   26.21    0.93   87.26  710.67  713.01    5.15  733.47  122.52
  1011    2.02   25.83   26.36    1.04   86.79  708.72  711.77    4.47  739.46  108.73
  1012    2.04   25.72   26.51    0.99   86.93  704.72  707.43    4.41  745.93  113.86
  1013    1.96   25.53   26.32    1.20   86.52  701.28  705.48    5.51  736.76   93.30
  1014    2.10   25.80   26.34    1.20   86.21  704.52  708.67    4.25  739.21   94.18
  1015    2.01   25.85   26.23    0.87   87.12  713.64  715.67    5.39  730.54  130.57
  1016    2.09   25.77   26.50    0.72   87.71  709.55  710.83    4.86  743.23  156.60
  1017    1.91   25.68   26.44    0.88   87.19  707.67  709.76    5.95  741.46  127.95
  1018    2.05   25.50   26.60    0.76   87.71  699.78  701.22    6.97  751.85  147.80
  1019    2.00   25.54   26.42    0.87   87.47  691.19  693.22    5.54  741.86  126.88
  1020    1.99   25.36   26.29    1.06   86.76  682.54  685.70    7.73  733.44  103.44
  1021    1.95   25.55   26.48    0.87   87.42  693.28  695.29    5.68  745.05  127.61
  1022    1.96   25.40   26.58    0.92   86.96  692.61  694.92    5.34  752.33  120.23
  1023    1.88   25.70   26.48    0.66   87.93  705.49  706.52    7.22  743.59  169.19
  1024    1.97   25.69   26.37    0.67   88.09  701.98  703.04    5.58  736.33  166.61
  1025    1.83   25.88   26.12    0.85   87.73  716.09  717.99    5.38  723.11  134.89
  1026    1.95   26.18   25.90    1.12   86.54  726.51  730.09    4.42  715.30  103.72
  1027    1.90   26.18   25.86    1.00   86.76  719.61  722.40    5.86  712.34  114.91
  1028    1.90   26.01   25.90    0.95   87.04  722.78  725.27    7.62  714.49  121.03
  1029    1.91   25.79   26.13    0.76   87.76  708.83  710.30    7.34  731.10  148.09
  1030    1.91   25.90   25.94    0.71   87.84  714.49  715.72    5.80  718.28  159.82
  1031    1.91   25.96   25.99    0.86   87.42  715.76  717.70    6.61  719.63  133.42
  1032    1.86   25.57   26.20    0.70   88.08  693.67  694.84    6.49  732.48  158.79
  1033    1.90   25.13   26.52    0.54   88.81  687.50  688.05    5.48  749.19  204.60
  1034    1.80   25.14   26.13    0.52   88.79  678.52  679.03    3.85  729.09  207.73
  1035    1.91   25.08   26.39    0.53   88.68  677.49  678.04    4.25  742.05  203.07
  1036    1.84   24.93   26.39    0.56   88.60  676.70  677.33    3.74  742.95  193.70
  1037    1.83   25.11   26.14    0.78   87.89  677.60  679.15    3.27  727.39  139.25
  1038    1.91   25.26   26.04    0.49   88.78  689.03  689.44    2.96  721.90  222.61
  1039    1.89   25.30   25.93    0.50   88.83  685.97  686.42    3.76  713.47  217.16
  1040    1.87   25.02   25.97    0.74   88.17  674.97  676.33    3.87  717.11  146.32
  1041    1.83   24.43   25.85    0.77   87.88  658.03  659.53    3.88  713.85  137.28
  1042    1.90   25.06   25.86    0.93   87.48  687.11  689.48    3.49  713.07  117.81
  1043    1.84   24.96   25.98    0.72   88.21  680.91  682.17    6.01  721.74  151.71
  1044    1.95   24.99   26.05    0.68   88.19  682.15  683.25    4.88  725.00  160.47
  1045    1.93   25.25   25.83    0.98   87.03  686.03  688.72    4.79  712.68  111.58
  1046    1.83   25.49   25.73    1.11   86.71  708.50  711.98    6.21  713.03  102.59
  1047    1.88   25.42   26.13    0.81   87.90  709.16  710.87    5.93  730.45  139.43
  1048    1.92   25.44   26.53    0.93   87.47  716.55  718.89    5.70  753.65  123.16
  1049    1.88   25.56   27.01    0.89   87.53  727.91  730.05    6.30  782.56  129.92
  1050    1.93   25.53   26.89    0.87   87.23  730.13  732.16    5.17  775.20  133.45
  1051    1.92   25.50   26.64    0.73   87.61  725.77  727.10    6.05  762.11  157.58
  1052    1.88   25.38   26.44    0.74   87.97  719.24  720.58    5.95  752.49  155.85
  1053    1.94   25.32   26.17    1.00   87.20  718.21  720.99    5.57  738.44  114.76
  1054    1.85   25.30   26.54    0.93   87.55  718.80  721.15    5.22  758.57  123.41
  1055    1.82   25.26   26.23    0.83   87.52  710.41  712.24    3.60  741.66  135.89
