#time, _distVP, _dist67, _distF,  _domz1, _flattenA, _projA, _domeA, _hrot, _projA_RF, _rad
     0    0.63   19.33   15.60    8.59   52.45  382.86  614.26   25.71  254.69   11.39
     1    0.71   21.21   16.76    7.31   59.22  457.21  624.96   22.65  294.28   13.61
     2    0.70   22.14   17.34    6.46   63.11  492.17  622.94   19.64  314.96   15.36
     3    0.74   23.14   18.59    5.49   67.26  516.65  610.97   19.67  361.96   17.73
     4    0.82   22.90   19.01    5.08   68.83  516.49  597.30   19.03  379.19   18.72
     5    0.84   23.20   19.60    4.81   70.13  534.35  606.78   19.88  403.13   20.08
     6    0.69   23.45   19.51    4.76   70.48  542.36  613.11   19.91  399.46   20.53
     7    0.80   23.62   19.67    4.52   71.41  546.73  610.69   22.03  405.96   21.50
     8    0.84   23.92   19.60    4.41   72.14  562.45  623.11   25.37  402.41   22.52
     9    0.83   24.29   19.67    4.29   72.80  575.82  633.26   22.91  405.21   23.52
    10    0.83   23.86   19.51    4.08   73.41  562.98  614.87   21.72  398.98   24.02
    11    0.94   24.01   19.87    4.20   72.96  563.24  618.30   17.94  413.45   23.45
    12    0.88   24.57   20.23    3.90   74.33  580.20  627.73   21.01  428.65   25.61
    13    0.90   24.56   20.44    3.53   75.87  583.01  621.91   20.41  437.85   28.03
    14    0.90   24.76   20.79    3.85   74.70  592.35  638.57   16.66  452.83   26.42
    15    0.95   24.61   20.96    3.71   75.13  589.18  632.04   14.92  460.45   27.15
    16    0.91   24.47   20.87    3.43   76.01  577.38  614.08   17.69  457.61   28.49
    17    0.89   24.93   21.21    3.29   76.82  595.05  628.75   17.98  471.67   30.43
    18    0.96   24.70   21.17    3.34   76.60  593.16  627.93   20.97  469.90   29.92
    19    0.95   24.55   21.23    3.24   76.96  586.29  619.05   20.06  472.66   30.38
    20    0.95   25.14   21.24    2.89   78.52  606.11  632.01   18.35  472.94   34.84
    21    0.93   24.49   21.07    2.94   78.12  584.14  610.92   17.22  465.46   33.13
    22    0.94   24.47   21.30    2.92   78.22  584.67  611.19   17.94  475.47   33.30
    23    0.94   24.42   21.35    2.65   79.29  585.72  607.55   18.56  477.93   36.44
    24    0.93   25.10   21.63    2.45   80.17  606.96  625.44   18.21  489.88   40.71
    25    0.92   25.31   21.54    2.66   79.48  612.98  634.88   18.75  486.33   38.01
    26    0.92   25.55   21.33    2.92   78.65  625.71  652.12   18.55  476.73   35.59
    27    0.96   25.55   21.42    2.76   79.35  627.25  650.83   19.03  480.92   37.57
    28    0.92   25.59   21.38    2.69   79.56  632.79  655.16   16.44  479.39   38.81
    29    0.93   25.51   21.69    2.50   80.33  630.27  649.53   17.91  493.58   41.42
    30    0.92   25.41   21.37    2.44   80.47  623.66  642.06   17.57  479.33   41.88
    31    0.93   25.20   21.37    2.49   80.28  615.30  634.52   20.37  478.99   40.51
    32    0.95   25.12   21.47    2.05   81.95  616.55  629.46   20.40  483.44   48.83
    33    0.91   25.23   21.72    2.27   81.24  628.09  643.94   19.30  494.64   45.18
    34    1.03   25.08   21.03    2.59   80.01  619.84  640.57   20.32  463.37   39.39
    35    0.96   24.82   21.05    2.57   79.75  598.56  619.03   19.47  464.50   38.33
    36    0.97   24.94   20.91    2.52   80.04  610.32  629.93   19.22  458.71   39.83
    37    0.96   24.89   21.34    2.58   79.82  600.78  621.30   18.57  477.36   38.42
    38    0.86   25.05   21.29    2.40   80.43  601.50  619.27   19.19  475.09   41.10
    39    0.87   25.19   21.20    2.54   80.01  611.02  631.02   19.44  470.91   39.51
    40    0.86   24.90   21.39    2.45   80.30  605.12  623.61   17.73  479.45   40.59
    41    0.90   25.46   21.60    2.45   80.33  617.83  636.31   19.43  489.07   41.43
    42    0.88   25.13   21.48    2.69   79.43  614.21  636.56   18.60  484.34   37.73
    43    0.91   25.23   21.88    2.32   80.96  620.02  636.63   19.79  502.53   43.66
    44    0.86   25.00   21.77    2.56   79.81  605.28  625.52   19.35  498.02   38.94
    45    0.79   25.42   21.58    2.50   80.09  611.54  630.80   19.95  490.11   40.23
    46    0.86   25.29   21.59    2.37   80.64  615.16  632.46   21.18  490.17   42.53
    47    0.81   24.89   21.84    2.40   80.52  603.13  620.84   19.66  501.75   41.27
    48    0.77   24.93   21.95    2.13   81.59  603.69  617.65   20.91  507.14   46.14
    49    0.87   24.73   22.16    2.23   81.10  594.75  610.08   20.58  516.64   43.53
    50    0.81   25.13   21.83    2.10   81.78  605.56  619.04   19.06  500.86   47.05
    51    0.78   25.12   22.06    1.73   83.15  603.79  612.89   19.58  512.72   56.38
    52    0.88   25.22   21.75    2.23   81.16  607.14  622.42   19.21  498.42   44.48
    53    0.77   25.42   22.20    2.09   81.82  623.95  637.30   21.38  517.60   48.66
    54    0.89   25.41   22.02    2.05   81.95  618.88  631.81   20.02  509.98   48.99
    55    0.82   24.81   21.91    2.20   81.27  598.30  613.16   21.13  502.96   44.42
    56    0.84   24.75   21.83    2.30   80.70  596.78  613.07   18.12  499.60   42.47
    57    0.84   24.93   22.08    1.89   82.56  600.27  611.18   19.88  510.63   51.50
    58    0.81   25.06   22.29    2.12   81.68  609.17  623.01   18.76  520.60   46.73
    59    0.86   25.27   22.24    2.29   81.11  610.60  626.69   18.94  518.19   43.67
    60    0.83   24.94   22.11    2.20   81.39  596.41  611.25   19.24  512.47   44.32
    61    0.84   25.04   22.45    2.04   82.15  598.23  610.99   18.89  528.81   47.70
    62    0.88   24.95   22.08    2.02   82.40  603.79  616.34   15.88  510.92   48.50
    63    0.84   24.95   22.41    2.00   82.34  600.38  612.57   19.57  526.79   48.89
    64    0.83   24.96   22.18    1.68   83.66  601.53  610.04   17.67  515.88   57.98
    65    0.86   25.39   22.36    1.42   84.76  619.28  625.29   18.40  524.06   70.15
    66    0.86   25.57   22.47    1.67   83.79  628.24  636.69   20.64  529.55   60.67
    67    0.85   25.74   22.60    1.73   83.47  635.33  644.43   18.98  536.19   59.25
    68    0.84   26.13   22.54    1.57   84.01  645.30  652.70   21.78  533.23   66.27
    69    0.87   25.89   22.38    1.78   83.25  632.46  642.08   17.84  525.34   57.48
    70    0.89   25.62   22.63    1.74   83.54  627.34  636.50   21.76  536.55   58.33
    71    0.84   25.70   22.33    1.78   83.27  632.95  642.57   19.14  522.39   57.52
    72    0.85   25.71   22.56    1.63   83.78  630.48  638.45   17.60  533.33   62.56
    73    0.90   25.63   22.72    1.73   83.12  622.32  631.37   18.01  540.67   58.22
    74    0.90   25.64   23.01    1.58   83.59  626.64  634.12   16.50  554.32   64.10
    75    0.94   25.83   22.78    1.80   82.76  633.92  643.79   18.80  543.50   56.91
    76    0.94   25.99   22.89    1.83   82.81  644.63  654.77   19.64  548.75   57.09
    77    0.93   26.03   22.83    1.63   83.51  645.56  653.60   19.22  545.58   63.78
    78    0.96   26.19   22.79    1.49   84.24  651.42  658.03   18.20  544.35   70.49
    79    0.93   26.27   22.87    1.51   84.16  655.60  662.43   19.58  547.82   69.83
    80    0.91   26.54   22.87    1.55   83.93  667.98  675.21   22.60  548.05   69.24
    81    0.86   26.40   22.93    1.80   83.20  668.94  678.78   18.50  550.48   60.03
    82    0.94   27.06   22.94    1.60   84.15  687.86  695.52   21.23  551.41   69.36
    83    0.85   26.88   23.20    1.71   83.67  680.20  689.08   21.65  564.16   64.04
    84    0.93   26.88   23.22    1.43   84.78  682.57  688.60   22.05  565.24   76.94
    85    0.94   26.73   23.43    1.37   84.94  680.05  685.60   17.87  576.10   79.73
    86    0.94   26.33   23.23    1.36   84.90  668.12  673.61   18.08  565.16   78.74
    87    0.92   26.36   22.89    1.32   85.27  662.80  667.90   20.41  548.82   80.80
    88    0.95   26.51   22.96    1.39   85.17  675.41  681.11   17.99  552.29   78.18
    89    0.93   26.30   22.80    1.33   85.47  660.79  666.05   19.32  544.41   79.47
    90    0.92   26.17   23.10    1.50   84.59  659.63  666.35   19.68  558.64   70.78
    91    0.89   26.17   23.23    1.40   84.98  670.73  676.55   18.38  565.14   76.92
    92    0.94   25.91   22.97    1.56   84.20  660.50  667.85   19.95  552.63   67.99
    93    0.88   26.28   22.97    1.66   83.77  673.67  681.98   21.79  553.11   65.41
    94    0.95   26.05   23.31    1.50   84.51  659.91  666.60   19.69  569.31   70.99
    95    0.86   25.69   23.06    1.63   83.87  644.35  652.37   21.30  557.19   63.73
    96    0.91   26.15   23.18    1.62   83.92  661.95  669.84   21.82  562.95   65.90
    97    0.82   26.47   23.34    1.40   84.88  678.44  684.27   19.00  570.82   77.71
    98    0.77   26.65   23.36    1.56   84.22  686.09  693.39   20.10  571.73   70.76
    99    0.75   26.10   23.38    1.57   84.08  662.55  670.00   16.79  572.42   67.74
   100    0.73   26.18   23.04    1.42   84.63  663.80  669.83   15.40  556.10   74.88
   101    0.95   26.38   23.16    1.82   83.29  675.26  685.38   12.88  561.72   59.81
   102    0.78   26.16   23.13    1.56   84.25  676.49  683.77   16.89  560.62   69.92
   103    0.78   25.82   23.20    1.69   83.40  655.33  663.98   16.71  563.78   62.51
   104    0.76   25.81   22.91    1.69   83.38  657.46  666.09   15.11  549.72   62.78
   105    0.71   25.91   23.08    1.58   83.79  664.90  672.44   16.88  557.77   67.63
   106    0.71   25.67   22.91    1.67   83.52  653.46  661.91   18.35  549.49   63.02
   107    0.78   26.07   22.85    1.44   84.57  668.45  674.67   13.53  546.64   74.38
   108    0.81   26.02   22.81    1.85   83.09  673.42  683.81   16.97  545.07   58.89
   109    0.85   25.44   22.78    1.69   83.55  641.45  650.06   15.19  543.49   61.38
   110    0.86   25.92   23.11    1.85   82.94  661.77  672.21   15.28  559.45   57.77
   111    0.73   26.01   23.15    1.68   83.51  668.62  677.15   15.94  561.83   64.16
   112    0.68   26.19   23.03    1.74   83.42  678.93  688.09   16.49  555.92   62.98
   113    0.70   25.77   23.25    1.70   83.54  658.23  666.94   15.28  567.11   62.58
   114    0.63   26.25   23.33    1.36   84.68  675.08  680.54   17.06  570.75   79.70
   115    0.74   26.87   22.98    1.59   83.96  696.59  704.18   17.49  553.42   70.48
   116    0.70   26.74   23.22    1.53   84.24  691.71  698.75   15.85  565.27   72.49
   117    0.65   26.78   23.11    1.48   84.45  694.19  700.73   16.89  559.55   75.33
   118    0.62   26.98   22.97    1.57   84.15  707.18  714.57   20.42  552.64   72.43
   119    0.67   27.08   23.11    1.42   84.76  707.79  713.78   18.38  559.58   79.93
   120    0.67   27.19   23.13    1.52   84.24  713.00  719.90   18.73  560.58   75.36
   121    0.71   26.97   22.99    1.54   84.03  709.12  716.23   18.17  554.16   73.91
   122    0.72   27.28   23.08    1.49   84.12  719.68  726.30   18.52  558.99   77.58
   123    0.67   27.35   23.40    1.17   85.36  718.96  722.87   18.81  574.33   98.65
   124    0.64   27.17   23.35    1.30   84.75  710.96  715.90   19.14  572.04   87.78
   125    0.66   27.23   23.39    1.52   83.94  713.05  719.92   20.43  574.41   75.57
   126    0.68   27.09   23.30    1.68   83.37  704.79  713.31   18.10  570.80   67.53
   127    0.64   27.11   23.24    1.50   84.04  709.79  716.46   20.46  567.65   76.23
   128    0.74   27.22   23.28    1.46   84.18  708.58  714.90   19.67  569.20   78.02
   129    0.74   27.19   23.38    1.43   84.45  710.07  716.14   18.51  574.61   79.66
   130    0.67   27.44   23.47    1.43   84.53  715.25  721.33   22.07  579.03   80.18
   131    0.71   27.18   23.79    1.08   85.83  703.50  706.83   16.77  594.13  103.93
   132    0.68   27.39   23.59    1.22   85.26  711.22  715.52   20.13  583.38   93.58
   133    0.78   27.41   23.84    1.27   84.92  713.94  718.62   19.93  595.94   90.33
   134    0.66   26.97   23.72    1.10   85.78  704.05  707.49   17.07  589.78  102.35
   135    0.80   27.26   23.49    1.36   84.66  718.28  723.70   18.60  578.51   84.92
   136    0.76   27.40   23.64    1.39   84.60  726.06  731.79   16.72  585.85   83.60
   137    0.74   27.05   23.94    1.12   85.60  704.32  707.90   18.65  601.34  100.63
   138    0.81   26.94   23.90    1.26   85.26  708.37  712.99   16.86  599.81   90.18
   139    0.76   26.77   23.77    1.17   85.56  696.95  700.89   18.62  594.20   95.44
   140    0.82   26.99   23.35    1.13   85.64  705.14  708.79   19.48  571.91   99.98
   141    0.89   27.34   23.27    1.40   84.71  724.54  730.33   19.75  567.72   83.04
   142    0.85   27.52   23.26    1.60   83.94  729.17  736.81   17.80  568.07   73.49
   143    0.84   27.48   23.74    1.48   84.66  734.24  740.70   17.81  591.06   79.92
   144    0.86   27.35   23.61    1.37   84.91  719.24  724.81   17.82  584.51   83.96
   145    0.90   27.32   23.76    1.61   83.95  717.93  725.66   16.89  591.62   71.99
   146    0.78   27.38   23.86    1.74   83.45  725.59  734.75   16.94  597.69   67.14
   147    0.95   27.48   23.50    1.42   84.84  727.17  733.09   15.84  579.27   82.49
   148    0.89   27.13   23.47    1.46   84.49  708.38  714.67   18.20  579.54   78.19
   149    0.99   26.87   23.73    1.30   84.99  695.44  700.40   15.56  591.07   85.78
   150    0.98   27.09   23.71    1.41   84.69  705.55  711.43   15.40  591.12   80.36
   151    0.97   26.97   23.85    1.37   84.86  706.62  712.16   15.36  596.66   82.75
   152    1.00   27.17   23.80    1.48   84.61  713.39  719.93   12.63  594.20   77.28
   153    1.02   27.26   23.83    1.46   84.58  714.98  721.33    8.84  596.06   78.55
   154    1.06   27.09   24.13    1.09   86.14  719.13  722.53   10.96  610.66  105.14
   155    1.04   26.95   23.88    1.30   85.18  709.93  714.88   14.62  598.59   87.52
   156    1.04   27.10   23.93    1.22   85.69  718.66  723.00   11.68  601.14   94.11
   157    1.08   27.34   24.04    1.47   84.74  726.28  732.73    9.17  605.87   79.18
   158    1.12   27.07   24.16    1.40   85.02  719.95  725.74    9.70  613.41   82.48
   159    1.06   27.69   24.16    1.12   86.10  756.70  760.25    8.89  612.73  108.12
   160    1.12   27.16   24.20    1.22   85.48  722.92  727.22    8.70  614.71   95.06
   161    1.04   27.49   24.10    1.00   86.47  738.33  741.09   12.17  609.84  118.03
   162    1.06   27.80   23.94    1.12   86.09  755.23  758.78   10.32  602.09  107.99
   163    1.04   27.55   23.87    1.30   85.35  742.46  747.39   13.68  598.62   91.58
   164    1.07   27.39   24.22    1.11   85.79  733.61  737.09   12.03  615.65  106.08
   165    1.04   27.19   23.99    1.15   85.91  726.72  730.48   10.41  603.53  101.40
   166    1.03   27.47   23.93    1.25   85.43  737.91  742.47   10.51  600.29   94.30
   167    1.02   27.82   23.89    1.24   85.70  756.00  760.45   13.02  598.75   97.62
   168    1.11   27.95   23.95    1.41   85.28  759.51  765.40   10.98  602.12   86.26
   169    1.07   27.77   24.19    1.37   85.13  755.99  761.50   12.92  613.24   88.49
   170    1.00   28.43   24.11    1.58   84.31  786.46  793.86   12.33  609.04   80.24
   171    1.11   28.09   24.16    1.21   85.59  768.40  772.59   12.85  611.65  101.83
   172    1.08   28.23   24.07    1.29   85.42  774.38  779.19   10.20  608.37   96.35
   173    1.06   28.25   24.08    1.31   85.30  782.58  787.60   11.11  608.16   95.47
   174    1.11   28.82   24.10    0.99   86.35  803.63  806.29   12.68  609.21  129.76
   175    1.09   28.87   24.15    1.31   85.34  802.93  807.94   12.93  611.07   97.98
   176    1.01   28.81   24.32    1.36   85.11  800.10  805.46   12.83  620.25   94.63
   177    1.10   28.47   24.06    1.37   85.14  789.53  795.02   13.05  608.70   92.42
   178    1.07   28.70   23.98    1.47   84.82  802.39  808.73   14.67  603.01   87.80
   179    1.00   28.79   24.01    1.44   84.94  809.42  815.52   13.34  604.64   90.23
   180    1.06   28.80   23.91    1.31   85.52  807.28  812.30   13.37  600.19   98.43
   181    0.96   28.99   24.05    1.01   86.61  818.79  821.60   12.50  606.67  128.94
   182    0.97   28.95   24.16    1.31   85.52  818.60  823.61   14.61  612.37   99.80
   183    0.99   28.77   24.27    1.01   86.56  809.54  812.34   13.30  617.18  127.98
   184    1.15   28.80   24.18    1.30   85.46  806.54  811.43   12.05  612.63   99.42
   185    1.11   28.92   24.39    0.94   86.74  808.07  810.44   13.91  623.47  136.93
   186    1.00   28.95   24.81    1.11   86.17  812.53  816.01   15.34  645.79  116.71
   187    1.04   29.07   24.43    1.11   86.43  815.71  819.19   12.12  626.06  117.11
   188    1.07   29.31   24.87    1.11   86.36  828.18  831.62   11.41  648.92  119.50
   189    1.16   28.73   24.96    0.98   86.65  802.56  805.14   11.06  653.25  131.36
   190    1.17   28.89   25.05    0.97   86.66  809.82  812.36   12.50  658.09  133.24
   191    1.01   28.91   24.52    1.04   86.22  809.48  812.47   13.07  631.27  124.33
   192    1.15   28.99   24.72    0.80   87.21  818.80  820.39   13.10  641.36  163.72
   193    1.11   29.20   24.80    0.67   87.58  826.93  827.93   13.28  645.21  196.27
   194    1.14   29.30   24.63    0.75   87.20  830.44  831.78   13.58  636.50  176.83
   195    1.13   29.01   24.97    0.85   87.08  820.54  822.38   11.96  654.75  154.40
   196    1.10   29.27   24.77    1.12   85.97  826.25  829.75   13.88  643.35  118.26
   197    1.25   29.10   24.74    0.89   86.82  819.17  821.25   12.96  641.11  146.69
   198    1.18   29.16   24.72    0.85   86.97  819.35  821.20   12.52  641.42  153.91
   199    1.21   28.97   24.67    0.70   87.46  814.30  815.43   12.28  638.21  185.48
   200    1.24   28.71   24.68    0.85   86.93  798.50  800.39   10.59  639.45  149.11
   201    1.27   29.12   24.74    1.05   86.33  812.02  815.09    9.41  641.90  123.25
   202    1.19   29.18   24.73    0.94   86.69  822.26  824.61   10.33  642.16  140.04
   203    1.11   28.91   24.17    1.12   85.95  804.01  807.56   10.50  613.53  114.46
   204    1.18   29.21   24.68    0.97   86.53  825.12  827.63   13.50  639.23  136.34
   205    1.15   29.20   24.75    1.07   86.02  825.76  828.92    9.41  643.00  123.63
   206    1.27   28.95   24.94    1.13   85.91  813.76  817.34    9.35  653.44  115.46
   207    1.27   29.21   24.75    1.23   85.58  828.20  832.56    8.62  642.94  107.46
   208    1.15   29.49   24.75    1.04   86.36  831.42  834.39   10.16  642.65  127.87
   209    1.22   29.29   24.83    1.08   86.16  823.72  826.97    7.72  646.97  121.86
   210    1.16   29.29   24.87    0.83   87.09  828.46  830.22    7.89  649.54  158.95
   211    1.25   29.26   25.14    0.71   87.48  825.46  826.62    8.27  663.25  185.79
   212    1.11   29.01   25.24    1.22   85.62  815.62  819.84    8.64  668.73  107.39
   213    1.19   28.93   25.08    0.83   87.06  815.39  817.11    8.06  660.48  157.62
   214    1.17   29.36   24.80    0.96   86.59  825.64  828.12    8.98  644.70  137.37
   215    1.18   29.17   24.99    1.10   86.40  818.04  821.45    8.70  655.49  118.60
   216    1.24   29.13   25.11    1.20   85.90  816.86  820.96    8.04  662.37  109.09
   217    1.16   29.09   24.73    0.79   87.28  818.31  819.87    8.72  641.11  164.73
   218    1.14   29.78   24.47    1.09   86.23  844.98  848.31    8.12  628.04  123.43
   219    1.24   30.04   24.80    1.04   86.49  859.21  862.19    7.96  645.10  131.64
   220    1.27   29.86   24.61    0.84   87.41  853.47  855.24    7.72  635.15  162.67
   221    1.15   30.13   24.95    0.91   87.05  871.54  873.72    8.53  652.83  152.49
   222    1.16   29.80   25.15    0.95   86.72  854.76  857.17    9.31  663.50  143.35
   223    1.23   30.00   25.02    0.94   86.84  861.65  863.96    9.13  657.21  147.08
   224    1.22   30.19   25.04    0.84   86.98  876.21  877.97    7.69  658.38  166.83
   225    1.29   30.09   24.88    0.80   87.05  869.12  870.67    8.98  649.86  174.11
   226    1.18   30.45   24.91    1.09   86.17  885.58  888.89    8.59  651.29  129.33
   227    1.16   30.16   24.86    0.99   86.60  873.00  875.64    9.47  648.69  140.55
   228    1.12   30.36   25.18    0.80   87.23  874.86  876.40    8.61  665.17  175.42
   229    1.16   30.43   25.04    0.82   87.06  883.80  885.47    7.79  657.50  171.67
   230    1.14   30.23   24.99    1.02   86.53  871.56  874.41    7.47  654.63  135.96
   231    1.13   29.88   24.74    1.21   85.97  855.82  859.96    7.49  641.21  113.54
   232    1.21   30.11   25.12    0.99   86.58  869.94  872.55    9.54  661.49  141.05
   233    1.09   30.12   25.02    0.88   87.04  869.97  871.95    9.10  657.00  158.18
   234    1.23   30.14   24.85    0.84   87.18  871.76  873.55    7.51  648.77  164.94
   235    1.20   30.20   24.90    0.98   86.55  875.72  878.27    9.29  650.82  143.31
   236    1.16   29.60   25.07    1.01   86.42  848.20  850.98    7.96  658.67  134.05
   237    1.20   29.91   25.15    0.76   87.34  859.63  861.00   10.07  662.30  181.03
   238    1.20   29.86   24.94    0.99   86.39  862.18  864.79    9.42  651.67  139.67
   239    1.19   30.26   25.09    1.12   85.95  879.97  883.44   10.31  659.44  126.10
   240    1.15   30.02   25.08    1.00   86.44  866.78  869.48   10.87  659.66  138.42
   241    1.20   30.34   25.04    1.11   86.08  876.05  879.48    9.15  657.51  126.13
   242    1.20   29.70   25.20    0.86   87.00  848.38  850.27    9.30  665.14  157.73
   243    1.20   29.74   25.19    0.68   87.59  846.24  847.28    9.18  664.65  197.69
   244    1.13   30.03   25.11    0.80   87.20  865.22  866.81    9.16  661.86  171.86
   245    1.11   29.87   24.88    1.20   85.88  859.10  863.17    8.76  649.38  114.80
   246    1.06   29.91   25.08    1.21   85.95  852.00  856.16    8.70  659.55  112.73
   247    1.06   30.27   25.39    0.98   86.63  876.93  879.48    8.25  675.23  143.35
   248    1.20   30.06   25.20    0.87   86.89  868.50  870.43    9.33  665.45  159.41
   249    1.24   30.20   25.10    1.07   86.22  870.71  873.88    9.38  659.92  129.82
   250    1.18   30.27   24.82    0.93   86.76  869.50  871.77    8.67  645.77  149.45
   251    1.09   30.34   24.78    1.36   85.24  877.93  883.33   11.32  643.69  103.09
   252    1.18   30.38   24.88    1.33   85.44  891.72  896.81   12.12  650.08  107.48
   253    1.17   30.25   24.83    1.25   85.64  883.74  888.21    9.60  648.41  113.05
   254    1.13   30.21   24.86    1.33   85.50  877.72  882.85   10.53  649.29  105.45
   255    1.19   30.20   24.53    0.93   86.70  873.06  875.35   10.45  632.30  149.58
   256    1.16   30.24   24.95    1.05   86.28  885.70  888.70   10.84  653.58  135.10
   257    1.24   30.25   24.85    0.90   86.82  879.42  881.50    9.29  648.44  156.51
   258    1.17   30.16   24.98    1.12   86.06  870.49  873.99   10.60  654.89  124.35
   259    1.28   30.18   24.70    1.08   86.20  870.20  873.45   10.63  640.41  128.35
   260    1.18   30.26   24.66    0.92   86.83  875.19  877.42   10.25  638.11  151.47
   261    1.20   30.12   24.62    1.41   85.05  868.26  874.04    8.43  635.96   98.93
   262    1.17   30.49   24.72    1.08   86.29  883.06  886.25    9.70  641.24  131.13
   263    1.15   30.09   24.54    1.14   85.90  862.03  865.70    9.89  632.42  120.46
   264    1.23   29.82   24.43    1.20   85.93  854.80  858.88   10.68  626.63  113.99
   265    1.30   30.02   24.55    0.94   86.75  861.57  863.94   10.25  632.00  145.60
   266    1.20   29.85   24.78    0.98   86.58  854.23  856.79   10.30  644.28  139.68
   267    1.21   29.68   24.69    1.22   85.82  849.73  854.00   11.43  639.33  111.14
   268    1.15   29.65   24.50    1.14   86.10  848.10  851.76    8.37  630.05  118.86
   269    1.15   29.46   24.58    1.10   86.26  833.64  837.01   10.32  635.29  121.25
   270    1.14   29.42   24.83    1.27   85.70  835.86  840.52    9.81  648.32  105.17
   271    1.19   29.58   24.74    1.08   86.44  844.48  847.73   10.87  643.44  124.68
   272    1.17   29.29   24.88    1.11   86.22  834.79  838.21   10.33  650.98  120.51
   273    1.23   29.45   24.79    1.22   85.88  844.03  848.32   11.87  646.64  110.30
   274    1.21   29.63   24.82    1.10   86.25  846.20  849.57   10.45  649.49  123.07
   275    1.22   29.60   24.75    1.05   86.36  844.86  847.86   13.53  646.04  129.06
   276    1.12   29.93   24.62    1.17   85.90  867.39  871.27   10.99  638.14  118.34
   277    1.15   29.74   24.93    0.65   87.72  860.70  861.61   11.38  655.51  209.56
   278    1.19   29.74   24.69    1.14   86.00  855.22  858.87   10.88  641.50  119.83
   279    1.23   29.43   24.73    1.15   85.82  836.42  840.13   10.82  643.57  116.63
   280    1.16   29.64   24.75    1.16   85.90  844.72  848.48   10.61  645.22  116.96
   281    1.16   29.61   24.54    1.38   85.31  841.30  846.87   10.88  633.35   97.65
   282    1.19   29.97   24.51    1.14   86.06  862.24  865.90   10.15  631.40  120.78
   283    1.18   29.57   24.75    1.32   85.35  837.52  842.59    8.90  643.72  101.45
   284    1.05   29.65   24.53    0.92   86.92  838.93  841.19   10.60  631.27  144.87
   285    1.16   29.57   24.46    1.12   86.17  831.45  834.95    9.68  628.12  118.91
   286    1.04   29.97   24.51    1.53   84.74  854.80  861.75    9.08  631.74   89.50
   287    1.07   29.78   24.63    1.49   85.00  846.27  852.76   10.53  638.00   91.42
   288    1.08   29.78   24.61    1.26   85.89  847.49  852.05   10.08  635.70  107.61
   289    1.15   29.71   24.57    1.21   86.02  841.47  845.61    8.67  632.86  111.70
   290    1.20   30.05   24.57    1.15   86.22  860.93  864.67    9.83  632.86  119.40
   291    1.10   30.18   24.55    1.09   86.46  863.65  866.93   10.50  631.99  126.74
   292    1.16   30.27   24.34    1.16   86.11  869.28  873.03   10.46  621.29  120.33
   293    1.14   30.10   24.56    1.23   85.96  861.89  866.17   10.13  632.42  112.59
   294    1.07   30.11   24.61    1.13   86.22  861.92  865.47    9.74  635.15  122.30
   295    1.11   29.90   24.57    0.74   87.57  856.34  857.63    9.65  632.14  184.34
   296    1.20   29.89   24.95    0.91   87.07  854.82  857.02    9.77  651.73  149.21
   297    1.09   30.12   25.03    0.84   87.32  863.39  865.15    9.44  657.33  164.73
   298    1.07   29.73   24.55    1.20   86.07  853.98  858.10    9.04  631.46  113.44
   299    1.03   29.70   24.99    1.06   86.36  856.32  859.42    8.70  654.15  128.97
   300    1.15   30.12   24.71    1.15   86.21  871.06  874.77    9.64  639.34  121.18
   301    1.09   29.71   24.66    1.32   85.53  849.55  854.60    9.38  637.08  103.04
   302    1.22   29.57   24.76    1.32   85.51  841.65  846.71    7.68  642.49  101.99
   303    1.10   29.45   24.75    1.14   86.20  844.59  848.25    9.29  641.68  118.28
   304    1.10   29.67   24.74    1.27   85.68  846.25  850.86   10.01  641.09  107.02
   305    1.07   29.86   24.86    1.12   86.27  864.14  867.66    8.46  647.36  122.91
   306    1.09   29.81   25.10    1.08   86.30  857.46  860.69   10.81  660.32  126.96
   307    1.09   29.93   24.95    0.81   87.23  873.69  875.32    9.52  652.11  171.38
   308    1.15   29.64   24.94    0.88   87.00  857.80  859.78   10.81  651.48  156.17
   309    1.06   29.61   24.85    0.97   86.49  846.55  849.06    8.87  646.53  139.57
   310    1.04   29.66   24.75    0.75   87.44  850.93  852.24    9.54  641.33  182.03
   311    1.08   29.62   24.69    0.99   86.79  847.42  850.07   10.65  638.43  136.77
   312    1.14   29.76   24.62    1.05   86.45  856.72  859.76   10.68  635.05  130.13
   313    1.08   30.00   24.72    1.14   86.15  870.82  874.47    9.18  640.90  122.10
   314    1.06   29.47   24.58    1.23   85.60  847.35  851.70   11.03  632.96  109.98
   315    1.01   29.44   24.54    0.98   86.49  850.48  853.07    9.33  630.98  138.59
   316    1.08   29.45   24.88    0.84   87.25  848.83  850.61   11.38  648.32  161.34
   317    1.14   29.20   24.53    0.68   87.84  830.73  831.77   10.93  630.01  194.17
   318    1.06   29.31   24.51    0.62   87.84  829.91  830.71   10.61  629.10  212.01
   319    1.11   29.87   24.54    1.01   86.55  866.65  869.43   10.04  630.77  136.61
   320    1.08   29.40   24.75    0.76   87.12  845.57  846.98    9.28  641.49  176.40
   321    1.08   29.30   24.54    0.76   87.17  831.42  832.80    9.59  630.73  174.81
   322    1.20   29.32   24.38    0.77   87.41  834.62  836.05    9.60  622.90  173.23
   323    1.11   29.51   24.44    1.11   86.07  842.41  845.86    9.37  625.31  121.29
   324    1.09   29.00   24.22    1.05   86.27  815.97  818.99    9.81  614.48  124.73
   325    1.00   29.11   23.97    1.15   85.84  822.95  826.68    9.27  602.02  114.48
   326    1.11   29.08   24.14    1.09   86.24  821.73  825.01   10.94  610.15  121.04
   327    1.00   28.76   24.17    1.19   85.94  801.70  805.77   10.14  611.89  107.46
   328    1.28   28.91   24.29    1.12   86.11  809.58  813.09   10.27  617.86  115.87
   329    1.20   29.28   24.38    1.16   85.79  826.09  829.88   10.47  622.65  114.09
   330    1.22   28.88   24.41    1.25   85.60  815.13  819.65    9.87  624.05  104.17
   331    1.05   29.08   24.20    1.23   85.74  814.03  818.34   10.77  614.14  106.31
   332    1.17   28.80   24.40    0.97   86.45  803.73  806.28   11.18  625.02  132.23
   333    1.20   28.99   23.99    1.20   85.67  810.44  814.51    9.45  604.42  108.53
   334    1.10   29.21   24.00    1.01   86.52  823.31  826.10   11.54  605.58  130.23
   335    1.19   28.75   23.81    1.29   85.51  799.29  804.10   12.28  594.81   99.34
   336    1.22   29.08   23.95    1.27   85.55  816.41  821.10   11.75  601.74  102.59
   337    1.23   29.01   23.93    1.20   86.00  809.90  814.01   12.04  601.37  108.07
   338    1.26   29.38   23.97    1.10   86.25  829.12  832.51   11.28  602.94  120.36
   339    1.24   29.06   23.92    1.11   86.10  805.35  808.81   11.86  599.82  116.08
   340    1.20   29.23   23.69    1.48   84.97  821.01  827.43   11.92  588.98   89.31
   341    1.27   29.37   23.97    1.11   86.28  824.39  827.87   11.31  603.12  118.27
   342    1.29   29.06   24.18    1.07   86.33  812.02  815.18    8.79  613.55  121.57
   343    1.36   29.16   24.11    1.18   85.82  814.64  818.58    9.95  610.15  110.73
   344    1.23   29.37   24.05    1.04   86.19  822.80  825.79    9.04  607.07  126.16
   345    1.26   29.51   24.60    0.87   87.03  836.00  837.92    9.85  634.73  154.19
   346    1.29   29.14   24.23    1.05   86.43  818.73  821.75   10.00  615.98  124.93
   347    1.40   29.18   24.09    0.99   86.51  815.13  817.81   10.39  608.85  131.36
   348    1.26   29.77   24.04    1.15   85.97  842.74  846.49    9.54  606.05  116.93
   349    1.49   29.92   24.04    1.03   86.32  848.60  851.53   11.43  606.28  131.11
   350    1.28   29.88   24.40    0.94   86.86  857.62  859.96    9.44  624.84  145.60
   351    1.29   29.64   24.21    0.78   87.24  839.07  840.55   10.80  615.71  171.77
   352    1.22   29.55   24.11    1.08   86.29  832.98  836.22   11.21  611.17  123.25
   353    1.30   29.76   24.19    1.08   86.28  839.73  842.96    9.05  615.23  124.49
   354    1.29   29.59   23.86    0.87   86.99  836.22  838.17    9.95  598.77  153.45
   355    1.38   29.80   23.78    1.01   86.46  848.06  850.85   10.15  595.37  133.87
   356    1.27   29.52   24.02    1.03   86.41  827.20  830.08   10.23  606.10  128.85
   357    1.29   29.79   23.85    0.88   86.92  841.94  843.96    9.46  597.44  152.27
   358    1.27   29.47   23.92    0.96   86.62  827.17  829.68    8.09  602.82  136.91
   359    1.31   29.43   23.75    0.82   87.15  833.58  835.28    9.19  592.56  161.66
   360    1.26   29.34   23.73    1.02   86.52  822.99  825.86   10.22  591.34  128.49
   361    1.31   29.36   23.76    0.96   86.65  831.67  834.16    9.52  592.74  137.91
   362    1.32   29.72   23.32    1.11   86.04  841.51  844.96   11.24  570.82  121.07
   363    1.32   29.46   23.63    1.13   86.10  824.67  828.27   10.29  586.40  116.60
   364    1.29   29.53   23.59    0.99   86.65  827.15  829.79    9.30  585.73  133.90
   365    1.37   29.76   23.68    0.86   87.04  846.19  848.10   10.68  589.81  156.43
   366    1.37   29.73   23.63    1.22   85.90  840.22  844.50   12.53  588.80  109.87
   367    1.30   29.48   23.58    1.01   86.50  836.25  839.02   10.21  586.49  132.57
   368    1.34   29.46   23.67    1.13   86.10  830.43  834.04   11.38  591.14  117.22
   369    1.20   29.28   23.63    0.99   86.43  822.75  825.43   11.62  589.23  132.50
   370    1.24   29.08   23.46    1.14   86.23  817.00  820.64   12.15  580.38  115.03
   371    1.35   29.10   23.69    1.05   86.53  815.92  818.95   12.90  591.33  124.57
   372    1.31   28.89   23.79    1.31   85.61  812.40  817.40   12.52  596.07   99.15
   373    1.52   29.02   23.76    1.19   86.11  815.90  819.94   12.23  594.31  109.56
   374    1.46   29.24   23.75    1.23   85.80  825.03  829.35   13.17  596.45  107.52
   375    1.43   29.30   24.01    1.10   86.44  825.82  829.24   11.04  607.17  119.57
   376    1.39   29.50   24.14    1.16   86.05  842.12  845.92   13.09  613.43  116.05
   377    1.41   29.23   23.92    1.21   85.91  825.54  829.70   12.04  602.14  109.44
   378    1.39   29.19   23.95    1.31   85.54  822.92  827.89   13.35  604.03  100.65
   379    1.41   29.17   23.94    1.23   85.81  824.53  828.85   11.84  602.77  107.48
   380    1.44   29.19   23.60    1.34   85.53  826.50  831.68   13.45  586.61   99.16
   381    1.48   29.18   24.08    0.99   86.77  832.64  835.28   12.78  611.92  134.67
   382    1.40   29.06   24.14    1.06   86.39  824.03  827.11   12.88  616.19  124.79
   383    1.38   29.02   24.24    1.04   86.33  820.89  823.87   11.56  620.65  126.22
   384    1.36   29.05   24.53    1.10   86.24  826.91  830.30   12.59  634.04  119.92
   385    1.45   29.04   24.57    1.14   86.19  824.63  828.26   12.29  637.02  116.12
   386    1.35   29.19   24.64    1.17   85.92  832.95  836.83   12.34  641.67  113.73
   387    1.38   29.57   24.19    1.23   85.87  847.73  852.06   12.69  618.87  110.14
   388    1.51   29.13   23.95    1.22   85.74  829.30  833.55   12.27  606.65  108.76
   389    1.49   29.50   23.86    1.45   84.85  845.81  852.02   12.54  602.63   93.26
   390    1.51   29.53   24.14    0.97   86.62  856.55  859.10   10.39  616.50  140.41
   391    1.54   29.87   24.39    1.13   86.26  867.57  871.12   11.67  627.96  123.06
   392    1.42   29.99   24.40    0.84   87.37  867.70  869.48   11.21  629.19  164.37
   393    1.41   30.17   24.49    1.14   86.40  878.45  882.12   10.12  633.11  122.69
   394    1.39   29.87   24.53    1.05   86.58  865.75  868.80   13.81  635.05  131.15
   395    1.49   29.61   24.57    1.22   85.86  846.70  850.92   14.95  637.06  111.35
   396    1.51   29.41   24.26    1.18   86.06  836.36  840.33   13.37  623.59  113.05
   397    1.47   29.48   24.19    1.06   86.24  841.80  844.92   14.85  618.01  126.67
   398    1.51   29.69   24.12    1.24   85.72  849.15  853.53   14.82  614.32  109.86
   399    1.44   29.79   23.94    1.06   86.44  855.01  858.11   13.76  604.59  128.84
   400    1.41   29.89   24.31    0.80   87.28  862.65  864.22   12.94  622.50  172.37
   401    1.46   30.14   24.58    0.95   86.95  872.14  874.53   14.12  637.14  146.73
   402    1.46   29.83   24.53    1.21   85.92  854.22  858.39   14.28  633.40  112.93
   403    1.31   29.85   24.49    1.15   86.14  857.19  860.93   15.17  631.65  118.96
   404    1.31   29.71   23.97    1.45   85.23  844.54  850.71   14.76  605.39   93.48
   405    1.50   29.52   24.43    1.36   85.48  840.05  845.47   15.47  629.31   98.72
   406    1.40   29.49   24.46    1.18   85.94  838.80  842.72   13.90  631.26  114.01
   407    1.37   29.68   24.68    1.27   85.88  849.37  853.99   14.10  641.75  107.17
   408    1.40   29.65   24.50    0.75   87.83  844.53  845.86   14.45  631.83  179.77
   409    1.42   29.62   24.55    0.99   87.02  838.49  841.14   13.94  633.49  135.31
   410    1.45   29.48   24.78    1.01   86.95  840.17  842.97   14.95  645.06  132.33
   411    1.39   29.61   24.80    0.74   87.80  843.63  844.91   15.34  646.34  182.70
   412    1.33   29.55   24.59    0.64   88.16  834.92  835.78   13.17  634.72  208.14
   413    1.41   29.49   24.89    0.77   87.72  835.15  836.60   13.86  650.33  172.46
   414    1.35   29.37   24.63    0.70   87.95  829.12  830.25   13.93  637.06  188.14
   415    1.32   29.44   24.62    0.78   87.68  834.38  835.88   13.00  636.38  169.98
   416    1.40   29.36   24.46    0.81   87.55  831.86  833.50   12.83  629.77  164.07
   417    1.29   29.27   24.30    0.68   87.91  825.89  826.93   11.46  621.23  192.88
   418    1.34   29.00   24.41    0.56   88.29  805.79  806.37   11.72  625.92  228.91
   419    1.46   29.19   24.40    0.74   87.80  812.76  814.06   11.66  624.97  175.90
   420    1.43   28.96   24.68    0.82   87.51  802.63  804.34    9.96  638.99  156.20
   421    1.51   28.89   24.37    0.65   88.13  801.77  802.68   10.68  623.37  197.06
   422    1.49   28.88   24.26    1.27   85.82  803.58  808.26    9.91  618.34  101.06
   423    1.46   28.80   24.28    0.74   87.76  803.11  804.41    9.81  620.46  173.69
   424    1.43   29.14   24.27    0.71   87.89  823.64  824.79    9.64  619.62  185.98
   425    1.35   29.17   24.44    0.67   88.08  822.58  823.56   11.11  628.89  196.64
   426    1.35   29.08   24.50    0.57   88.30  817.80  818.40   10.79  631.21  229.87
   427    1.39   28.92   24.04    0.84   87.15  809.07  810.89   10.46  608.56  153.11
   428    1.38   29.23   24.57    0.75   87.62  826.46  827.79   10.70  633.91  176.65
   429    1.42   28.98   24.48    0.85   87.16  817.10  818.96   10.79  629.64  153.19
   430    1.39   29.01   24.72    0.66   87.90  818.20  819.15   10.77  642.19  197.51
   431    1.44   28.98   24.50    1.07   86.59  812.96  816.12   11.59  630.79  121.70
   432    1.33   28.88   24.32    0.99   86.89  806.59  809.24   10.06  621.17  130.43
   433    1.41   28.93   24.22    0.59   88.32  810.05  810.74   11.32  616.14  217.67
   434    1.43   28.60   24.37    0.73   87.72  788.91  790.16   11.17  623.48  173.20
   435    1.48   28.69   24.42    0.81   87.50  798.38  800.03   12.75  626.51  157.28
   436    1.50   28.35   24.92    0.79   87.68  780.13  781.68   12.75  652.11  158.32
   437    1.55   28.22   24.73    0.59   88.47  775.98  776.68   12.51  643.18  209.74
   438    1.47   28.48   24.45    0.55   88.50  783.01  783.57   10.94  628.64  225.73
   439    1.53   28.24   24.45    0.68   87.98  772.75  773.81   11.48  628.00  181.16
   440    1.45   28.27   24.54    0.63   88.50  776.43  777.27   10.37  634.79  197.49
   441    1.62   28.32   24.62    0.61   88.41  774.57  775.35   13.50  637.76  202.15
   442    1.60   28.71   24.53    0.83   87.64  799.51  801.26   13.55  632.13  154.17
   443    1.60   28.41   24.83    0.67   88.11  780.38  781.38   13.15  648.11  186.87
   444    1.60   28.36   24.95    0.90   87.26  784.16  786.31   12.52  655.02  138.92
   445    1.52   28.50   24.77    0.80   87.68  789.27  790.89   11.73  644.17  156.81
   446    1.65   28.64   24.97    0.85   87.59  793.51  795.36   12.02  656.02  149.53
   447    1.54   28.49   25.05    0.52   88.70  787.25  787.72   13.44  660.42  239.09
   448    1.60   28.83   24.92    0.56   88.67  799.15  799.73   13.56  654.59  227.61
   449    1.51   28.77   24.94    0.74   88.09  797.67  798.98   13.39  655.60  172.40
   450    1.49   28.60   24.97    0.95   87.32  800.19  802.59   13.25  655.47  135.18
   451    1.39   28.80   24.86    0.81   87.80  802.91  804.57   13.10  650.65  158.22
   452    1.48   28.74   24.96    0.51   88.78  802.98  803.40   13.08  656.96  248.48
   453    1.46   28.26   24.95    0.65   88.34  774.49  775.40   14.14  655.24  191.32
   454    1.53   28.48   25.23    0.55   88.56  779.70  780.27   13.51  669.84  224.79
   455    1.47   28.68   24.83    0.80   87.76  799.41  801.01   12.28  649.59  159.39
   456    1.55   28.51   24.81    0.63   88.22  789.90  790.76   13.06  648.58  198.88
   457    1.46   28.67   25.09    0.52   88.72  800.64  801.07   12.20  663.16  246.79
   458    1.46   28.55   25.04    0.83   87.43  796.43  798.19   13.54  660.89  152.96
   459    1.51   28.90   25.33    0.90   87.36  818.71  820.82   13.92  675.81  145.69
   460    1.57   28.91   25.15    0.43   89.06  810.47  810.63   13.69  667.65  302.84
   461    1.50   28.85   24.40    0.71   88.15  795.99  797.15   14.58  630.13  179.99
   462    1.59   28.68   24.55    0.53   88.81  794.12  794.61   13.67  638.03  236.57
   463    1.54   28.58   24.47    0.66   88.60  778.52  779.50   13.13  634.85  187.45
   464    1.59   28.58   24.55    0.75   87.92  788.06  789.42   12.96  639.68  167.89
   465    1.55   28.70   24.55    0.62   88.70  786.11  786.91   13.57  640.86  202.88
   466    1.69   28.92   24.74    0.57   88.85  800.70  801.30   12.93  651.08  224.84
   467    1.48   28.75   24.40    0.58   88.83  792.04  792.69   11.90  633.64  217.70
   468    1.65   28.52   24.14    0.63   88.58  777.07  777.92   12.85  622.15  196.70
   469    1.56   28.72   24.46    0.84   87.81  785.07  786.87   13.76  634.35  149.48
   470    1.71   28.64   24.30    0.86   87.75  785.43  787.34   13.14  625.43  146.18
   471    1.59   28.87   24.50    0.74   88.37  803.88  805.20   12.62  638.34  173.01
   472    1.62   28.87   24.41    0.77   87.98  801.99  803.43   11.44  632.46  166.74
   473    1.59   28.54   24.15    1.22   86.61  781.98  786.29   12.04  618.24  102.32
   474    1.55   28.21   24.43    0.64   88.93  770.24  771.12   12.00  632.75  193.34
   475    1.64   28.34   24.37    0.97   87.70  769.12  771.68   13.03  629.28  126.77
   476    1.50   28.12   24.24    0.83   88.13  764.56  766.32   11.74  623.61  147.45
   477    1.67   28.06   24.19    0.71   88.73  764.29  765.49   11.62  621.95  171.67
   478    1.63   28.44   24.22    0.72   88.93  776.79  778.03   11.42  624.56  171.60
   479    1.63   28.21   24.17    0.78   88.32  764.82  766.37   12.04  620.56  155.50
   480    1.51   28.22   24.44    0.80   88.47  765.25  766.85   10.46  641.11  153.22
   481    1.41   28.48   24.63    1.09   87.19  779.64  782.98   12.71  642.50  114.21
   482    1.45   28.41   24.46    1.11   87.07  772.23  775.71   11.46  638.85  111.25
   483    1.38   28.64   24.58    1.18   87.14  786.68  790.65   12.33  642.64  106.69
   484    1.45   28.19   24.63    0.94   87.88  771.05  773.40   11.37  648.82  131.63
   485    1.37   28.00   24.72    0.99   87.53  765.74  768.44   11.88  652.29  123.53
   486    1.48   27.83   24.89    1.05   87.64  757.50  760.57   11.95  661.48  115.36
   487    1.46   27.72   24.81    0.87   87.85  756.58  758.57   10.62  657.81  139.02
   488    1.50   27.70   24.74    0.85   87.99  753.93  755.81   12.05  651.21  141.93
   489    1.51   27.75   25.02    0.69   88.56  753.59  754.69   11.91  662.31  175.09
   490    1.44   28.11   24.85    0.78   88.11  770.93  772.46   10.10  653.38  157.26
   491    1.46   28.25   25.03    0.92   87.59  773.12  775.36   11.33  663.25  134.86
   492    1.47   28.19   24.84    0.81   87.67  767.31  769.00   12.72  653.30  150.36
   493    1.43   28.47   24.51    0.80   87.78  779.47  781.07   11.68  634.07  156.10
   494    1.46   28.44   24.54    0.70   88.15  778.58  779.71   11.88  636.85  178.49
   495    1.48   29.05   24.66    0.71   88.23  799.69  800.87   10.05  643.56  179.28
   496    1.53   28.54   24.59    0.81   87.89  781.88  783.55   11.83  638.94  153.88
   497    1.55   28.66   24.81    0.79   87.70  788.87  790.44   12.10  649.59  159.07
   498    1.61   28.43   24.84    0.42   89.21  778.94  779.09   12.60  652.56  296.52
   499    1.67   28.45   25.09    0.41   89.36  783.31  783.43   11.49  665.49  306.69
   500    1.47   28.64   24.97    0.60   88.49  791.36  792.08   10.87  659.52  211.13
   501    1.60   28.28   24.60    0.67   88.23  772.71  773.74   11.70  639.16  183.55
   502    1.57   28.87   25.03    0.48   89.11  804.68  805.01   10.87  664.86  264.85
   503    1.61   28.76   24.81    0.34   89.62  797.25  797.20   10.98  652.93  376.91
   504    1.55   29.16   25.04    0.57   88.78  812.71  813.33   11.52  664.30  225.69
   505    1.51   29.12   24.91    0.61   88.73  813.72  814.46   11.96  658.29  214.28
   506    1.54   29.22   24.88    0.68   88.42  819.98  821.00   11.70  655.53  193.20
   507    1.61   29.28   25.16    0.55   88.68  825.77  826.29   13.04  669.50  241.36
   508    1.65   29.19   25.30    0.45   89.02  829.05  829.26   11.20  674.36  295.09
   509    1.60   28.92   25.34    0.53   88.95  817.68  818.15   13.64  679.20  245.49
   510    1.71   28.85   24.85    0.61   88.60  804.39  805.16   11.44  654.04  208.74
   511    1.62   28.69   24.95    0.64   88.36  801.86  802.73   11.23  657.76  200.50
   512    1.67   29.13   24.99    0.69   88.14  820.67  821.75   11.33  659.88  189.55
   513    1.53   29.32   24.95    0.33   89.32  830.18  830.11   11.22  657.21  394.93
   514    1.57   29.20   24.88    0.49   88.60  829.21  829.54   10.11  655.25  269.46
   515    1.67   29.17   24.80    0.55   88.50  824.31  824.85   10.86  650.65  237.34
   516    1.60   29.11   24.68    0.57   88.33  823.14  823.76   12.47  643.43  228.51
   517    1.71   28.94   24.82    0.64   88.16  812.06  812.94   12.63  649.43  201.63
   518    1.58   28.77   24.69    0.65   88.18  802.96  803.89   10.61  641.86  195.99
   519    1.64   28.66   24.55    0.87   87.25  795.63  797.62   12.75  635.57  145.49
   520    1.76   28.58   24.94    0.88   87.09  790.74  792.79   12.72  655.96  142.98
   521    1.71   28.66   24.73    0.50   88.85  793.64  794.02   12.26  647.18  252.93
   522    1.78   28.73   24.99    0.50   88.84  799.63  800.00   11.81  660.45  256.42
   523    1.74   29.05   24.88    0.40   89.13  813.34  813.42   10.85  656.41  324.66
   524    1.80   29.14   24.72    0.45   88.97  816.24  816.45   12.88  648.80  290.55
   525    1.79   28.99   24.47    0.50   88.91  814.58  814.96   12.00  638.69  257.37
   526    1.77   29.07   24.68    0.60   88.44  820.03  820.74   11.94  646.40  218.14
   527    1.73   28.61   24.82    0.63   88.40  797.22  798.06   10.15  653.24  201.34
   528    1.78   28.68   24.74    0.95   87.26  795.92  798.34   10.75  648.69  134.08
   529    1.57   29.05   24.61    0.74   88.02  815.69  817.00   12.26  640.85  175.99
   530    1.61   29.15   24.46    0.51   88.61  817.46  817.84   13.13  634.18  257.68
   531    1.73   29.13   24.59    0.74   87.78  820.43  821.72   13.28  637.75  177.49
   532    1.67   29.11   24.52    0.74   87.77  818.95  820.25   11.43  637.32  176.78
   533    1.76   29.27   24.61    0.80   87.62  823.72  825.33   12.25  640.37  163.62
   534    1.59   29.39   24.37    0.85   87.70  836.88  838.73   11.53  633.09  156.71
   535    1.63   29.64   24.26    0.49   88.88  842.58  842.92   12.25  623.68  272.16
   536    1.65   29.42   24.35    0.78   87.85  839.24  840.72   12.08  629.48  171.70
   537    1.73   29.28   24.39    0.75   87.78  836.25  837.58   10.58  631.02  178.55
   538    1.71   29.56   24.37    0.95   86.95  844.22  846.65   11.66  631.18  141.36
   539    1.60   29.34   24.41    0.89   87.10  840.06  842.10   11.92  631.23  151.48
   540    1.79   29.34   24.92    0.73   87.85  837.77  839.01   12.23  657.21  183.47
   541    1.88   29.31   24.06    0.89   87.37  836.04  838.08   13.29  615.73  150.66
   542    1.71   29.08   24.06    1.06   86.50  823.22  826.35   12.27  612.63  123.80
   543    1.79   29.47   24.14    0.65   87.93  841.55  842.45   13.11  618.54  206.51
   544    1.76   29.34   24.21    0.80   87.46  830.63  832.21   12.36  620.20  166.20
   545    1.75   29.41   24.56    0.78   87.60  846.11  847.59   12.74  637.89  172.84
   546    1.81   29.19   24.64    0.68   87.93  835.56  836.58   12.37  640.63  195.85
   547    1.75   28.85   24.34    0.78   87.69  813.10  814.62   12.46  627.90  165.73
   548    1.76   29.33   24.53    0.96   86.87  842.81  845.29   11.76  638.04  139.93
   549    1.81   29.89   24.38    0.95   86.81  866.04  868.43   12.24  630.63  145.65
   550    1.75   29.61   24.23    1.21   86.19  848.15  852.30   12.78  623.20  112.32
   551    1.75   29.46   24.50    0.86   87.40  848.43  850.32   13.35  635.38  157.69
   552    1.75   29.27   24.43    0.74   87.77  841.09  842.37   12.48  632.92  182.31
   553    1.81   29.25   24.24    0.93   87.03  838.09  840.36   13.59  623.45  144.42
   554    1.76   29.07   24.02    1.11   86.54  826.22  829.64   11.49  611.15  119.50
   555    1.60   28.75   23.99    1.30   85.82  806.67  811.55   12.54  610.29   99.58
   556    1.66   28.89   23.91    1.18   85.97  812.01  815.95   13.55  604.54  110.41
   557    1.63   29.27   24.31    1.03   86.70  836.21  839.10   12.27  623.18  130.05
   558    1.74   29.31   24.36    0.80   87.60  838.64  840.23   13.12  630.17  166.96
   559    1.76   29.31   24.32    0.79   87.49  835.14  836.67   10.86  628.22  169.24
   560    1.81   29.57   24.54    0.73   87.59  851.15  852.38   10.98  640.68  186.36
   561    1.88   29.58   24.78    0.57   88.13  847.99  848.57   12.74  650.32  238.51
   562    1.78   29.57   24.57    0.68   87.70  844.29  845.31   13.07  640.39  198.49
   563    1.86   29.44   24.74    0.82   87.30  844.72  846.38   13.44  649.09  165.32
   564    1.78   28.95   24.65    0.88   87.10  814.94  816.96   13.74  641.69  147.77
   565    1.77   28.87   24.77    0.87   87.13  808.81  810.75   13.39  647.48  149.18
   566    1.70   29.36   24.89    1.00   86.73  837.46  840.15   13.65  654.38  134.28
   567    1.71   29.45   24.62    1.11   86.26  837.84  841.32   13.51  640.61  120.17
   568    1.81   29.31   24.70    1.10   86.42  830.42  833.83   13.35  644.63  120.23
   569    1.73   29.75   24.72    1.20   86.05  850.04  854.12   12.46  644.05  113.45
   570    1.70   29.52   24.86    1.04   86.68  846.90  849.89   14.20  653.85  129.59
   571    1.69   29.75   24.96    0.96   86.97  852.44  854.88   13.16  657.69  142.42
   572    1.70   29.82   24.87    0.84   87.39  853.76  855.55   10.13  651.20  162.00
   573    1.73   30.17   25.06    0.95   86.95  874.97  877.38   11.59  662.17  146.52
   574    1.74   29.62   25.13    0.81   87.27  850.67  852.28   12.64  666.47  168.18
   575    1.76   30.27   25.48    0.94   86.96  886.91  889.21   12.84  684.29  151.15
   576    1.69   30.09   25.35    0.96   86.94  880.75  883.20   12.33  676.56  146.47
   577    1.82   30.38   25.59    0.88   87.26  891.77  893.74   12.35  689.32  161.81
   578    1.84   30.37   25.67    0.88   87.33  894.64  896.60   12.67  693.53  162.81
   579    1.84   30.23   25.46    1.08   86.65  889.98  893.19   13.61  681.43  131.70
   580    1.66   30.47   25.41    0.97   86.94  903.77  906.28   13.82  679.57  148.51
   581    1.70   30.47   25.21    1.00   86.80  909.98  912.65   12.28  670.56  145.50
   582    1.75   30.35   25.47    0.82   87.34  899.61  901.28   12.45  684.50  174.50
   583    1.75   30.41   25.47    0.91   87.20  912.87  914.99   13.83  686.29  160.58
   584    1.81   30.60   25.35    1.13   86.40  918.33  921.87   14.45  678.00  129.97
   585    1.84   30.15   25.39    1.16   86.37  883.50  887.31   13.77  679.06  121.44
   586    1.78   30.24   25.30    1.01   86.83  888.15  890.90   13.11  674.49  140.48
   587    1.77   30.48   25.63    0.78   87.61  906.54  907.97   13.89  694.56  186.11
   588    1.69   30.30   25.49    0.66   88.02  892.90  893.82   14.41  686.03  215.41
   589    1.79   30.52   25.60    0.80   87.59  902.50  904.03   15.12  691.41  180.99
   590    1.72   30.41   25.17    1.04   86.86  902.80  905.71   15.10  671.40  139.25
   591    1.85   30.47   25.25    1.10   86.55  899.84  903.16   14.21  674.62  131.13
   592    1.81   30.06   25.09    0.97   86.95  875.46  877.97   13.90  666.85  144.00
   593    1.74   29.80   25.18    1.02   86.77  867.04  869.88   14.17  671.44  135.52
   594    1.78   29.70   25.35    0.91   87.13  854.02  856.16   14.52  678.54  150.56
   595    1.80   29.73   25.32    0.93   87.06  859.70  861.96   13.48  674.47  148.10
   596    1.80   29.57   25.41    0.87   87.20  852.43  854.37   13.30  679.65  156.60
   597    1.72   29.22   25.21    0.86   87.14  834.21  836.12   14.29  669.35  154.42
   598    1.73   29.17   25.17    0.96   86.90  831.85  834.29   14.13  667.23  139.11
   599    1.76   29.24   25.26    0.98   86.84  835.50  838.12   14.54  672.51  135.58
   600    1.82   29.69   25.14    0.89   87.09  855.54  857.58   13.68  666.13  153.82
   601    1.71   29.99   25.32    0.87   87.35  877.39  879.31   14.18  675.32  161.33
   602    1.89   30.05   25.52    1.18   86.18  879.83  883.78   13.41  687.15  118.95
   603    1.72   30.19   25.41    1.23   86.02  888.20  892.49   12.40  681.42  115.73
   604    1.73   29.96   25.10    1.14   86.33  870.26  873.89   11.23  663.46  122.23
   605    1.83   30.40   25.37    1.07   86.85  896.02  899.17   11.65  679.08  133.59
   606    1.78   30.26   25.60    1.06   86.85  886.48  889.56   12.11  689.19  133.75
   607    1.70   30.14   25.21    1.14   86.55  884.45  888.10   12.52  668.79  123.81
   608    1.73   30.14   25.42    0.92   87.09  891.84  894.08   11.16  679.39  153.99
   609    1.76   30.17   25.43    0.82   87.48  890.47  892.14   12.26  680.35  172.60
   610    1.77   30.01   25.30    0.79   87.60  880.16  881.69   12.14  674.53  177.19
   611    1.93   29.66   25.43    0.80   87.61  870.20  871.79   11.45  681.55  172.77
   612    1.75   29.78   25.24    0.77   87.61  865.84  867.25   13.07  671.86  179.81
   613    1.89   29.93   25.30    0.80   87.41  880.42  881.96   10.57  676.07  176.32
   614    1.81   30.25   25.19    0.85   87.17  902.93  904.74   13.68  670.64  169.75
   615    1.95   29.64   25.31    0.92   86.95  860.93  863.13   13.01  674.96  149.81
   616    1.85   29.68   25.25    0.85   87.39  875.62  877.47   13.11  672.79  163.42
   617    1.95   30.19   25.68    1.02   86.88  895.70  898.51   12.20  696.14  140.41
   618    1.93   30.21   25.44    0.79   87.71  896.95  898.45   13.74  683.37  181.22
   619    1.79   29.80   25.59    0.84   87.46  884.14  885.93   13.23  690.63  167.32
   620    1.80   30.31   25.53    0.61   88.23  908.06  908.76   10.88  688.26  238.03
   621    1.86   30.17   25.33    0.94   86.99  893.66  895.99   11.20  676.98  151.47
   622    1.85   30.08   25.18    0.79   87.55  886.09  887.61   13.77  669.46  178.26
   623    1.85   30.04   25.32    0.69   87.94  888.07  889.11   12.99  676.20  205.75
   624    1.83   29.78   25.28    0.79   87.50  870.91  872.40   14.25  672.95  176.91
   625    1.88   29.87   25.43    0.87   87.37  881.00  882.92   13.57  681.57  162.21
   626    1.96   29.76   25.23    0.88   87.40  870.02  872.00   14.20  669.14  157.99
   627    1.96   29.87   25.05    0.99   86.91  881.90  884.53   14.97  661.26  142.27
   628    2.08   29.66   24.99    1.09   86.60  863.99  867.26   14.12  657.88  127.09
   629    1.93   29.70   25.04    1.14   86.46  867.18  870.80   16.10  661.53  121.91
   630    1.92   30.37   24.95    0.98   87.01  896.98  899.55   15.91  657.91  145.77
   631    1.88   30.22   25.17    1.16   86.14  895.43  899.18   14.09  670.59  123.80
   632    1.85   30.47   25.03    1.09   86.65  904.09  907.40   16.23  663.19  132.06
   633    1.96   30.65   25.20    0.75   87.85  916.42  917.73   15.49  672.90  194.82
   634    1.84   30.94   25.39    0.54   88.56  927.58  928.03   13.05  681.35  272.22
   635    1.95   30.90   25.21    0.56   88.55  922.57  923.07   13.96  670.55  264.31
   636    1.81   30.63   25.49    0.65   88.28  908.42  909.28   13.89  684.90  223.39
   637    1.81   30.69   25.65    0.86   87.66  914.62  916.50   12.93  693.84  168.92
   638    1.86   30.53   25.76    0.87   87.71  908.99  910.90   11.54  699.11  166.75
   639    1.80   31.20   25.63    0.72   88.20  934.31  935.47   12.17  693.58  206.14
   640    1.84   31.22   25.69    0.49   88.90  934.99  935.28   11.30  696.31  302.47
   641    1.82   30.98   25.66    0.77   88.01  929.42  930.79   11.59  695.26  193.57
   642    1.75   30.56   25.58    0.99   87.29  909.85  912.47   12.00  689.09  146.75
   643    1.87   30.78   25.71    0.84   87.71  915.24  917.00   11.90  696.56  173.56
   644    1.84   31.34   25.92    0.93   87.37  950.39  952.61   13.18  707.13  163.54
   645    1.80   31.50   25.68    1.09   86.88  957.45  960.67   13.96  695.52  140.78
   646    1.78   31.58   25.80    0.86   87.74  962.95  964.78   11.47  701.09  179.03
   647    1.80   31.46   25.78    0.98   87.35  956.99  959.50   12.72  700.25  156.34
   648    1.61   31.44   26.09    0.74   88.15  958.45  959.69   11.55  715.10  206.40
   649    1.82   31.64   26.01    0.88   87.59  968.59  970.56   12.54  711.51  174.76
   650    1.72   31.52   25.83    0.69   88.10  955.21  956.24   11.88  701.94  219.23
   651    1.85   31.47   25.81    0.83   87.75  949.93  951.61   14.37  700.74  182.66
   652    1.77   31.52   25.91    0.62   88.50  951.22  951.94   14.69  705.54  245.69
   653    1.82   31.00   25.81    0.77   87.90  923.23  924.62   13.27  701.14  191.48
   654    1.91   31.09   26.12    0.78   87.81  925.88  927.34   14.09  718.01  188.45
   655    1.81   31.39   25.92    0.73   88.01  941.53  942.75   13.20  709.08  204.29
   656    1.76   31.32   25.85    0.99   87.11  937.68  940.31   13.29  703.66  150.61
   657    1.72   31.78   26.14    0.98   87.25  963.38  965.89   14.32  718.31  157.39
   658    1.79   31.82   26.01    0.89   87.50  968.67  970.67   13.69  709.78  173.71
   659    1.67   31.87   26.12    0.71   88.10  967.86  968.93   14.14  715.93  218.65
   660    1.78   31.59   26.09    0.58   88.31  955.84  956.43   12.74  713.84  260.90
   661    1.67   31.75   26.23    0.63   88.02  966.78  967.54   13.17  721.04  244.54
   662    1.67   31.55   26.16    0.65   88.20  959.65  960.50   13.67  717.82  234.10
   663    1.65   31.54   26.08    1.05   86.85  959.12  962.09   15.24  713.39  146.06
   664    1.61   31.88   26.00    0.99   86.99  975.86  978.46   14.80  708.41  157.03
   665    1.60   32.07   25.99    0.78   87.75  985.51  986.92   14.61  708.14  201.42
   666    1.72   31.79   25.49    0.79   87.71  964.30  965.75   14.40  682.20  195.78
   667    1.65   31.81   25.76    0.63   88.30  969.50  970.27   14.91  695.89  243.32
   668    1.64   31.72   25.73    0.88   87.65  965.45  967.41   14.16  693.94  174.61
   669    1.70   31.72   25.84    0.82   87.81  965.47  967.09   13.82  700.47  187.73
   670    1.62   32.15   26.13    0.77   87.90  985.46  986.83   14.85  715.93  203.79
   671    1.57   32.25   26.12    0.74   87.96  993.85  995.05   15.90  715.17  214.98
   672    1.69   31.44   26.14    0.94   87.28  949.32  951.64   13.94  716.82  160.59
   673    1.69   31.19   26.21    0.91   87.56  936.43  938.56   14.69  720.46  163.92
   674    1.67   31.16   25.88    1.14   86.76  933.69  937.26   14.23  701.84  131.47
   675    1.69   31.28   25.74    1.12   86.88  938.37  941.84   14.31  695.58  133.80
   676    1.67   31.18   25.64    1.05   87.06  929.12  932.09   15.30  689.97  141.84
   677    1.66   31.01   25.80    1.00   87.44  927.49  930.14   17.26  699.42  148.49
   678    1.57   30.93   25.45    0.89   87.75  920.68  922.67   13.99  680.45  166.00
   679    1.74   31.10   25.40    0.85   87.76  927.03  928.81   14.29  679.27  174.49
   680    1.55   31.33   25.62    0.94   87.52  949.68  951.99   15.18  690.64  160.82
   681    1.63   31.42   25.67    0.97   87.54  945.99  948.45   13.93  693.45  156.02
   682    1.72   31.36   25.58    1.16   86.83  947.67  951.40   14.76  690.02  130.72
   683    1.76   31.30   25.63    1.08   87.12  944.73  947.88   13.87  693.19  140.34
   684    1.80   31.42   25.98    0.89   87.63  950.58  952.61   13.40  710.39  169.57
   685    1.66   31.63   25.89    1.39   86.02  965.37  970.97   13.61  705.38  111.09
   686    1.63   31.61   25.81    1.40   86.18  966.78  972.43   14.80  701.61  110.71
   687    1.58   31.52   25.78    1.06   87.09  955.45  958.48   13.15  698.40  144.24
   688    1.57   31.53   26.16    1.11   86.95  959.38  962.74   14.64  718.10  138.42
   689    1.61   31.29   25.82    0.99   87.29  939.52  942.10   13.03  699.97  152.12
   690    1.71   31.44   26.09    1.10   87.07  951.07  954.37   14.54  715.45  138.35
   691    1.59   31.36   25.92    0.97   87.40  942.22  944.68   13.89  705.71  155.67
   692    1.66   31.62   26.02    1.07   87.11  954.56  957.67   12.85  711.49  142.50
   693    1.75   31.64   26.23    0.91   87.59  963.93  966.06   13.44  721.87  168.25
   694    1.57   31.64   26.03    0.96   87.40  963.63  966.05   13.27  711.13  159.83
   695    1.63   32.03   26.54    0.94   87.35  982.79  985.07   13.26  738.29  166.78
   696    1.69   31.88   26.49    0.75   87.84  982.66  983.91   14.17  735.44  210.24
   697    1.84   32.00   26.29    0.84   87.57  989.55  991.26   14.93  723.85  187.92
   698    1.83   32.04   26.36    0.76   87.93  988.34  989.66   13.81  727.73  206.77
   699    1.85   31.96   26.33    1.13   86.86  987.98  991.52   14.98  727.77  139.20
   700    1.62   32.39   26.31    1.05   87.17 1012.92 1015.85   15.95  726.98  154.58
   701    1.64   31.96   26.22    0.94   87.61  986.41  988.71   15.94  722.19  166.76
   702    1.60   31.87   26.18    0.58   88.81  982.29  982.85   17.40  720.22  269.26
   703    1.67   32.36   26.38    0.47   89.22 1007.44 1007.62   13.25  731.04  343.17
   704    1.70   32.01   26.37    0.61   88.80  990.27  990.95   14.89  730.85  257.19
   705    1.72   31.91   26.30    0.78   88.05  979.44  980.88   15.23  725.65  199.34
   706    1.62   32.65   26.28    0.58   88.80 1017.65 1018.17   15.89  725.10  281.70
   707    1.65   32.70   26.18    0.63   88.80 1020.39 1021.11   13.53  719.05  259.03
   708    1.66   32.50   26.10    0.74   88.26 1010.81 1012.00   11.23  714.49  218.76
   709    1.66   32.83   26.52    0.75   88.21 1024.23 1025.46   13.01  738.83  218.73
   710    1.60   33.28   26.34    0.62   88.67 1051.79 1052.46   12.61  728.47  270.25
   711    1.67   33.31   26.01    0.80   88.18 1051.41 1052.90   11.97  710.54  208.96
   712    1.69   33.51   26.47    0.74   88.42 1066.00 1067.17   13.21  736.83  230.08
   713    1.61   33.13   26.54    0.72   88.34 1043.57 1044.67   12.54  739.67  231.12
   714    1.64   33.04   26.15    0.78   88.17 1036.52 1037.88   11.45  718.39  213.19
   715    1.74   32.93   26.37    0.58   88.79 1031.08 1031.62   15.26  732.33  282.17
   716    1.71   32.84   26.41    0.96   87.65 1027.50 1029.84   14.77  734.98  171.69
   717    1.63   33.15   26.31    0.70   88.53 1051.69 1052.70   13.15  727.31  239.12
   718    1.69   33.14   26.14    0.98   87.73 1042.23 1044.71   15.46  717.64  169.90
   719    1.62   33.05   26.22    0.52   89.07 1041.20 1041.51   13.24  722.67  321.90
   720    1.69   32.92   26.36    0.12   90.18 1027.94 1027.46   14.65  729.47 1334.04
   721    1.64   33.20   26.69    0.31   89.82 1050.23 1050.00   13.75  748.96  537.56
   722    1.69   32.51   26.51    0.60   88.69 1010.42 1011.03   13.69  738.54  269.15
   723    1.54   32.68   26.70    0.40   89.06 1014.07 1014.05   13.73  748.21  407.96
   724    1.62   33.02   26.63    0.52   88.65 1038.99 1039.33   13.35  745.26  315.60
   725    1.70   32.77   26.77    0.52   88.68 1027.70 1028.03   13.69  752.17  313.74
   726    1.82   33.01   26.76    0.37   89.00 1040.17 1040.08   14.62  750.57  441.89
   727    1.68   33.11   26.58    0.29   89.43 1050.02 1049.75   13.28  740.70  577.01
   728    1.64   33.04   26.35    0.67   88.21 1044.55 1045.42   14.13  728.56  249.59
   729    1.71   33.00   26.32    0.50   88.71 1041.38 1041.64   15.28  725.67  330.02
   730    1.67   32.64   26.27    0.49   88.69 1019.65 1019.88   13.93  723.56  331.15
   731    1.78   32.60   26.13    0.35   89.25 1013.80 1013.67   14.94  715.95  460.65
   732    1.67   32.63   25.87    0.58   88.47 1019.02 1019.56   14.01  702.85  279.60
   733    1.63   32.34   26.14    0.69   88.10 1003.97 1004.96   14.29  716.65  231.85
   734    1.75   32.13   26.00    0.42   89.15  991.50  991.55   14.15  710.30  377.55
   735    1.76   32.03   25.72    0.76   88.02  981.48  982.81   13.99  694.77  205.06
   736    1.69   31.95   26.09    0.74   87.88  985.23  986.45   15.96  714.58  211.91
   737    1.81   31.57   25.91    0.63   88.26  957.58  958.36   13.14  705.00  240.93
   738    1.57   31.96   25.78    1.01   87.12  977.19  979.89   15.31  697.55  154.55
   739    1.66   31.63   25.78    0.74   88.02  963.40  964.63   13.22  696.50  207.28
   740    1.63   31.54   26.08    0.74   87.95  951.77  952.98   13.72  712.38  206.43
   741    1.59   31.70   26.16    0.56   88.51  962.29  962.78   14.59  717.01  274.42
   742    1.52   31.58   26.17    0.54   88.70  955.67  956.10   13.58  717.61  281.53
   743    1.56   31.48   26.39    0.48   88.69  949.19  949.43   14.28  729.24  314.34
   744    1.60   31.57   26.10    0.65   88.16  953.14  954.00   15.40  713.52  232.53
   745    1.66   31.60   26.12    0.46   88.71  950.16  950.35   15.01  714.81  327.66
   746    1.78   31.02   25.83    0.65   88.09  920.75  921.61   14.82  699.45  225.52
   747    1.58   31.01   26.08    0.50   88.58  924.69  925.00   17.39  713.16  295.51
   748    1.60   31.25   26.06    0.58   88.44  931.60  932.19   16.71  712.53  254.86
   749    1.58   31.10   25.79    0.67   88.07  924.98  925.91   16.92  698.05  220.81
   750    1.44   30.91   26.06    0.57   88.37  917.12  917.68   16.02  712.02  256.44
   751    1.69   30.85   26.01    0.58   88.53  912.49  913.09   15.13  709.34  249.94
   752    1.60   31.11   25.93    0.54   88.67  922.28  922.74   15.19  705.28  270.46
   753    1.72   30.92   25.84    0.54   88.55  907.36  907.82   15.17  700.49  267.36
   754    1.69   30.95   26.03    0.66   88.17  908.22  909.11   14.62  710.89  220.96
   755    1.70   30.83   26.21    0.90   87.45  905.64  907.73   14.22  720.60  160.40
   756    1.67   30.93   25.90    0.70   88.19  907.28  908.37   15.29  704.04  205.53
   757    1.75   31.16   25.92    0.65   88.12  918.83  919.70   14.60  704.06  224.15
   758    1.76   31.24   26.04    0.59   88.20  922.36  922.97   14.82  710.39  250.16
   759    1.70   31.31   25.73    0.76   87.55  930.27  931.60   14.88  693.87  195.80
   760    1.66   31.11   25.50    0.93   87.11  920.49  922.73   14.02  681.51  158.22
   761    1.65   30.95   25.61    0.78   87.37  911.08  912.54   14.00  687.22  185.58
   762    1.64   30.88   25.71    0.85   87.27  913.08  914.87   12.71  692.98  171.88
   763    1.66   30.91   25.77    1.02   86.74  911.11  913.89   14.17  696.54  143.29
   764    1.63   30.52   25.78    1.10   86.38  889.51  892.88   13.58  696.91  128.82
   765    1.60   30.63   25.72    1.09   86.57  897.26  900.52   13.43  693.54  131.89
   766    1.56   30.83   25.76    0.97   86.88  904.15  906.64   13.42  696.37  149.06
   767    1.56   31.16   25.83    0.74   87.93  925.66  926.92   13.66  701.73  199.01
   768    1.48   30.81   26.25    0.53   88.53  900.50  900.92   12.76  723.79  271.29
   769    1.63   30.55   25.98    0.39   88.97  887.59  887.61   14.17  710.40  364.95
   770    1.47   30.79   26.04    0.60   88.29  900.46  901.12   12.26  712.83  241.01
   771    1.53   30.42   25.93    0.63   88.15  878.98  879.80   14.02  706.88  221.20
   772    1.60   30.13   25.92    0.65   88.07  863.02  863.92   14.53  707.07  210.88
   773    1.63   30.62   25.83    0.61   88.19  890.68  891.40   14.29  701.25  232.08
   774    1.61   30.70   25.96    0.53   88.29  892.49  892.92   14.33  707.89  268.80
   775    1.65   30.58   25.72    0.80   87.19  889.27  890.83   13.89  695.20  177.17
   776    1.61   30.51   25.74    0.75   87.60  886.49  887.81   15.66  697.33  188.73
   777    1.63   30.98   25.85    0.80   87.26  912.24  913.78   13.96  702.76  182.20
   778    1.61   30.93   25.82    0.70   87.75  913.74  914.84   14.85  700.41  206.87
   779    1.55   30.51   25.74    0.73   87.66  891.62  892.85   13.74  697.13  193.89
   780    1.59   30.74   25.67    0.73   87.74  902.81  904.01   15.68  692.60  198.19
   781    1.59   30.87   25.99    0.80   87.44  912.04  913.59   14.56  709.56  181.58
   782    1.58   30.90   25.64    0.99   86.79  911.73  914.32   16.14  690.57  147.73
   783    1.73   30.85   25.40    0.71   87.85  903.24  904.37   12.97  677.48  202.47
   784    1.62   30.92   25.41    0.69   87.97  907.76  908.80   13.34  677.81  209.39
   785    1.62   31.12   25.65    0.76   87.53  922.69  924.03   13.06  691.95  193.57
   786    1.73   30.80   25.98    0.28   89.30  902.47  902.26   12.94  710.54  512.22
   787    1.68   30.90   26.32    0.37   88.76  909.44  909.41   14.07  728.60  392.20
   788    1.70   30.77   26.32    0.39   88.86  899.76  899.79   12.19  727.80  362.86
   789    1.64   30.39   26.27    0.78   87.45  881.76  883.24   13.49  724.22  179.52
   790    1.70   30.40   25.74    0.98   86.66  876.70  879.25   12.07  695.04  143.21
   791    1.81   30.38   25.48    0.67   87.88  878.96  879.94   13.03  680.85  208.14
   792    1.66   30.29   25.61    0.65   87.82  873.56  874.45   12.50  688.19  213.18
   793    1.68   30.47   25.57    0.61   87.88  885.63  886.34   13.32  687.75  232.00
   794    1.60   30.39   25.55    0.63   87.88  879.77  880.57   13.18  686.42  222.60
   795    1.71   30.21   25.60    0.78   87.24  879.32  880.78   12.39  689.02  180.14
   796    1.69   30.38   25.67    0.64   87.75  883.31  884.17   12.25  692.19  218.66
   797    1.71   30.49   25.81    0.51   88.33  883.98  884.34   12.85  699.69  277.09
   798    1.69   30.43   25.80    0.62   87.92  876.24  877.02   12.62  698.65  224.10
   799    1.73   30.80   25.81    0.71   87.68  895.94  897.09   13.15  698.60  199.89
   800    1.63   30.49   25.54    0.75   87.60  887.39  888.70   12.37  684.27  189.11
   801    1.79   30.58   25.96    1.02   86.61  890.95  893.74   14.22  706.84  140.18
   802    1.72   30.43   25.60    0.76   87.40  879.29  880.63   12.92  687.43  185.66
   803    1.64   30.08   25.78    0.75   87.42  864.14  865.47   12.69  696.46  183.47
   804    1.62   29.93   25.83    0.59   87.96  852.25  852.92   12.06  699.48  228.70
   805    1.73   29.96   25.79    0.77   87.32  857.57  859.00   13.25  697.16  177.47
   806    1.75   30.53   25.72    0.93   86.85  880.95  883.19   12.19  693.71  151.96
   807    1.71   30.50   25.65    0.76   87.38  875.52  876.90   13.62  689.92  183.12
   808    1.55   30.21   25.49    0.75   87.42  872.15  873.47   12.03  681.42  185.43
   809    1.70   30.08   25.63    0.71   87.51  865.21  866.35   13.38  688.85  194.85
   810    1.80   30.25   25.59    0.58   87.81  866.92  867.53   12.91  686.44  238.52
   811    1.69   29.95   25.86    0.64   87.77  856.34  857.19   11.09  701.50  213.15
   812    1.72   30.23   25.74    0.48   88.40  870.62  870.90   11.53  694.76  289.31
   813    1.73   30.21   25.76    0.43   88.40  868.65  868.80   13.41  696.40  319.07
   814    1.78   30.48   25.69    0.58   87.99  874.23  874.84   12.09  692.39  241.18
   815    1.73   30.51   25.69    0.65   87.72  877.52  878.42   12.83  692.40  213.81
   816    1.71   30.71   25.74    0.87   87.03  894.18  896.08   11.72  695.59  164.84
   817    1.74   30.67   25.56    0.63   87.81  890.83  891.62   12.28  686.07  226.59
   818    1.79   30.55   25.72    0.77   87.41  887.04  888.47   13.65  693.62  182.85
   819    1.77   30.49   25.70    0.87   87.01  882.92  884.84   13.91  693.19  162.17
   820    1.74   30.77   25.72    0.67   87.56  892.42  893.37   13.99  695.53  212.98
   821    1.81   31.10   25.55    0.45   88.28  905.98  906.16   15.27  686.25  321.50
   822    1.70   30.87   25.80    0.60   87.81  896.71  897.40   14.55  700.03  236.88
   823    1.80   30.96   25.60    0.86   87.01  905.40  907.27   14.12  688.03  167.83
   824    1.68   31.13   25.78    0.73   87.36  906.33  907.56   15.21  698.79  197.03
   825    1.70   30.70   25.62    0.72   87.37  891.62  892.79   15.18  689.75  198.28
   826    1.66   30.93   25.77    0.68   87.55  898.19  899.19   12.86  697.01  210.42
   827    1.70   31.10   25.95    0.67   87.62  915.62  916.58   15.48  707.95  216.52
   828    1.71   30.87   25.80    0.92   86.73  899.38  901.59   15.79  700.52  155.65
   829    1.74   30.95   25.60    0.88   87.09  906.10  908.06   15.48  688.56  164.89
   830    1.68   30.92   25.90    0.63   87.94  902.95  903.74   14.61  704.98  227.87
   831    1.64   30.88   25.64    0.80   87.40  897.75  899.28   14.83  690.97  179.89
   832    1.81   30.59   25.67    0.97   86.91  886.06  888.60   13.68  692.20  145.23
   833    1.72   30.70   25.76    0.87   87.34  891.81  893.74   16.32  696.68  163.56
   834    1.79   30.45   25.84    0.57   88.35  879.41  879.98   13.17  702.71  246.17
   835    1.73   30.56   25.82    0.90   87.08  878.18  880.27   13.45  702.90  155.93
   836    1.63   30.33   25.98    0.56   88.13  874.54  875.09   13.59  711.06  247.68
   837    1.69   30.09   25.99    0.83   87.29  865.46  867.18   13.55  711.33  166.52
   838    1.62   30.21   25.80    0.96   86.90  868.09  870.54   12.76  699.42  144.64
   839    1.77   30.19   25.61    0.89   87.21  867.10  869.15   10.50  690.59  155.48
   840    1.71   30.36   26.14    0.99   86.78  876.69  879.31   12.76  718.23  141.74
   841    1.77   30.86   25.77    0.88   87.18  903.12  905.07   12.64  698.08  164.58
   842    1.71   30.77   25.77    0.75   87.45  894.93  896.25   12.36  698.31  190.17
   843    1.74   30.90   26.13    0.93   86.94  908.65  910.93   12.34  718.28  155.24
   844    1.77   30.88   26.38    0.59   87.86  910.12  910.76   12.58  732.08  244.83
   845    1.71   30.68   25.91    1.03   86.41  895.67  898.56   12.46  706.89  138.60
   846    1.76   30.58   25.91    1.04   86.27  895.69  898.64   11.54  706.41  137.39
   847    1.78   30.52   25.91    0.97   86.44  893.24  895.74   12.29  707.21  146.91
   848    1.85   30.84   25.92    1.05   86.15  911.89  914.88   13.63  707.56  139.02
   849    1.75   30.73   26.04    0.60   87.61  898.04  898.71   14.04  713.53  239.08
   850    1.77   30.80   25.91    0.79   87.04  905.45  906.94   14.48  709.35  183.25
   851    1.75   30.63   25.91    0.93   86.79  899.51  901.78   14.57  709.25  154.12
   852    1.85   30.92   26.14    0.94   86.77  908.47  910.79   14.70  723.08  154.21
   853    1.79   30.97   25.95    0.75   87.44  914.40  915.71   12.34  713.98  193.91
   854    1.80   31.35   26.29    0.70   87.57  928.66  929.73   12.93  730.95  211.71
   855    1.82   31.14   26.25    0.68   87.72  921.04  922.03   13.41  729.24  216.06
   856    1.79   30.78   26.15    0.85   87.10  902.32  904.12   14.01  724.68  169.86
   857    1.83   30.45   26.27    0.86   86.93  885.09  886.94   13.95  731.25  164.86
   858    1.88   30.77   26.33    0.78   87.18  897.97  899.43   12.77  733.89  183.35
   859    1.76   30.67   26.10    0.92   86.70  888.52  890.76   13.49  720.78  153.43
   860    1.78   30.98   26.11    0.94   86.76  904.10  906.41   13.69  723.07  153.81
   861    1.81   31.06   26.25    0.85   86.96  916.98  918.80   14.13  728.88  171.33
   862    1.78   30.84   26.21    0.83   86.92  907.54  909.24   15.96  728.43  174.50
   863    1.77   31.13   26.46    0.64   87.64  921.60  922.44   17.82  742.18  228.06
   864    1.76   31.37   26.47    0.64   87.72  933.33  934.16   17.04  741.72  231.03
   865    1.91   31.55   26.46    0.63   87.64  944.08  944.85   15.84  740.94  238.71
   866    1.71   31.24   25.99    1.02   86.24  925.77  928.60   16.64  713.78  144.30
   867    1.78   31.28   25.93    0.88   86.92  921.23  923.18   16.56  709.73  167.66
   868    1.78   31.64   26.41    0.94   86.71  938.63  940.94   16.88  736.84  159.19
   869    1.73   31.35   25.77    0.75   87.31  931.16  932.47   17.78  702.03  196.91
   870    1.70   31.57   25.64    0.93   86.66  940.93  943.17   17.49  693.87  161.31
   871    1.78   31.53   25.78    0.75   87.34  934.93  936.20   16.33  700.94  199.91
   872    1.68   31.24   25.88    0.72   87.37  924.81  925.98   15.49  708.56  204.46
   873    1.78   30.93   26.10    0.49   88.07  904.81  905.12   14.85  717.65  292.20
   874    1.77   30.86   25.74    0.75   87.35  900.19  901.49   17.33  698.61  192.05
   875    1.70   30.35   25.89    1.03   86.45  878.90  881.80   15.90  707.13  136.06
   876    1.76   30.05   25.56    0.96   86.65  862.82  865.26   17.80  687.34  144.03
   877    1.78   30.42   25.65    0.69   87.58  875.25  876.30   16.19  693.31  201.71
   878    1.73   30.33   25.73    0.69   87.58  871.18  872.24   14.40  697.96  201.25
   879    1.73   30.65   25.97    0.61   87.95  887.65  888.36   16.45  710.68  232.62
   880    1.70   30.36   25.88    0.75   87.56  877.99  879.33   16.72  706.71  186.05
   881    1.72   30.47   25.93    1.04   86.64  881.34  884.27   17.55  710.14  135.77
   882    1.84   30.63   25.45    0.87   87.18  879.21  881.14   16.86  682.48  161.33
   883    1.68   30.41   25.62    0.94   86.93  870.05  872.40   17.11  690.78  147.21
   884    1.76   30.64   25.34    1.07   86.63  883.84  887.01   17.31  677.48  131.60
   885    1.67   30.33   25.41    0.82   87.47  869.53  871.19   16.21  681.89  169.42
   886    1.72   30.27   25.36    1.18   86.13  866.56  870.51   16.39  678.77  117.32
   887    1.70   30.32   25.52    1.32   85.67  869.26  874.29   16.02  687.15  105.54
   888    1.74   30.24   25.65    1.17   86.13  863.58  867.41   15.87  693.74  118.44
   889    1.76   30.09   25.73    1.04   86.52  861.74  864.72   14.94  698.27  131.83
   890    1.77   30.06   25.80    1.42   85.31  857.80  863.68   16.68  700.87   97.01
   891    1.69   29.98   25.74    0.98   86.71  851.53  854.10   16.86  699.84  139.07
   892    1.73   29.90   25.81    1.18   85.99  842.23  846.19   17.10  703.03  114.10
   893    1.77   30.10   25.81    1.17   86.03  852.86  856.71   17.31  701.96  116.85
   894    1.64   30.05   25.61    0.95   86.75  849.38  851.79   17.25  690.26  142.51
   895    1.77   30.00   25.82    0.86   87.00  850.63  852.54   16.92  704.22  157.14
   896    1.62   29.95   26.00    0.98   86.57  855.74  858.35   16.47  712.92  138.89
   897    1.69   29.96   26.01    0.75   87.33  848.62  849.96   15.79  715.02  180.00
   898    1.77   29.99   26.12    1.07   86.34  857.65  860.80   16.49  719.84  128.18
   899    1.68   29.73   26.18    1.05   86.35  844.64  847.70   17.14  722.26  127.96
   900    1.77   29.81   26.20    1.02   86.43  851.01  853.82   16.16  722.29  133.77
   901    1.75   29.85   25.95    1.17   85.99  854.21  858.07   15.26  708.42  116.92
   902    1.83   30.53   26.10    0.93   86.96  890.93  893.18   14.63  716.51  153.32
   903    1.81   30.13   26.10    0.50   88.20  868.50  868.85   15.01  715.85  275.41
   904    1.74   30.61   26.43    0.79   87.34  895.43  896.95   14.47  734.52  180.40
   905    1.74   30.34   26.11    0.67   87.61  874.79  875.75   15.48  717.58  208.77
   906    1.71   30.12   26.14    0.97   86.64  875.00  877.51   16.37  719.75  144.24
   907    1.71   29.99   26.19    0.63   87.91  859.57  860.37   14.58  721.27  217.68
   908    1.73   29.86   26.12    0.56   88.16  856.85  857.40   15.01  717.36  242.83
   909    1.70   29.86   26.26    0.91   86.95  857.40  859.56   15.55  725.68  150.54
   910    1.65   29.66   26.42    0.55   88.18  849.00  849.51   13.91  734.65  247.23
   911    1.70   29.51   26.30    0.77   87.39  836.29  837.71   13.65  726.96  174.25
   912    1.67   29.23   26.36    1.07   86.34  826.12  829.31   14.87  730.86  123.15
   913    1.78   29.55   25.98    0.97   86.76  842.16  844.71   15.16  710.58  138.19
   914    1.72   29.43   26.31    0.75   87.43  829.56  830.92   15.45  729.91  175.50
   915    1.77   29.27   26.10    0.77   87.35  823.84  825.28   15.85  718.24  170.74
   916    1.82   29.06   25.90    0.54   88.05  814.91  815.42   16.17  707.81  240.54
   917    1.72   29.51   26.00    1.01   86.41  836.89  839.64   15.97  715.09  132.89
   918    1.76   29.55   26.00    1.01   86.21  839.31  842.10   14.92  713.33  132.38
   919    1.69   29.58   25.88    1.10   86.02  831.90  835.30   15.73  705.27  120.44
   920    1.61   29.58   25.84    0.92   86.66  835.35  837.61   15.08  702.92  144.22
   921    1.71   29.48   25.98    1.20   85.71  835.63  839.70   15.71  711.66  111.74
   922    1.66   29.68   25.72    0.82   86.97  843.70  845.36   14.87  696.20  164.93
   923    1.78   29.67   25.97    0.98   86.35  838.63  841.20   14.20  709.17  137.03
   924    1.67   29.70   26.02    0.91   86.65  843.60  845.75   13.63  711.65  148.69
   925    1.73   29.40   25.89    0.84   86.83  827.21  829.03   14.78  705.14  156.41
   926    1.76   29.59   25.96    0.97   86.20  834.40  836.90   16.60  710.07  137.99
   927    1.71   29.62   26.04    0.90   86.60  845.59  847.73   14.48  713.46  149.33
   928    1.65   29.50   26.17    0.99   86.31  837.78  840.45   14.78  720.20  134.84
   929    1.70   29.80   26.12    0.95   86.52  847.25  849.67   14.61  717.04  141.93
   930    1.73   29.57   26.24    0.99   86.47  844.70  847.37   15.66  722.04  135.84
   931    1.61   29.49   26.12    0.72   87.26  840.61  841.82   15.10  716.68  185.54
   932    1.68   29.57   26.02    1.01   86.22  841.65  844.43   13.69  712.63  133.16
   933    1.67   29.35   25.95    0.89   86.64  837.09  839.12   14.57  708.36  150.89
   934    1.68   29.57   25.82    0.73   87.22  834.14  835.38   14.37  701.81  182.67
   935    1.63   29.51   25.72    0.73   87.25  840.76  842.01   16.47  695.86  183.45
   936    1.69   29.02   25.96    0.73   86.95  818.00  819.28   15.65  708.53  177.76
   937    1.61   29.08   26.12    0.98   86.25  822.44  825.03   14.93  717.02  134.25
   938    1.62   29.43   26.12    0.71   87.07  833.16  834.32   17.03  717.72  187.22
   939    1.64   29.42   25.87    0.90   86.40  832.38  834.53   16.29  704.34  147.03
   940    1.67   29.70   25.92    1.00   86.19  848.02  850.72   18.67  707.03  135.65
   941    1.68   29.41   26.17    1.20   85.53  835.48  839.61   15.69  719.75  111.06
   942    1.60   29.18   25.75    0.89   86.73  820.90  822.95   16.43  696.60  147.85
   943    1.59   29.57   25.99    0.65   87.57  842.17  843.08   15.42  710.34  205.70
   944    1.72   29.50   25.56    0.89   86.61  830.42  832.50   16.06  687.74  148.47
   945    1.64   29.26   25.81    0.54   87.76  817.67  818.16   15.26  700.49  241.96
   946    1.77   29.31   26.09    0.58   87.73  822.71  823.34   14.10  717.15  227.47
   947    1.81   29.65   26.17    0.96   86.47  838.66  841.12   15.31  720.29  139.74
   948    1.70   29.76   26.13    0.90   86.58  844.19  846.32   15.50  717.31  149.34
   949    1.66   29.61   26.31    0.93   86.44  844.82  847.11   15.96  727.96  144.74
   950    1.70   29.42   25.92    1.13   85.94  835.15  838.72   16.16  704.66  118.39
   951    1.74   28.97   26.33    0.93   86.56  817.66  819.94   16.33  728.00  141.11
   952    1.78   29.33   26.21    0.80   87.14  827.58  829.16   16.49  720.41  165.79
   953    1.85   29.28   26.32    0.65   87.55  839.00  839.90   16.81  725.71  206.02
   954    1.86   29.23   26.37    0.89   86.68  840.81  842.86   17.22  728.68  150.84
   955    1.93   29.05   26.13    0.75   87.31  823.03  824.36   16.59  716.05  176.14
   956    1.71   28.88   25.98    0.81   87.14  815.79  817.43   14.95  707.75  161.03
   957    1.74   29.25   26.09    0.86   87.01  835.04  836.94   16.88  713.25  154.83
   958    1.66   29.25   25.87    0.90   86.61  830.44  832.54   15.13  700.98  147.92
   959    1.75   29.15   26.07    1.00   86.44  831.57  834.30   16.68  711.93  132.53
   960    1.71   29.17   25.65    1.09   85.96  826.98  830.27   14.77  689.55  121.70
   961    1.68   29.00   26.04    0.94   86.85  817.31  819.65   14.48  710.36  139.40
   962    1.74   29.09   25.51    1.01   86.45  827.92  830.70   15.05  682.09  131.04
   963    1.72   28.90   25.34    1.00   86.53  813.33  816.08   14.85  672.95  129.54
   964    1.77   28.70   25.73    1.02   86.15  795.40  798.27   12.09  694.08  124.46
   965    1.80   28.88   25.66    0.66   87.49  810.31  811.28   13.16  690.00  194.48
   966    1.82   28.51   26.37    0.66   87.61  791.79  792.74   12.85  728.99  192.35
   967    1.75   28.39   26.21    0.45   88.32  781.81  782.04   13.38  719.89  278.86
   968    1.81   28.36   26.22    0.57   87.77  781.28  781.92   11.91  720.52  216.59
   969    1.79   28.00   26.26    0.55   87.82  764.67  765.25   12.25  723.06  219.80
   970    1.73   27.89   26.44    0.61   87.54  760.24  761.00   13.15  733.09  199.94
   971    1.69   28.08   26.17    0.72   87.28  772.01  773.26   14.02  717.84  170.74
   972    1.75   28.13   26.30    0.91   86.59  774.18  776.37   11.43  725.24  136.50
   973    1.77   28.24   26.20    0.99   86.33  777.85  780.53   13.00  720.11  125.68
   974    1.80   28.10   26.16    0.72   87.42  778.50  779.75   13.76  717.17  171.36
   975    1.69   28.30   25.96    0.50   88.10  778.92  779.30   13.96  706.10  249.39
   976    1.73   28.27   25.89    0.89   86.69  778.74  780.85   12.51  701.89  139.41
   977    1.80   27.94   25.64    0.78   86.98  760.15  761.67   13.78  688.84  156.05
   978    1.71   28.05   25.74    0.95   86.41  767.17  769.59   11.75  693.78  129.66
   979    1.74   27.98   25.67    0.85   86.86  759.50  761.41   14.82  690.52  141.86
   980    1.72   28.09   25.47    0.81   87.16  768.31  769.95   13.99  679.91  152.26
   981    1.52   28.17   25.77    0.78   87.11  765.88  767.39   12.66  695.90  157.17
   982    1.65   28.03   25.68    1.00   86.46  765.33  768.06   13.58  691.57  122.73
   983    1.62   28.25   25.80    0.77   87.16  769.26  770.73   15.66  697.69  159.15
   984    1.64   28.32   26.00    0.95   86.21  777.24  779.71   15.13  708.67  130.04
   985    1.76   28.52   25.66    1.00   86.07  782.70  785.47   15.47  691.40  124.53
   986    1.78   28.78   25.61    0.64   87.37  795.33  796.22   13.74  689.24  197.88
   987    1.56   28.70   25.91    0.68   87.40  793.09  794.13   13.38  703.92  186.55
   988    1.56   28.89   25.81    0.63   87.66  802.56  803.40   13.35  698.95  202.84
   989    1.60   28.46   26.03    0.67   87.30  787.60  788.61   15.07  711.51  187.45
   990    1.71   28.75   26.13    0.87   86.72  796.99  798.98   14.06  716.54  145.47
   991    1.77   28.95   26.18    0.70   87.25  807.17  808.32   12.10  720.42  182.63
   992    1.74   28.75   26.19    0.67   87.52  801.68  802.69   13.74  719.79  190.18
   993    1.65   28.68   25.77    0.93   86.64  799.06  801.37   14.05  696.98  137.25
   994    1.74   28.76   26.12    0.67   87.33  796.71  797.71   13.08  717.33  190.25
   995    1.63   28.36   26.51    0.84   86.62  776.17  777.97   12.71  738.29  148.23
   996    1.61   28.38   26.07    0.96   86.39  780.61  783.11   13.46  713.69  129.98
   997    1.76   28.47   26.12    0.76   87.00  785.69  787.11   13.96  715.34  164.28
   998    1.59   28.49   26.30    1.05   85.96  790.78  793.81   16.09  725.51  120.90
   999    1.77   28.52   26.23    0.78   87.08  791.53  793.02   13.88  722.68  162.72
  1000    1.62   28.33   26.32    1.01   86.33  777.41  780.24   14.70  727.19  122.50
  1001    1.67   27.94   26.21    0.65   87.56  759.06  759.99   13.63  720.71  187.01
  1002    1.73   27.95   26.18    0.77   87.07  756.94  758.42   16.25  719.67  156.63
  1003    1.56   27.61   26.10    0.72   87.24  735.29  736.55   14.30  715.41  162.96
  1004    1.54   27.62   25.96    0.80   86.98  742.62  744.24   12.65  708.37  148.69
  1005    1.63   28.10   25.97    0.76   87.18  759.53  760.98   13.91  708.56  158.53
