#time, _distVP, _dist67, _distF,  _domz1, _flattenA, _projA, _domeA, _hrot, _projA_RF, _rad
     0    0.73   19.40   15.55    8.63   52.42  384.53  618.19   24.99  253.25   11.41
     1    0.67   21.60   16.56    7.35   59.05  458.90  628.45   24.28  287.39   13.61
     2    0.72   22.07   17.52    6.70   61.52  470.39  611.24   24.44  321.56   14.52
     3    0.68   23.11   18.13    5.76   65.96  511.71  615.45   24.15  344.67   17.03
     4    0.66   23.51   18.23    5.53   67.22  530.26  626.01   25.23  348.51   18.03
     5    0.64   24.00   18.72    5.04   69.35  545.10  624.69   23.79  366.98   19.72
     6    0.73   24.32   19.34    4.79   70.60  565.46  637.23   23.57  391.77   21.18
     7    0.83   24.74   19.33    4.60   71.54  575.47  641.60   20.58  391.45   22.21
     8    0.82   24.79   19.63    4.49   71.98  579.46  642.54   18.56  403.36   22.77
     9    0.82   25.02   19.79    4.45   72.21  583.76  645.67   21.35  410.37   23.10
    10    0.83   24.76   19.79    4.50   72.03  580.13  643.30   21.86  410.37   22.78
    11    0.90   24.39   19.75    4.53   71.63  565.76  629.78   20.72  408.72   22.16
    12    0.83   24.87   19.61    4.45   72.26  586.24  648.04   19.87  403.47   23.20
    13    0.87   24.92   19.63    4.54   71.81  585.49  649.94   22.21  403.78   22.79
    14    0.89   24.86   20.05    4.39   72.44  584.28  644.49   20.44  421.91   23.38
    15    0.85   25.02   19.75    4.20   73.16  585.85  640.95   19.69  408.97   24.30
    16    0.96   25.51   19.97    4.21   73.48  607.68  663.03   18.55  417.90   25.08
    17    0.84   25.31   20.54    3.93   74.31  600.25  648.43   19.89  442.36   26.28
    18    0.88   24.74   20.37    3.96   73.96  578.43  627.27   18.33  434.86   25.25
    19    0.89   25.19   20.17    3.75   75.03  593.64  637.38   18.11  426.01   27.10
    20    0.93   24.85   20.78    3.64   75.34  588.45  629.78   18.92  452.18   27.54
    21    0.92   24.92   20.73    3.43   76.32  595.07  631.61   17.17  450.11   29.36
    22    0.91   24.81   20.65    3.38   76.48  587.15  622.77   17.98  446.90   29.32
    23    0.83   24.56   20.92    3.56   75.40  572.86  612.42   18.72  458.48   27.37
    24    0.91   24.63   21.20    3.29   76.62  575.91  609.59   18.59  470.86   29.51
    25    0.92   24.47   21.09    3.49   75.82  572.55  610.58   17.54  465.95   27.83
    26    0.89   24.33   20.88    3.36   76.20  566.14  601.33   18.95  456.81   28.49
    27    1.08   24.08   21.04    3.67   74.87  559.37  601.42   16.45  464.09   26.08
    28    0.96   24.61   21.13    3.39   76.14  578.51  614.21   16.03  467.91   28.89
    29    0.99   24.40   21.35    3.23   76.64  571.10  603.63   15.69  477.91   29.73
    30    1.06   24.47   21.25    3.02   77.46  576.28  604.62   13.22  474.13   31.89
    31    0.95   24.79   21.00    3.00   77.79  579.47  607.35   16.81  462.23   32.29
    32    1.08   24.86   21.03    3.03   77.80  588.35  616.83   15.32  465.13   32.45
    33    1.01   24.70   21.01    3.25   76.84  584.61  617.46   14.63  464.52   30.26
    34    1.05   24.62   21.15    3.13   77.36  577.84  608.30   13.48  470.49   30.95
    35    0.93   24.31   21.02    3.12   77.29  570.72  601.01   13.67  464.51   30.67
    36    1.01   24.39   20.97    3.07   77.61  570.37  599.70   13.46  462.14   31.09
    37    1.01   24.80   21.30    2.89   78.29  586.45  612.41   13.82  476.68   33.72
    38    1.00   25.27   21.47    2.57   79.85  605.91  626.35   10.08  484.04   38.80
    39    1.05   24.99   21.54    2.79   78.75  593.80  617.92   10.27  486.83   35.28
    40    1.06   24.69   21.52    2.90   78.24  582.88  609.00   13.29  485.94   33.44
    41    1.06   24.66   21.58    2.54   79.65  588.20  608.24   14.70  488.18   38.06
    42    1.04   24.51   21.29    2.53   79.66  577.85  597.65   13.01  475.09   37.62
    43    1.05   24.51   21.48    2.90   78.19  585.31  611.36   13.28  484.34   33.60
    44    1.05   24.48   21.92    2.65   79.12  578.61  600.45   12.92  504.19   36.02
    45    1.10   24.45   22.08    2.55   79.55  574.33  594.50   11.58  511.78   37.09
    46    1.00   24.46   22.11    2.51   79.77  575.82  595.28   11.04  514.04   37.80
    47    1.10   24.44   21.97    2.36   80.31  567.95  585.11   11.86  507.27   39.53
    48    1.09   24.07   21.90    2.32   80.47  561.02  577.61   12.86  504.45   39.68
    49    0.98   24.09   22.07    2.52   79.49  559.51  579.19   10.58  511.99   36.58
    50    1.09   23.93   21.76    2.46   79.75  558.24  577.02   12.48  497.69   37.29
    51    0.95   23.94   21.84    2.45   79.88  557.96  576.60   12.92  500.58   37.40
    52    1.04   23.96   22.23    2.36   80.36  560.31  577.52   12.07  518.75   38.96
    53    1.09   24.13   22.08    2.49   79.78  563.58  582.68   15.87  512.82   37.34
    54    1.12   24.11   22.07    2.20   80.92  562.38  577.27   13.40  511.07   41.81
    55    0.93   24.15   21.95    2.59   79.38  567.09  587.82   13.45  505.50   36.18
    56    0.98   23.97   21.65    2.46   79.80  555.52  574.31   14.45  492.01   37.10
    57    1.03   24.09   22.08    2.48   79.77  563.55  582.65   14.28  511.58   37.34
    58    0.97   24.14   22.40    2.14   81.21  563.96  578.11   16.19  526.13   42.93
    59    1.08   23.99   22.37    2.33   80.47  563.07  579.85   13.65  525.61   39.61
    60    1.00   23.82   22.53    2.21   80.93  555.19  570.18   14.21  533.25   41.17
    61    1.03   23.93   22.57    2.05   81.77  566.55  579.40   13.71  534.80   45.10
    62    1.14   23.97   22.52    2.09   81.62  565.55  579.01   12.84  532.96   44.05
    63    1.00   24.27   22.71    2.13   81.53  575.43  589.45   11.89  542.07   43.97
    64    0.94   24.29   22.81    1.87   82.55  574.35  585.03   12.17  546.15   49.85
    65    1.06   24.38   22.91    1.80   82.86  581.38  591.29   11.70  551.06   52.24
    66    1.01   24.10   22.91    2.07   81.60  569.89  583.07   16.94  550.55   44.83
    67    1.06   24.08   22.68    1.96   82.07  571.72  583.55   13.67  539.29   47.30
    68    1.03   24.44   22.67    1.79   82.85  580.55  590.30   12.79  538.74   52.57
    69    1.04   24.55   23.00    2.00   82.08  589.08  601.35   13.93  554.84   47.85
    70    1.05   24.33   22.76    2.28   80.82  582.46  598.55   13.68  543.09   41.72
    71    1.06   24.51   22.72    2.11   81.51  588.05  601.66   13.21  542.15   45.51
    72    1.15   24.61   22.84    2.16   81.35  592.70  607.02   12.24  547.92   44.78
    73    1.08   24.44   22.82    2.08   81.69  585.55  598.85   12.77  548.25   45.81
    74    1.08   24.62   22.43    2.27   80.92  588.10  604.03   14.21  529.29   42.31
    75    1.07   24.27   22.78    2.00   81.82  574.17  586.45   12.30  545.04   46.67
    76    1.12   24.15   22.64    1.94   82.19  571.89  583.44   14.97  540.36   47.84
    77    1.06   23.67   22.94    1.79   82.79  559.53  569.25   13.27  553.91   50.78
    78    1.09   23.90   23.06    1.83   82.75  567.87  578.04   11.84  558.57   50.43
    79    1.07   23.53   23.05    1.77   82.81  558.44  568.01   14.39  558.33   51.05
    80    1.15   23.61   23.24    1.87   82.40  565.35  576.05   12.75  567.88   49.04
    81    1.19   23.81   23.11    1.98   81.99  572.22  584.30   11.25  561.39   46.88
    82    1.16   24.01   23.01    1.95   82.06  572.91  584.56   13.70  557.37   47.72
    83    1.12   23.66   23.14    1.85   82.41  558.95  569.45   12.79  563.13   48.93
    84    1.08   24.08   23.05    1.87   82.40  580.01  590.67   14.74  558.43   50.37
    85    1.10   24.33   23.37    1.87   82.41  586.94  597.59   12.52  575.20   50.96
    86    1.12   24.66   23.09    1.94   82.24  598.42  609.91   13.48  564.61   50.11
    87    1.06   24.93   23.38    1.62   83.46  610.12  618.09   13.65  577.61   60.60
    88    1.17   24.47   23.44    2.02   81.71  588.57  601.14   12.17  580.94   47.28
    89    1.17   24.32   23.44    1.96   81.93  583.45  595.22   14.02  579.52   48.34
    90    1.15   24.27   23.44    2.14   81.24  578.57  592.69   14.53  579.47   44.05
    91    1.10   24.21   23.76    1.81   82.53  574.74  584.72   11.83  594.19   51.49
    92    1.12   23.93   23.31    1.68   83.23  565.23  573.80   13.51  573.89   54.41
    93    1.12   24.22   23.55    1.21   85.06  586.54  590.83   14.41  586.25   77.82
    94    1.13   24.23   23.48    1.65   83.02  583.87  592.14   13.07  580.91   57.09
    95    1.11   23.96   23.80    1.74   82.75  577.59  586.76   13.22  598.63   53.82
    96    1.16   23.71   23.44    1.63   83.33  560.25  568.28   12.36  579.86   55.63
    97    1.15   23.53   23.98    1.78   82.73  557.84  567.50   10.94  605.43   50.78
    98    1.22   24.01   23.76    1.77   82.63  567.89  577.45   10.34  593.81   51.91
    99    1.09   24.22   23.92    1.67   83.17  579.17  587.66   15.25  602.18   55.92
   100    1.10   23.78   23.68    1.68   83.10  566.67  575.29   11.44  591.38   54.40
   101    1.21   23.74   23.98    1.78   82.72  572.22  581.84   13.70  605.98   52.16
   102    1.16   23.70   23.90    1.82   82.27  566.84  576.99   13.41  600.23   50.39
   103    1.19   23.64   23.88    1.83   82.60  566.58  576.80   12.06  600.97   50.22
   104    1.17   23.69   23.98    1.72   83.02  567.41  576.39   14.75  607.08   53.40
   105    1.17   23.61   24.08    1.54   83.63  565.06  572.25   13.46  612.76   59.05
   106    1.17   23.69   24.08    1.51   83.72  564.81  571.71   13.28  611.25   60.16
   107    1.19   23.95   23.57    1.64   83.43  575.98  584.08   11.19  585.18   56.88
   108    1.20   23.99   23.83    1.77   82.78  578.86  588.38   12.95  597.87   53.01
   109    1.08   23.77   23.68    1.76   82.82  572.46  581.91   13.91  590.61   52.62
   110    1.07   23.75   23.79    1.32   84.59  566.97  572.13   15.90  594.56   69.15
   111    1.12   23.99   24.01    1.55   83.78  583.74  591.01   16.17  605.51   60.62
   112    1.10   24.43   23.76    1.73   83.20  594.98  604.11   14.90  593.38   55.51
   113    1.04   24.29   23.88    1.57   83.76  594.08  601.56   15.57  599.18   60.87
   114    1.30   24.21   24.07    1.33   84.57  587.73  593.02   13.09  609.04   70.78
   115    1.24   23.70   23.87    1.68   83.20  572.47  581.01   11.06  598.32   55.15
   116    1.30   24.06   24.18    1.24   85.16  589.30  593.86   12.71  613.54   76.03
   117    1.29   24.33   24.03    1.87   82.39  595.78  606.46   12.91  605.95   51.63
   118    1.25   24.27   23.93    1.44   84.27  592.84  599.04   10.08  601.54   66.32
   119    1.34   24.27   24.30    1.29   84.94  590.61  595.51   12.12  619.08   73.66
   120    1.22   24.33   24.20    1.54   84.00  596.73  603.83   11.86  613.84   62.64
   121    1.20   24.19   23.98    1.75   82.98  590.20  599.50   11.55  603.25   54.60
   122    1.12   24.55   24.27    1.55   83.82  608.01  615.26   11.21  617.26   63.12
   123    1.13   24.36   24.26    1.48   84.14  591.27  597.83   13.13  617.22   64.42
   124    1.18   23.93   24.31    1.64   83.26  569.07  577.20   11.12  619.21   56.13
   125    1.13   24.18   24.37    1.53   83.81  585.62  592.64   10.59  622.46   61.82
   126    1.22   24.17   24.64    1.34   84.58  585.67  591.05   11.31  636.12   69.98
   127    1.15   24.37   24.45    1.29   84.79  585.67  590.58   10.50  626.41   73.01
   128    1.14   24.20   24.62    1.38   84.20  578.11  583.75   11.09  635.00   67.60
   129    1.19   23.94   24.63    1.41   84.02  566.64  572.61   11.71  635.54   64.58
   130    1.21   24.09   24.53    1.46   83.99  570.26  576.69   11.59  630.71   62.76
   131    1.19   23.89   24.48    1.40   84.10  563.28  569.14   11.14  628.13   64.77
   132    1.29   23.57   24.51    1.39   83.99  555.10  560.85    9.05  629.12   64.47
   133    1.16   23.76   24.39    1.37   84.15  559.95  565.57   11.35  623.69   65.69
   134    1.17   23.98   24.66    1.21   84.97  569.97  574.28    8.50  638.00   75.59
   135    1.20   24.06   24.39    1.29   84.49  563.30  568.23   10.87  623.38   70.15
   136    1.14   23.79   24.40    1.20   84.78  560.06  564.27    9.22  624.32   75.12
   137    1.16   23.83   24.35    1.17   85.07  558.38  562.43    8.51  622.67   76.28
   138    1.09   23.68   24.17    1.33   84.31  555.17  560.42    9.88  612.55   67.22
   139    1.17   24.05   23.99    1.51   83.65  563.13  569.98    8.57  603.46   60.22
   140    1.13   23.79   24.09    1.28   84.60  562.74  567.62    7.61  609.19   70.44
   141    1.08   24.17   24.12    1.29   84.82  572.80  577.71    8.43  610.38   71.53
   142    1.16   24.22   23.89    1.14   85.27  569.74  573.54    9.99  599.11   80.06
   143    1.20   24.03   24.44    1.25   84.84  565.55  570.20    9.10  627.50   72.41
   144    1.14   23.88   24.43    1.36   84.20  560.99  566.48    9.20  626.34   66.56
   145    1.20   23.86   24.68    1.26   84.58  558.59  563.31   11.49  638.57   71.05
   146    1.20   24.10   24.63    1.26   84.57  569.35  574.01    9.47  636.58   72.78
   147    1.24   24.13   24.87    1.18   84.86  568.80  572.92    9.52  649.98   77.03
   148    1.24   23.68   24.54    1.21   84.76  553.72  558.07    9.11  632.25   73.15
   149    1.19   23.64   24.65    1.38   84.09  552.81  558.53    9.38  637.10   64.35
   150    1.23   23.50   24.71    1.12   85.19  550.39  554.05   10.08  639.88   78.73
   151    1.16   23.66   24.85    1.23   84.84  563.41  567.86   11.70  647.58   73.63
   152    1.22   23.56   24.81    1.16   85.13  562.24  566.16    9.56  644.80   77.91
   153    1.20   24.00   24.61    1.36   84.06  574.35  579.88    9.06  634.90   67.85
   154    1.24   24.13   24.35    1.35   83.93  572.47  577.90    8.45  621.53   68.16
   155    1.25   23.64   24.44    1.62   82.91  552.41  560.41    6.59  625.84   54.97
   156    1.23   23.98   24.72    1.39   84.09  567.27  573.04   11.43  641.03   65.71
   157    1.21   23.31   24.87    1.35   84.17  551.39  556.85    9.58  648.37   65.58
   158    1.18   23.41   24.62    1.57   83.39  553.38  560.80   13.28  635.28   57.01
   159    1.14   23.51   24.39    1.70   82.80  556.89  565.66    9.83  623.55   53.05
   160    1.20   23.49   24.59    1.54   83.54  558.27  565.42    9.71  634.12   58.52
   161    1.22   23.52   24.71    1.47   83.77  553.12  559.63   11.05  639.60   60.59
   162    1.18   23.60   24.53    1.30   84.54  555.13  560.17   10.28  630.54   68.54
   163    1.24   23.30   24.80    1.77   82.31  541.66  551.25    9.45  644.23   49.52
   164    1.18   23.77   24.67    1.65   82.94  560.73  569.00    9.51  637.53   54.88
   165    1.22   23.70   24.32    1.93   81.77  556.04  567.49    8.95  619.65   46.76
   166    1.19   23.83   24.46    1.74   82.56  554.45  563.72   10.26  626.67   51.46
   167    1.17   23.97   24.29    1.55   83.40  562.96  570.23    8.03  617.82   58.52
   168    1.24   23.88   24.38    1.62   83.17  562.09  570.08    9.06  622.32   55.90
   169    1.20   23.70   24.91    1.55   83.23  560.35  567.63    9.72  650.56   58.25
   170    1.27   24.18   24.78    1.61   83.10  574.33  582.18   10.18  643.81   57.60
   171    1.19   24.12   24.52    1.66   82.97  575.65  584.06    8.54  629.83   55.86
   172    1.26   24.15   24.47    1.85   82.26  574.44  584.89   10.58  627.07   50.35
   173    1.33   23.83   24.68    1.80   82.45  559.66  569.51   10.97  637.70   50.47
   174    1.36   24.02   24.89    1.85   82.20  568.18  578.67   11.79  649.18   49.73
   175    1.35   24.40   24.75    1.72   82.81  584.19  593.18   11.05  641.58   54.94
   176    1.24   24.11   24.78    1.53   83.41  568.30  575.32   12.18  643.36   60.04
   177    1.24   24.04   24.74    1.32   84.34  571.23  576.41   12.95  641.98   69.51
   178    1.18   23.47   25.00    1.47   83.55  545.83  552.35   12.71  654.68   59.82
   179    1.33   23.74   24.79    1.56   83.25  559.16  566.49   12.38  643.55   57.92
   180    1.26   23.88   24.93    1.41   83.84  561.02  566.98   11.59  650.98   64.03
   181    1.19   23.51   24.90    1.70   82.45  543.81  552.65   11.58  649.32   51.66
   182    1.18   23.94   25.04    1.73   82.51  562.53  571.67   10.34  656.89   52.56
   183    1.26   23.90   25.02    1.65   82.92  560.39  568.64   10.92  655.46   54.92
   184    1.20   23.88   24.88    1.38   84.13  559.64  565.30   10.27  648.40   65.41
   185    1.25   23.87   25.16    1.59   83.18  569.78  577.41   10.36  662.91   57.89
   186    1.22   23.94   25.22    1.70   82.64  576.34  585.11   10.09  666.66   54.87
   187    1.22   23.69   25.34    1.65   82.88  571.57  579.84    9.62  672.97   55.93
   188    1.22   24.27   25.05    1.65   83.03  591.92  600.19   10.65  657.25   57.84
   189    1.22   23.69   25.22    1.63   82.78  565.41  573.51    8.48  666.08   55.87
   190    1.22   23.51   25.04    1.89   81.82  558.12  569.01    9.98  656.61   48.03
   191    1.18   23.79   25.10    1.61   82.88  565.66  573.52   11.70  659.86   56.69
   192    1.21   23.85   25.42    1.50   83.72  565.98  572.74   11.33  676.89   60.88
   193    1.24   23.68   25.40    1.12   85.25  558.54  562.22   11.27  675.47   79.70
   194    1.20   23.75   25.47    1.51   83.62  561.51  568.41   12.37  679.67   59.83
   195    1.14   24.01   25.58    1.44   83.87  572.14  578.34   13.86  685.35   64.05
   196    1.13   23.84   25.39    1.65   82.93  570.06  578.32   11.36  675.24   55.80
   197    1.20   24.13   25.44    1.57   83.37  584.72  592.21   11.29  678.22   59.91
   198    1.23   24.08   25.34    1.28   84.64  580.09  584.90   12.84  672.99   73.03
   199    1.21   24.31   25.45    1.38   84.29  591.81  597.49   11.75  679.32   68.93
   200    1.23   24.19   25.57    1.50   83.74  581.84  588.58   11.01  685.24   62.62
   201    1.18   23.93   25.35    1.60   83.22  576.38  584.13   12.70  674.66   58.14
   202    1.20   24.02   25.55    1.47   83.74  579.00  585.52   11.05  685.37   63.30
   203    1.21   24.40   25.54    1.64   83.03  588.49  596.66   13.09  685.27   57.87
   204    1.22   25.11   25.68    1.54   83.51  619.47  626.62   10.97  693.17   64.69
   205    1.22   25.10   25.65    1.38   84.23  616.91  622.57   15.19  691.18   71.87
   206    1.15   24.73   25.85    1.38   84.16  604.67  610.35   13.47  701.73   70.35
   207    1.18   24.43   25.89    1.38   84.22  591.34  597.03   12.90  703.20   68.82
   208    1.21   24.78   25.60    1.58   83.41  603.45  611.03   12.07  687.94   61.40
   209    1.13   24.83   25.77    1.49   83.73  600.09  606.75   10.91  698.41   64.90
   210    1.19   24.36   25.71    1.62   83.03  580.84  588.83   11.29  694.06   57.71
   211    1.22   24.51   25.49    1.43   84.13  586.94  593.02    9.93  682.61   66.23
   212    1.22   24.22   25.63    1.57   83.55  580.11  587.52   11.86  690.02   59.74
   213    1.27   23.77   25.41    1.61   83.17  564.66  572.52    8.16  678.87   56.59
   214    1.26   23.91   25.20    1.33   84.40  569.18  574.41   10.17  667.24   69.02
   215    1.22   24.04   25.26    1.42   83.92  573.23  579.24   11.04  669.42   65.16
   216    1.20   23.92   25.40    1.47   83.70  574.72  581.22   11.30  676.55   62.91
   217    1.09   23.98   25.64    1.28   84.64  576.69  581.57   12.39  689.33   72.16
   218    1.22   24.12   25.78    1.37   84.37  584.76  590.37   10.99  698.05   68.52
   219    1.19   24.03   25.61    1.62   83.26  578.75  586.73   12.12  689.04   57.54
   220    1.17   23.93   25.95    1.23   84.87  581.81  586.27    9.61  708.58   75.84
   221    1.28   23.98   25.81    1.11   85.34  579.63  583.21   11.72  703.68   83.66
   222    1.12   24.29   25.95    1.18   85.03  595.38  599.48   14.51  711.23   80.66
   223    1.24   23.81   25.95    1.30   84.49  575.28  580.26   10.09  711.96   71.34
   224    1.23   24.14   26.15    1.46   83.81  591.45  597.87    8.41  722.63   65.08
   225    1.26   24.33   25.90    1.36   84.24  596.07  601.56    9.25  711.69   70.56
   226    1.29   24.28   25.79    1.52   83.64  595.15  602.05   11.44  703.27   63.27
   227    1.37   24.41   25.93    1.31   84.54  598.94  604.04    9.61  710.90   73.28
   228    1.33   23.79   25.95    1.53   83.64  576.03  583.08   11.20  710.61   60.71
   229    1.31   23.95   26.02    1.61   83.34  581.10  588.93   12.46  713.04   58.28
   230    1.22   24.06   26.17    1.46   83.93  587.36  593.71   11.78  721.63   64.96
   231    1.38   23.64   26.25    1.46   83.82  575.42  581.82   11.90  726.62   63.43
   232    1.26   23.67   26.37    1.29   84.57  577.93  582.88   11.74  733.40   71.85
   233    1.29   24.08   26.09    1.54   83.70  592.32  599.46   11.21  719.18   62.03
   234    1.34   24.20   26.01    1.38   84.15  592.29  597.95   12.19  714.90   69.11
   235    1.32   24.05   26.05    1.40   84.30  586.08  591.91   12.42  717.06   67.48
   236    1.28   24.33   26.09    1.17   85.63  593.89  597.86   10.86  719.55   81.56
   237    1.22   24.62   26.23    1.43   84.42  610.51  616.63   10.62  727.38   68.62
   238    1.21   24.36   26.28    1.62   83.40  604.83  612.79   11.12  729.93   60.13
   239    1.18   24.33   26.09    1.48   84.15  600.69  607.30    9.42  718.31   65.16
   240    1.17   24.02   26.22    1.29   84.89  593.54  598.48   10.21  722.57   73.75
   241    1.20   24.04   26.01    1.39   84.34  583.44  589.24    8.84  711.70   67.36
   242    1.32   24.21   26.17    1.60   83.54  593.52  601.29    9.34  721.16   59.72
   243    1.20   24.29   26.10    1.61   83.47  591.33  599.13   11.34  718.40   59.40
   244    1.23   23.90   25.90    1.58   83.49  575.87  583.46   11.65  706.55   58.66
   245    1.24   23.90   26.15    1.22   84.89  576.29  580.70   12.20  719.99   75.55
   246    1.26   24.54   26.23    1.19   85.08  600.41  604.59   11.29  724.62   80.57
   247    1.26   24.08   26.19    1.33   84.61  584.03  589.26   11.99  722.99   70.70
   248    1.13   23.88   26.22    1.33   84.30  586.16  591.41   11.68  723.78   70.81
   249    1.19   24.54   25.92    1.24   84.88  604.93  609.47   11.05  706.65   78.11
   250    1.24   24.06   26.09    1.38   84.23  586.74  592.38   13.70  715.64   68.58
   251    1.38   23.77   26.07    1.23   84.94  570.89  575.37   11.65  714.18   74.34
   252    1.24   23.91   26.22    1.36   84.31  576.01  581.51   11.82  722.03   68.18
   253    1.25   24.39   25.93    1.54   83.47  583.89  591.04   10.65  707.00   61.12
   254    1.37   24.62   26.14    1.39   84.22  602.33  608.08   11.62  718.06   69.74
   255    1.24   24.54   25.77    1.27   84.83  596.26  601.00   10.23  699.29   75.50
   256    1.28   24.69   25.93    1.35   84.65  603.87  609.31   11.30  707.30   71.71
   257    1.22   24.61   25.99    1.18   85.17  602.69  606.77    7.42  711.24   81.78
   258    1.30   24.58   25.56    1.41   84.27  594.01  599.93    8.16  687.62   67.89
   259    1.40   24.30   25.72    1.43   84.11  586.00  592.17    9.49  694.52   65.72
   260    1.29   24.37   25.70    1.21   85.02  598.01  602.27   11.13  694.29   79.48
   261    1.41   24.71   25.92    1.29   84.59  605.85  610.76   10.21  704.28   75.43
   262    1.31   25.03   26.00    1.24   84.84  617.98  622.52   10.44  709.85   79.69
   263    1.17   24.67   26.06    1.16   84.97  602.55  606.50   10.14  712.34   82.93
   264    1.38   24.59   26.26    1.11   85.32  601.67  605.22   10.76  724.02   87.05
   265    1.42   24.97   26.24    1.53   83.66  616.41  623.42    9.42  721.89   65.02
   266    1.27   25.01   26.30    1.17   85.11  621.88  625.88   10.15  725.71   84.96
   267    1.30   25.05   26.19    1.26   84.93  624.81  629.47    8.72  720.29   79.61
   268    1.38   25.51   26.32    1.18   85.22  643.98  648.04   11.74  726.54   87.36
   269    1.32   25.14   26.42    1.33   84.56  630.10  635.33    9.38  731.86   76.10
   270    1.38   25.72   26.41    1.10   85.60  657.34  660.82    8.79  730.81   95.49
   271    1.39   25.13   26.11    1.15   85.29  627.50  631.32   10.65  714.36   87.61
   272    1.36   25.21   26.28    1.03   85.83  635.90  638.89    8.76  724.01   99.03
   273    1.39   25.28   26.31    0.93   86.27  638.61  641.03    8.09  725.92  109.19
   274    1.41   25.35   26.64    1.05   85.82  642.27  645.41    9.39  744.84   97.73
   275    1.36   25.07   26.36    1.30   84.74  637.68  642.64    8.49  729.20   78.89
   276    1.37   25.39   26.44    1.39   84.44  650.35  656.13    9.62  733.48   74.91
   277    1.39   25.48   26.13    1.30   84.73  646.72  651.72    8.99  716.71   79.64
   278    1.42   25.36   26.45    1.02   85.86  643.82  646.73    9.54  735.47  101.42
   279    1.38   25.83   26.18    1.34   84.65  668.84  674.13    8.18  719.76   80.15
   280    1.35   26.12   26.50    1.26   85.01  684.27  688.94    9.61  737.73   86.74
   281    1.37   25.70   26.16    1.54   83.87  661.40  668.49   10.94  718.30   69.25
   282    1.46   25.89   26.50    1.37   84.66  668.02  673.62    9.89  737.83   78.03
   283    1.41   25.86   26.49    1.35   84.67  665.31  670.67    8.78  735.90   79.29
   284    1.45   25.83   26.40    1.51   84.10  659.37  666.21    8.68  730.50   70.18
   285    1.43   25.96   26.21    1.34   84.82  666.98  672.31    9.27  720.78   79.70
   286    1.44   25.62   26.41    1.51   83.95  653.37  660.16   10.01  732.65   69.80
   287    1.29   25.43   26.59    0.90   86.41  647.31  649.54   11.06  742.67  114.49
   288    1.33   25.55   26.49    1.25   84.98  657.52  662.09   12.14  737.96   84.39
   289    1.48   25.32   26.37    1.18   85.30  644.44  648.49    9.75  731.44   87.46
   290    1.33   25.42   26.35    1.60   83.62  645.70  653.45   10.34  730.68   64.89
   291    1.32   25.38   26.37    1.40   84.35  640.65  646.50    9.94  731.22   73.44
   292    1.27   25.63   26.31    1.46   84.15  652.34  658.73   13.07  728.37   71.67
   293    1.28   25.26   26.33    1.57   83.65  639.04  646.49   11.79  728.93   65.42
   294    1.37   25.32   26.46    1.34   84.48  643.59  648.87    9.60  735.57   77.32
   295    1.36   25.18   26.44    1.20   85.10  640.81  644.97   10.89  733.29   85.94
   296    1.35   25.15   26.30    1.13   85.29  642.82  646.53   10.67  725.79   90.81
   297    1.34   25.37   26.23    1.33   84.54  651.81  657.02    9.21  722.38   78.73
   298    1.44   25.10   26.09    1.39   84.35  643.67  649.39    7.30  714.46   74.53
   299    1.28   25.02   26.08    1.32   84.63  639.42  644.54    9.55  712.56   77.89
   300    1.35   25.11   25.95    1.38   84.50  636.19  641.88    9.16  705.87   73.91
   301    1.30   25.00   26.27    1.27   84.83  639.43  644.16   10.28  723.30   80.89
   302    1.36   24.85   26.40    1.00   85.83  630.13  632.98   10.11  730.87  100.36
   303    1.34   25.01   26.26    1.31   84.62  642.15  647.20    8.67  723.07   78.78
   304    1.36   24.61   26.16    1.31   84.61  625.77  630.87    9.36  717.52   76.46
   305    1.31   24.84   26.35    1.04   85.82  644.09  647.16   10.64  728.41   98.98
   306    1.38   24.77   26.26    1.13   85.58  636.54  640.26    6.37  722.45   89.96
   307    1.19   25.10   26.10    1.23   85.03  643.95  648.38   10.56  714.51   83.92
   308    1.36   25.14   26.02    1.31   84.58  641.76  646.79    8.21  710.58   78.85
   309    1.25   25.25   26.07    1.29   84.74  645.39  650.31    8.23  712.55   80.09
   310    1.24   24.94   26.42    1.23   84.82  645.72  650.16    7.74  732.27   84.07
   311    1.30   25.55   26.27    1.33   84.73  665.74  670.94    8.04  723.41   80.45
   312    1.27   25.58   26.18    1.42   84.36  664.63  670.58    8.29  718.66   75.44
   313    1.31   25.69   26.31    1.20   85.08  664.30  668.45    8.39  725.66   89.04
   314    1.36   25.89   26.13    1.36   84.42  671.64  677.07    8.14  717.44   79.54
   315    1.29   25.71   26.16    1.10   85.38  670.90  674.36    8.25  719.51   97.56
   316    1.34   26.01   26.07    1.12   85.53  680.20  683.78    8.44  713.54   97.39
   317    1.35   26.15   25.87    1.45   84.24  680.08  686.30    8.17  701.72   75.58
   318    1.40   26.02   25.99    1.24   85.02  679.07  683.55    7.77  708.99   87.89
   319    1.33   26.11   26.20    1.21   85.02  685.40  689.68    8.98  721.11   90.49
   320    1.27   25.75   26.09    1.13   85.29  668.13  671.81    6.18  715.10   94.49
   321    1.32   25.54   26.22    1.27   84.62  659.87  664.64    6.63  723.50   83.05
   322    1.37   25.47   26.10    1.53   83.72  662.84  669.86    7.45  715.92   69.71
   323    1.24   25.93   26.48    1.40   84.30  678.38  684.19    7.61  735.70   77.82
   324    1.22   26.07   26.39    1.15   85.29  682.93  686.77    6.98  731.00   94.75
   325    1.23   26.28   26.36    1.15   85.27  688.51  692.29    6.98  729.04   96.11
   326    1.31   25.72   26.06    1.17   85.15  662.83  666.79    7.26  712.10   90.87
   327    1.32   25.30   26.34    0.96   85.86  648.88  651.45    6.90  727.79  108.01
   328    1.21   25.43   26.04    1.40   84.27  649.77  655.63    8.60  711.49   74.36
   329    1.16   25.16   26.31    1.29   84.60  649.38  654.24    9.16  726.52   81.03
   330    1.30   25.01   26.35    1.16   85.12  641.85  645.75    7.20  728.34   88.62
   331    1.26   25.43   26.26    1.45   84.05  657.93  664.20    6.76  723.43   72.90
   332    1.30   25.44   26.30    1.42   84.15  659.27  665.25    6.47  725.50   74.71
   333    1.22   25.51   26.49    1.16   85.24  659.19  663.06    6.85  735.75   91.23
   334    1.27   25.15   26.35    1.24   84.84  646.07  650.58    5.48  727.43   83.50
   335    1.22   25.06   26.48    1.13   85.35  645.78  649.43    7.23  734.88   91.88
   336    1.35   25.15   26.15    1.47   84.04  653.19  659.68    7.48  716.92   71.26
   337    1.15   25.28   26.37    1.47   84.25  656.17  662.64    8.93  728.99   71.72
   338    1.17   25.56   26.40    1.34   84.87  671.08  676.37    6.39  730.62   80.40
   339    1.17   25.56   26.51    1.40   84.63  670.09  675.88    9.83  736.07   77.05
   340    1.15   25.75   26.40    1.21   85.21  675.71  679.98    7.28  730.18   89.39
   341    1.23   25.86   26.63    1.24   85.29  681.20  685.69    9.75  742.75   87.93
   342    1.19   25.96   26.49    1.40   84.65  686.19  691.96    9.97  735.38   78.96
   343    1.23   26.27   26.48    1.43   84.56  708.60  714.64    8.30  734.65   79.68
   344    1.14   26.47   26.51    1.52   84.35  706.74  713.66    8.14  736.24   74.61
   345    1.25   26.43   26.37    1.26   85.40  709.80  714.46    6.61  728.53   90.03
   346    1.19   26.47   26.72    1.41   84.75  710.98  716.86    8.33  748.00   80.91
   347    1.21   26.05   26.57    1.31   85.06  691.19  696.26    9.95  739.49   84.42
   348    1.19   25.81   26.69    1.51   84.16  680.63  687.46    8.98  746.21   72.43
   349    1.13   26.37   26.64    1.61   83.72  703.58  711.32   10.24  743.00   70.55
   350    1.15   26.42   26.75    1.59   83.89  706.44  714.05    7.24  749.11   71.35
   351    1.15   26.46   26.41    1.66   83.65  704.72  713.00    6.97  730.79   68.44
   352    1.16   26.39   26.32    1.67   83.72  692.11  700.54    6.87  726.05   66.71
   353    1.23   26.74   26.34    1.77   83.32  709.38  718.84    6.64  726.51   64.74
   354    1.19   26.75   26.46    1.51   84.46  710.65  717.41    9.50  733.11   75.87
   355    1.22   26.60   26.58    1.65   83.92  709.80  718.02    6.93  740.18   69.17
   356    1.30   26.60   26.54    1.52   84.38  712.42  719.36    7.08  738.08   75.13
   357    1.22   26.48   26.24    1.70   83.70  700.42  709.09    7.45  721.23   66.62
   358    1.28   26.21   26.56    1.56   84.03  695.14  702.47    7.52  739.30   71.51
   359    1.22   26.15   26.55    1.39   84.81  691.08  696.79    8.59  738.39   79.81
   360    1.09   26.34   26.39    1.71   83.54  700.33  709.16    9.75  729.80   66.04
   361    1.18   26.01   26.65    1.51   84.29  689.99  696.83    8.23  744.32   73.34
   362    1.23   25.95   26.41    1.65   83.88  677.41  685.58    5.49  730.99   66.33
   363    1.28   25.76   26.38    1.33   85.05  675.57  680.75    7.29  729.26   81.70
   364    1.20   25.98   26.69    1.54   84.12  683.18  690.31    7.99  746.32   71.26
   365    1.20   26.12   26.65    1.65   83.65  689.30  697.46    9.58  744.32   67.46
   366    1.30   26.21   26.84    1.68   83.50  688.91  697.37    8.64  754.87   66.27
   367    1.28   26.62   26.83    1.63   83.71  711.17  719.16    6.05  754.68   70.21
   368    1.34   26.46   26.68    1.51   84.04  699.34  706.15    5.58  746.81   74.44
   369    1.29   26.95   26.37    1.36   84.93  722.93  728.32    6.47  730.50   85.59
   370    1.36   26.49   26.53    1.50   84.31  708.48  715.15    4.78  739.23   76.10
   371    1.25   26.76   26.65    1.50   84.54  715.62  722.34    5.87  745.67   76.62
   372    1.26   26.09   26.45    1.54   84.29  689.45  696.53    7.27  734.72   72.10
   373    1.23   25.81   26.77    1.56   84.29  683.72  691.03    5.97  753.83   70.49
   374    1.29   26.25   26.60    1.34   85.08  694.04  699.37    5.44  743.77   82.81
   375    1.35   26.29   26.82    1.27   85.32  699.25  703.97    6.08  756.18   88.18
   376    1.30   26.33   26.82    1.18   85.82  702.06  706.08    5.73  754.85   95.27
   377    1.35   26.02   26.65    1.21   85.44  691.59  695.82    4.97  745.94   91.68
   378    1.18   25.97   26.60    1.07   85.95  683.51  686.78    5.20  743.58  101.85
   379    1.26   25.76   26.64    1.17   85.53  681.22  685.17    4.07  745.22   93.24
   380    1.33   26.17   26.61    1.13   85.66  693.32  696.97    4.62  744.79   98.36
   381    1.33   26.35   27.00    1.43   84.73  702.90  708.97    3.25  768.26   78.93
   382    1.24   26.41   27.09    1.34   85.10  706.52  711.80    3.06  772.50   84.59
   383    1.42   26.17   26.88    1.07   86.09  696.15  699.38    2.73  762.04  104.22
   384    1.38   26.06   26.97    1.57   84.00  690.74  698.18    1.86  765.59   70.60
   385    1.42   26.01   26.80    1.40   84.75  686.44  692.27    3.21  756.10   78.58
   386    1.42   25.59   26.80    1.44   84.58  668.67  674.87    4.58  755.56   74.50
   387    1.48   25.91   26.80    1.22   85.34  681.60  685.95    4.39  755.69   89.30
   388    1.48   26.08   26.61    1.38   84.66  686.50  692.11    3.83  745.61   79.96
   389    1.41   26.23   26.69    1.19   85.49  690.78  694.90    3.47  749.42   92.70
   390    1.46   25.90   26.69    1.24   85.64  681.12  685.57    6.00  751.55   88.35
   391    1.47   25.97   26.66    1.19   85.78  679.40  683.47    4.05  747.63   91.84
   392    1.42   26.14   26.54    1.15   85.96  693.69  697.52    5.52  740.30   96.33
   393    1.41   26.14   26.52    1.09   85.95  696.23  699.60    5.63  739.75  102.24
   394    1.53   26.08   26.58    1.45   84.49  699.31  705.54    4.85  742.13   77.59
   395    1.51   26.73   26.66    1.24   85.63  720.43  724.89    2.62  745.91   93.12
   396    1.39   26.80   26.79    0.97   86.68  724.95  727.51    4.12  753.53  119.84
   397    1.46   27.09   26.63    0.87   86.90  736.67  738.65    4.68  744.64  135.95
   398    1.39   26.86   26.58    1.00   86.51  725.28  728.06    3.80  741.27  115.84
   399    1.33   27.35   26.70    0.73   87.40  746.03  747.33    4.60  747.64  162.74
   400    1.32   27.36   26.77    0.99   86.57  750.11  752.84    5.86  751.86  120.51
   401    1.31   27.22   26.46    1.46   84.66  742.71  748.99    6.03  734.83   81.92
   402    1.41   27.19   26.51    1.29   85.33  745.03  749.86    5.75  737.53   92.74
   403    1.47   26.87   26.65    1.24   85.39  731.77  736.25    5.76  744.37   94.36
   404    1.46   26.88   26.45    1.34   84.96  730.87  736.16    7.80  734.15   87.24
   405    1.43   26.81   26.56    1.34   85.12  723.57  728.81    8.66  739.66   86.87
   406    1.30   27.13   26.79    1.32   85.09  740.97  746.07    7.10  751.79   89.93
   407    1.45   27.65   26.75    0.74   87.48  764.99  766.33    6.59  750.87  164.52
   408    1.53   27.86   26.50    1.22   85.70  768.32  772.60    5.05  736.74  100.90
   409    1.49   28.23   26.39    1.19   85.71  781.28  785.34    5.12  729.86  104.96
   410    1.62   28.29   26.61    1.22   85.70  787.13  791.39    5.75  742.21  103.45
   411    1.42   28.32   26.83    0.74   87.37  783.80  785.14    7.58  754.22  168.29
   412    1.54   28.34   26.74    0.92   86.66  783.51  785.77    6.34  748.94  136.05
   413    1.51   28.47   26.39    1.18   85.67  796.21  800.18    5.31  730.14  107.96
   414    1.45   28.15   26.34    1.23   85.57  787.10  791.47    2.34  727.49  102.27
   415    1.51   28.09   26.51    1.31   85.53  784.65  789.62    3.37  736.36   96.21
   416    1.52   27.70   26.80    1.04   86.53  771.10  774.09    5.09  752.46  118.86
   417    1.52   27.63   26.66    1.24   85.48  771.47  775.94    4.03  745.59   99.37
   418    1.50   27.91   26.73    0.77   87.37  776.04  777.52    3.71  749.92  160.28
   419    1.45   27.90   26.71    1.01   86.59  780.63  783.41    2.87  749.36  124.07
   420    1.66   27.87   26.90    1.00   86.68  784.67  787.39    3.68  760.35  125.88
   421    1.56   27.81   26.95    0.93   86.66  776.06  778.37    2.09  763.71  133.55
   422    1.65   27.76   26.67    0.98   86.38  773.18  775.83    3.00  747.21  125.44
   423    1.62   27.42   26.61    0.97   86.29  748.81  751.35    3.08  743.09  123.92
   424    1.76   27.38   26.50    1.28   85.28  751.74  756.48    3.76  737.48   94.33
   425    1.66   26.89   26.70    1.28   85.16  734.30  739.07    5.32  748.22   91.94
   426    1.63   27.02   26.81    1.18   85.80  742.38  746.35    4.73  753.49  101.00
   427    1.59   26.95   26.80    1.26   85.67  740.16  744.80    6.03  753.75   93.89
   428    1.53   26.86   26.67    1.20   85.83  728.79  732.94    6.40  745.59   97.28
   429    1.51   26.68   26.73    1.26   85.54  722.48  727.10    7.34  748.55   91.82
   430    1.46   26.76   26.70    0.93   86.56  729.07  731.39    8.33  747.18  125.80
   431    1.44   26.97   26.50    1.20   85.59  737.75  741.93    8.96  735.61   98.14
   432    1.51   27.29   26.55    1.32   85.27  747.76  752.84    4.32  738.77   90.90
   433    1.52   27.32   26.61    1.37   85.21  747.00  752.47    5.59  742.74   87.75
   434    1.60   26.93   26.37    1.42   85.23  733.79  739.73    3.59  728.77   83.08
   435    1.55   26.74   26.72    1.21   85.79  724.82  729.05    5.79  748.64   95.93
   436    1.57   26.76   26.33    1.19   86.00  723.81  727.89    4.80  726.54   97.34
   437    1.58   26.97   26.80    1.10   86.42  729.15  732.59    7.21  753.15  105.83
   438    1.68   26.92   26.79    1.05   86.46  733.26  736.34    6.38  753.42  111.77
   439    1.55   26.85   26.82    0.95   86.77  725.96  728.41    5.45  754.84  122.54
   440    1.51   26.91   26.98    1.09   86.13  733.77  737.12    5.13  763.47  107.68
   441    1.52   26.86   26.96    1.24   85.66  726.87  731.32    3.35  761.74   94.00
   442    1.46   26.75   26.76    1.08   86.42  718.91  722.24    3.02  750.61  106.08
   443    1.42   26.87   26.62    1.07   86.33  725.53  728.79    4.45  742.64  108.03
   444    1.51   26.48   26.90    0.89   86.95  718.18  720.29    3.08  758.23  129.15
   445    1.53   26.35   26.57    0.91   86.92  709.73  711.96    4.62  739.72  124.73
   446    1.57   26.54   26.65    1.19   86.12  719.15  723.21    4.51  745.18   97.06
   447    1.41   26.02   26.56    1.16   86.26  701.49  705.38    7.18  739.48   96.54
   448    1.47   26.08   26.63    1.15   86.30  702.95  706.78    5.78  744.17   97.46
   449    1.50   26.07   26.93    1.16   86.21  699.94  703.77    5.39  760.70   97.00
   450    1.52   25.79   26.86    1.19   85.98  682.00  686.13    4.78  757.88   91.44
   451    1.50   26.26   27.01    1.18   86.50  699.01  703.00    5.90  766.59   95.24
   452    1.58   26.41   26.92    1.39   85.43  712.69  718.36    5.64  761.44   82.52
   453    1.52   26.36   26.86    1.37   85.49  705.85  711.35    6.26  759.09   82.96
   454    1.35   26.00   26.69    1.28   85.78  678.99  683.75    7.62  748.79   85.32
   455    1.39   25.99   26.83    1.10   86.26  689.24  692.71    6.58  756.40   99.95
   456    1.42   26.06   26.98    1.24   85.94  690.51  694.99    7.76  764.68   89.22
   457    1.41   26.07   26.95    1.15   86.04  690.56  694.34    7.52  762.92   96.42
   458    1.38   25.94   26.89    1.26   85.41  686.76  691.36    6.72  758.95   87.65
   459    1.39   26.39   27.00    1.29   85.74  702.99  707.82    6.22  765.03   87.71
   460    1.46   25.95   26.69    1.28   85.91  681.39  686.21    5.21  747.46   85.23
   461    1.49   25.86   26.62    1.22   86.14  680.07  684.41    3.76  744.07   89.19
   462    1.51   25.56   26.51    1.27   85.68  671.66  676.36    5.06  739.85   84.97
   463    1.48   26.46   26.99    1.15   86.15  713.76  717.52    7.06  766.74   99.69
   464    1.57   25.93   26.86    1.12   86.07  682.77  686.37    4.63  759.78   97.53
   465    1.46   25.95   26.85    1.17   86.00  687.59  691.56    6.14  757.41   93.97
   466    1.49   26.09   26.79    1.15   85.85  679.75  683.53    6.46  754.21   94.96
   467    1.35   25.92   26.59    1.29   85.33  673.33  678.18    6.81  743.13   83.94
   468    1.40   26.26   26.77    1.01   86.49  696.08  698.95    9.05  753.15  109.84
   469    1.40   26.19   26.56    1.10   86.34  698.28  701.74    7.86  741.65  101.38
   470    1.41   26.38   26.79    1.15   86.11  700.12  703.94    8.10  755.80   97.18
   471    1.54   26.17   27.08    1.22   85.83  689.48  693.81    6.24  773.97   90.44
   472    1.52   26.43   27.08    0.87   87.17  704.41  706.43    4.75  772.74  129.25
   473    1.47   26.30   26.95    0.61   88.08  701.38  702.19    7.14  765.42  183.83
   474    1.54   26.33   26.79    0.95   86.79  697.74  700.21    5.16  755.05  117.56
   475    1.53   26.59   26.74    1.13   85.91  705.53  709.20    7.74  753.25   99.70
   476    1.39   26.17   27.27    1.14   85.77  698.05  701.74    6.15  783.61   98.45
   477    1.52   25.73   26.74    0.90   86.94  674.78  676.98    6.72  753.61  119.79
   478    1.64   25.90   26.78    0.90   86.90  680.19  682.42    6.13  755.60  120.08
   479    1.70   26.09   26.75    0.98   86.49  692.50  695.16    7.95  754.17  113.02
   480    1.54   26.32   26.82    1.23   85.88  699.31  703.73    7.87  759.57   90.86
   481    1.57   26.76   26.73    1.33   85.76  720.66  725.84    6.64  754.50   86.98
   482    1.59   26.99   26.93    1.20   86.28  724.32  728.47    6.85  766.44   96.67
   483    1.59   26.71   26.97    1.23   85.69  713.94  718.31    7.59  769.52   93.20
   484    1.57   26.70   26.99    1.15   85.63  712.92  716.74    8.51  769.42   98.87
   485    1.52   26.24   26.81    1.37   85.25  695.70  701.24    9.10  759.85   81.51
   486    1.62   26.33   26.69    1.63   84.30  700.09  708.06    6.70  754.02   69.23
   487    1.54   26.82   27.02    1.30   85.49  718.28  723.25    8.45  771.96   88.43
   488    1.55   26.92   27.17    1.02   86.41  731.01  733.89    9.13  777.72  114.90
   489    1.60   26.51   27.08    0.87   87.02  705.65  707.68    7.83  772.39  129.21
   490    1.63   26.25   26.80    1.14   85.92  691.91  695.63    9.11  756.04   97.29
   491    1.57   26.33   26.65    0.86   87.07  698.05  700.04   10.12  749.11  129.22
   492    1.56   26.58   26.67    1.14   86.06  707.93  711.67    8.25  750.35   99.11
   493    1.64   26.40   26.84    1.20   85.72  710.85  714.99    9.10  758.90   95.10
   494    1.58   26.64   26.65    1.18   85.63  712.22  716.24    7.90  748.27   96.58
   495    1.65   26.17   26.57    1.18   85.93  700.42  704.44    7.15  742.89   94.97
   496    1.69   26.36   26.90    1.11   85.89  700.65  704.18    6.75  762.33  100.73
   497    1.62   26.45   26.83    1.24   85.81  705.94  710.39    7.39  757.26   91.43
   498    1.56   26.53   26.75    1.34   85.26  705.34  710.58    8.67  753.98   84.73
   499    1.59   26.91   26.75    1.35   85.41  718.61  723.93    8.49  753.51   85.66
   500    1.56   26.93   26.67    1.30   85.54  727.79  732.72    7.01  749.51   89.84
   501    1.66   27.00   26.65    1.21   85.79  730.62  734.81    7.18  749.91   97.08
   502    1.63   26.86   26.74    1.24   85.89  718.17  722.62    6.12  755.17   92.97
   503    1.55   27.09   26.98    1.14   86.20  729.84  733.52    8.12  767.87  102.82
   504    1.51   27.28   26.96    1.21   86.17  734.55  738.79    8.68  767.41   97.09
   505    1.51   27.84   26.86    1.44   85.34  761.61  767.70    8.02  765.01   85.08
   506    1.49   27.65   26.94    1.07   86.65  752.52  755.74    8.41  770.91  112.36
   507    1.54   27.68   27.06    0.96   87.09  755.65  758.18   10.39  776.32  125.36
   508    1.50   27.72   27.11    0.97   87.14  755.92  758.46    9.86  776.85  125.12
   509    1.47   27.58   27.24    1.33   85.75  756.76  761.90    9.56  784.49   91.51
   510    1.51   27.59   27.27    1.27   85.94  751.69  756.40    8.47  787.97   94.54
   511    1.40   27.81   27.12    1.40   84.92  763.80  769.53    9.89  779.95   87.78
   512    1.50   27.60   27.08    1.27   85.89  760.96  765.68    8.19  776.47   95.63
   513    1.53   27.49   27.17    1.29   85.97  760.20  765.05    7.34  780.41   94.29
   514    1.56   27.58   27.02    1.45   85.32  763.10  769.33    7.57  772.33   84.39
   515    1.55   27.72   27.03    1.49   85.03  765.24  771.85    7.81  773.22   82.35
   516    1.44   27.53   27.18    1.30   85.60  756.12  761.02    8.10  782.20   93.44
   517    1.52   27.68   27.07    1.12   86.73  770.45  774.00    7.28  775.79  110.07
   518    1.49   27.74   26.95    1.33   85.91  771.73  776.89    9.20  770.69   93.08
   519    1.55   27.99   27.32    1.17   86.40  782.14  786.04    7.86  793.46  106.96
   520    1.58   28.16   27.11    1.09   86.63  783.52  786.88    7.45  779.29  114.47
   521    1.56   27.95   27.59    1.11   86.56  779.41  782.90    7.93  806.71  112.10
   522    1.72   27.78   27.20    0.91   87.45  775.07  777.29    7.78  786.00  135.69
   523    1.80   28.35   27.40    1.19   86.36  807.37  811.44   10.47  796.75  108.27
   524    1.84   28.69   27.43    1.21   86.39  822.36  826.53    9.29  800.91  108.83
   525    1.67   28.51   27.16    0.99   87.21  810.82  813.48    6.54  782.81  130.98
   526    1.80   28.30   27.09    0.93   87.60  799.04  801.33    7.19  780.36  137.85
   527    1.78   28.57   27.26    1.33   86.08  807.24  812.39    5.87  790.50   97.15
   528    1.64   28.83   27.32    1.44   85.58  814.56  820.67    8.09  792.19   90.69
   529    1.56   28.67   27.02    1.11   86.73  807.78  811.21    7.13  775.70  116.87
   530    1.63   28.58   27.20    1.28   86.18  806.03  810.79    7.42  783.28  100.57
   531    1.74   28.41   27.16    0.96   87.08  802.79  805.27    8.55  781.08  133.84
   532    1.80   28.23   27.25    1.51   85.16  793.25  799.99    6.72  786.46   84.48
   533    1.87   28.39   27.00    1.63   84.47  793.96  801.92    7.58  770.34   78.24
   534    1.71   28.26   27.10    1.47   85.18  792.45  798.82   10.09  775.39   86.58
   535    1.81   28.41   27.18    1.35   85.43  798.94  804.28    8.75  781.78   94.66
   536    1.72   28.51   27.25    1.08   86.41  807.71  810.94    7.45  783.41  119.96
   537    1.91   28.85   27.28    1.21   86.03  824.44  828.59    9.26  783.38  109.30
   538    1.74   29.10   27.39    1.02   86.86  834.14  836.96    7.91  791.94  131.22
   539    1.84   29.15   27.72    0.98   86.99  841.54  844.10    8.31  811.61  137.82
   540    1.73   29.19   27.55    1.02   86.84  838.49  841.34    7.87  799.27  131.24
   541    1.73   29.17   27.56    1.12   86.56  839.94  843.45    8.36  801.59  119.94
   542    1.74   29.18   27.52    1.17   86.38  834.79  838.66    9.74  798.49  114.26
   543    1.71   29.34   27.51    1.07   86.71  843.47  846.64    8.70  798.68  125.98
   544    1.68   29.58   27.95    0.94   87.18  862.86  865.17    8.59  822.19  147.08
   545    1.64   29.22   27.80    0.99   87.26  840.78  843.43    9.91  812.81  135.68
   546    1.68   28.96   27.49    1.18   86.42  822.94  826.91   10.00  796.92  111.34
   547    1.61   29.32   27.38    1.01   86.98  841.27  844.02   11.29  789.83  133.73
   548    1.57   29.26   27.33    1.16   86.45  832.92  836.71    9.89  785.35  114.99
   549    1.50   29.38   27.58    1.08   86.54  849.24  852.45   10.46  800.98  126.06
   550    1.63   29.60   27.80    0.92   87.28  862.99  865.21    8.30  813.60  149.79
   551    1.70   29.81   27.75    0.96   87.17  872.38  874.81    7.19  810.62  145.64
   552    1.67   29.56   27.57    1.07   86.77  861.52  864.66   10.59  799.75  129.13
   553    1.76   29.58   27.67    1.06   86.95  859.90  862.96    9.47  806.73  130.15
   554    1.72   29.25   27.78    1.08   86.60  848.44  851.69    9.90  812.27  125.13
   555    1.75   29.68   27.86    0.94   87.25  863.54  865.85   10.98  815.98  147.43
   556    1.83   29.17   27.67    0.99   86.88  836.55  839.21    9.31  804.01  134.71
   557    1.79   29.29   27.74    1.30   85.75  847.68  852.54   11.46  808.43  104.62
   558    1.81   29.28   27.91    0.97   86.63  845.51  848.07    8.31  817.73  138.53
   559    1.74   28.88   27.70    1.16   86.06  820.83  824.66    9.86  805.63  112.94
   560    1.74   29.30   27.64    1.06   86.54  842.18  845.30    9.20  806.08  126.50
   561    1.89   29.35   27.98    0.91   86.90  843.07  845.26    9.60  825.34  147.29
   562    1.84   29.48   27.58    0.96   87.01  848.40  850.85    8.39  802.36  141.49
   563    1.73   29.45   27.62    0.82   87.40  854.05  855.73    6.67  804.58  166.25
   564    1.70   29.72   27.73    0.99   86.85  862.69  865.31    8.13  810.57  139.64
   565    1.66   30.01   27.74    1.25   85.80  876.08  880.54    8.70  809.37  112.26
   566    1.77   29.39   27.67    0.87   87.32  850.30  852.23    7.93  805.33  156.56
   567    1.82   29.66   27.54    0.81   87.41  861.21  862.83    7.60  797.72  169.65
   568    1.86   29.84   27.73    0.79   87.41  871.40  872.92    7.85  807.71  175.92
   569    1.77   29.74   27.49    0.86   87.45  868.51  870.42   10.08  793.96  160.49
   570    1.88   29.66   27.67    0.74   87.97  861.78  863.05    8.64  806.18  186.11
   571    1.81   29.49   27.28    0.96   86.86  852.98  855.42   11.34  782.78  142.38
   572    1.86   29.35   27.28    0.87   87.22  849.81  851.73    9.77  783.46  156.53
   573    2.00   29.59   27.29    0.81   87.47  869.16  870.76    8.70  784.68  171.63
   574    1.97   29.75   27.35    0.99   87.08  876.35  879.02    7.56  788.43  140.70
   575    1.96   29.90   27.03    1.28   86.00  879.41  884.07    6.39  769.46  110.40
   576    1.86   30.00   27.45    1.03   86.88  880.53  883.39    8.95  795.27  137.06
   577    1.73   29.96   27.23    1.08   86.90  884.39  887.63    8.38  783.83  130.47
   578    1.83   29.95   27.33    0.89   87.44  887.32  889.37    8.80  790.15  158.54
   579    1.91   29.95   27.37    1.36   85.72  886.46  891.79    8.14  792.45  104.67
   580    1.89   30.12   27.25    1.43   85.69  891.98  897.93    7.13  785.35  100.11
   581    1.88   30.11   27.14    1.08   86.71  894.23  897.41    7.90  778.68  132.91
   582    1.81   30.16   27.00    1.14   86.49  893.95  897.56    7.97  771.06  125.66
   583    1.89   30.00   27.32    1.11   86.50  889.28  892.74    7.60  787.62  127.51
   584    1.96   30.32   27.30    1.18   86.41  900.48  904.43    7.49  788.18  121.59
   585    1.98   30.11   27.43    1.08   86.70  887.27  890.50    6.80  795.65  131.06
   586    1.94   30.29   27.42    1.11   86.71  903.20  906.64    9.59  795.19  129.62
   587    1.75   30.02   27.40    1.18   86.23  887.17  891.09   10.46  792.04  120.25
   588    1.87   30.07   27.37    1.23   85.84  884.37  888.67   11.04  790.36  115.08
   589    1.91   29.77   27.55    1.39   85.35  877.42  883.06    8.30  800.24  101.02
   590    1.97   30.02   27.54    1.29   85.69  893.86  898.66    8.31  800.57  110.67
   591    1.82   29.98   27.78    1.33   85.46  893.36  898.49    7.87  813.19  107.34
   592    1.88   30.47   27.75    0.97   87.11  914.38  916.87    9.13  812.28  150.31
   593    1.97   30.37   27.73    1.15   86.45  903.76  907.45    9.55  810.24  125.69
   594    1.85   30.33   27.85    1.19   86.24  905.03  909.04   10.93  817.92  121.46
   595    1.94   30.14   27.71    0.78   87.70  892.32  893.78    8.34  809.77  182.05
   596    1.89   30.28   27.68    0.79   87.49  904.25  905.77    9.28  807.16  181.60
   597    1.84   30.13   27.48    0.98   86.83  897.34  899.88    9.80  796.62  146.78
   598    1.90   30.24   27.63    0.76   87.81  903.98  905.32    9.06  806.14  190.06
   599    1.73   30.06   27.58    0.96   87.06  890.37  892.83   11.05  804.16  147.63
   600    1.82   30.38   27.59    0.82   87.32  910.54  912.18    9.14  802.98  177.69
   601    1.79   30.55   27.67    1.04   86.49  922.03  924.96    9.19  806.34  141.54
   602    1.94   30.32   27.92    0.81   87.25  914.22  915.82    9.57  822.99  180.05
   603    1.79   30.23   27.73    1.07   86.34  904.81  907.95    9.06  810.44  135.04
   604    1.91   30.24   27.61    1.09   86.50  903.21  906.45    9.03  803.92  132.96
   605    1.84   30.14   27.84    1.02   86.94  895.00  897.79   10.74  817.40  140.62
   606    1.94   30.08   27.76    1.10   86.60  900.44  903.76    8.32  813.08  131.24
   607    1.76   30.07   27.63    1.03   86.71  895.55  898.43   11.16  805.11  138.70
   608    1.86   30.38   27.79    0.88   87.29  910.91  912.89    8.40  815.75  164.77
   609    1.94   30.03   27.61    1.10   86.95  896.67  900.02    8.75  806.46  130.17
   610    1.95   30.28   27.72    1.03   86.84  902.95  905.83   10.35  810.06  139.82
   611    1.80   30.56   27.89    0.92   87.22  920.95  923.15    9.13  821.29  159.40
   612    1.96   30.21   28.01    0.58   88.57  905.80  906.41    8.25  825.96  246.82
   613    2.13   30.33   28.03    0.61   88.34  911.63  912.33    6.76  827.30  238.87
   614    1.99   30.43   28.16    0.33   89.37  921.08  920.96    9.11  834.81  441.17
   615    1.94   30.01   28.30    0.38   89.03  889.56  889.55    8.37  842.18  376.96
   616    1.99   30.23   28.33    0.84   87.35  908.60  910.33    7.78  843.52  173.60
   617    1.97   30.64   28.51    0.39   89.00  925.58  925.58   10.24  854.57  381.89
   618    1.94   30.31   28.55    0.57   88.15  915.24  915.81    9.88  856.42  253.75
   619    1.93   30.37   28.22    0.64   87.91  916.82  917.62    8.14  836.13  229.91
   620    1.99   30.87   28.21    0.81   87.29  938.86  940.42    5.24  835.66  185.97
   621    1.92   30.95   28.30    0.60   88.09  934.90  935.56    6.75  840.81  248.14
   622    2.04   30.60   28.41    0.72   87.69  930.58  931.76    5.68  846.87  204.66
   623    1.82   30.64   28.17    0.78   87.50  928.68  930.14   10.20  833.91  188.82
   624    1.83   30.49   28.29    0.68   87.99  916.44  917.42   10.32  840.88  214.98
   625    1.79   30.35   28.00    0.91   87.14  910.26  912.38    7.26  823.81  160.25
   626    1.85   30.74   27.87    0.84   87.44  928.60  930.37    7.02  815.56  175.34
   627    1.80   30.48   27.72    0.79   87.57  910.71  912.20    8.16  806.41  184.12
   628    1.87   30.01   27.95    0.81   87.33  891.74  893.33   10.06  818.78  176.48
   629    1.80   30.17   27.95    0.91   86.96  896.83  898.97    7.47  818.70  157.72
   630    1.80   30.21   27.67    1.15   86.08  891.46  895.17    8.01  803.04  123.72
   631    1.79   30.30   27.75    0.91   86.93  902.38  904.53    9.72  807.35  158.21
   632    1.89   30.20   27.78    0.86   87.28  904.77  906.61    7.47  809.95  168.63
   633    1.92   30.07   27.89    0.91   87.09  892.54  894.69    8.49  816.21  156.55
   634    1.93   29.60   27.80    0.79   87.44  870.74  872.27    9.20  811.31  175.49
   635    1.96   29.71   27.57    1.04   86.68  873.94  876.91    9.87  798.56  134.04
   636    1.99   29.52   27.68    1.03   86.62  859.27  862.15    8.76  804.78  133.60
   637    1.84   29.40   27.69    0.93   86.93  859.37  861.63    9.54  805.71  147.95
   638    2.03   29.33   28.08    0.70   87.60  854.73  855.82    8.87  827.89  196.01
   639    1.95   28.94   27.77    1.00   86.50  829.96  832.69    8.81  808.78  132.25
   640    1.88   28.83   27.69    0.98   86.48  823.76  826.37    9.97  804.74  134.14
   641    1.97   28.83   27.91    0.71   87.39  824.42  825.60    9.51  816.16  184.34
   642    2.03   28.81   27.84    0.77   87.26  817.33  818.77    7.88  813.62  170.04
   643    2.10   28.76   27.80    0.77   87.34  823.94  825.36    7.39  811.04  171.78
   644    2.13   28.40   27.84    0.53   88.10  797.96  798.43    8.61  813.29  242.06
   645    1.98   28.55   27.65    0.79   87.14  806.25  807.82    8.26  801.46  162.10
   646    2.06   28.54   27.65    0.86   87.01  805.36  807.30    8.03  801.26  148.82
   647    2.16   28.54   27.40    0.80   87.22  799.33  800.94    7.72  788.09  158.99
   648    2.03   28.87   27.43    0.91   86.99  814.43  816.63    6.94  790.95  142.65
   649    2.16   28.95   27.46    0.83   87.27  817.56  819.30    7.91  793.46  157.60
   650    2.03   28.87   27.65    0.65   88.03  821.16  822.06    8.25  803.33  202.36
   651    2.13   28.68   27.51    0.89   87.10  809.21  811.26    9.17  794.36  145.83
   652    2.12   28.90   27.78    0.33   88.93  817.37  817.30    9.11  809.73  393.41
   653    2.07   29.05   27.72    0.76   87.47  835.81  837.20    6.65  805.89  175.31
   654    2.11   28.79   27.92    0.54   88.00  822.96  823.44    6.92  818.25  244.21
   655    2.17   28.72   27.54    0.76   87.31  823.70  825.10    7.13  796.40  172.63
   656    2.12   29.14   27.94    0.87   87.27  849.18  851.11    9.40  818.48  156.22
   657    1.99   28.72   27.84    0.55   88.15  825.11  825.63    9.40  812.64  240.71
   658    2.05   29.00   27.49    0.63   87.94  832.39  833.21    9.44  793.75  211.32
   659    1.95   29.03   27.68    0.62   87.88  830.34  831.11    8.01  804.12  214.86
   660    2.10   29.29   27.75    0.41   88.79  852.05  852.16    8.80  808.17  329.05
   661    2.02   29.42   27.53    0.84   87.19  856.14  857.90    9.14  796.02  163.40
   662    2.01   29.13   27.35    0.81   87.39  838.61  840.25    9.71  784.59  164.92
   663    2.01   29.09   27.21    0.82   87.42  837.15  838.84    9.94  777.72  162.59
   664    1.99   29.11   27.28    0.69   87.80  839.31  840.40    9.59  782.11  192.76
   665    2.03   29.33   27.44    0.79   87.52  850.05  851.58    8.33  790.74  171.27
   666    1.88   29.13   27.38    0.86   87.51  846.12  847.99    8.72  788.79  157.72
   667    2.01   29.54   27.64    0.86   87.31  863.75  865.62    8.25  802.31  160.84
   668    1.86   29.55   27.55    0.89   87.39  861.00  863.07    8.68  797.69  153.56
   669    2.07   29.76   27.47    0.78   87.86  875.63  877.09    9.75  792.10  179.28
   670    2.02   29.54   27.36    0.81   87.86  861.65  863.25    8.88  786.78  170.56
   671    2.02   29.63   27.23    0.49   88.82  863.18  863.48    8.76  779.57  283.15
   672    2.06   29.49   27.32    0.80   87.48  853.67  855.23    7.14  783.55  171.21
   673    1.95   29.77   27.36    0.80   87.58  866.22  867.81    8.77  786.30  171.78
   674    2.05   29.65   27.61    0.65   88.21  859.75  860.65    7.64  801.96  209.56
   675    2.03   29.64   27.55    0.48   88.73  867.72  868.01    8.70  796.71  287.93
   676    2.14   29.35   27.21    0.66   87.91  851.54  852.46    7.68  777.47  206.45
   677    2.01   29.29   27.46    0.84   87.14  842.90  844.69    7.46  790.29  160.37
   678    2.08   29.45   27.37    1.02   86.68  855.08  857.89    7.34  785.00  134.55
   679    2.11   29.44   27.43    1.07   86.24  852.87  856.05    7.26  788.77  127.09
   680    2.07   29.50   27.51    1.05   86.55  857.68  860.70    8.38  794.67  130.79
   681    2.08   29.39   27.39    1.09   86.45  849.30  852.59    8.23  787.44  124.74
   682    1.95   29.34   27.56    1.16   85.93  846.29  850.12    9.13  797.59  116.26
   683    2.06   28.70   27.38    1.16   85.96  818.02  821.85    9.36  786.18  112.58
   684    2.05   28.55   27.64    0.94   86.81  809.24  811.61    8.29  802.62  137.37
   685    2.01   28.48   27.52    1.03   86.64  806.28  809.19    7.82  795.24  125.30
   686    1.99   28.57   27.44    0.83   87.36  810.56  812.29    8.70  790.89  156.67
   687    2.01   28.16   27.41    0.85   87.02  793.96  795.84    9.10  789.29  148.55
   688    1.97   28.14   27.55    0.96   86.74  791.16  793.65    9.13  798.04  131.76
   689    2.18   28.38   27.55    0.67   87.57  796.46  797.48    8.63  797.63  188.40
   690    2.05   27.91   27.34    1.09   86.14  776.27  779.58   10.82  786.08  114.35
   691    2.03   28.36   27.27    1.18   85.96  793.45  797.39    9.72  782.42  107.99
   692    1.98   28.01   27.31    1.08   86.07  775.74  779.01    9.24  783.07  114.84
   693    1.96   28.21   27.14    1.22   85.56  781.48  785.78   10.82  774.40  102.36
   694    2.00   27.98   27.10    1.21   85.50  768.61  772.80   11.00  773.83  101.88
   695    2.02   27.99   27.40    1.03   86.26  773.85  776.76   10.12  790.85  120.66
   696    2.03   27.97   27.14    0.71   87.43  772.92  774.12   10.83  774.75  173.51
   697    1.88   27.75   27.09    0.74   87.31  763.73  765.07   10.18  772.63  164.37
   698    2.07   27.67   27.27    1.14   85.87  759.48  763.14    8.87  782.31  107.01
   699    2.00   27.88   27.24    1.10   86.01  765.78  769.19    9.65  779.15  111.39
   700    2.04   27.49   27.25    0.65   87.57  750.57  751.53   10.13  779.99  183.31
   701    2.01   27.45   27.17    0.92   86.52  760.10  762.36   11.26  773.86  132.17
   702    2.11   27.61   27.05    0.97   86.49  762.68  765.26    8.20  766.75  125.36
   703    2.01   27.19   27.12    0.98   86.27  741.39  744.01    8.52  770.23  121.33
   704    2.04   27.29   26.94    0.77   87.03  742.54  744.00    7.62  760.33  154.74
   705    2.08   27.58   27.25    1.04   85.92  762.69  765.68    7.98  778.94  117.64
   706    2.09   27.62   27.31    1.24   85.27  758.36  762.78    7.65  781.85   98.27
   707    2.07   27.88   27.35    1.07   85.83  768.81  772.00    7.50  784.55  115.19
   708    2.11   28.10   27.51    0.96   86.33  783.53  786.03    9.19  793.69  130.33
   709    2.02   27.83   27.57    1.12   85.66  771.57  775.14    8.35  797.18  109.82
   710    2.11   28.04   27.35    1.13   85.68  784.81  788.45    8.35  784.10  110.64
   711    2.18   27.95   27.27    0.84   86.88  783.55  785.34    7.20  779.34  149.64
   712    2.19   28.03   27.46    0.80   86.91  789.12  790.73    8.71  791.27  157.54
   713    2.14   28.48   27.81    0.45   88.38  807.73  807.94    7.51  811.54  288.65
   714    2.13   28.55   27.48    0.79   87.20  812.40  813.94    8.04  792.52  164.73
   715    2.14   28.83   27.60    0.77   87.20  829.30  830.74    8.23  799.39  172.08
   716    2.05   28.78   27.64    0.86   86.88  828.99  830.89    8.33  801.39  153.81
   717    2.12   28.62   27.62    0.87   86.91  818.92  820.88    8.32  800.08  150.51
   718    2.15   28.57   27.84    0.57   87.98  818.79  819.39    6.84  813.88  230.14
   719    2.14   28.52   27.51    0.70   87.37  817.14  818.25    8.13  794.36  187.12
   720    2.04   28.80   27.70    0.52   88.11  833.46  833.90    8.08  805.20  253.31
   721    1.98   28.91   27.77    0.52   88.09  837.05  837.47    7.36  809.24  256.93
   722    2.04   28.89   27.84    0.73   87.43  837.20  838.43    8.30  813.28  183.67
   723    2.06   29.27   28.09    0.60   87.76  856.76  857.45    7.57  828.01  227.63
   724    2.02   28.95   27.81    0.60   87.68  842.98  843.70    7.95  810.62  222.08
   725    2.04   29.23   27.95    0.52   88.12  860.37  860.78    8.17  818.97  264.62
   726    2.07   29.36   28.02    0.44   88.45  865.49  865.66    9.06  823.26  313.85
   727    2.03   29.83   27.94    0.35   88.76  889.10  889.02    7.76  818.71  408.17
   728    2.16   29.77   27.63    0.50   88.13  894.34  894.67    8.00  800.26  284.57
   729    2.14   29.68   27.61    0.55   88.00  882.64  883.15    6.15  798.83  255.04
   730    2.13   29.54   27.90    0.51   88.07  880.53  880.91    7.45  814.93  272.97
   731    2.06   29.69   27.85    0.92   86.69  887.26  889.45    8.78  812.12  154.69
   732    2.17   29.87   27.77    0.88   86.88  896.29  898.27    9.06  807.99  162.67
   733    2.12   29.64   27.50    1.04   86.37  882.99  885.91    6.88  792.01  136.21
   734    2.06   29.84   27.66    1.03   86.33  888.70  891.57    9.47  801.21  138.07
   735    1.99   30.08   27.69    1.19   85.85  901.31  905.28    8.43  803.42  121.44
   736    2.03   29.92   27.65    1.22   85.74  897.97  902.17    8.69  801.34  117.95
   737    1.99   30.24   27.51    1.24   85.73  905.78  910.11    9.03  793.42  117.30
   738    1.85   30.25   27.54    1.38   85.25  912.62  918.13   11.36  795.35  105.98
   739    1.90   30.38   27.73    1.33   85.36  916.78  921.84    8.86  806.30  110.66
   740    1.90   30.30   27.50    1.07   86.26  918.08  921.21    9.35  793.42  137.17
   741    1.91   30.05   27.69    1.04   86.38  907.10  910.01    8.32  803.62  139.79
   742    1.96   29.70   27.70    1.05   86.30  893.21  896.25    9.35  803.55  135.33
   743    2.00   30.20   27.81    0.76   87.29  917.83  919.18    8.57  810.16  192.62
   744    1.86   29.88   27.94    0.95   86.63  898.07  900.43    8.46  817.36  151.45
   745    1.96   29.96   27.72    1.26   85.58  898.98  903.52    8.76  804.92  114.13
   746    2.01   30.23   27.54    1.47   84.92  921.08  927.39    8.44  794.17  100.46
   747    2.02   29.97   27.71    1.45   84.87  900.79  906.91    8.57  804.10   99.77
   748    1.99   30.30   27.64    1.20   85.79  916.20  920.28    9.22  800.35  121.78
   749    1.98   30.06   27.47    1.06   86.27  903.12  906.20    9.46  790.86  136.11
   750    2.02   30.15   27.35    1.39   85.06  909.50  915.12   10.20  784.30  104.78
   751    2.02   30.31   27.44    1.27   85.51  914.80  919.41    9.35  789.64  115.15
   752    1.93   30.44   27.63    1.09   86.13  922.34  925.58    7.94  799.82  135.80
   753    2.05   30.87   27.85    0.75   87.16  939.94  941.24    7.58  813.31  199.00
   754    1.86   30.47   27.39    1.18   85.83  922.72  926.66    8.56  787.79  124.59
   755    1.96   30.57   27.86    1.10   86.09  931.25  934.59   10.78  814.70  134.95
   756    1.91   30.44   27.69    1.45   85.06  925.36  931.48    9.97  805.33  102.41
   757    2.01   30.49   27.61    1.31   85.50  926.85  931.77    9.76  801.84  113.24
   758    2.04   31.02   27.77    0.88   86.98  950.09  952.05   10.16  809.85  171.92
   759    1.94   31.04   27.83    1.19   86.02  956.08  960.04   11.98  814.61  128.52
   760    1.98   30.84   27.62    1.04   86.52  942.51  945.45   11.92  801.52  144.32
   761    1.91   30.79   27.43    0.99   86.56  945.02  947.62    8.88  789.53  152.42
   762    1.93   30.85   27.71    1.10   86.18  940.04  943.38    8.75  805.94  136.19
   763    1.93   31.30   27.92    1.23   85.83  973.82  978.08    9.56  817.38  126.60
   764    1.94   31.36   28.00    1.10   86.19  973.51  976.78    8.48  822.99  141.97
   765    1.96   31.66   28.03    1.01   86.43  989.21  991.91    8.23  824.62  156.58
   766    2.02   31.52   27.89    1.34   85.52  985.90  991.02   10.42  816.99  117.98
   767    1.96   31.75   28.06    1.24   85.90  999.69 1003.98    8.91  826.71  129.23
   768    1.99   31.91   28.08    1.23   86.04 1005.63 1009.83   10.80  828.52  131.26
   769    2.00   31.73   28.20    1.02   86.58  994.02  996.81    8.05  834.31  154.93
   770    2.01   31.85   28.11    1.02   86.79  998.11 1000.90    9.00  830.66  155.51
   771    2.00   31.50   28.08    1.00   86.60  983.84  986.51    8.03  829.27  156.52
   772    2.10   31.94   28.33    0.86   87.18 1000.02 1001.82    9.32  842.57  185.84
   773    2.07   31.88   28.25    1.10   86.52 1000.56 1003.88    8.47  837.78  144.79
   774    2.05   31.60   28.20    1.40   85.46  982.32  987.95    8.75  834.10  112.65
   775    2.05   31.65   28.34    1.02   86.88  988.51  991.26    8.49  843.18  155.02
   776    1.99   31.42   28.34    0.96   87.06  977.83  980.20    6.77  843.92  163.42
   777    1.95   31.27   28.47    1.22   86.29  971.96  976.15    9.86  851.94  127.37
   778    2.02   31.16   28.20    0.88   87.27  962.99  964.94   10.51  836.24  174.33
   779    1.89   31.43   28.11    1.10   86.62  980.93  984.25    9.76  831.12  142.22
   780    1.98   30.75   27.93    1.17   86.24  945.17  949.02    9.39  820.12  128.78
   781    1.84   31.46   28.10    1.14   86.42  980.62  984.23   10.43  829.99  137.04
   782    1.90   31.39   28.07    1.13   86.46  972.00  975.55    9.34  828.22  137.00
   783    1.88   31.29   28.12    1.19   86.23  967.86  971.80   10.75  831.57  130.33
   784    1.85   31.32   28.29    1.25   85.89  969.37  973.79    8.25  842.17  124.04
   785    1.97   31.29   28.16    1.20   86.10  962.65  966.71    8.05  832.83  127.91
   786    1.87   31.43   27.98    0.99   86.75  969.34  971.92    7.64  824.10  156.46
   787    1.81   31.85   28.04    1.19   86.18  993.29  997.23    6.85  825.15  133.53
   788    1.84   31.68   27.94    1.18   86.19  981.67  985.56    9.23  819.38  132.74
   789    1.98   31.81   27.79    1.33   85.75  991.86  996.90    9.38  809.59  119.46
   790    1.90   31.55   27.96    0.91   87.05  980.56  982.69    7.84  819.94  171.27
   791    1.90   31.71   27.81    1.10   86.45  983.92  987.18    9.59  811.03  143.54
   792    1.90   31.68   27.57    1.21   86.11  977.74  981.82    7.46  798.17  129.47
   793    1.86   31.75   27.80    1.11   86.42  985.18  988.52    9.41  811.34  142.32
   794    1.95   31.90   27.74    1.37   85.62  995.96 1001.38    9.90  807.26  116.16
   795    1.77   31.96   27.71    1.10   86.50  996.03  999.31    9.89  805.25  144.93
   796    1.82   32.08   27.83    1.08   86.72 1008.92 1012.06    9.41  813.61  149.55
   797    1.85   32.06   27.83    0.96   87.02 1005.67 1008.05    8.12  813.83  167.24
   798    1.93   32.31   28.15    1.34   85.77 1019.84 1024.98   10.35  831.34  121.58
   799    1.96   32.11   27.92    1.01   86.76 1009.09 1011.80    9.66  818.97  159.05
   800    1.94   31.96   28.03    0.93   87.06 1004.30 1006.51    8.69  825.53  172.23
   801    1.88   31.94   28.08    0.89   87.29 1002.55 1004.55    9.19  829.16  179.17
   802    2.00   32.02   27.94    1.01   86.95 1006.60 1009.28    9.11  822.00  159.40
   803    2.03   31.89   28.08    0.86   87.56  996.51  998.34    8.81  830.23  184.47
   804    1.94   31.72   28.03    0.88   87.44  991.23  993.13    6.42  825.92  180.55
   805    2.07   32.01   28.09    1.01   87.02  999.64 1002.33    9.34  829.43  158.24
   806    1.94   31.73   27.91    0.80   87.47  984.83  986.34    8.38  819.91  196.32
   807    1.96   31.83   28.07    0.76   87.51  990.75  992.04    8.06  828.39  209.02
   808    2.05   32.24   28.10    0.97   86.94 1017.79 1020.25    7.15  830.71  166.80
   809    2.00   32.14   28.13    1.15   86.49 1011.30 1014.97    9.21  833.26  140.07
   810    2.13   31.75   28.02    1.10   86.79  979.13  982.44    9.03  827.77  142.09
   811    2.09   31.98   27.81    1.19   86.43  988.94  992.90    8.17  816.10  132.61
   812    2.01   32.56   27.88    1.33   85.81 1025.12 1030.11    6.78  818.96  123.77
   813    1.94   32.74   27.97    1.09   86.61 1039.83 1043.03   10.39  822.63  152.44
   814    2.04   32.66   28.08    1.26   86.09 1040.28 1044.78   10.78  833.84  131.55
   815    2.05   32.35   28.13    1.14   86.39 1021.45 1025.05    7.94  835.66  142.68
   816    2.02   32.29   28.18    1.03   86.86 1012.09 1014.88    9.65  837.72  157.62
   817    2.03   31.80   28.02    1.08   86.50  989.98  993.14    8.11  830.25  146.49
   818    2.03   31.97   27.90    1.11   86.40  993.60  996.96    9.67  821.30  143.04
   819    2.11   32.15   28.11    1.00   86.62 1009.87 1012.51    8.37  831.35  161.01
   820    2.03   32.03   28.12    1.14   86.22 1003.97 1007.53    8.51  832.12  140.90
   821    2.01   31.89   28.03    1.06   86.52  987.35  990.38    6.99  828.48  148.67
   822    2.15   31.90   28.07    1.37   85.58  998.47 1003.89    7.32  831.63  116.43
   823    1.96   31.89   27.72    1.48   85.48  994.06 1000.41    8.00  813.11  107.81
   824    2.04   31.94   27.70    0.98   86.89  995.52  998.01    8.11  812.36  162.94
   825    1.98   32.14   27.88    1.36   85.51 1008.40 1013.67    6.16  822.39  118.98
   826    1.97   32.54   27.83    1.37   85.78 1028.46 1033.81    8.76  818.46  120.34
   827    1.95   32.64   27.75    1.08   86.52 1035.27 1038.41    8.64  812.60  153.19
   828    1.89   32.61   27.86    1.15   86.36 1039.33 1042.92    7.49  818.13  145.03
   829    1.98   32.67   27.93    1.07   86.33 1035.58 1038.67    7.08  822.63  154.30
   830    1.97   32.82   27.86    0.88   87.23 1050.51 1052.40    9.20  819.43  190.84
   831    1.97   32.90   27.62    0.82   87.31 1056.92 1058.48   10.57  804.31  205.98
   832    1.83   32.76   27.82    1.08   86.44 1040.75 1043.92   11.64  817.18  153.26
   833    2.13   32.53   28.06    0.92   86.66 1033.87 1036.01    9.29  831.59  179.07
   834    2.01   32.35   28.00    0.89   87.02 1023.04 1025.00    8.74  827.70  183.87
   835    2.06   32.85   28.15    0.97   86.84 1054.33 1056.74    9.90  837.34  173.52
   836    1.99   32.69   28.10    0.98   86.85 1039.00 1041.49   11.11  835.29  169.19
   837    2.00   32.82   27.98    1.19   86.25 1046.63 1050.56    9.44  829.86  140.34
   838    2.00   32.53   28.07    1.15   86.33 1034.23 1037.89   10.07  836.94  143.28
   839    2.02   32.46   28.05    0.96   86.84 1024.31 1026.66    9.85  836.08  171.09
   840    2.00   32.81   27.95    0.72   87.77 1040.74 1041.86    9.88  827.60  229.05
   841    1.95   32.65   27.96    1.00   87.12 1038.89 1041.50   10.46  829.11  165.96
   842    2.08   32.81   28.02    1.14   86.36 1053.08 1056.64    9.19  835.32  147.36
   843    2.01   32.76   27.85    1.28   86.11 1046.99 1051.62    8.05  822.80  130.68
   844    2.12   32.98   28.04    1.22   86.11 1060.94 1065.09    7.50  834.14  138.89
   845    1.99   32.98   28.23    1.22   86.10 1065.75 1069.89    8.65  844.86  139.54
   846    2.12   33.13   27.99    0.99   87.16 1073.56 1076.07    9.11  831.40  173.94
   847    2.09   33.51   28.49    0.87   87.19 1091.05 1092.86    9.00  859.62  200.77
   848    2.09   33.39   28.52    0.80   87.43 1087.40 1088.86   10.71  860.72  216.61
   849    2.15   33.63   28.51    0.58   88.06 1105.35 1105.87   10.11  862.06  301.55
   850    2.17   33.46   28.76    0.66   87.70 1101.85 1102.65    8.28  875.73  267.03
   851    2.21   33.67   28.50    0.79   87.48 1104.33 1105.73    8.02  861.04  222.85
   852    2.14   33.42   28.54    0.87   86.86 1093.12 1094.92    9.02  863.77  201.15
   853    1.99   33.30   28.21    0.88   87.10 1086.16 1088.02   10.36  846.21  197.75
   854    2.10   33.62   28.28    1.07   86.38 1103.07 1106.10    9.42  849.95  164.81
   855    2.08   33.71   28.37    1.15   86.30 1109.27 1112.88    8.99  854.77  153.72
   856    1.90   33.69   28.47    1.00   86.61 1104.03 1106.61    9.20  861.35  176.47
   857    2.06   33.74   28.37    0.98   86.63 1111.11 1113.54    9.24  855.94  181.42
   858    2.08   33.85   28.57    0.59   87.74 1120.47 1121.00    9.75  868.45  301.25
   859    2.06   34.08   28.40    0.74   87.25 1133.52 1134.67    8.78  859.46  244.08
   860    2.15   33.34   28.47    0.79   87.13 1088.33 1089.75   10.10  862.10  219.06
   861    2.14   33.04   28.57    0.92   86.96 1073.65 1075.75    9.18  867.94  186.57
   862    2.08   32.91   28.37    0.80   87.18 1061.42 1062.88   10.42  856.98  212.44
   863    2.17   32.67   28.30    1.32   85.44 1053.32 1058.23    7.55  852.42  127.94
   864    2.05   32.20   28.34    1.15   86.15 1027.59 1031.19    8.86  850.86  143.17
   865    2.13   32.70   28.15    0.89   86.83 1050.06 1052.04   10.25  841.88  187.19
   866    2.09   33.12   28.18    0.74   87.27 1077.26 1078.42    8.42  842.85  232.79
   867    2.07   32.82   28.19    0.99   86.92 1062.46 1065.00   10.32  841.70  171.19
   868    1.92   33.21   28.19    0.87   87.39 1078.58 1080.44   10.93  841.55  196.70
   869    2.06   33.00   28.45    1.04   86.81 1068.53 1071.38    9.94  855.91  164.16
   870    2.11   32.85   28.41    1.22   86.10 1062.08 1066.20    9.82  855.89  139.38
   871    2.13   33.00   28.41    1.17   86.40 1069.12 1072.88    9.79  855.51  145.87
   872    2.06   32.78   28.56    1.10   86.39 1057.97 1061.25    8.85  865.26  153.32
   873    2.10   32.49   28.50    1.35   85.56 1041.94 1047.17    8.85  861.21  123.17
   874    2.09   32.79   28.44    1.46   85.32 1057.02 1063.23    9.56  856.63  115.58
   875    2.00   32.85   28.46    1.01   86.73 1060.88 1063.53   12.33  859.31  168.30
   876    1.96   32.57   28.21    1.23   85.90 1046.00 1050.23   11.00  844.20  135.82
   877    2.00   32.53   28.30    1.42   85.62 1056.03 1061.87   11.69  849.38  118.73
   878    1.95   32.73   28.09    1.38   85.63 1057.78 1063.24   12.10  835.07  122.57
   879    2.02   32.56   28.42    0.91   87.07 1045.55 1047.61   10.99  854.16  183.78
   880    2.11   32.62   28.60    1.17   86.29 1055.47 1059.22   11.59  863.05  144.22
   881    2.15   32.83   28.61    1.08   86.58 1064.97 1068.09   11.74  867.37  157.64
   882    2.10   32.75   28.59    1.13   86.25 1060.89 1064.33   10.49  864.68  150.63
   883    2.07   33.12   28.46    1.03   86.91 1082.02 1084.82   10.83  857.05  167.15
   884    2.04   33.11   28.48    1.26   86.19 1075.83 1080.30   12.35  858.13  136.07
   885    2.10   33.06   28.46    1.19   86.50 1076.05 1079.98   10.86  857.90  144.09
   886    2.13   32.79   28.48    1.26   86.13 1066.30 1070.71    8.78  856.65  135.84
   887    2.12   33.05   28.74    1.03   86.79 1075.14 1077.90    9.10  869.82  167.07
   888    2.01   33.32   28.53    0.92   87.13 1091.34 1093.46   10.76  857.21  189.03
   889    1.99   33.07   28.47    0.69   87.84 1085.83 1086.76   10.18  853.47  252.49
   890    2.06   32.78   28.28    1.13   86.47 1058.32 1061.81   10.02  841.17  149.34
   891    2.12   33.26   28.59    1.09   86.51 1093.93 1097.13    7.81  859.16  159.67
   892    2.10   32.94   28.54    1.04   86.77 1072.73 1075.57    7.89  856.92  164.81
   893    2.12   32.79   28.55    0.97   87.04 1062.14 1064.58   11.06  855.71  173.92
   894    2.01   32.93   28.46    1.08   86.60 1064.31 1067.44   11.27  851.17  157.24
   895    2.10   32.78   28.46    1.00   86.92 1062.57 1065.14    9.19  850.24  170.41
   896    2.08   33.01   28.51    0.75   87.78 1069.19 1070.40    9.55  852.12  227.86
   897    2.10   32.77   28.50    0.93   87.21 1054.30 1056.51   10.58  852.37  180.07
   898    2.12   32.63   28.37    1.00   87.01 1043.95 1046.58   11.87  843.40  166.09
   899    2.31   32.51   28.54    0.88   87.34 1041.30 1043.19    9.57  853.93  189.14
   900    2.13   32.45   28.30    0.76   87.68 1033.39 1034.67   11.19  839.24  217.56
   901    2.11   32.59   28.34    1.04   87.01 1039.95 1042.84    9.52  842.96  159.26
   902    2.08   32.45   28.57    0.68   88.06 1039.90 1040.83    9.70  856.20  243.26
   903    2.14   32.30   28.61    0.79   87.60 1026.33 1027.74   10.45  858.11  208.30
   904    2.08   32.32   28.26    0.74   87.91 1027.88 1029.08    9.61  838.20  221.35
   905    2.03   32.49   28.09    1.16   86.80 1036.17 1039.84   11.19  829.28  143.31
   906    1.99   32.32   28.20    1.01   86.87 1022.23 1024.92    9.19  835.19  161.51
   907    2.08   32.36   28.12    0.79   87.61 1023.89 1025.33    9.48  831.77  206.78
   908    2.12   32.18   28.16    0.68   87.92 1016.75 1017.67    9.86  834.55  239.50
   909    2.18   32.34   28.09    0.83   87.49 1018.12 1019.75    8.72  829.64  196.35
   910    2.13   32.44   27.77    1.07   86.76 1029.94 1032.99   11.51  809.83  154.33
   911    2.04   32.31   28.00    0.80   87.44 1019.32 1020.84   10.89  823.09  202.04
   912    1.96   32.65   27.93    0.90   87.15 1037.24 1039.27   10.39  820.52  183.65
   913    1.99   32.72   27.65    0.86   87.41 1039.34 1041.15   12.56  803.55  192.00
   914    2.08   32.49   28.00    0.83   87.48 1028.24 1029.86   11.30  822.98  198.58
   915    2.02   32.58   27.95    1.03   86.85 1039.88 1042.69    9.32  821.61  161.00
   916    2.17   33.06   27.95    0.99   86.96 1058.25 1060.76    8.40  820.60  171.47
   917    1.99   32.74   27.94    0.94   87.11 1052.36 1054.61    9.41  819.10  178.35
   918    2.10   32.78   27.89    0.92   87.14 1048.51 1050.66   10.36  816.12  181.05
   919    2.11   32.73   28.12    0.84   87.45 1044.68 1046.38    9.61  830.05  198.00
   920    2.03   32.89   27.89    0.94   87.17 1046.27 1048.52   10.18  818.56  177.26
   921    2.14   32.64   28.11    0.73   87.67 1032.13 1033.28    9.38  831.03  225.30
   922    2.17   32.70   28.05    0.61   88.19 1034.99 1035.65    8.74  827.50  268.19
   923    2.00   32.43   27.85    1.10   86.61 1029.13 1032.44    9.58  816.29  148.82
   924    2.01   32.67   27.98    1.04   86.76 1038.00 1040.86   10.76  823.62  159.67
   925    2.05   32.86   28.17    0.91   87.24 1055.61 1057.69   11.57  836.11  184.65
   926    2.09   32.86   27.77    1.30   86.05 1056.36 1061.15   10.79  814.13  129.77
   927    2.17   32.52   27.97    1.00   86.92 1033.15 1035.74   11.24  828.33  165.59
   928    2.08   33.05   28.08    0.99   87.13 1068.90 1071.42    9.42  836.18  172.88
   929    2.11   32.98   28.23    0.55   88.49 1061.36 1061.79   11.34  843.60  304.73
   930    2.17   32.86   28.31    0.62   88.34 1054.30 1054.97   11.57  846.85  270.96
   931    2.21   32.95   28.14    0.72   87.88 1058.50 1059.59   10.73  834.58  234.29
   932    2.27   33.24   28.30    0.55   88.23 1075.79 1076.21    9.48  845.86  309.13
   933    2.27   33.04   28.10    0.70   87.83 1066.67 1067.69    8.65  836.45  241.30
   934    2.20   32.91   28.22    0.95   87.05 1055.75 1058.03    8.50  841.37  177.98
   935    2.10   33.07   28.16    0.74   87.56 1067.77 1068.97    9.87  837.09  228.67
   936    2.07   33.37   28.08    1.05   86.68 1079.29 1082.18   10.01  831.22  164.82
   937    2.06   33.61   28.27    0.95   87.10 1089.76 1092.05    9.47  841.27  183.04
   938    2.12   33.63   28.30    0.83   87.73 1094.40 1096.02   10.82  842.66  209.95
   939    1.99   33.86   28.12    0.87   87.66 1108.99 1110.79   10.71  832.38  204.03
   940    2.07   33.85   28.51    0.64   88.35 1105.05 1105.76    9.90  856.64  277.13
   941    2.07   33.69   28.27    0.90   87.67 1102.01 1103.99    9.44  841.41  195.23
   942    1.99   33.76   28.38    0.86   87.68 1097.10 1098.85   12.33  849.12  204.29
   943    2.04   33.91   28.42    0.78   87.94 1108.76 1110.13   12.24  853.63  225.38
   944    2.04   34.14   28.29    1.27   86.30 1127.96 1132.44   11.78  846.24  142.16
   945    2.17   33.77   28.10    1.01   87.21 1099.21 1101.82   12.31  835.02  174.53
   946    2.07   34.18   28.27    0.96   87.35 1126.20 1128.53   12.91  842.38  187.07
   947    2.07   34.24   28.45    0.92   87.30 1131.33 1133.41   14.01  854.28  196.06
   948    2.14   33.84   28.43    1.07   87.07 1114.52 1117.55   13.91  853.61  166.20
   949    2.09   33.70   28.45    0.95   87.23 1104.98 1107.25   13.35  855.28  185.53
   950    2.05   34.06   28.20    0.96   87.48 1121.80 1124.14   12.96  840.69  186.09
   951    2.11   34.13   28.40    1.17   86.77 1128.02 1131.74   12.35  853.26  154.05
   952    2.08   33.94   28.34    0.96   87.48 1116.23 1118.57   14.01  849.17  185.01
   953    2.30   34.03   28.58    0.66   88.17 1126.25 1127.07   13.11  864.53  270.16
   954    2.10   34.03   28.35    0.71   88.24 1124.20 1125.21   12.03  850.87  252.40
   955    2.06   34.14   28.51    0.34   89.27 1131.67 1131.45   12.17  862.56  532.75
   956    2.14   33.64   28.44    0.57   88.56 1101.60 1102.07   11.46  854.61  306.82
   957    2.04   33.91   28.50    0.52   88.92 1117.42 1117.72   11.56  859.69  339.99
   958    2.01   34.09   28.30    0.88   87.83 1126.70 1128.56   12.40  845.88  204.43
   959    1.91   34.22   28.34    0.96   87.58 1136.63 1138.92   12.98  850.75  189.54
   960    2.10   34.40   28.45    0.87   87.68 1145.55 1147.33   10.23  859.42  210.38
   961    2.09   34.65   28.29    0.99   87.55 1168.19 1170.66   10.74  849.76  189.01
   962    2.09   34.09   28.43    0.74   88.04 1129.93 1131.10   10.75  857.70  242.01
   963    1.89   34.07   28.27    1.09   87.29 1136.46 1139.62   11.43  848.74  166.16
   964    2.06   33.50   28.34    1.23   86.86 1102.42 1106.57   10.98  853.65  143.81
   965    2.16   33.78   28.29    1.39   86.56 1112.77 1118.26   11.76  852.09  128.19
   966    2.06   33.25   27.97    1.13   87.08 1084.27 1087.72   11.33  833.40  153.44
   967    2.04   33.25   27.99    1.20   87.08 1085.99 1089.95   12.41  841.19  144.93
   968    2.25   33.18   28.07    0.73   88.03 1085.58 1086.71   10.19  846.47  236.42
   969    2.05   33.12   27.90    0.80   87.91 1086.84 1088.30   13.57  836.08  216.56
   970    2.08   33.03   27.89    0.65   88.57 1076.10 1076.89   14.46  832.14  262.92
   971    2.10   33.34   27.85    0.35   89.09 1098.41 1098.24   11.90  828.76  503.67
   972    2.15   33.32   27.73    0.67   88.32 1091.46 1092.32   10.97  822.95  259.69
   973    2.03   33.15   27.91    0.69   88.19 1087.09 1088.05   11.70  835.55  249.64
   974    2.07   33.16   27.71    1.07   87.20 1084.70 1087.76    9.36  824.44  161.52
   975    2.02   32.98   27.84    1.16   87.02 1072.44 1076.14   10.72  832.17  147.49
   976    2.05   32.60   27.78    1.08   87.03 1061.07 1064.19   11.42  827.52  157.05
   977    2.02   32.53   27.85    1.30   86.66 1052.90 1057.70   12.21  834.55  129.24
   978    2.02   32.44   28.12    0.87   88.25 1047.38 1049.22   11.47  851.60  192.07
   979    2.11   32.69   27.94    0.87   87.96 1058.88 1060.73   12.25  838.02  193.49
   980    2.11   33.05   28.03    0.98   87.35 1083.66 1086.14   12.75  842.87  176.00
   981    2.14   32.61   28.11    0.99   87.70 1055.70 1058.25    9.50  848.72  170.04
   982    2.21   32.63   28.15    0.97   87.76 1055.36 1057.79   10.64  848.57  173.40
   983    2.10   32.70   28.30    1.07   87.35 1065.14 1068.18   12.81  861.19  159.24
   984    2.07   32.50   28.35    0.75   88.17 1050.02 1051.28   11.85  862.07  221.81
   985    2.04   32.96   28.33    1.14   86.96 1076.61 1080.12   10.88  860.26  151.47
   986    2.24   33.09   28.50    1.16   87.09 1080.83 1084.51   10.95  865.99  148.81
   987    2.03   32.92   28.43    1.22   87.20 1079.64 1083.80   11.36  861.87  141.02
   988    1.90   32.99   28.21    0.96   87.99 1075.25 1077.60   12.27  850.78  178.79
   989    2.12   32.98   28.33    0.92   87.98 1070.25 1072.37   11.33  856.68  185.69
   990    2.05   33.04   28.15    1.11   87.18 1082.36 1085.70   11.32  849.72  155.25
   991    2.09   32.99   28.35    1.20   87.12 1077.27 1081.21   12.88  859.69  144.06
   992    1.98   32.59   28.11    1.32   86.95 1052.83 1057.74   10.36  846.82  127.96
   993    2.02   32.62   28.16    1.45   86.69 1054.72 1060.74   12.77  846.61  116.86
   994    1.98   32.65   27.85    1.01   88.10 1059.71 1062.41   11.19  830.18  166.76
   995    1.96   32.88   27.91    1.39   86.47 1061.00 1066.50   11.89  830.34  122.54
   996    2.05   32.74   28.04    1.47   86.07 1059.62 1065.90   11.15  840.96  115.15
   997    2.06   32.13   27.77    1.02   87.52 1016.71 1019.44   11.61  826.48  159.51
   998    2.11   32.14   27.58    1.12   87.28 1015.93 1019.35   10.94  812.91  145.00
   999    2.14   32.02   27.80    1.13   86.88 1019.02 1022.54   10.88  827.31  143.54
  1000    2.05   32.30   27.78    0.80   88.14 1030.07 1031.57   11.69  825.21  204.86
  1001    2.07   32.58   28.13    0.64   88.69 1048.90 1049.65   10.15  844.41  261.67
  1002    2.19   32.61   28.11    0.80   88.29 1053.87 1055.35   10.85  844.63  209.92
  1003    2.14   32.42   27.94    1.08   87.46 1040.86 1043.98   12.24  833.26  154.24
  1004    2.07   32.32   27.96    1.06   87.32 1043.42 1046.46   12.32  833.44  156.50
  1005    2.07   31.60   28.00    0.95   87.45  998.67 1000.99   13.65  836.03  167.92
  1006    2.03   31.67   28.03    0.86   87.77 1000.81 1002.62   12.99  837.27  185.75
  1007    2.09   31.73   28.05    0.88   87.89 1001.68 1003.60   12.45  840.08  181.65
  1008    2.11   31.83   27.99    0.99   87.65 1010.29 1012.82   11.46  834.50  163.63
  1009    1.99   32.19   28.05    1.03   87.52 1030.52 1033.35   11.53  838.66  159.38
  1010    2.12   32.09   28.14    1.02   87.61 1025.76 1028.50   12.37  845.81  160.58
  1011    2.00   31.68   27.96    1.13   87.18  999.46 1002.98   10.80  836.41  140.93
  1012    1.93   31.55   28.10    1.19   86.84  992.12  996.04   10.73  842.15  133.75
  1013    2.00   31.32   28.08    1.18   86.88  981.30  985.19   11.42  842.15  132.73
  1014    1.94   31.27   27.97    1.23   87.16  974.27  978.49   10.64  835.05  127.15
  1015    1.97   31.38   27.96    1.16   87.38  972.26  976.01   11.61  830.37  133.76
  1016    2.02   31.30   28.07    1.28   86.86  969.01  973.68   10.76  840.10  120.94
  1017    2.07   31.47   27.80    1.39   86.55  983.04  988.62   12.57  821.79  113.19
  1018    2.04   31.81   28.03    0.98   87.63  996.27  998.75   13.74  840.06  163.06
  1019    2.01   31.82   27.67    0.95   87.41  993.52  995.82   12.35  820.67  167.71
  1020    2.01   31.38   27.64    0.89   87.75  966.78  968.79   11.74  815.91  172.71
  1021    1.99   32.15   27.69    0.97   87.90 1010.94 1013.35   12.37  817.16  167.15
  1022    2.06   32.17   27.76    0.83   88.04 1013.35 1014.98   10.89  825.08  195.85
  1023    2.04   32.03   27.77    1.02   87.35 1014.03 1016.77   12.17  829.77  159.05
  1024    2.00   31.97   27.70    1.05   87.50 1008.11 1011.07   12.57  824.89  152.93
  1025    2.01   32.22   27.83    0.97   87.75 1019.68 1022.14   11.10  832.28  167.09
  1026    1.99   32.10   27.87    1.00   87.40 1026.25 1028.91   12.83  840.07  163.03
  1027    2.07   32.27   27.90    0.88   87.77 1035.82 1037.74   12.63  845.55  187.11
  1028    2.13   32.50   27.88    0.85   88.07 1047.13 1048.84   11.84  840.54  197.62
  1029    2.06   32.70   28.02    1.00   87.28 1060.55 1063.18   12.91  848.71  168.62
  1030    2.13   32.52   27.90    1.11   86.92 1048.54 1051.91   12.71  840.10  150.30
  1031    2.05   32.73   27.86    1.20   86.58 1058.98 1063.00   12.89  838.96  140.57
  1032    1.98   32.24   28.05    0.90   87.39 1030.73 1032.76   12.42  847.11  182.68
  1033    2.11   32.22   28.02    0.91   87.28 1029.63 1031.73   12.48  847.91  179.63
  1034    2.03   32.21   28.01    1.19   86.53 1025.92 1029.86   12.10  842.55  137.63
  1035    2.14   32.41   27.77    1.03   86.95 1039.56 1042.37   12.43  826.79  161.13
  1036    2.05   32.44   27.95    0.70   88.12 1042.55 1043.55   13.93  837.63  238.14
  1037    2.14   32.47   28.00    1.19   86.26 1039.61 1043.55   12.62  840.70  139.34
  1038    2.10   32.69   28.23    1.14   86.68 1053.12 1056.66   14.51  853.13  147.82
  1039    1.98   32.77   28.10    1.04   86.78 1051.66 1054.53   13.40  844.16  161.22
  1040    2.06   33.15   27.98    0.77   88.19 1075.55 1076.88   12.43  837.53  221.90
  1041    2.04   33.61   28.10    0.82   87.87 1098.56 1100.09   13.43  842.65  214.58
  1042    2.01   33.31   28.00    0.90   87.53 1079.33 1081.32   11.47  835.08  191.73
  1043    1.96   33.62   28.37    0.51   88.73 1107.94 1108.20   13.93  854.98  346.21
  1044    1.98   33.87   28.44    1.02   86.96 1117.45 1120.14   13.75  861.76  175.10
  1045    2.04   34.01   28.36    0.65   88.04 1116.87 1117.61   13.76  855.38  275.19
  1046    2.02   33.81   28.46    0.77   88.06 1111.20 1112.50   11.51  862.55  230.02
  1047    2.20   33.65   28.42    1.11   86.98 1107.34 1110.64   12.73  862.80  159.57
  1048    2.16   33.63   28.24    1.08   86.74 1101.19 1104.26   14.15  850.76  163.51
  1049    2.16   33.33   28.22    1.03   86.80 1084.88 1087.66   14.18  847.86  168.20
  1050    2.13   33.10   28.54    1.12   86.76 1077.30 1080.70   12.53  867.22  153.51
  1051    2.09   32.95   28.52    0.89   87.22 1065.09 1067.05   13.04  867.83  190.31
  1052    2.07   33.05   28.28    1.08   86.84 1071.73 1074.82   12.17  852.12  159.14
  1053    2.09   32.99   28.03    1.12   86.91 1069.68 1073.06   14.06  838.33  152.93
  1054    2.13   33.19   28.39    0.87   87.84 1077.95 1079.80   15.45  855.42  196.81
  1055    2.12   33.32   28.55    0.88   87.98 1089.11 1091.00   14.77  865.92  197.00
  1056    2.14   33.09   28.41    1.24   87.00 1071.44 1075.74   13.81  864.30  137.94
  1057    2.11   33.26   28.29    1.19   86.88 1078.51 1082.41   13.20  850.56  144.79
  1058    1.99   32.65   28.10    0.94   87.47 1045.05 1047.33   12.88  840.12  176.52
  1059    1.98   32.84   28.22    1.13   87.11 1051.98 1055.43   11.79  844.89  149.30
  1060    2.04   32.79   28.51    0.79   87.85 1044.82 1046.27   12.84  861.90  209.75
  1061    1.92   32.56   28.00    0.82   87.65 1034.56 1036.16   12.50  832.41  200.58
  1062    2.13   32.71   28.09    0.57   88.36 1036.39 1036.87   11.14  835.94  291.88
  1063    2.12   32.23   27.97    0.68   87.82 1018.88 1019.81   13.59  828.52  239.06
  1064    2.10   32.39   27.71    0.99   86.98 1024.29 1026.85   12.29  812.91  165.22
  1065    2.00   31.94   27.74    0.96   87.09  999.15 1001.54   12.73  815.48  165.95
  1066    2.01   32.08   27.97    0.57   88.27 1014.90 1015.41   13.15  829.05  283.11
  1067    2.09   31.66   28.12    0.94   86.90  988.32  990.57   12.56  837.12  168.60
  1068    2.18   31.90   28.00    1.21   86.03  997.51 1001.63   11.14  827.64  131.49
  1069    2.10   31.75   28.03    0.95   86.87  985.65  988.01   11.79  829.19  164.89
  1070    2.11   31.57   28.18    0.98   86.76  976.52  979.06   12.43  840.06  158.53
  1071    2.08   31.76   28.34    1.05   86.50  993.25  996.19   13.24  848.02  151.43
  1072    2.06   31.81   28.33    1.17   86.30  999.34 1003.15   12.16  848.90  136.34
  1073    2.04   31.72   28.27    1.08   86.49  983.06  986.20   11.44  846.40  145.80
  1074    2.09   31.59   28.21    0.98   86.82  976.34  978.89   14.82  843.11  158.32
  1075    2.02   31.63   28.08    1.26   85.87  982.65  987.18   12.46  834.60  124.30
  1076    2.11   31.83   28.18    1.26   86.02  999.18 1003.70   11.53  843.22  126.37
  1077    2.08   31.62   28.09    1.01   86.95  983.56  986.28   13.56  834.09  155.32
  1078    2.08   31.76   28.20    1.26   86.18  990.45  994.96   13.99  840.06  125.29
  1079    2.07   31.89   28.30    1.39   86.01 1004.92 1010.44   15.00  846.17  116.16
  1080    1.99   31.78   28.25    1.13   86.76  990.22  993.70   16.11  842.82  140.52
  1081    1.98   31.82   28.47    0.95   87.05  994.88  997.20   13.41  855.15  167.40
  1082    1.96   31.61   28.47    0.72   87.85  984.70  985.83   13.85  856.42  218.02
  1083    1.94   31.64   28.59    0.82   87.41  985.41  987.00   15.23  862.46  192.82
  1084    2.11   31.38   28.27    1.10   86.32  969.27  972.56   13.03  844.90  141.13
  1085    2.15   31.43   28.08    0.88   87.28  974.20  976.15   13.57  831.96  176.46
  1086    2.05   31.73   28.05    1.07   86.66  978.97  982.06   11.81  828.83  146.40
  1087    2.07   31.74   28.14    1.13   86.24  984.74  988.27   12.66  833.58  138.94
  1088    2.07   31.47   28.07    1.14   86.20  968.77  972.39   11.76  827.96  135.39
  1089    2.10   31.77   28.12    1.03   86.51  983.11  985.96   10.80  830.88  152.04
  1090    1.98   31.90   27.86    1.42   85.21  996.69 1002.55   11.66  814.79  112.10
  1091    2.09   32.01   27.91    1.08   86.39 1000.31 1003.49    9.93  817.87  147.41
  1092    2.05   31.68   28.05    1.08   86.50  987.48  990.65   11.33  825.73  145.82
  1093    2.05   31.73   28.09    1.20   86.12  989.90  993.92   10.03  828.46  131.85
  1094    2.07   31.61   28.01    1.26   85.76  981.58  986.04   12.21  823.06  124.90
  1095    2.17   31.38   28.03    0.99   86.55  970.88  973.48   12.19  825.35  156.21
  1096    2.12   30.93   28.32    1.07   86.52  949.04  952.14   13.07  841.08  142.02
  1097    2.10   31.35   28.31    1.11   86.31  963.81  967.19   11.78  840.62  138.70
  1098    2.21   31.29   28.41    1.03   86.65  969.70  972.57   11.25  845.97  149.79
  1099    1.99   31.44   28.17    1.13   86.25  976.63  980.17   12.88  832.28  137.80
  1100    2.06   31.67   28.45    0.96   86.72  986.12  988.48   12.21  848.93  164.78
  1101    1.99   31.77   28.14    1.11   86.41  995.21  998.57   12.09  830.24  143.41
  1102    1.95   31.47   28.07    1.36   85.58  975.06  980.36   12.25  826.07  114.92
  1103    1.90   31.72   28.22    0.88   87.12  990.13  992.07   12.98  835.54  178.98
  1104    2.01   31.79   28.23    0.81   87.29  995.26  996.81   13.96  835.22  196.33
  1105    1.99   31.98   28.28    0.62   88.19 1009.76 1010.47   11.16  838.53  258.13
  1106    1.99   31.71   28.07    1.04   86.72  990.17  993.08   14.99  825.77  151.77
  1107    2.04   32.10   28.19    0.94   87.02 1014.56 1016.83   12.95  832.70  171.76
  1108    2.07   31.56   27.70    1.23   86.09  985.44  989.72   12.11  804.37  127.66
  1109    2.12   31.75   28.02    0.86   87.20 1002.15 1003.95   11.95  822.86  186.25
  1110    1.99   31.53   28.18    0.74   87.36  989.79  991.02   13.32  832.03  212.53
  1111    2.02   31.59   28.11    0.95   86.73  993.29  995.63   11.86  828.48  166.55
  1112    1.98   31.44   28.27    1.00   86.55  988.20  990.84   10.72  837.68  157.59
  1113    2.00   31.36   28.08    1.07   86.23  975.35  978.44   13.20  826.60  145.85
  1114    2.02   31.49   28.25    0.83   87.03  985.79  987.46   12.22  836.23  189.19
  1115    2.02   32.04   28.43    0.81   87.13 1015.87 1017.40   11.81  847.24  200.73
  1116    1.99   32.08   28.40    0.90   86.76 1021.43 1023.47   11.73  845.11  180.59
  1117    2.09   31.86   28.32    0.96   86.45 1013.76 1016.14   14.75  840.06  168.59
  1118    2.16   31.71   28.44    0.97   86.62 1010.66 1013.10   11.67  847.71  166.30
  1119    2.15   31.74   28.25    1.13   86.13 1012.49 1015.99   11.17  836.16  143.18
  1120    2.10   32.05   28.61    0.98   86.46 1030.25 1032.74   13.97  857.79  167.87
  1121    2.12   32.33   28.66    0.90   86.60 1049.76 1051.78   13.41  860.71  185.61
  1122    1.97   31.80   28.49    1.13   85.95 1013.96 1017.47   13.68  850.55  143.09
  1123    1.93   32.28   28.35    1.01   86.60 1044.51 1047.18   13.89  842.45  165.17
  1124    2.00   31.73   28.07    1.06   86.49 1007.04 1010.07   11.08  826.03  151.45
  1125    2.07   31.70   28.40    0.83   87.34 1002.51 1004.18   12.73  846.22  192.21
  1126    2.08   31.40   28.32    0.80   87.27  986.46  987.95   10.51  840.55  197.61
  1127    2.08   31.49   28.53    0.75   87.35  990.86  992.14   11.69  853.15  209.88
  1128    1.85   31.53   28.35    0.98   86.54  988.38  990.87   13.42  842.67  161.75
  1129    1.91   31.21   28.13    0.89   86.84  973.84  975.86   12.32  829.00  173.73
  1130    1.78   31.15   28.42    0.70   87.66  968.10  969.14   13.28  846.66  220.92
  1131    2.03   31.32   28.30    0.85   87.05  976.12  977.90   10.79  838.91  183.07
  1132    2.03   31.45   28.47    0.81   87.26  984.41  985.99   13.30  849.65  193.11
  1133    2.06   31.63   28.70    0.70   87.59  997.96  998.99   13.49  864.18  227.65
  1134    2.04   31.73   28.41    0.76   87.44 1001.61 1002.91   14.15  846.72  210.75
  1135    2.10   31.40   28.35    1.01   86.47  988.47  991.16   13.87  842.69  156.71
  1136    1.98   31.64   28.71    1.14   86.24 1000.55 1004.09   14.10  864.43  140.85
  1137    1.98   31.52   28.53    1.07   86.50  992.83  995.89   13.76  853.48  148.77
  1138    2.02   31.35   28.44    0.84   87.27  984.97  986.71   11.94  848.02  186.08
  1139    2.04   31.32   28.55    0.60   87.99  982.11  982.73   13.31  855.42  261.33
