#time, _distVP, _dist67, _distF,  _domz1, _flattenA, _projA, _domeA, _hrot, _projA_RF, _rad
     0    0.63   19.33   15.60    8.59   52.45  382.86  614.26   25.71  254.69   11.39
     1    0.66   21.65   16.80    7.08   60.04  461.43  618.67   22.53  295.64   13.91
     2    0.71   22.27   17.29    6.60   62.14  477.59  613.97   21.16  313.60   14.82
     3    0.73   23.14   18.08    5.76   65.92  509.39  613.37   22.85  342.86   16.95
     4    0.82   23.51   18.29    5.39   67.62  523.59  614.41   20.26  350.63   18.17
     5    0.78   23.88   18.37    5.18   68.58  537.74  621.73   19.36  353.37   19.11
     6    0.76   24.43   18.59    4.81   70.38  559.61  632.07   18.23  362.14   20.91
     7    0.77   24.86   19.12    4.58   71.50  577.55  643.18   16.84  382.98   22.35
     8    0.83   25.07   19.15    4.16   73.31  592.04  646.01   17.56  384.17   24.74
     9    0.83   25.04   19.29    4.08   73.64  593.89  645.93   20.43  389.63   25.19
    10    0.76   24.86   19.79    4.05   73.65  588.30  639.48   18.93  410.34   25.15
    11    0.82   24.65   19.79    4.10   73.36  578.49  631.00   17.01  410.35   24.50
    12    0.80   24.49   20.02    3.76   74.69  581.24  625.41   18.16  419.77   26.46
    13    0.74   24.60   19.98    3.68   74.88  580.59  622.93   17.01  418.14   26.92
    14    0.74   24.68   19.91    3.81   74.40  578.34  623.65   16.62  415.14   26.06
    15    0.77   24.91   20.28    3.58   75.50  591.66  631.63   18.20  430.93   28.09
    16    0.70   24.70   20.17    3.73   74.78  582.24  625.57   17.27  426.34   26.72
    17    0.69   24.75   20.33    3.44   75.99  586.21  623.02   14.27  432.87   28.86
    18    0.74   25.21   20.67    3.29   76.81  606.64  640.41   15.49  447.37   30.96
    19    0.78   24.85   20.67    3.23   76.81  591.90  624.45   14.93  447.61   30.74
    20    0.67   25.18   20.45    3.23   76.99  600.69  633.05   15.83  438.30   31.25
    21    0.75   24.75   20.93    3.32   76.48  591.83  626.12   16.03  458.84   30.04
    22    0.70   24.73   20.70    3.57   75.56  594.32  633.98   15.21  449.28   28.30
    23    0.76   24.76   21.28    3.44   76.13  595.82  632.65   15.55  474.66   29.30
    24    0.79   25.07   21.26    3.26   76.99  614.77  647.78   13.64  475.27   31.66
    25    0.79   24.79   21.37    3.47   75.97  602.07  639.48   15.23  481.18   29.38
    26    0.84   25.11   21.34    3.36   76.46  613.77  648.83   11.45  479.60   30.78
    27    0.83   25.53   21.38    3.37   76.39  623.51  658.95   12.89  483.01   31.09
    28    0.85   25.65   21.44    3.08   77.63  628.76  658.31   13.73  484.98   33.99
    29    0.73   25.48   21.34    3.33   76.67  619.24  653.67   15.57  480.26   31.29
    30    0.74   25.36   21.11    3.36   76.49  617.43  652.65   11.52  469.89   30.90
    31    0.86   25.31   21.30    3.04   77.82  626.56  655.31   10.86  477.68   34.30
    32    0.72   25.36   21.40    2.89   78.42  626.67  652.63   14.10  481.85   35.92
    33    0.71   25.47   21.40    3.11   77.66  628.06  658.12   15.03  480.01   33.69
    34    0.68   24.83   21.52    3.03   77.72  606.19  634.76   12.03  487.07   33.33
    35    0.71   24.95   21.67    2.95   78.05  609.72  636.67   13.08  493.89   34.41
    36    0.70   24.83   21.70    2.51   79.66  606.43  625.92   12.93  495.76   39.69
    37    0.72   24.98   21.67    2.50   79.73  609.26  628.58   13.79  493.57   40.03
    38    0.71   25.29   21.96    2.52   79.75  626.28  645.93   11.72  506.56   40.79
    39    0.70   25.15   21.77    2.58   79.39  616.44  636.99   10.21  497.95   39.35
    40    0.71   24.80   21.89    2.92   77.95  594.91  621.31   11.87  503.46   33.93
    41    0.74   25.15   22.40    2.67   79.19  623.37  645.42   10.79  527.74   38.50
    42    0.74   25.26   21.96    2.41   80.24  617.03  635.01   11.67  506.69   41.89
    43    0.77   25.43   22.13    2.56   79.62  622.11  642.39    9.86  515.22   39.94
    44    0.67   25.39   22.00    2.43   80.24  628.34  646.63   11.17  510.30   42.30
    45    0.68   25.16   22.23    2.67   79.22  617.19  639.20   13.44  520.61   38.17
    46    0.78   25.05   22.38    2.62   79.38  609.58  630.83   13.72  527.00   38.33
    47    0.72   24.65   22.15    2.66   79.12  599.61  621.57   13.99  515.81   37.17
    48    0.72   25.23   22.63    2.53   79.84  623.59  643.44   11.36  538.97   40.43
    49    0.84   25.19   22.56    2.40   80.36  623.81  641.55    7.57  536.53   42.60
    50    0.80   25.02   22.31    2.49   79.90  616.75  635.83   12.84  525.28   40.74
    51    0.79   24.84   22.54    2.55   79.49  601.23  621.34   13.98  536.46   38.80
    52    0.75   25.23   22.71    2.25   80.68  617.41  632.99   11.55  547.52   44.80
    53    0.78   24.83   22.78    2.32   80.42  598.80  615.36   11.27  547.46   42.28
    54    0.80   24.74   22.80    2.31   80.35  590.63  607.10   11.03  548.45   41.84
    55    0.82   24.47   22.78    2.14   80.89  577.99  592.08   10.78  546.08   44.05
    56    0.79   24.54   22.96    2.10   81.28  584.54  598.11   10.03  554.87   45.33
    57    0.76   24.36   22.99    2.30   80.34  580.76  597.01    9.71  556.91   41.41
    58    0.91   24.37   22.64    2.26   80.37  576.15  591.95    7.72  540.86   41.63
    59    0.90   24.77   23.24    2.06   81.35  598.63  611.63    8.93  567.82   47.31
    60    0.89   24.83   22.94    2.12   81.25  604.01  617.79    8.20  554.69   46.45
    61    0.92   25.09   23.06    2.37   80.27  613.37  630.76    8.91  559.46   42.30
    62    0.93   25.10   22.97    2.52   79.68  621.89  641.46    8.55  555.67   40.59
    63    1.02   24.78   23.21    2.54   79.30  607.80  627.78    8.41  567.78   39.33
    64    0.98   24.87   23.24    2.12   81.02  606.49  620.24   10.46  571.18   46.68
    65    0.94   24.88   23.43    1.93   81.86  606.17  617.61   10.23  576.74   50.86
    66    0.96   24.73   23.45    2.09   81.04  594.65  608.10    7.78  577.78   46.28
    67    0.91   24.38   23.56    2.14   80.94  586.26  600.35    8.57  583.04   44.65
    68    1.00   24.94   23.60    2.03   81.43  618.02  630.61    8.82  586.35   49.54
    69    1.02   24.64   23.55    2.17   80.69  602.73  617.26    8.59  585.23   45.22
    70    0.94   24.53   23.20    2.35   79.87  595.73  612.78    7.56  567.12   41.51
    71    0.89   24.47   23.11    2.19   80.50  602.74  617.56    7.02  563.91   44.81
    72    1.02   24.60   22.99    2.02   81.14  608.87  621.33    7.38  557.43   49.06
    73    0.89   24.38   23.01    2.12   80.80  604.75  618.62    8.07  559.21   46.37
    74    0.95   24.11   23.30    2.01   81.26  590.94  603.34    9.23  572.51   47.76
    75    1.00   24.46   23.16    2.11   80.90  601.30  614.91    9.47  564.56   46.52
    76    0.98   24.60   23.23    1.74   82.47  605.87  615.11    8.26  567.69   56.18
    77    0.95   24.62   23.28    1.97   81.42  606.13  618.01    8.25  570.82   49.95
    78    0.90   24.77   23.12    2.07   80.90  611.04  624.18    7.39  564.24   48.03
    79    0.95   24.91   23.46    1.65   82.52  607.06  615.28   10.15  579.41   59.48
    80    0.88   24.58   23.02    1.78   82.31  598.76  608.40    8.92  559.59   54.43
    81    0.94   24.62   23.28    1.86   81.81  603.85  614.45    8.10  572.41   52.50
    82    0.93   24.85   23.39    1.88   82.01  616.63  627.44    8.32  579.17   53.08
    83    0.93   25.23   23.77    1.81   82.19  628.47  638.48    7.84  596.51   56.07
    84    0.93   25.07   23.66    1.88   81.81  628.44  639.22    8.62  590.03   54.14
    85    0.88   24.87   23.34    1.73   82.23  608.57  617.61    8.36  576.74   56.97
    86    1.01   24.71   23.67    1.82   82.10  597.67  607.73    6.91  590.13   53.28
    87    0.96   24.74   23.57    1.58   82.80  604.21  611.77    8.78  587.30   61.55
    88    0.92   24.32   23.41    1.95   81.27  588.65  600.27    9.28  578.13   49.06
    89    0.94   24.67   23.39    1.83   81.73  596.73  606.96   10.78  577.26   52.76
    90    0.93   25.16   23.07    1.91   81.73  620.54  631.70    6.63  562.38   52.63
    91    0.96   25.01   23.22    1.94   81.61  617.72  629.21    4.74  568.72   51.68
    92    0.94   25.25   23.45    1.66   82.67  628.74  637.10    5.60  581.05   61.02
    93    0.96   25.02   23.48    1.81   82.03  618.87  628.85    8.30  583.21   55.32
    94    0.94   25.22   23.49    1.68   82.40  626.30  634.83    7.63  583.22   60.21
    95    1.01   25.29   23.57    1.96   81.41  630.05  641.80    7.46  587.34   52.12
    96    0.95   25.27   23.53    1.62   82.82  624.59  632.56    8.19  584.73   62.01
    97    0.94   25.23   23.81    1.76   82.31  629.44  638.88    8.75  598.13   57.69
    98    0.93   25.85   23.63    1.80   82.19  653.47  663.27    6.00  590.57   58.80
    99    0.94   26.02   23.64    2.07   81.41  667.60  680.69    7.62  590.76   52.42
   100    0.90   25.50   23.60    2.21   80.55  642.32  657.32    6.76  589.50   47.38
   101    0.94   25.44   23.60    1.99   81.54  640.77  652.88    6.39  589.58   52.25
   102    0.88   25.43   23.81    1.77   82.37  640.92  650.38    6.42  600.25   58.66
   103    0.98   25.19   23.96    1.94   81.63  633.48  644.92    7.47  606.86   53.06
   104    0.88   25.09   23.84    2.07   81.03  627.68  640.76    7.55  599.49   49.39
   105    0.90   25.28   24.00    1.78   82.33  625.19  634.79    7.97  607.60   56.88
   106    0.93   25.14   24.09    1.97   81.56  628.98  640.81    8.07  612.09   51.87
   107    0.94   25.25   24.10    2.22   80.56  640.15  655.29    8.30  612.85   47.01
   108    0.98   25.11   23.81    2.13   80.87  637.09  651.04    6.82  597.15   48.61
   109    0.88   24.94   23.93    1.97   81.49  623.84  635.75    6.68  602.65   51.31
   110    0.90   24.99   24.12    1.74   82.32  630.77  639.99    9.28  613.32   58.47
   111    0.99   25.78   24.21    1.95   81.72  661.86  673.49    9.08  616.89   54.95
   112    1.00   25.84   24.34    1.89   82.08  669.88  680.73    8.12  622.91   57.43
   113    0.95   25.64   24.63    1.69   82.96  664.74  673.42    6.97  636.52   63.27
   114    0.98   25.92   24.32    2.05   81.63  674.71  687.61    6.90  622.51   53.31
   115    1.03   26.02   24.26    2.05   81.66  678.06  690.87    6.18  617.86   53.76
   116    0.96   25.72   24.22    1.86   82.31  667.04  677.58    5.97  615.52   57.97
   117    0.98   25.88   24.54    1.84   82.61  673.64  683.91    4.53  632.72   59.23
   118    0.99   25.80   24.22    1.87   82.44  664.46  675.11    6.99  616.45   57.47
   119    0.95   25.79   24.16    2.09   81.46  664.85  678.22    3.18  612.61   51.69
   120    1.03   25.88   24.54    1.83   82.25  671.78  681.95    3.40  631.71   59.36
   121    1.06   26.01   24.24    1.74   82.50  673.72  682.93    4.01  616.99   62.35
   122    1.02   25.50   24.47    1.87   81.98  645.68  656.31    5.60  629.55   55.94
   123    1.00   25.13   24.57    1.94   81.67  639.14  650.57    4.46  633.86   53.54
   124    0.98   25.49   24.35    1.99   81.87  650.47  662.57    6.07  622.42   53.03
   125    0.97   25.47   24.54    1.79   82.57  649.46  659.20    4.58  632.35   58.63
   126    0.98   25.32   24.31    2.04   81.55  642.33  655.13    5.21  621.21   51.02
   127    1.05   25.00   24.55    1.96   81.77  622.02  633.78    5.72  632.08   51.46
   128    1.02   25.20   24.59    1.71   82.67  627.70  636.57    4.70  634.20   59.23
   129    1.07   25.24   24.58    1.60   83.14  623.24  630.98    6.43  635.52   62.72
   130    0.93   24.89   24.78    1.79   82.29  616.01  625.75    6.06  647.30   55.67
   131    0.95   24.97   24.67    1.80   82.10  614.42  624.32    4.32  640.85   55.13
   132    1.01   24.89   24.76    2.01   81.35  610.68  623.04    4.57  644.00   49.39
   133    1.03   24.52   24.44    1.94   81.30  590.26  601.73    4.60  627.73   49.49
   134    1.01   25.06   24.59    1.98   81.63  617.57  629.53    5.07  637.45   50.70
   135    1.02   25.14   24.54    1.63   82.87  619.41  627.45    4.11  633.10   61.25
   136    1.02   24.90   24.46    1.79   82.24  613.51  623.31    4.88  628.60   55.31
   137    1.08   25.02   24.57    1.80   82.18  617.81  627.65    6.21  635.07   55.58
   138    1.05   24.78   24.56    1.84   82.36  614.24  624.54    4.72  633.35   54.08
   139    0.98   24.92   24.60    1.57   83.19  611.00  618.43    4.01  636.34   62.74
   140    1.00   24.72   24.30    1.77   82.48  598.73  608.27    4.05  621.14   54.69
   141    0.98   25.24   24.43    2.01   81.70  620.19  632.53    3.75  628.66   50.17
   142    1.06   24.90   24.19    1.76   82.52  600.73  610.10    3.90  619.54   55.34
   143    1.03   24.93   23.98    1.74   82.33  607.94  617.09    3.29  607.08   56.62
   144    1.04   25.22   24.16    1.93   81.62  623.35  634.76    4.72  617.82   52.31
   145    0.95   25.21   24.51    1.58   82.99  626.73  634.26    4.94  636.16   63.90
   146    0.99   24.72   24.26    1.77   82.04  602.68  612.20    5.27  622.89   55.10
   147    1.02   24.92   24.33    1.84   81.90  613.05  623.36    3.92  626.95   53.96
   148    0.98   25.20   24.46    1.72   82.27  626.26  635.26    5.64  634.39   58.74
   149    0.98   25.02   24.18    1.61   82.65  619.50  627.34    4.98  619.94   61.99
   150    0.94   25.07   24.23    1.86   81.85  621.17  631.73    5.80  622.69   54.06
   151    0.99   25.07   24.30    1.79   82.00  625.31  635.06    6.05  626.43   56.48
   152    1.03   24.93   24.35    1.80   81.74  618.74  628.65    7.07  630.68   55.47
   153    0.99   25.17   24.04    1.88   81.63  626.38  637.19    6.33  612.90   53.90
   154    1.07   25.31   24.12    1.77   82.11  631.85  641.37    6.19  616.68   57.69
   155    1.02   25.42   24.22    1.72   82.35  632.43  641.38    5.56  622.76   59.44
   156    1.03   24.91   24.67    1.44   83.33  609.09  615.25    7.00  645.49   68.26
   157    1.13   25.07   24.37    1.53   83.32  620.82  627.89    7.22  628.74   65.17
   158    1.10   24.62   24.45    1.82   82.09  613.05  623.12    5.36  634.69   54.55
   159    1.09   24.69   24.63    1.59   83.11  615.00  622.59    8.07  643.16   62.48
   160    1.02   24.85   24.54    1.38   83.77  615.09  620.73    5.71  641.04   71.77
   161    1.15   24.88   24.47    1.50   83.12  619.45  626.22    5.15  636.08   66.38
   162    1.12   25.22   24.24    1.75   82.12  634.48  643.75    6.45  626.36   58.66
   163    1.08   24.90   24.14    1.66   82.62  622.35  630.64    5.84  619.15   60.65
   164    1.13   24.76   24.42    1.50   83.42  615.47  622.25    5.64  636.20   65.95
   165    1.07   24.47   24.30    1.36   83.78  600.37  605.85    6.74  628.79   71.08
   166    1.00   24.17   24.44    1.44   83.45  594.67  600.92    6.28  635.95   66.24
   167    1.04   24.35   24.36    1.71   82.43  597.41  606.33    7.03  632.27   56.36
   168    1.05   24.17   24.69    1.63   82.60  591.05  599.08    5.69  649.77   58.56
   169    1.03   24.01   24.60    1.78   81.71  584.51  594.12    6.09  645.70   53.25
   170    0.99   24.39   24.40    1.72   82.07  601.40  610.38    6.72  635.78   56.53
   171    0.91   24.17   24.40    1.60   82.49  585.01  592.78    7.12  633.57   58.90
   172    1.02   24.14   24.29    1.77   81.50  590.06  599.59    8.59  624.77   53.96
   173    0.99   24.08   24.55    1.52   82.72  592.97  599.91    6.25  638.45   62.90
   174    1.05   24.32   24.68    1.64   82.00  596.27  604.45    6.82  644.80   58.57
   175    1.03   24.46   24.53    1.52   82.80  603.58  610.50    8.00  637.12   64.10
   176    1.09   24.40   24.79    1.38   83.18  606.10  611.75    7.23  650.27   70.73
   177    1.08   24.10   24.75    1.42   83.13  592.77  598.82    8.60  647.55   67.04
   178    1.18   23.81   24.80    1.49   82.79  589.98  596.68    4.61  649.85   63.66
   179    1.11   23.82   24.73    1.29   83.67  584.03  588.94    6.32  646.75   72.80
   180    1.13   23.83   24.68    1.38   83.21  585.95  591.66    7.35  644.36   68.15
   181    1.10   24.04   24.45    1.72   82.00  594.93  603.94    4.48  633.15   55.83
   182    0.98   24.03   24.78    1.67   82.25  594.09  602.57    6.01  648.96   57.39
   183    1.08   24.02   24.75    1.63   82.77  594.55  602.55    6.55  648.46   59.01
   184    1.07   23.84   24.92    1.53   82.75  588.64  595.67    8.77  656.50   62.07
   185    1.09   23.95   24.70    1.47   83.25  589.73  596.17    8.32  643.97   64.80
   186    1.09   24.30   24.49    1.44   83.13  605.48  611.65    6.00  633.51   67.80
   187    1.02   24.11   24.59    1.76   82.18  604.06  613.53    7.74  639.40   55.36
   188    1.08   24.25   24.61    1.74   82.19  606.07  615.26    9.00  642.20   56.34
   189    1.14   24.12   24.45    1.54   82.83  595.44  602.55    5.02  632.63   62.47
   190    1.11   24.06   24.31    1.69   82.29  590.44  599.07    4.90  625.84   56.58
   191    1.12   24.16   24.48    1.64   82.33  603.87  612.02    4.43  632.85   59.38
   192    1.13   24.52   24.57    1.53   82.59  616.89  623.96    6.52  637.04   64.79
   193    1.13   24.41   24.72    1.57   82.43  614.11  621.59    5.63  644.67   62.85
   194    1.12   24.38   24.80    1.38   83.11  613.97  619.65    6.38  649.33   71.39
   195    1.17   24.26   24.57    1.56   82.49  609.94  617.24    7.36  637.92   63.14
   196    1.13   24.23   24.54    1.63   82.44  604.04  612.06    7.35  634.89   59.84
   197    1.11   24.14   24.24    1.56   82.73  600.51  607.90    7.46  621.48   61.86
   198    1.15   24.41   24.24    1.50   83.23  609.25  616.02    5.83  621.42   65.34
   199    1.12   24.22   24.65    1.32   83.33  608.40  613.55   11.48  643.79   74.12
   200    1.12   24.36   24.63    1.31   83.59  614.56  619.64    8.18  639.89   75.31
   201    1.22   24.10   24.39    1.64   82.54  599.90  608.06    6.96  629.73   58.96
   202    1.19   24.07   24.56    1.54   82.40  599.24  606.35    6.49  639.39   62.83
   203    1.05   24.09   24.90    1.32   83.32  606.04  611.22    6.99  657.81   73.67
   204    1.10   24.03   24.76    1.53   82.43  589.52  596.53    6.34  650.79   62.26
   205    1.17   24.24   24.59    1.39   83.14  608.79  614.53    6.83  643.01   70.54
   206    1.11   24.02   24.60    1.35   83.17  600.82  606.21    9.84  642.61   71.66
   207    1.15   24.28   24.63    1.58   82.63  608.72  616.26   10.21  644.00   62.07
   208    1.15   23.98   24.67    1.57   82.22  591.73  599.21    6.29  646.02   60.64
   209    1.14   24.13   24.55    1.49   82.67  602.33  608.96    6.45  638.89   65.26
   210    1.17   24.48   24.76    1.48   82.92  619.60  626.21    6.12  649.33   67.17
   211    1.07   24.19   25.16    1.16   84.18  612.22  616.11    5.23  668.80   84.80
   212    1.09   24.11   25.12    1.12   84.08  610.58  614.24    7.32  669.45   86.95
   213    1.07   24.15   25.12    1.48   82.88  615.40  622.01    8.62  668.48   66.70
   214    1.03   24.00   24.68    1.63   82.46  612.26  620.29    9.09  645.25   60.62
   215    0.99   24.10   24.94    1.75   81.97  610.24  619.54    8.92  660.94   56.40
   216    0.99   24.21   25.19    1.52   82.66  617.20  624.19   11.12  674.01   65.18
   217    0.99   24.68   25.13    1.37   83.45  639.26  644.85   10.37  670.23   74.86
   218    1.16   24.91   25.07    1.35   83.64  652.96  658.31    5.82  666.12   77.89
   219    1.15   24.53   25.12    1.25   84.28  629.11  633.69    7.91  671.63   80.82
   220    1.13   24.50   25.27    1.42   83.09  627.99  633.97    7.13  681.09   71.30
   221    1.11   24.80   25.10    1.21   83.70  633.21  637.52    9.50  669.23   83.64
   222    1.07   24.45   24.97    1.34   83.37  620.19  625.56    6.57  664.75   74.07
   223    1.08   24.76   25.20    1.29   83.60  635.17  640.08    7.88  677.61   78.96
   224    1.07   24.61   25.08    1.38   83.22  632.11  637.80    7.72  671.07   73.39
   225    1.09   24.86   24.93    1.44   83.06  640.41  646.63    7.63  663.89   71.32
   226    1.15   24.85   24.69    1.40   83.36  641.92  647.74    6.35  651.38   73.74
   227    1.13   24.56   24.88    1.16   84.12  631.45  635.37    6.56  661.61   87.07
   228    1.19   24.46   24.94    0.91   85.23  632.90  635.20    8.67  663.19  110.78
   229    1.15   24.41   24.99    1.61   82.16  636.83  644.69    8.01  667.40   63.62
   230    1.11   24.54   24.72    1.20   84.08  629.37  633.58    7.75  653.34   84.01
   231    1.13   24.27   24.70    1.39   83.22  617.92  623.66    7.17  650.84   71.47
   232    1.06   24.30   24.75    1.62   82.45  626.21  634.16    7.23  655.12   62.26
   233    1.12   24.54   24.91    1.82   81.73  636.16  646.19    6.29  662.71   56.65
   234    1.12   24.75   24.96    1.50   83.19  638.63  645.40    5.81  665.59   68.41
   235    1.14   24.78   24.78    1.72   82.16  639.74  648.70    5.55  654.77   60.05
   236    1.14   24.95   24.95    1.36   83.62  637.87  643.37    6.41  663.60   75.20
   237    1.00   24.63   24.96    1.61   82.76  625.98  633.85    8.38  665.69   62.50
   238    1.09   24.18   24.79    1.37   83.60  610.15  615.70    8.00  656.10   71.76
   239    1.04   24.62   24.89    1.63   82.36  627.97  636.02    6.25  661.12   62.02
   240    0.99   24.68   24.95    1.58   82.51  632.41  639.91    6.81  662.67   64.53
   241    1.11   24.97   24.67    1.53   82.54  649.87  656.86    7.52  648.54   68.49
   242    1.12   24.91   24.92    1.53   82.43  644.11  651.17    5.61  660.13   67.63
   243    1.09   24.92   24.89    1.23   83.70  633.23  637.68    6.32  658.76   82.44
   244    1.16   24.93   25.01    1.44   82.99  642.20  648.41    7.79  665.58   71.57
   245    1.08   24.60   25.16    1.46   83.14  637.28  643.65   11.76  672.02   70.20
   246    1.21   24.49   25.09    1.49   82.98  635.06  641.71   10.24  668.95   68.58
   247    1.13   24.61   24.98    1.33   83.58  638.13  643.36   10.93  662.43   77.03
   248    1.14   24.74   24.98    1.61   82.58  632.73  640.52   10.96  663.74   63.44
   249    1.06   24.34   24.82    1.44   82.90  622.17  628.36   10.18  656.07   69.51
   250    1.00   24.28   24.78    1.54   82.47  612.91  620.03    9.78  652.86   64.17
   251    1.05   24.56   24.78    1.54   82.71  623.09  630.21    9.85  652.09   65.21
   252    1.06   24.56   24.81    1.63   82.10  622.07  630.11    9.12  656.96   61.49
   253    1.09   24.31   24.52    1.53   82.49  614.44  621.52   10.44  640.69   64.52
   254    1.05   23.95   24.83    1.49   82.61  601.81  608.49    7.91  657.37   64.96
   255    1.16   24.45   24.83    1.42   83.07  619.40  625.46   10.35  657.64   69.90
   256    1.03   24.65   25.19    1.30   83.69  626.71  631.68    9.50  675.52   77.52
   257    1.07   24.58   24.88    1.28   83.35  620.13  624.96   10.04  658.51   77.76
   258    1.13   24.98   24.81    1.48   82.88  632.69  639.23   12.10  653.30   68.88
   259    1.18   24.59   25.12    1.42   83.24  617.61  623.65   11.79  666.44   69.83
   260    1.16   24.64   25.03    1.22   83.77  618.18  622.55   12.01  664.77   81.19
   261    1.28   24.77   25.22    1.28   83.73  624.47  629.27   11.81  671.49   78.54
   262    1.20   24.66   25.17    1.39   83.29  617.22  622.97   10.53  670.75   71.40
   263    1.16   24.70   25.03    1.36   83.34  616.69  622.14    7.55  665.05   73.10
   264    1.21   24.78   25.04    1.62   82.52  623.08  630.99    8.88  663.98   62.09
   265    1.36   24.83   24.87    1.66   82.48  626.15  634.48    6.92  655.34   60.87
   266    1.31   24.40   24.80    1.45   83.15  614.39  620.71    8.08  651.55   68.05
   267    1.39   24.16   24.89    1.27   83.60  603.01  607.80    7.65  656.26   76.03
   268    1.39   23.88   25.01    1.24   83.32  589.59  594.12    6.13  664.83   76.28
   269    1.39   23.65   24.90    1.23   83.30  582.61  587.06    6.70  659.03   76.02
   270    1.35   23.59   24.94    1.24   83.12  580.62  585.13    7.08  660.39   75.28
   271    1.41   23.73   24.87    1.17   83.43  582.72  586.73    6.73  656.96   79.76
   272    1.40   23.58   24.78    1.32   82.97  579.58  584.75    6.65  651.37   70.58
   273    1.38   23.39   24.98    1.29   82.85  573.06  578.02    4.78  663.15   71.17
   274    1.33   23.11   24.43    1.80   80.83  574.47  584.39    5.74  636.35   51.60
   275    1.40   23.34   24.56    1.39   82.88  581.64  587.37    7.61  640.71   67.52
   276    1.33   23.49   24.53    1.57   82.07  574.75  582.20    5.49  641.14   59.06
   277    1.40   23.94   24.77    1.27   83.57  597.84  602.64    6.32  651.25   75.34
   278    1.42   23.55   25.08    0.98   84.31  586.26  588.98    8.37  667.47   95.61
   279    1.44   23.95   24.92    1.28   83.62  598.20  603.01    6.03  660.50   75.27
   280    1.41   23.33   24.69    1.07   84.11  576.48  579.78    8.79  648.25   86.34
   281    1.36   23.71   24.65    1.47   82.64  591.73  598.23    8.23  647.70   64.75
   282    1.33   23.61   24.87    1.18   83.99  581.56  585.67    5.51  659.60   78.81
   283    1.40   23.69   24.83    1.33   83.39  585.98  591.25    5.61  657.12   70.75
   284    1.45   23.79   25.27    1.24   83.70  591.16  595.66    4.05  681.02   76.70
   285    1.33   24.11   24.82    1.20   83.75  597.31  601.51    6.17  656.22   79.98
   286    1.39   23.88   24.95    1.08   84.37  590.44  593.81    5.09  663.54   87.39
   287    1.46   24.29   25.17    1.38   83.26  605.34  611.00    4.62  675.29   70.60
   288    1.30   24.12   24.75    1.59   82.41  603.52  611.13    6.81  651.96   61.27
   289    1.49   24.34   24.96    1.49   82.82  606.83  613.45    4.31  661.65   65.77
   290    1.55   24.47   24.82    1.42   82.79  610.50  616.52    2.63  653.54   69.15
   291    1.36   24.63   24.87    1.28   83.31  615.62  620.49    6.78  655.46   76.91
   292    1.45   24.86   25.01    1.43   82.63  626.82  632.88    7.10  664.53   70.68
   293    1.43   24.16   24.95    0.96   84.39  598.31  600.92    6.06  662.26   99.37
   294    1.41   24.30   24.71    1.13   84.20  604.67  608.41    6.46  650.89   85.39
   295    1.39   24.47   24.72    1.06   84.33  612.60  615.84    7.01  651.96   92.18
   296    1.48   24.27   24.44    1.03   84.40  600.78  603.78    6.91  638.25   93.74
   297    1.46   24.53   24.78    0.72   85.65  611.44  612.76    8.06  658.35  135.78
   298    1.35   24.35   24.95    1.09   84.15  608.55  612.01    8.80  669.79   89.02
   299    1.44   24.52   24.79    0.85   85.31  617.76  619.74    7.73  656.45  115.44
   300    1.39   24.39   24.77    1.22   83.69  617.40  621.78    7.34  657.33   80.98
   301    1.42   24.55   24.73    1.34   83.49  626.62  631.96    7.44  653.68   74.97
   302    1.48   24.52   24.68    1.34   83.41  625.23  630.57    6.59  650.48   74.79
   303    1.38   24.59   24.61    1.38   83.32  627.62  633.28    7.04  647.44   73.09
   304    1.47   24.91   24.72    1.04   84.98  647.92  650.98    6.64  653.70   99.81
   305    1.43   25.00   24.71    1.20   84.39  644.22  648.44    8.73  654.75   85.86
   306    1.48   24.72   24.39    1.10   84.41  634.62  638.09    6.88  635.68   92.41
   307    1.57   24.93   24.63    1.18   83.83  643.56  647.60    6.97  647.17   87.39
   308    1.47   24.90   24.87    1.13   83.87  652.19  655.86    6.99  658.83   92.53
   309    1.59   25.53   24.70    1.14   84.00  670.15  673.87    6.14  653.06   94.36
   310    1.49   25.24   24.75    1.03   84.57  661.41  664.43    7.70  655.13  102.26
   311    1.52   25.12   24.83    1.03   84.70  659.50  662.49    5.38  660.12  102.50
   312    1.61   24.91   25.02    0.98   84.75  645.00  647.68    5.82  669.91  105.35
   313    1.47   25.17   24.83    1.13   84.14  649.82  653.49    7.26  659.02   92.22
   314    1.50   24.79   25.16    1.21   83.59  633.46  637.72    6.43  679.55   84.07
   315    1.45   24.88   24.76    1.05   84.38  627.02  630.13    6.34  656.17   95.94
   316    1.47   25.02   24.84    0.96   84.84  647.43  649.99    6.66  659.04  107.82
   317    1.54   24.82   24.96    0.76   85.57  643.33  644.83    6.14  669.45  134.49
   318    1.59   24.83   25.08    0.78   85.50  637.39  638.97    6.40  673.47  130.84
   319    1.54   24.97   25.00    0.75   85.88  642.48  643.91    6.45  668.42  137.20
   320    1.54   24.82   24.87    0.83   85.40  636.24  638.08    7.40  663.51  122.28
   321    1.59   24.99   24.81    0.78   85.89  641.18  642.76    5.56  660.00  131.50
   322    1.64   25.01   24.78    0.85   85.86  638.04  639.97    3.68  655.92  120.53
   323    1.50   25.48   24.53    1.15   84.21  661.55  665.35    7.29  641.87   92.34
   324    1.48   25.51   24.75    0.97   85.30  662.63  665.24    5.89  653.19  109.35
   325    1.56   25.51   24.58    0.86   85.56  664.19  666.18    5.54  645.43  123.24
   326    1.46   25.59   24.74    0.82   85.62  671.28  673.03    6.90  653.85  131.41
   327    1.61   25.22   24.98    0.87   85.45  656.86  658.90    5.99  665.81  120.79
   328    1.37   25.36   24.99    0.95   85.45  663.76  666.25    9.17  666.55  111.89
   329    1.66   25.15   24.97    0.86   85.48  651.65  653.65    4.68  665.70  120.81
   330    1.58   25.29   24.86    1.00   85.27  660.64  663.43    5.81  659.12  105.95
   331    1.62   25.41   24.96    1.13   84.17  662.04  665.70    5.39  665.94   93.93
   332    1.66   25.32   25.05    0.61   86.59  652.56  653.40    4.60  670.88  170.28
   333    1.68   25.27   24.80    0.80   85.77  652.60  654.27    4.86  658.72  130.58
   334    1.54   25.71   24.76    0.72   85.77  665.12  666.41    9.27  656.52  147.24
   335    1.63   25.59   24.79    0.99   85.03  667.07  669.84    6.24  658.89  107.20
   336    1.61   25.39   24.85    1.04   84.19  656.17  659.24    6.76  660.19  100.84
   337    1.60   25.44   24.95    1.06   84.24  659.25  662.44    5.95  664.15   99.61
   338    1.71   25.68   24.76    0.96   84.85  671.58  674.14    4.81  657.79  111.66
   339    1.65   25.45   24.52    0.89   84.72  656.95  659.12    4.85  645.50  117.74
   340    1.76   25.23   24.74    0.71   86.06  643.75  645.02    7.48  656.27  144.02
   341    1.74   25.64   25.08    0.74   85.66  664.46  665.87    6.24  674.39  142.41
   342    1.69   25.73   24.94    1.10   84.50  668.33  671.82    7.60  668.44   96.84
   343    1.79   25.72   24.91    0.86   85.51  664.14  666.15    6.63  665.19  122.69
   344    1.90   25.32   25.01    1.10   84.67  652.67  656.15    7.75  670.90   94.77
   345    1.75   25.55   24.85    1.28   83.74  660.58  665.39    6.15  661.41   82.79
   346    1.70   25.23   24.98    1.24   84.22  648.22  652.73    7.61  671.16   83.76
   347    1.64   25.38   24.98    1.16   84.59  652.07  655.98    9.03  668.40   89.86
   348    1.56   25.40   24.89    1.48   83.30  655.53  662.11    6.53  666.62   71.07
   349    1.67   25.51   25.03    1.17   84.39  665.34  669.31    7.67  674.46   90.98
   350    1.63   25.77   25.13    1.23   83.83  674.03  678.43    8.20  676.92   87.98
   351    1.58   25.78   25.23    1.24   83.28  678.40  682.86    9.54  682.26   87.83
   352    1.55   25.95   25.39    0.88   85.05  690.17  692.27    8.36  695.62  124.99
   353    1.53   26.01   25.18    0.97   84.84  682.51  685.12   12.03  683.56  112.38
   354    1.50   25.53   25.12    1.25   83.80  656.38  660.95   10.70  679.98   84.22
   355    1.63   25.16   24.81    1.18   84.30  638.48  642.56    9.15  663.83   86.43
   356    1.60   25.34   24.98    1.12   84.44  649.32  652.95    9.41  672.47   92.58
   357    1.64   25.11   25.40    1.00   85.03  635.27  638.09    8.25  693.16  101.59
   358    1.59   25.22   25.29    1.01   85.06  646.99  649.84   10.65  688.36  102.76
   359    1.59   25.00   25.13    1.34   83.87  638.39  643.73   10.68  679.43   76.33
   360    1.62   25.09   25.07    0.92   85.67  643.11  645.45    9.06  674.78  111.64
   361    1.65   25.04   25.29    0.69   86.68  643.92  645.11   12.46  684.53  148.11
   362    1.70   25.02   24.86    0.73   86.27  640.83  642.20   11.27  660.35  139.30
   363    1.64   25.18   25.03    1.04   85.03  645.83  648.87   10.18  667.58   99.75
   364    1.64   25.22   25.35    0.82   85.85  650.37  652.15   11.91  685.37  126.71
   365    1.66   25.01   25.14    0.97   85.34  643.49  646.10   11.80  676.14  106.42
   366    1.59   24.71   25.19    1.12   84.30  627.06  630.71   14.02  678.39   89.28
   367    1.68   24.61   25.46    0.81   85.35  623.17  624.94   15.88  692.30  122.20
   368    1.63   24.31   24.97    1.16   84.08  615.67  619.58   14.00  665.71   85.12
   369    1.62   24.71   25.08    1.15   84.47  626.86  630.68   12.88  669.52   87.47
   370    1.56   24.40   25.42    1.29   83.51  612.99  617.92   13.90  690.16   76.17
   371    1.55   24.71   25.13    1.09   84.28  623.40  626.85   14.64  672.28   91.20
   372    1.56   24.82   25.13    1.09   83.87  630.31  633.72   14.62  674.07   92.51
   373    1.60   25.07   25.00    1.38   83.46  633.45  639.09   14.28  667.14   73.88
   374    1.52   25.38   24.90    1.31   83.36  648.53  653.56   13.96  660.71   79.68
   375    1.56   25.05   25.01    1.07   84.35  641.06  644.34   13.73  667.83   95.76
   376    1.60   25.30   24.98    1.07   84.04  649.92  653.21   15.63  670.77   96.87
   377    1.65   24.89   24.89    0.91   84.97  633.46  635.73   14.74  666.37  111.58
   378    1.58   24.97   25.09    1.09   83.92  632.95  636.38   16.75  676.33   92.69
   379    1.67   25.25   25.36    0.86   84.86  652.42  654.44   14.56  692.67  120.49
   380    1.66   24.82   24.95    1.04   83.90  637.01  640.10   12.96  670.52   97.89
   381    1.55   25.20   25.06    1.05   84.32  646.22  649.34   13.93  674.65   98.71
   382    1.81   25.19   25.25    1.07   83.80  642.56  645.86   14.85  687.66   95.71
   383    1.72   25.14   25.02    1.14   83.85  637.56  641.30   13.95  675.14   89.67
   384    1.79   25.04   25.08    1.02   84.52  631.40  634.33   12.28  676.37   99.29
   385    1.74   24.83   25.19    0.79   84.87  623.37  625.03   15.11  681.20  125.46
   386    1.81   24.88   25.17    0.87   85.10  628.83  630.89   15.04  683.74  115.54
   387    1.76   25.06   25.24    0.86   85.35  638.50  640.50   16.18  688.78  118.46
   388    1.82   25.12   25.33    0.70   85.89  645.38  646.59   14.23  696.13  147.22
   389    1.82   25.07   25.37    0.93   85.25  637.69  640.08   17.27  693.99  109.56
   390    1.67   25.16   25.26    1.08   84.75  641.24  644.60   15.98  690.16   94.79
   391    1.68   25.42   25.59    0.81   85.42  654.96  656.71   15.01  706.75  128.34
   392    1.68   25.23   25.42    0.74   85.96  646.63  648.01   14.38  695.51  139.88
   393    1.74   24.93   25.42    0.87   85.50  633.22  635.26   13.05  694.66  116.60
   394    1.79   24.79   25.49    0.79   86.05  628.71  630.37   14.48  697.39  126.33
   395    1.79   24.72   25.43    0.94   85.12  628.63  631.10   13.55  695.26  106.64
   396    1.82   24.57   25.33    0.91   84.79  621.61  623.91   14.34  693.37  108.74
   397    1.74   24.64   25.45    0.68   85.73  631.03  632.15   15.36  700.36  148.67
   398    1.78   24.94   25.62    0.67   86.13  639.13  640.22   13.75  703.68  152.00
   399    1.80   24.92   25.63    0.61   86.57  644.45  645.28   15.59  703.61  169.10
   400    1.80   24.92   25.71    0.74   85.84  635.70  637.08   13.71  709.29  137.90
   401    1.94   24.99   25.52    1.00   84.80  638.55  641.34   12.42  700.50  102.62
   402    1.77   24.67   25.38    1.03   84.77  629.17  632.19   12.82  694.17   97.60
   403    1.84   24.70   25.60    1.12   84.45  629.83  633.45   12.10  711.23   90.00
   404    1.82   24.78   25.09    1.10   84.58  630.09  633.58   13.37  686.72   91.65
   405    1.88   24.41   25.53    1.14   84.60  620.69  624.42   11.92  704.45   87.60
   406    1.93   24.80   25.63    0.96   85.34  640.34  642.91   14.05  711.32  106.61
   407    1.94   24.98   25.41    0.87   85.72  645.79  647.83   13.09  703.21  118.70
   408    1.89   24.76   25.38    1.00   84.94  633.78  636.63   14.93  696.98  100.89
   409    1.87   24.95   25.28    0.88   85.39  645.57  647.67   12.77  694.74  117.41
   410    1.90   25.05   25.34    1.20   84.12  653.37  657.53   15.18  696.49   87.60
   411    1.85   25.18   25.03    1.37   83.29  654.49  660.03   14.82  675.98   76.89
   412    1.82   25.14   24.95    1.17   83.51  644.60  648.59   14.18  674.07   88.12
   413    1.80   25.06   25.02    0.78   85.36  640.45  642.03   15.85  672.48  131.19
   414    1.85   24.73   25.06    1.27   83.88  630.22  635.00   15.56  675.11   79.31
   415    1.80   24.85   25.17    0.87   85.72  633.07  635.13   15.61  680.88  116.34
   416    1.81   25.19   25.18    0.75   85.81  651.11  652.57   15.48  681.40  137.68
   417    1.85   25.52   25.28    0.80   86.07  665.69  667.37   14.59  686.96  132.39
   418    1.85   25.53   25.09    0.77   86.26  662.85  664.38   15.82  681.48  137.28
   419    1.81   25.67   25.35    0.76   86.43  667.39  668.86   13.87  692.92  140.28
   420    1.92   25.71   25.46    0.86   85.85  672.32  674.30   16.02  699.51  124.87
   421    1.80   25.58   25.59    0.80   85.94  673.49  675.15   15.09  707.34  134.91
   422    1.92   25.79   25.45    0.82   85.96  680.33  682.10   13.60  697.15  132.44
   423    1.79   25.47   25.75    0.95   85.43  676.49  679.00   15.86  714.49  113.46
   424    1.82   25.59   25.59    0.65   86.42  678.59  679.57   15.68  705.96  166.81
   425    1.79   25.40   25.54    1.11   84.83  671.16  674.71   14.66  704.64   96.56
   426    1.90   25.31   25.54    1.08   84.53  665.48  668.82   15.48  705.51   98.45
   427    1.98   25.27   25.50    1.02   84.96  659.66  662.59   13.36  703.74  103.56
   428    1.94   25.16   25.39    0.88   85.22  660.16  662.23   13.84  697.35  120.46
   429    1.85   25.10   25.57    0.71   85.56  651.76  653.03   15.00  707.84  145.54
   430    1.92   25.03   25.40    1.13   84.13  648.64  652.31   14.74  698.95   91.98
   431    1.88   25.06   25.54    1.08   84.86  648.40  651.76   16.26  704.80   95.72
   432    1.86   24.69   25.66    1.38   83.99  636.38  642.00   16.92  708.39   74.32
   433    1.88   24.61   25.53    1.09   84.73  630.11  633.53   16.56  701.75   92.39
   434    1.82   24.67   25.48    1.35   83.89  636.91  642.29   15.72  700.13   75.89
   435    1.84   24.82   25.81    1.17   84.29  645.11  649.08   15.76  716.07   88.34
   436    1.85   25.01   25.57    1.33   84.02  656.42  661.61   15.35  708.05   79.50
   437    1.95   25.34   25.71    1.08   84.76  664.27  667.59   14.06  714.83   98.62
   438    1.85   25.31   25.73    1.24   84.24  662.23  666.72   15.10  717.38   85.59
   439    1.88   25.37   25.77    1.15   84.47  662.95  666.76   16.17  721.48   92.38
   440    1.99   25.41   25.64    0.93   85.51  669.53  671.92   14.90  709.50  114.93
   441    1.88   25.48   25.61    1.19   84.67  671.17  675.27   15.03  708.48   90.42
   442    1.88   25.45   25.54    0.85   85.66  662.28  664.23   17.37  704.43  123.78
   443    1.84   25.80   25.63    0.87   85.85  680.39  682.40   15.70  712.47  125.52
   444    1.95   25.75   25.56    0.91   85.50  677.46  679.70   15.20  705.45  119.40
   445    1.99   25.76   25.45    0.96   85.26  672.03  674.55   16.18  699.20  112.40
   446    1.89   25.80   25.72    0.64   86.64  672.95  673.91   18.05  709.78  166.38
   447    2.02   25.80   25.59    0.79   86.09  679.75  681.38   17.71  704.64  136.67
   448    1.94   25.78   25.41    0.78   86.03  674.54  676.10   16.76  693.30  138.54
   449    1.85   26.25   25.75    0.68   86.76  697.44  698.54   18.11  711.35  163.37
   450    1.89   25.99   25.87    0.83   85.84  685.17  686.97   17.92  718.55  132.02
   451    1.80   25.78   25.88    0.76   86.42  671.57  673.04   15.76  713.85  141.05
   452    1.88   25.68   25.76    0.97   85.54  670.67  673.28   15.26  707.14  110.61
   453    1.83   25.43   25.51    1.22   84.58  659.32  663.67   15.44  696.63   86.48
   454    1.77   25.46   25.73    0.93   85.64  660.03  662.42   16.04  709.67  113.14
   455    1.85   25.71   25.54    1.07   85.38  667.31  670.55   14.23  696.04  100.02
   456    1.91   25.70   25.37    1.20   84.61  662.65  666.86   16.77  690.30   88.21
   457    1.95   25.58   25.35    0.98   85.25  657.36  660.02   16.05  683.19  107.64
   458    2.00   25.50   25.45    0.96   85.40  653.56  656.10   14.34  691.73  109.31
   459    2.03   25.32   25.80    0.87   86.18  655.54  657.57   14.72  705.76  120.70
   460    1.91   25.60   25.59    0.84   86.30  660.27  662.14   13.74  697.61  125.62
   461    1.83   25.82   25.46    0.62   87.08  670.63  671.48   13.30  689.38  173.85
   462    1.80   25.80   25.65    0.71   86.86  666.22  667.48   14.98  700.23  148.86
   463    1.79   25.68   25.78    0.74   86.68  661.12  662.49   14.06  707.48  143.19
   464    1.79   25.55   25.70    0.99   85.86  662.04  664.81   16.31  702.36  106.58
   465    1.81   25.88   25.84    1.14   85.34  671.78  675.52   14.25  709.33   94.33
   466    1.88   25.40   25.67    1.17   85.23  654.58  658.56   14.99  698.36   89.52
   467    1.81   25.56   25.87    1.24   84.72  663.24  667.71   15.34  708.65   85.92
   468    1.84   25.55   25.78    1.22   84.75  666.46  670.75   13.97  703.71   87.91
   469    1.79   25.81   25.91    1.06   85.35  671.95  675.15   14.19  710.89  101.21
   470    1.88   25.50   25.93    1.15   85.13  665.83  669.68   16.20  714.68   92.36
   471    1.82   25.69   26.03    0.86   86.15  676.27  678.23   14.63  718.58  126.24
   472    1.81   25.34   26.09    1.04   85.14  657.04  660.09   13.83  721.30  101.29
   473    1.81   25.43   25.64    0.91   85.71  660.64  662.92   12.63  696.17  115.77
   474    1.81   25.69   25.48    1.02   85.54  667.80  670.75   13.58  686.32  104.37
   475    1.87   25.72   25.53    1.11   85.00  664.11  667.67   13.14  690.19   95.40
   476    1.97   25.65   25.44    1.06   85.22  666.48  669.69   13.83  685.87  100.41
   477    1.84   25.45   25.09    1.02   85.32  657.04  659.96   13.63  667.12  103.36
   478    1.84   25.48   25.21    1.15   84.69  654.05  657.89   14.03  675.81   90.83
   479    1.86   25.66   25.16    1.14   84.85  659.83  663.56   13.90  674.66   92.86
   480    1.78   26.05   25.20    0.92   85.84  675.80  678.13   15.15  676.72  117.07
   481    1.80   25.63   25.39    1.02   85.48  661.29  664.21   13.63  686.36  103.88
   482    1.89   25.49   25.39    1.30   84.49  659.03  663.96   13.45  684.37   81.63
   483    1.92   25.41   25.62    0.81   86.37  655.28  657.03   13.56  693.58  128.43
   484    1.84   25.45   25.60    0.89   85.95  661.75  663.91   13.84  691.90  118.52
   485    1.85   25.37   25.76    0.95   85.54  650.89  653.42   14.55  699.53  109.04
   486    1.79   25.57   25.85    1.13   85.11  667.79  671.48   13.64  705.93   94.40
   487    1.79   25.69   25.78    1.00   85.68  668.13  670.94   14.74  704.92  106.68
   488    1.95   25.76   26.04    0.88   85.98  677.65  679.72   14.22  718.02  123.43
   489    1.95   25.71   25.87    0.92   85.62  675.19  677.51   13.74  710.62  117.01
   490    1.84   25.61   26.11    0.95   85.71  673.33  675.81   15.84  724.83  113.55
   491    1.95   25.86   25.91    0.65   86.95  682.90  683.86   15.22  715.95  168.50
   492    1.80   25.17   25.88    1.05   85.29  648.73  651.83   14.93  713.52   99.32
   493    1.86   25.62   25.89    0.74   86.21  666.50  667.90   15.46  715.66  143.02
   494    1.80   25.36   25.66    1.46   83.43  657.89  664.28   13.78  704.03   72.31
   495    1.75   25.89   25.97    1.00   85.39  682.87  685.69   14.03  719.52  108.66
   496    1.91   25.51   26.02    0.72   86.44  660.19  661.50   14.43  719.37  145.70
   497    1.87   25.28   26.09    1.06   85.37  657.55  660.77   14.76  723.04   98.91
   498    1.85   25.36   25.94    1.11   85.09  658.70  662.26   14.53  714.51   94.70
   499    1.79   25.33   25.68    0.97   85.73  658.33  660.96   14.97  698.69  108.29
   500    1.87   25.05   25.63    0.85   86.13  644.62  646.56   14.94  696.60  121.18
   501    1.79   25.53   25.64    1.05   85.23  667.08  670.23   14.79  698.80  101.20
   502    1.76   25.54   25.97    1.11   85.18  667.18  670.69   16.56  715.15   96.49
   503    1.93   25.41   25.84    0.70   87.06  657.70  658.92   16.65  708.13  149.10
   504    1.77   25.74   26.29    0.86   86.17  679.31  681.31   15.83  733.69  125.64
   505    1.81   25.69   26.29    0.97   85.95  671.54  674.13   16.61  732.56  111.13
   506    1.88   25.55   26.42    1.06   85.66  671.38  674.56   16.22  737.34  101.53
   507    1.83   26.20   26.34    1.23   85.18  700.35  704.75   15.85  732.26   91.18
   508    1.87   25.85   26.28    0.93   85.99  685.33  687.71   16.49  728.49  117.49
   509    1.88   26.13   26.54    0.94   85.86  693.36  695.76   15.80  741.71  118.44
   510    1.76   26.37   26.53    0.64   87.16  703.86  704.78   15.93  743.52  176.05
   511    1.87   26.34   26.50    0.90   86.12  706.95  709.14   17.51  742.56  125.41
   512    1.89   26.19   26.42    0.75   86.63  692.46  693.90   15.49  736.79  146.36
   513    1.73   26.38   26.24    0.92   86.17  703.46  705.74   15.35  725.44  122.71
   514    1.81   26.51   26.29    1.11   85.38  710.47  713.99   14.33  729.07  102.26
   515    1.76   25.97   26.28    0.91   86.15  687.07  689.33   15.80  730.07  120.36
   516    1.90   25.88   26.05    0.70   87.05  682.29  683.47   13.22  718.07  156.25
   517    1.79   25.72   25.97    1.13   84.88  670.25  673.94   13.98  713.59   94.72
   518    1.86   25.92   25.78    1.06   85.28  680.73  683.89   15.49  704.61  103.09
   519    1.93   26.11   25.92    0.91   85.98  695.75  698.01   13.65  712.68  121.75
   520    1.93   25.59   26.16    0.90   85.76  679.98  682.18   14.54  724.38  120.58
   521    1.87   25.82   26.24    1.15   84.97  685.24  689.01   13.04  728.90   95.80
   522    1.91   25.87   26.35    0.97   85.69  685.27  687.87   14.60  735.78  113.16
   523    1.76   25.44   26.08    1.11   85.19  669.59  673.14   15.59  718.94   96.34
   524    1.77   25.37   26.03    0.92   85.75  665.83  668.16   15.11  717.85  115.43
   525    1.80   25.29   26.64    0.94   85.49  659.21  661.66   17.63  753.26  111.72
   526    1.74   25.22   26.35    0.89   85.82  658.46  660.62   16.06  738.05  118.10
   527    1.78   25.49   26.28    0.87   86.01  665.15  667.17   16.58  734.56  122.46
   528    1.74   25.48   26.56    0.88   85.99  671.02  673.11   17.28  749.87  121.86
   529    1.80   25.24   26.32    1.03   85.57  662.22  665.19   17.60  736.73  103.15
   530    1.80   25.50   26.55    0.72   86.63  681.90  683.18   15.85  750.71  151.17
   531    1.82   25.59   26.64    0.72   86.64  679.94  681.25   14.18  755.44  149.65
   532    1.79   25.35   26.90    0.79   86.44  677.22  678.83   16.98  770.67  137.03
   533    1.87   25.42   26.73    0.79   86.25  676.93  678.55   14.22  761.63  136.93
   534    1.84   25.75   26.65    0.73   86.57  689.40  690.73   14.22  754.08  150.50
   535    1.82   25.79   26.73    0.53   87.52  692.88  693.40   14.21  756.66  208.56
   536    1.82   25.71   26.76    0.77   86.56  693.37  694.86   15.09  756.69  144.55
   537    1.83   25.84   26.55    0.80   86.40  686.16  687.83   14.67  745.96  136.57
   538    1.82   25.69   27.05    0.89   86.18  687.25  689.39   16.51  773.48  123.41
   539    1.83   25.86   27.07    1.06   85.40  698.47  701.65   16.82  775.07  105.24
   540    1.83   25.71   26.82    1.11   85.10  685.85  689.39   17.19  761.23   98.75
   541    1.86   25.90   26.85    0.88   86.17  700.35  702.42   18.76  761.92  127.20
   542    1.76   25.89   26.74    0.84   86.27  696.68  698.54   20.41  754.31  132.44
   543    1.89   25.97   26.91    0.90   86.04  695.68  697.88   20.21  764.37  123.25
   544    1.80   25.65   26.69    1.01   85.69  682.77  685.61   17.35  751.74  108.39
   545    1.79   25.87   26.80    0.72   86.72  691.39  692.66   17.79  759.19  153.57
   546    1.86   25.81   26.21    1.04   85.39  687.46  690.47   18.30  726.58  106.23
   547    1.85   26.25   26.32    1.12   85.32  701.86  705.45   17.62  730.72  100.14
   548    1.83   26.61   26.25    1.03   85.58  715.14  718.12   16.82  726.25  110.75
   549    1.83   26.22   26.40    1.10   85.34  702.18  705.62   16.43  734.26  102.16
   550    1.84   26.24   26.27    0.91   86.10  708.27  710.52   16.83  727.34  124.17
   551    1.83   26.26   26.13    0.89   86.10  703.46  705.57   16.87  720.36  126.74
   552    1.75   26.26   26.06    0.96   85.84  705.06  707.57   17.80  717.50  117.96
   553    1.72   25.94   26.05    0.95   85.98  686.40  688.87   16.43  717.45  115.86
   554    1.68   25.87   26.28    0.84   86.35  690.49  692.37   18.11  728.03  130.79
   555    1.74   25.72   26.44    0.83   86.50  687.24  689.04   18.73  738.67  132.64
   556    1.76   25.91   26.42    1.07   85.59  691.89  695.15   17.12  736.92  103.24
   557    1.74   26.02   26.31    1.10   85.42  696.25  699.69   18.54  728.76  101.41
   558    1.66   25.89   26.41    0.96   86.09  694.85  697.37   16.03  734.85  116.04
   559    1.72   26.19   26.35    0.98   85.99  700.92  703.60   15.80  732.14  114.01
   560    1.68   25.92   26.41    0.72   86.99  691.85  693.15   16.30  735.67  152.40
   561    1.68   26.21   26.56    0.76   86.98  710.73  712.19   17.16  744.62  149.01
   562    1.64   26.20   26.60    0.66   87.30  713.32  714.34   18.59  746.10  171.41
   563    1.61   26.36   26.52    0.56   87.71  716.65  717.26   17.15  740.78  205.60
   564    1.78   26.20   26.35    0.74   86.89  710.06  711.42   16.69  731.01  153.32
   565    1.82   26.63   26.40    1.06   85.73  728.53  731.65   17.46  734.73  110.43
   566    1.77   26.87   26.58    0.80   86.93  733.83  735.44   16.34  745.38  147.31
   567    1.81   26.79   26.63    0.90   86.50  738.09  740.24   15.96  749.81  131.42
   568    1.81   26.73   26.57    0.95   86.34  736.84  739.28   16.47  748.18  124.22
   569    1.78   26.89   26.67    1.06   85.77  741.64  744.76   15.99  752.57  112.40
   570    1.84   26.95   26.59    0.98   86.20  746.13  748.76   14.52  746.43  121.90
   571    1.81   27.28   26.33    1.17   85.43  758.83  762.78   16.05  731.60  103.39
   572    1.88   27.37   26.37    0.92   86.42  762.56  764.82   17.46  735.99  132.45
   573    1.90   27.76   26.42    0.82   86.85  775.99  777.73   15.46  739.53  150.43
   574    1.99   27.42   26.71    0.52   87.99  762.61  763.06   14.87  754.24  235.09
   575    1.91   27.63   26.96    0.48   88.22  780.08  780.40   16.14  765.91  260.95
   576    1.91   28.17   26.95    0.79   87.01  806.72  808.26   16.48  765.66  163.37
   577    1.79   27.81   26.79    0.73   87.33  789.92  791.20   15.87  757.34  172.13
   578    1.87   27.76   26.87    1.02   86.35  791.98  794.82   16.06  759.61  124.50
   579    1.86   28.16   27.01    1.03   86.33  812.45  815.37   15.05  767.90  126.13
   580    1.73   27.89   26.69    0.87   86.81  790.73  792.72   15.81  751.13  144.63
   581    1.83   27.99   26.94    1.14   85.98  808.10  811.75   14.96  764.93  113.66
   582    1.89   27.58   27.18    0.88   86.81  786.80  788.84   15.29  777.45  142.52
   583    1.72   27.72   26.89    0.82   86.86  796.49  798.19   15.91  761.31  155.25
   584    1.78   27.83   26.95    0.66   87.49  800.61  801.56   16.92  766.07  194.31
   585    1.83   27.83   26.91    1.08   86.10  801.41  804.66   13.64  762.78  118.81
   586    1.86   27.64   26.88    1.02   86.26  788.46  791.34   14.44  761.68  123.16
   587    1.69   28.00   26.98    1.39   85.04  808.76  814.43   15.82  768.00   93.18
   588    1.87   27.85   27.03    1.10   86.01  800.96  804.38   17.15  769.85  115.94
   589    1.83   27.91   27.13    0.68   87.48  789.37  790.41   15.87  776.34  185.85
   590    1.90   27.79   27.16    0.71   87.42  792.20  793.38   14.35  778.31  177.95
   591    1.88   28.04   27.29    0.65   87.69  803.25  804.18   16.76  784.93  196.40
   592    1.78   28.01   27.17    0.86   86.90  802.72  804.62   16.30  776.95  149.46
   593    1.85   28.09   27.19    0.64   87.71  802.01  802.90   16.28  776.83  198.84
   594    1.85   28.30   27.24    0.83   87.13  821.07  822.79   15.07  779.74  158.55
   595    1.82   28.15   27.64    1.02   86.33  811.96  814.83   13.31  804.63  126.88
   596    1.82   27.71   27.52    0.74   87.16  793.55  794.88   15.92  796.17  170.25
   597    1.80   27.91   27.36    0.86   86.87  798.89  800.78   14.55  786.34  149.00
   598    1.75   27.75   27.60    0.88   86.77  790.54  792.56   15.66  799.91  143.58
   599    1.79   27.55   27.39    1.35   85.06  783.86  789.15   13.97  787.39   93.38
   600    1.91   27.80   27.59    1.60   84.24  794.23  801.88   16.84  799.90   79.72
   601    1.88   28.07   27.69    1.18   85.74  811.54  815.53   14.87  804.56  109.78
   602    1.85   28.16   27.74    1.01   86.30  812.36  815.13   16.72  807.28  128.90
   603    1.87   27.86   27.68    1.09   85.88  795.87  799.21   15.03  804.98  116.44
   604    1.88   27.97   27.63    0.94   86.38  794.29  796.68   18.06  802.34  134.45
   605    1.87   28.34   27.56    0.99   86.30  809.80  812.50   15.14  798.12  130.03
   606    1.86   28.44   27.62    1.02   86.21  813.98  816.83   15.32  801.64  127.49
   607    1.88   27.96   27.65    1.13   85.61  793.78  797.39   15.14  802.01  112.38
   608    1.87   28.00   27.56    1.19   85.42  804.74  808.75   14.84  797.60  108.52
   609    1.88   27.43   27.48    1.07   85.83  778.72  781.91   15.52  792.72  116.41
   610    1.91   27.47   27.47    1.00   86.06  776.77  779.53   16.23  792.13  124.02
   611    1.90   27.81   27.39    1.08   85.74  793.32  796.60   15.31  787.57  117.04
   612    1.90   27.91   27.19    0.91   86.36  794.93  797.12   13.35  775.67  139.74
   613    1.85   27.86   27.24    1.03   85.89  786.45  789.41   14.89  778.61  121.52
   614    1.98   27.65   27.18    1.29   85.04  779.61  784.48   14.60  774.79   96.46
   615    1.91   27.76   27.06    1.00   86.04  786.91  789.62   17.32  767.74  126.27
   616    1.84   28.22   27.26    1.22   85.33  803.22  807.46   17.24  780.63  105.79
   617    1.88   28.34   27.08    1.31   85.14  813.88  818.83   15.66  771.06   99.83
   618    1.84   28.12   27.09    1.43   84.52  799.00  805.00   16.25  771.61   89.74
   619    1.77   28.33   27.13    1.16   85.59  811.56  815.40   16.45  773.37  111.46
   620    1.92   28.65   27.14    1.20   85.42  829.31  833.41   17.56  775.71  110.57
   621    1.95   28.09   27.20    0.98   86.03  811.09  813.67   14.00  780.23  132.81
   622    1.98   28.44   27.08    0.91   86.24  821.50  823.66   14.34  772.54  144.89
   623    1.95   28.23   27.34    0.67   87.03  808.43  809.43   17.06  787.17  192.19
   624    1.93   28.34   27.11    0.87   86.18  817.22  819.21   16.98  774.41  149.09
   625    1.88   28.46   27.38    0.76   86.77  814.49  815.87   16.47  790.04  171.86
   626    1.89   28.28   27.36    0.97   86.08  818.87  821.38   16.84  788.41  135.51
   627    1.92   28.32   27.11    0.88   86.29  823.06  825.08   17.37  774.54  149.21
   628    1.87   28.03   27.24    0.58   87.38  809.78  810.42   16.62  782.64  222.66
   629    1.91   28.39   27.48    0.85   86.34  825.44  827.31   15.55  797.21  154.29
   630    1.97   28.01   27.08    0.83   86.49  804.80  806.55   15.65  771.54  154.94
   631    1.94   28.56   27.03    0.99   85.90  823.74  826.41   17.21  768.86  132.63
   632    1.76   28.15   27.24    0.85   86.47  812.55  814.38   17.12  781.14  153.36
   633    1.86   28.22   27.23    0.94   86.04  809.25  811.61   16.32  781.00  137.77
   634    1.94   28.08   26.99    1.07   85.67  799.73  802.91   14.68  768.57  119.60
   635    1.83   27.75   27.02    1.01   85.86  783.54  786.37   17.25  769.84  123.46
   636    1.88   28.07   27.15    0.95   86.16  793.92  796.38   15.81  776.61  132.83
   637    1.87   28.11   27.32    0.79   86.65  800.92  802.50   15.58  785.67  160.84
   638    1.95   27.90   27.19    0.93   86.15  792.78  795.10   14.72  778.05  136.05
   639    1.91   28.02   27.23    0.99   85.76  795.12  797.80   17.30  780.67  128.21
   640    1.81   28.38   27.18    0.90   86.40  816.75  818.85   14.20  777.49  145.60
   641    1.81   28.30   27.23    0.89   86.27  813.83  815.91   13.03  778.97  145.60
   642    1.84   28.16   27.03    0.76   86.79  805.91  807.32   13.23  767.76  168.95
   643    1.85   28.78   26.85    0.85   86.51  834.41  836.25   13.58  756.61  156.82
   644    1.90   28.46   27.10    0.91   86.44  826.88  829.04   14.70  771.54  145.81
   645    2.01   29.11   27.18    0.61   87.66  860.02  860.76   14.11  775.48  223.88
   646    1.92   28.92   27.40    0.94   86.54  841.63  843.97   14.74  787.63  143.23
   647    1.87   28.77   27.05    0.96   86.46  840.20  842.67   13.65  768.38  139.73
   648    1.94   29.11   26.91    0.95   86.58  855.32  857.73   13.44  759.97  143.41
   649    1.74   28.92   26.75    1.02   86.30  838.13  841.00   15.19  751.10  130.68
   650    1.91   28.35   26.87    0.95   86.55  812.54  814.95   14.50  758.69  136.95
   651    1.88   28.86   26.94    1.08   86.14  839.47  842.67   13.37  762.72  124.82
   652    1.94   28.87   27.35    1.14   85.99  851.89  855.52   12.59  785.74  119.87
   653    1.89   29.45   27.35    1.26   85.61  875.24  879.76   14.69  785.83  111.45
   654    1.89   29.39   27.09    1.14   85.94  870.96  874.58   12.35  770.70  122.49
   655    1.87   29.25   26.85    1.09   85.98  861.00  864.27   13.62  756.76  126.78
   656    1.91   28.85   27.10    0.70   87.33  837.56  838.66   13.99  772.30  191.95
   657    1.92   28.96   27.14    1.00   86.38  844.83  847.57   13.91  773.70  134.35
   658    1.92   28.63   27.51    0.85   86.93  835.68  837.50   14.50  794.08  157.55
   659    1.91   28.67   27.23    0.67   87.51  833.17  834.17   14.42  779.47  197.45
   660    1.80   28.45   27.13    0.93   86.58  821.41  823.72   13.47  774.55  140.84
   661    1.77   28.81   27.01    1.06   86.20  842.35  845.43   14.70  765.63  127.28
   662    1.72   28.29   27.15    1.21   85.62  820.00  824.16   15.58  773.60  108.77
   663    1.70   28.14   27.11    1.13   85.94  807.57  811.19   13.87  771.38  114.03
   664    1.93   28.02   26.99    1.03   86.35  801.61  804.51   11.13  763.69  124.82
   665    1.99   28.07   27.17    0.63   87.65  803.77  804.59   11.69  773.86  204.39
   666    1.93   28.38   27.05    0.89   86.70  820.00  822.05   12.69  766.86  147.66
   667    1.91   28.10   27.17    1.09   85.92  794.27  797.59   13.12  774.47  116.62
   668    1.95   27.91   27.09    1.09   85.86  789.37  792.67   12.37  771.34  116.26
   669    1.88   27.82   27.08    1.40   84.69  784.82  790.56   13.39  770.60   90.05
   670    1.93   27.85   27.07    1.29   85.19  779.96  784.79   11.52  769.58   96.82
   671    1.90   27.81   27.26    1.17   85.74  782.38  786.27   11.62  781.39  107.27
   672    1.83   27.72   26.92    1.28   85.31  777.08  781.84   13.87  759.89   97.12
   673    1.97   28.05   27.27    1.19   85.62  793.80  797.84   10.66  779.90  106.79
   674    1.82   27.89   27.44    1.24   85.49  792.08  796.50   11.94  788.98  102.33
   675    1.87   27.80   27.23    1.22   85.47  788.73  792.98   10.55  777.68  103.72
   676    1.80   27.79   27.00    1.21   85.61  784.12  788.30    9.83  763.91  103.94
   677    1.78   27.91   27.20    1.15   85.99  795.13  798.89   12.26  775.44  110.53
   678    1.88   28.38   27.64    0.96   86.61  812.62  815.08   11.00  800.91  135.56
   679    1.78   28.33   27.35    1.10   86.06  815.09  818.48   11.20  784.03  118.37
   680    1.85   28.26   27.43    1.24   85.56  816.31  820.71    8.73  788.35  105.56
   681    1.91   28.85   27.20    1.19   85.90  838.53  842.55    9.89  775.65  112.79
   682    1.89   28.68   27.42    1.16   85.94  831.78  835.60    8.64  787.71  114.44
   683    1.86   28.70   27.51    0.92   86.78  829.43  831.65   11.68  792.94  144.36
   684    1.88   28.88   27.43    0.92   86.75  836.81  839.03    9.55  788.87  145.59
   685    1.83   29.03   27.56    0.96   86.58  841.98  844.43   11.68  795.94  140.52
   686    1.88   28.91   27.37    1.05   86.32  842.22  845.23   12.33  784.86  128.75
   687    1.85   29.11   27.45    1.02   86.50  849.94  852.78   11.41  789.14  133.13
   688    1.92   29.00   27.14    1.34   85.38  838.99  844.17   10.88  771.64  100.60
   689    1.91   28.93   27.25    0.91   86.91  843.07  845.22   11.21  778.18  148.56
   690    1.88   28.66   27.62    1.10   86.21  834.27  837.63   12.69  799.63  121.60
   691    1.88   28.96   27.38    1.36   85.23  842.85  848.19   10.98  785.71   99.63
   692    1.80   28.58   27.13    1.33   85.28  824.00  829.11   11.97  771.35   99.55
   693    1.85   28.77   27.26    1.14   86.00  835.86  839.49   10.05  778.54  117.71
   694    1.88   28.85   27.44    1.15   85.89  841.25  844.98   10.65  788.89  116.94
   695    1.80   28.96   27.48    1.04   86.38  839.96  842.89    9.52  791.85  129.66
   696    1.81   28.56   27.64    0.89   86.90  820.42  822.49   11.88  801.60  147.29
   697    1.87   28.66   27.33    1.15   85.95  827.45  831.19   11.44  783.01  115.01
   698    1.81   28.40   27.49    1.44   84.78  812.25  818.37   11.94  792.52   90.39
   699    1.77   28.37   27.62    1.21   85.64  812.37  816.57   10.99  799.77  107.36
   700    1.82   27.93   27.56    1.52   84.52  791.69  798.58    9.23  796.68   83.44
   701    1.75   27.97   27.77    1.21   85.67  799.12  803.32   12.39  809.21  105.68
   702    1.80   28.03   27.50    1.57   84.43  802.31  809.69   10.41  792.69   81.89
   703    1.74   28.01   27.48    1.61   84.29  798.58  806.28   11.76  792.06   79.90
   704    1.79   28.65   27.33    1.25   85.58  831.42  835.91    9.21  782.84  106.41
   705    1.76   28.54   27.26    1.17   85.81  825.56  829.48   11.77  778.12  112.48
   706    1.83   28.33   27.41    1.27   85.40  815.22  819.87   10.60  787.67  102.80
   707    1.73   28.63   27.58    1.19   85.75  826.59  830.61    9.90  797.37  111.29
   708    1.80   29.03   27.66    1.21   85.78  849.67  853.82   11.09  802.62  112.57
   709    1.93   29.14   27.60    0.93   86.73  856.31  858.59   11.12  798.42  147.22
   710    1.86   29.11   27.48    1.11   85.95  853.13  856.57    8.56  791.12  122.84
   711    1.91   29.41   27.43    1.13   85.96  866.77  870.34   10.06  788.21  122.54
   712    1.77   29.52   27.43    1.07   86.25  870.02  873.14   11.11  788.37  130.50
   713    1.85   29.41   27.46    1.24   85.50  868.28  872.64    8.32  790.20  112.40
   714    1.85   29.29   27.52    1.07   86.01  868.69  871.87    9.37  793.41  129.35
   715    1.87   29.34   27.74    1.05   86.20  871.41  874.43   11.73  806.39  132.60
   716    1.83   29.39   27.48    0.99   86.34  873.43  876.08   10.86  791.26  140.58
   717    1.87   29.25   27.54    1.31   85.19  868.76  873.73   11.43  795.06  105.98
   718    1.84   29.49   27.44    1.22   85.48  878.09  882.32   11.26  789.49  115.14
   719    1.90   29.82   27.61    1.10   86.08  890.20  893.52   12.06  799.07  129.87
   720    1.85   29.55   27.38    0.99   86.38  879.08  881.69   11.88  785.83  142.33
   721    1.91   29.69   27.45    1.34   85.25  885.14  890.33   11.72  789.94  105.76
   722    1.77   29.97   27.73    1.18   85.64  905.39  909.29   11.93  806.90  122.98
   723    1.81   29.84   27.68    1.12   86.03  890.49  894.00   13.30  803.71  126.64
   724    1.76   30.05   27.64    1.01   86.26  901.79  904.54   12.95  801.62  142.39
   725    1.82   30.12   27.80    1.00   86.48  909.79  912.50   13.11  810.49  144.72
   726    1.85   29.92   27.49    1.18   85.81  901.28  905.21   12.29  793.25  121.91
   727    1.82   30.12   27.71    1.15   85.94  908.45  912.15   12.17  805.90  126.15
   728    1.74   29.93   27.82    1.27   85.58  908.76  913.34   13.69  813.42  114.81
   729    1.77   29.72   27.63    1.18   85.96  889.45  893.40   12.56  801.66  120.08
   730    1.86   29.64   27.59    1.20   85.92  886.73  890.77   12.32  798.34  118.62
   731    1.78   29.78   27.67    1.19   85.93  897.20  901.21   11.40  803.00  120.43
   732    1.87   29.81   27.54    1.18   85.87  893.23  897.15   10.12  795.74  121.03
   733    1.83   29.90   27.55    0.90   86.92  893.40  895.51   12.09  797.55  157.63
   734    1.85   29.91   27.58    1.28   85.49  895.26  899.98   11.04  798.46  111.66
   735    1.81   29.79   27.40    1.33   85.48  880.32  885.44   12.23  788.40  105.95
   736    1.83   29.73   27.56    1.15   86.20  886.10  889.84   12.13  798.04  122.72
   737    1.82   29.77   27.60    1.04   86.58  883.40  886.37   14.13  799.41  135.20
   738    1.79   29.90   27.33    1.16   86.25  897.47  901.26   11.89  784.00  123.48
   739    1.78   29.71   27.46    0.99   86.63  892.06  894.68   12.87  793.22  144.02
   740    1.85   29.77   27.49    0.82   87.31  894.93  896.61   11.53  795.00  173.37
   741    1.73   29.54   27.50    0.96   86.69  890.11  892.56   12.21  795.04  147.91
   742    1.84   29.55   27.21    1.05   86.38  884.94  887.94   11.18  779.10  134.86
   743    1.85   29.33   27.06    1.03   86.41  870.43  873.34   13.14  771.59  134.74
   744    1.81   29.71   27.13    1.26   85.69  892.56  897.06   10.45  775.71  113.78
   745    1.92   29.18   27.14    1.41   85.16  858.09  863.92   11.19  776.43   97.42
   746    1.84   29.22   26.99    1.48   84.66  863.15  869.64   13.64  766.75   93.25
   747    1.85   29.12   26.91    1.43   84.79  852.50  858.47   12.71  761.44   95.69
   748    1.96   28.89   27.27    1.11   86.11  842.29  845.75   13.82  782.53  121.06
   749    1.89   28.98   27.08    0.95   86.50  846.79  849.17   12.67  771.32  142.97
   750    1.86   29.38   26.83    1.33   85.30  878.82  883.96   12.95  758.03  105.51
   751    1.96   29.37   27.08    1.08   86.25  875.46  878.70   14.99  770.80  129.30
   752    1.92   29.17   27.05    1.16   85.88  855.82  859.61   14.97  767.31  118.02
   753    1.92   28.77   27.24    0.87   86.98  837.40  839.36   15.06  778.35  153.41
   754    1.95   29.05   26.82    1.07   86.26  842.32  845.51   12.75  754.66  125.38
   755    2.03   28.72   27.17    0.85   86.80  832.51  834.36   12.98  774.36  156.34
   756    1.93   28.86   27.24    0.90   86.61  833.50  835.63   16.17  778.73  147.52
   757    1.98   28.87   27.18    0.84   86.95  839.65  841.46   14.08  774.38  158.86
   758    1.96   29.04   26.88    1.21   85.61  848.56  852.72   14.28  757.22  112.38
   759    1.85   28.69   26.60    1.40   84.80  828.87  834.63   14.36  741.85   94.76
   760    1.95   28.43   26.83    1.19   85.62  819.34  823.34   15.27  755.81  110.54
   761    1.81   28.91   26.99    1.16   85.76  841.74  845.54   13.34  764.37  116.03
   762    1.95   28.82   27.10    0.89   86.82  836.94  839.01   14.50  771.76  149.82
   763    1.93   29.05   27.03    1.04   86.35  854.52  857.46   15.23  768.32  131.77
   764    1.95   29.17   27.24    0.85   86.88  857.16  859.00   15.36  779.90  160.74
   765    1.85   28.95   27.35    0.80   87.07  857.11  858.66   15.12  788.07  171.73
   766    2.01   28.91   27.13    0.85   86.87  848.02  849.87   13.57  773.78  158.80
   767    2.02   28.92   27.57    0.67   87.46  851.03  852.01   13.09  799.04  202.38
   768    1.98   29.07   27.17    0.91   86.71  858.09  860.27   14.67  776.07  149.97
   769    2.04   28.80   27.15    0.95   86.63  846.71  849.13   13.55  774.93  142.07
   770    2.06   28.95   27.31    0.75   87.28  853.64  854.98   13.70  783.87  181.37
   771    2.01   28.97   27.49    1.10   85.99  854.30  857.64   14.93  793.48  124.59
   772    2.07   28.99   27.35    0.93   86.73  845.05  847.34   15.25  784.68  144.89
   773    2.16   28.81   27.42    0.83   86.88  836.68  838.41   14.74  788.11  160.91
   774    1.91   28.56   27.26    1.06   86.23  826.02  829.14   15.79  779.79  124.45
   775    1.91   28.70   27.16    0.94   86.83  828.36  830.74   15.78  773.77  140.19
   776    1.96   28.63   27.08    0.85   87.11  829.97  831.83   15.01  769.59  155.33
   777    1.93   28.99   27.36    0.62   87.95  849.76  850.55   15.16  785.57  217.30
   778    1.85   29.04   27.08    1.00   86.56  847.71  850.44   15.06  770.38  135.05
   779    1.89   29.14   27.29    1.00   86.54  852.39  855.13   14.60  782.73  135.62
   780    1.99   28.90   27.52    0.76   87.43  849.28  850.67   14.80  796.16  177.90
   781    1.90   28.67   27.44    0.82   87.01  835.88  837.56   16.23  790.50  163.02
   782    1.97   28.48   27.35    1.20   85.73  837.77  841.90   16.25  786.33  111.35
   783    1.93   28.13   27.32    1.10   85.93  819.66  823.05   15.65  784.45  119.01
   784    1.93   28.02   27.44    1.05   86.13  810.51  813.57   15.34  790.49  123.24
   785    2.03   28.25   27.63    1.41   84.91  821.36  827.17   15.57  802.85   93.55
   786    1.95   28.38   27.35    0.74   87.33  838.87  840.19   14.62  787.17  179.73
   787    1.98   28.06   27.61    0.66   87.58  830.42  831.37   15.33  804.28  200.62
   788    1.99   28.03   27.69    0.99   86.51  823.96  826.61   13.71  805.61  133.03
   789    2.05   28.36   27.53    1.08   86.27  828.95  832.21   13.50  798.29  122.47
   790    2.01   28.08   27.46    1.11   86.01  815.05  818.54   14.13  793.46  116.92
   791    2.07   27.83   27.50    1.10   86.02  806.18  809.59   12.99  794.81  116.91
   792    2.13   27.76   27.17    1.23   85.57  799.58  803.90   13.65  775.25  104.27
   793    2.08   27.39   27.47    1.00   86.22  775.76  778.51   14.57  793.74  123.92
   794    2.02   27.89   27.42    1.22   85.33  797.35  801.64   15.24  789.14  104.37
   795    2.09   28.06   27.58    1.09   85.82  812.45  815.74   14.55  799.09  119.66
   796    2.10   28.33   27.38    1.10   85.80  821.90  825.26   15.51  787.89  119.80
   797    2.11   27.91   27.49    0.93   86.49  805.22  807.51   14.31  794.20  138.67
   798    2.00   28.01   27.39    1.14   85.76  803.32  807.00   13.32  787.93  112.63
   799    1.98   28.53   27.45    1.13   85.90  832.56  836.11   16.07  791.52  118.30
   800    2.09   28.53   27.36    0.89   86.61  833.52  835.58   14.02  786.35  149.66
   801    1.96   28.51   27.51    0.69   87.26  829.10  830.17   15.24  794.63  191.36
   802    1.96   28.70   27.28    0.95   86.35  843.01  845.45   14.64  781.53  141.01
   803    1.94   28.52   27.19    1.20   85.51  836.66  840.74   14.14  776.05  111.72
   804    1.99   28.04   27.54    1.11   85.84  821.03  824.49   14.28  796.70  118.14
   805    2.05   28.29   27.46    0.78   86.92  828.04  829.53   14.98  791.92  169.31
   806    2.02   28.69   27.43    0.99   86.38  854.75  857.41   12.87  789.57  137.53
   807    1.96   28.51   27.39    0.96   86.58  837.77  840.25   14.27  787.11  139.04
   808    1.99   28.54   27.36    0.86   86.90  844.17  846.08   13.30  784.61  156.29
   809    2.06   28.28   27.34    0.80   86.95  833.40  834.99   14.04  783.51  165.91
   810    1.90   28.43   27.22    0.88   86.75  841.67  843.65   13.69  776.97  153.43
   811    2.05   28.38   27.49    0.97   86.28  837.70  840.21   13.29  792.65  138.46
   812    1.93   28.11   27.25    1.16   85.52  817.91  821.71   12.64  778.17  112.87
   813    1.91   28.23   27.35    1.06   85.92  824.92  828.00   12.83  783.33  124.92
   814    2.13   28.29   27.47    0.95   86.29  825.08  827.52   12.73  790.23  138.26
   815    2.03   28.29   27.15    0.75   87.12  825.89  827.23   13.68  772.33  176.05
   816    1.98   28.26   27.01    1.00   86.22  830.64  833.37   13.95  764.02  132.38
   817    1.90   28.21   26.91    0.84   87.03  820.31  822.13   13.82  758.51  155.17
   818    2.00   27.81   26.81    0.90   86.38  810.93  813.05   13.64  753.49  144.23
   819    1.93   28.05   26.98    1.07   85.93  817.37  820.55   12.58  763.18  122.08
   820    1.96   27.99   26.91    1.13   85.64  819.64  823.25   13.72  759.19  115.81
   821    2.01   28.16   26.93    1.33   85.02  834.75  839.87   13.97  761.19  100.67
   822    1.92   28.00   26.89    0.95   86.25  822.65  825.04   13.91  759.10  138.94
   823    1.92   28.21   26.99    0.91   86.39  832.45  834.65   13.60  764.05  145.62
   824    1.99   28.17   27.08    1.10   85.76  838.20  841.60   14.84  769.88  121.56
   825    1.95   28.04   26.99    0.71   87.36  831.60  832.75   14.57  764.67  187.12
   826    1.98   27.82   27.04    0.74   87.21  818.14  819.43   14.58  766.63  177.37
   827    1.94   27.96   27.09    0.86   86.66  822.60  824.49   13.60  769.35  153.20
   828    1.94   27.81   26.79    1.18   85.71  812.99  816.92   14.85  752.93  110.67
   829    1.91   27.92   26.91    1.12   85.97  816.80  820.30   13.45  759.15  117.02
   830    1.89   27.75   26.77    1.11   85.82  811.41  814.85   14.74  752.63  117.17
   831    2.04   27.70   26.77    1.36   85.18  807.23  812.60   15.55  753.89   95.31
   832    1.99   27.73   26.77    1.20   85.51  801.16  805.26   14.45  753.02  107.03
   833    1.95   27.76   27.03    0.74   87.18  811.36  812.66   15.15  767.08  175.08
   834    1.98   27.72   27.16    0.74   87.10  808.73  810.06   14.90  774.52  173.16
   835    2.04   28.06   27.00    1.14   85.83  826.48  830.18   13.43  764.87  115.47
   836    1.95   27.91   27.12    0.96   86.37  827.76  830.22   15.09  772.34  138.21
   837    1.96   27.95   26.89    1.09   85.75  823.21  826.53   12.67  759.23  120.57
   838    2.00   27.98   27.10    0.80   86.99  825.76  827.37   14.94  771.32  163.81
   839    1.98   28.16   27.38    0.67   87.43  832.24  833.22   14.33  788.55  198.63
   840    1.98   28.52   27.05    0.83   86.89  852.01  853.76   14.69  768.49  163.07
   841    2.04   28.36   27.12    0.70   87.36  832.70  833.82   13.80  771.73  189.54
   842    1.96   28.15   27.18    0.77   87.13  826.36  827.79   15.07  775.38  171.72
   843    1.95   28.25   27.05    0.75   87.03  840.02  841.37   13.38  768.82  178.11
   844    2.02   28.21   27.13    0.84   86.72  835.10  836.91   15.81  772.73  158.03
   845    2.02   27.95   27.03    0.89   86.64  822.69  824.77   15.66  766.03  147.19
   846    1.92   27.91   27.08    0.56   87.76  819.00  819.57   14.79  768.84  233.45
   847    1.82   27.98   27.42    0.73   87.23  825.58  826.81   13.38  789.57  181.31
   848    1.85   27.69   27.27    0.69   87.38  808.07  809.15   14.20  779.95  187.16
   849    1.94   27.61   27.54    0.60   87.63  804.54  805.27   14.39  796.25  213.44
   850    1.98   27.37   27.37    0.62   87.46  788.06  788.88   14.47  786.31  201.21
   851    2.00   27.51   27.54    0.85   86.71  795.16  797.02   13.65  795.81  149.36
   852    2.02   27.29   27.29    0.74   86.94  776.20  777.53   13.32  782.09  167.12
   853    1.89   27.55   27.34    0.54   87.70  796.36  796.87   14.01  783.47  234.26
   854    1.92   27.52   27.18    0.93   86.26  791.73  794.02   14.17  774.34  136.63
   855    1.96   27.43   27.05    0.94   86.25  781.71  784.11   13.15  766.99  132.29
   856    1.97   27.90   27.18    0.78   86.87  805.07  806.56   11.60  774.49  165.19
   857    2.09   27.78   27.32    0.76   87.05  809.12  810.52   12.04  783.23  170.09
   858    1.95   27.71   27.55    0.95   86.22  809.77  812.20   14.01  796.54  136.04
   859    1.92   27.72   27.22    1.06   85.76  819.33  822.46   14.58  778.19  123.37
   860    1.95   27.64   27.24    0.93   86.24  804.32  806.62   14.93  778.59  138.23
   861    2.01   27.95   27.17    0.85   86.54  825.13  827.00   12.57  774.55  154.26
   862    2.03   27.65   26.95    0.92   86.20  801.05  803.29   14.56  763.33  139.35
   863    2.09   27.14   26.86    1.17   85.34  780.97  784.85   13.65  759.41  107.12
   864    1.94   27.42   26.80    1.06   85.70  792.35  795.47   14.64  756.05  119.62
   865    2.04   27.68   26.78    1.15   85.64  801.92  805.67   14.73  753.59  111.54
   866    1.95   27.64   26.62    1.31   84.97  803.25  808.20   16.03  744.48   98.51
   867    1.80   27.64   26.74    1.32   84.77  798.75  803.84   15.22  751.88   96.77
   868    1.97   27.60   26.65    0.92   86.20  790.46  792.74   14.46  745.26  136.54
   869    1.94   27.64   26.86    0.87   86.53  788.40  790.36   13.75  756.41  145.06
   870    2.01   27.67   26.86    0.83   86.65  795.18  796.96   15.26  757.85  152.13
   871    1.89   27.11   26.88    1.09   85.76  772.46  775.79   14.65  759.72  113.51
   872    1.99   27.47   27.28    1.07   85.77  793.12  796.32   14.75  780.99  118.34
   873    1.98   27.68   27.20    0.94   86.34  806.22  808.56   14.49  776.76  137.49
   874    2.02   27.95   27.01    0.75   87.04  821.30  822.64   13.60  765.37  175.10
   875    2.05   27.70   27.37    0.83   86.65  809.41  811.14   13.48  786.72  156.51
   876    1.97   27.49   27.07    0.96   86.18  804.89  807.36   12.67  770.52  134.20
   877    1.90   27.35   27.12    0.85   86.66  795.07  796.95   14.84  771.86  148.81
   878    1.96   27.66   27.23    1.24   85.11  812.72  817.13   14.28  778.67  104.95
   879    1.94   27.43   27.28    1.00   85.81  794.13  796.85   14.43  780.90  127.23
   880    1.88   27.68   27.19    1.01   85.89  806.84  809.62   16.06  776.43  127.98
   881    2.03   28.07   26.86    0.79   86.59  827.73  829.29   13.20  757.46  166.53
   882    2.00   27.99   26.82    0.95   85.89  827.61  830.04   14.24  754.80  138.71
   883    1.89   28.08   26.88    1.03   85.80  826.18  829.12   14.32  758.96  127.73
   884    2.04   27.95   26.98    1.08   85.61  820.94  824.20   13.34  764.26  121.32
   885    1.97   27.58   26.94    1.34   84.50  807.70  812.91   14.10  762.45   96.77
   886    1.95   27.52   26.80    1.32   84.74  812.18  817.26   12.81  755.05   98.38
   887    1.95   27.28   27.02    1.41   84.11  792.58  798.41   13.38  766.17   90.24
   888    1.95   27.68   27.06    0.82   86.48  809.97  811.66   13.29  768.82  158.10
   889    1.97   27.96   27.05    1.15   85.17  832.95  836.71   15.06  767.63  115.46
   890    2.11   27.93   26.86    1.14   85.29  828.18  831.82   10.68  755.66  116.53
   891    2.11   27.82   27.23    1.03   85.66  816.89  819.78    8.14  776.76  127.27
   892    2.09   27.70   27.09    0.87   86.43  805.38  807.35   12.12  769.11  147.53
   893    2.12   27.96   26.78    1.03   85.55  814.26  817.20   11.06  751.69  125.91
   894    2.12   28.27   26.63    1.07   85.61  828.31  831.51   10.30  742.79  123.31
   895    2.11   28.40   26.99    1.00   85.74  832.05  834.77   10.95  762.77  132.95
   896    2.10   28.16   26.72    0.85   86.35  816.32  818.18   11.01  747.96  153.13
   897    1.98   27.76   26.67    1.24   84.93  796.19  800.64   13.30  744.95  102.47
   898    2.07   27.44   26.66    1.12   85.38  787.71  791.25   10.64  744.70  112.42
   899    2.04   27.70   26.92    1.24   84.93  804.76  809.15   12.32  759.02  104.21
   900    2.10   27.54   27.00    1.29   84.76  792.02  796.80   13.12  763.83   98.73
   901    2.03   27.62   26.97    1.25   84.72  797.25  801.73   11.96  761.76  102.38
   902    2.07   27.81   26.91    1.04   85.58  802.58  805.56   12.79  758.53  123.39
   903    2.10   27.43   27.02    0.91   85.96  786.60  788.82   13.13  765.02  137.48
   904    2.00   27.51   27.15    1.04   85.54  791.42  794.43   15.53  771.77  121.42
   905    2.00   27.83   27.28    0.92   86.21  818.20  820.46   13.98  779.26  141.53
   906    2.01   27.65   26.91    1.17   85.24  806.82  810.68   13.24  758.58  110.79
   907    2.13   27.93   26.85    0.89   86.31  813.79  815.88   11.77  755.16  145.28
   908    2.15   27.97   26.93    0.72   87.10  815.83  817.05   12.62  759.25  180.25
   909    2.10   28.01   26.98    0.91   86.37  811.30  813.47   13.57  762.50  142.87
   910    2.06   27.60   27.04    0.88   85.98  789.90  791.92   13.02  765.93  143.61
   911    2.15   27.66   26.92    0.45   87.76  784.60  784.83   11.48  758.99  279.77
   912    2.06   27.70   27.25    0.72   86.87  795.44  796.66   10.83  777.52  176.03
   913    2.15   27.48   27.08    0.77   86.61  790.57  792.03   10.27  768.25  163.63
   914    2.14   27.32   27.08    1.02   85.63  786.12  788.97   10.81  768.39  123.42
   915    2.07   27.24   26.90    0.89   85.95  766.95  769.06   13.15  758.30  137.29
   916    1.94   27.47   26.83    0.91   86.07  775.09  777.30   10.67  754.21  135.85
   917    2.04   27.29   26.78    0.93   86.03  762.51  764.85   10.99  751.45  130.58
   918    2.06   27.01   26.73    0.86   86.29  749.93  751.89   10.37  748.51  138.63
   919    2.05   27.21   26.21    1.50   83.94  766.28  772.96   10.10  719.77   82.06
   920    2.05   27.00   26.50    0.98   85.54  755.09  757.72   10.89  735.83  123.21
   921    1.98   27.14   26.74    1.15   85.01  753.43  757.16   10.73  749.09  105.25
   922    2.13   27.50   26.62    1.08   85.36  774.21  777.49   11.64  742.45  114.40
   923    2.09   27.35   26.65    1.34   84.47  770.54  775.78   10.56  744.37   92.22
   924    1.98   27.53   26.58    1.06   85.51  777.65  780.76   10.49  740.03  117.75
   925    2.01   27.72   26.70    0.94   86.03  790.38  792.73   11.01  746.89  134.90
   926    1.99   27.80   26.67    0.88   86.36  797.91  799.93   12.02  744.73  144.96
   927    2.09   27.49   26.75    1.03   85.90  781.44  784.36   11.03  749.45  121.51
   928    2.07   27.72   26.78    1.25   85.22  788.68  793.21   11.85  751.77  100.87
   929    1.96   28.04   26.80    1.19   85.42  801.87  805.88   11.74  752.62  108.17
   930    2.04   27.88   26.60    1.30   85.02  797.12  802.04   12.83  741.22   98.11
   931    2.11   27.21   26.71    0.98   85.96  761.59  764.21   12.34  747.80  124.38
   932    2.16   27.32   26.97    0.83   86.72  762.74  764.53   10.84  761.92  145.99
   933    1.98   27.31   26.79    0.90   86.35  762.46  764.60   11.42  752.00  135.55
   934    2.03   27.11   26.92    0.87   86.38  753.92  755.93   12.51  759.37  137.88
   935    1.94   26.96   27.00    1.03   85.89  745.76  748.70   12.38  763.34  115.98
   936    2.00   27.00   27.29    1.29   84.87  755.86  760.73   10.60  780.08   93.65
   937    2.01   27.47   27.06    1.16   85.49  772.81  776.61    8.83  767.48  106.97
   938    2.08   27.04   27.36    0.91   86.18  763.06  765.30    9.79  784.25  133.34
   939    2.15   27.44   27.17    0.99   86.06  784.58  787.27    9.25  773.62  126.44
   940    2.10   27.28   27.14    0.99   86.08  781.10  783.79    9.11  771.84  126.01
   941    2.10   27.25   27.27    0.82   86.56  784.99  786.72    9.97  779.17  152.01
   942    2.24   27.44   27.00    0.88   86.34  782.64  784.67    8.87  764.25  142.13
   943    2.08   27.48   26.96    1.34   84.68  783.04  788.26   10.61  761.72   93.89
   944    2.01   27.23   27.29    1.03   85.73  774.39  777.33    9.75  780.03  120.18
   945    2.00   27.05   27.00    1.20   85.10  762.51  766.67   11.55  763.71  101.40
   946    2.08   27.09   27.06    0.80   86.60  767.48  769.11   11.00  767.42  152.55
   947    1.94   27.34   27.04    0.89   86.12  779.31  781.39   11.55  765.63  140.20
   948    1.90   27.32   26.82    1.07   85.52  768.21  771.40   12.31  753.13  114.90
   949    1.93   27.15   26.82    0.94   86.24  765.20  767.56   10.93  753.77  130.69
   950    2.00   27.40   27.12    1.07   85.54  775.82  779.04   10.98  770.82  115.60
   951    2.11   27.20   26.88    1.12   85.61  768.36  771.94   11.45  756.95  109.31
   952    2.14   27.16   26.82    1.00   86.07  766.37  769.11   10.06  754.34  122.77
   953    2.07   26.79   26.93    0.99   85.85  750.42  753.13   11.85  760.47  120.95
   954    2.15   26.81   27.01    0.85   86.40  753.87  755.78    9.87  764.28  140.89
   955    2.00   26.65   27.04    1.17   85.23  741.27  745.18   11.91  766.80  101.60
   956    2.05   26.60   27.15    0.96   86.27  735.32  737.86   11.68  773.62  122.01
   957    2.11   26.33   26.81    1.10   85.50  722.15  725.60   11.80  752.68  104.77
   958    2.05   26.56   26.96    0.85   86.57  734.38  736.30    9.00  761.45  137.27
   959    2.17   25.94   26.77    0.90   86.27  707.43  709.63    9.97  751.23  125.09
   960    2.06   26.33   26.83    1.04   85.67  717.02  720.09   10.02  754.60  109.75
   961    2.05   26.62   26.72    0.91   86.44  733.61  735.84   10.01  748.11  128.88
   962    2.03   26.50   26.70    1.28   85.06  746.16  750.93   10.17  746.65   93.44
   963    2.02   26.52   26.88    1.20   85.25  739.06  743.21    9.88  757.49   98.59
   964    1.94   26.64   26.56    1.23   85.19  737.09  741.49   10.50  738.55   95.69
   965    2.01   26.58   26.80    1.11   85.53  734.93  738.43   11.62  752.14  105.86
   966    2.02   26.85   26.91    1.05   85.76  748.64  751.72   11.51  758.89  114.11
   967    1.97   27.19   26.88    1.10   85.71  761.88  765.31    9.95  757.31  110.54
   968    2.04   27.06   27.10    0.82   86.54  765.48  767.20   10.27  769.13  148.96
   969    2.05   26.79   26.95    1.01   85.94  752.43  755.23   10.92  761.02  119.53
   970    2.04   27.00   26.89    0.95   86.16  757.81  760.25   10.25  757.42  127.79
   971    2.08   27.40   26.64    1.14   85.36  770.02  773.74    9.58  743.81  107.74
   972    2.05   27.41   26.87    0.72   86.97  763.87  765.10   11.03  756.25  169.91
   973    2.04   27.02   26.91    1.03   85.97  760.33  763.30   10.61  758.81  117.45
   974    1.94   27.00   26.56    1.39   84.50  748.08  753.80   10.25  738.58   86.10
   975    1.98   26.60   26.83    1.30   84.98  736.96  741.91   10.48  754.22   90.74
   976    2.03   26.22   26.68    1.10   85.49  718.58  722.04   10.97  746.26  104.15
   977    2.11   26.55   26.67    1.07   85.78  734.48  737.69   11.42  745.55  110.07
   978    2.02   26.51   26.78    0.95   86.12  733.03  735.50   11.84  751.48  123.06
   979    2.10   26.57   26.53    1.26   84.82  731.94  736.59   10.35  737.59   92.75
   980    2.15   26.53   26.52    0.78   86.74  719.37  720.91   11.03  737.10  147.33
   981    2.16   26.52   26.65    1.02   85.62  724.39  727.30    8.53  744.78  113.34
   982    2.08   27.08   26.72    0.87   86.40  745.61  747.60    8.67  748.43  137.09
   983    2.16   27.08   26.74    1.04   85.73  748.98  752.01    9.04  749.23  114.94
   984    2.16   26.57   26.64    1.15   85.19  725.63  729.40    9.10  744.35  101.09
   985    2.17   26.81   26.95    1.14   85.48  741.11  744.80   10.14  762.08  104.15
   986    2.15   27.21   26.76    1.31   84.93  761.53  766.50    9.74  750.24   93.45
   987    2.13   26.82   27.13    1.05   85.80  747.60  750.70    8.56  771.40  113.61
   988    2.10   26.95   26.99    0.93   86.31  749.34  751.68   10.81  763.65  128.59
   989    1.98   27.04   26.89    1.10   85.42  750.45  753.90   10.46  757.97  108.69
   990    1.99   27.28   26.85    0.98   86.13  765.77  768.38   10.10  755.61  125.24
   991    2.14   27.57   26.99    1.05   85.65  778.14  781.20   10.14  764.20  118.64
   992    2.09   27.72   27.21    0.74   86.96  790.41  791.71   10.67  776.82  171.33
   993    2.13   27.56   27.11    0.68   87.09  773.23  774.27   10.18  770.82  182.55
   994    2.08   27.73   27.00    1.16   85.48  784.35  788.20   11.48  764.17  107.96
   995    2.00   27.79   26.83    1.00   86.14  784.25  787.01    9.99  754.53  124.90
   996    2.04   27.44   26.96    0.94   86.34  766.57  768.97   11.01  761.32  129.75
   997    2.03   27.48   26.92    1.05   86.01  769.81  772.87   11.10  759.16  117.52
   998    1.91   27.73   27.01    1.06   85.80  777.57  780.67   12.32  764.23  117.79
   999    1.99   27.68   27.09    1.14   85.53  775.38  779.04   10.90  769.17  109.27
  1000    1.94   27.27   26.80    1.38   84.25  749.26  754.83   10.92  752.72   87.26
  1001    1.88   27.29   26.94    1.46   84.12  751.92  758.22   12.15  760.56   82.80
  1002    1.95   27.09   26.96    1.04   85.79  743.12  746.15   11.34  761.51  114.04
  1003    1.93   27.18   26.87    1.29   84.79  744.98  749.85   10.93  756.52   92.38
  1004    1.98   27.31   27.01    1.16   85.32  753.13  757.00    9.73  764.42  103.48
  1005    1.91   27.29   26.64    1.06   85.77  751.73  754.90   10.15  743.44  113.06
  1006    1.94   27.22   26.88    1.15   85.57  755.02  758.78   11.63  756.66  105.20
  1007    1.97   27.18   26.69    1.50   84.24  751.39  758.07   11.14  746.31   80.47
  1008    2.04   27.28   26.71    1.28   85.03  753.28  758.07   10.68  747.35   94.08
  1009    1.91   26.91   26.94    1.17   85.64  732.80  736.75   10.93  760.57  100.01
  1010    1.95   27.32   26.83    1.19   85.51  746.51  750.60   10.92  755.97  100.17
  1011    2.03   27.30   27.08    1.07   85.55  749.10  752.33   10.12  769.13  111.70
  1012    1.95   27.41   26.80    1.25   85.10  757.64  762.20   10.57  754.57   96.76
  1013    1.92   27.02   26.72    1.23   85.23  735.58  739.96   11.52  749.14   95.74
  1014    1.93   27.12   26.62    1.37   84.60  735.35  740.83   10.64  743.66   86.40
  1015    1.89   27.26   26.45    1.54   84.12  740.23  747.29   11.20  734.13   77.31
  1016    1.91   27.06   26.59    1.45   84.52  734.35  740.56   11.22  741.90   81.49
  1017    1.81   27.30   26.56    1.61   83.83  742.48  750.22   11.54  739.48   74.31
  1018    1.95   27.53   26.56    1.36   84.82  749.78  755.20   10.97  738.98   88.47
  1019    1.95   27.46   26.64    1.21   85.26  747.68  751.92   10.43  743.51   98.70
  1020    1.99   27.79   26.61    1.44   84.46  763.23  769.35   11.21  741.84   85.12
  1021    1.96   27.93   26.53    1.26   85.16  767.89  772.47   11.72  737.14   97.83
  1022    1.89   27.73   26.41    1.31   84.71  758.78  763.77    9.79  730.77   92.90
  1023    1.84   28.02   26.54    1.54   84.16  773.47  780.55    9.45  738.50   80.54
  1024    1.92   27.85   26.65    1.38   84.59  769.08  774.71   10.53  746.03   89.13
  1025    1.99   27.81   26.60    1.50   84.19  769.86  776.49   11.98  742.99   82.69
  1026    1.99   27.75   26.99    1.17   85.33  765.01  768.91   12.13  764.86  104.76
  1027    2.06   27.95   26.74    1.16   85.28  779.15  782.99   11.23  750.71  107.38
  1028    1.97   27.85   26.78    0.99   85.88  778.40  781.09   10.87  753.83  125.32
  1029    1.91   28.31   26.99    0.93   86.29  800.39  802.73   12.45  763.95  136.74
  1030    2.00   28.18   27.14    1.10   85.62  800.20  803.61    9.62  772.23  115.98
  1031    1.92   27.98   26.90    1.01   85.95  784.60  787.38    9.80  759.40  124.59
  1032    1.94   28.01   26.81    1.03   85.78  792.82  795.75    9.86  755.13  123.11
  1033    1.85   27.76   26.94    1.13   85.61  774.09  777.71   10.80  761.51  109.65
  1034    1.90   27.46   26.86    1.32   84.70  759.13  764.20    9.80  758.37   92.35
  1035    1.87   27.62   26.89    1.21   85.14  765.28  769.50   11.03  759.85  101.09
  1036    2.06   27.57   27.06    1.20   84.99  767.72  771.84    9.38  768.59  102.58
  1037    1.91   27.65   26.82    1.20   85.10  766.95  771.08   11.27  756.34  102.34
  1038    1.98   27.82   26.76    1.22   85.11  777.86  782.13   10.03  753.08  102.23
  1039    2.04   27.36   26.72    1.30   84.73  747.18  752.11    9.48  751.21   92.08
  1040    1.99   27.34   26.57    1.23   84.82  747.59  751.98   10.60  741.57   97.19
  1041    1.89   27.54   26.59    1.39   84.29  753.42  759.06   11.47  743.37   87.26
  1042    1.84   27.43   26.64    1.28   84.57  754.51  759.29   10.18  746.34   94.26
  1043    1.89   27.51   26.16    1.30   84.69  752.28  757.21   10.21  720.24   92.72
  1044    1.94   27.41   26.34    1.13   85.26  758.45  762.08    9.58  728.37  107.30
  1045    1.94   27.57   26.54    1.27   84.95  774.77  779.43    9.84  739.53   97.83
  1046    2.02   27.65   26.76    1.11   85.47  770.29  773.79   10.52  751.19  110.77
  1047    1.96   27.90   26.64    1.24   85.32  777.13  781.58    9.33  745.71  100.22
  1048    1.94   27.54   26.39    1.17   85.48  760.10  764.04   11.22  731.18  103.59
  1049    1.94   27.35   26.59    1.32   84.63  757.73  762.79   10.55  742.02   92.24
  1050    2.03   27.21   26.48    1.09   85.68  748.45  751.78   10.60  737.24  110.09
